DEGREE
0.8333333333333333
0.16666666666666674
0.0
-0.33333333333333337
0.0
-0.16666666666666663
-0.5
-0.8333333333333334
-0.16666666666666663
-0.16666666666666663
0.6666666666666667
-0.6666666666666667
-0.33333333333333337
0.16666666666666674
0.0
0.0
-0.5
-0.33333333333333337
-0.33333333333333337
0.0
-0.5
-0.33333333333333337
-0.8333333333333334
-0.33333333333333337
-1.0
-0.5
0.0
0.16666666666666674
0.0
-0.5
0.0
-0.33333333333333337
0.0
0.33333333333333326
0.5
0.33333333333333326
-0.33333333333333337
-0.16666666666666663
-0.16666666666666663
-0.33333333333333337
-0.5
0.16666666666666674
-0.33333333333333337
0.6666666666666667
-0.16666666666666663
0.33333333333333326
-0.16666666666666663
0.0
0.6666666666666667
1.0
0.16666666666666674
-0.5
-0.33333333333333337
-0.16666666666666663
0.5
0.16666666666666674
0.0
-0.16666666666666663
-0.5
0.33333333333333326
-0.33333333333333337
0.0
-0.8333333333333334
-0.16666666666666663
-0.33333333333333337
0.0
0.33333333333333326
-0.6666666666666667
0.5
-0.5
-0.5
0.6666666666666667
0.0
-0.6666666666666667
0.0
-0.16666666666666663
-0.16666666666666663
0.0
-0.16666666666666663
-0.16666666666666663
-0.33333333333333337
-0.33333333333333337
-0.33333333333333337
-0.16666666666666663
-0.6666666666666667
-0.8333333333333334
0.0
-0.6666666666666667
-0.16666666666666663
0.16666666666666674
0.33333333333333326
-0.33333333333333337
0.5
-0.16666666666666663
0.0
-0.33333333333333337
0.0
0.16666666666666674
-0.5
0.0
0.0
-0.5
-0.6666666666666667
-0.33333333333333337
-0.5
0.16666666666666674
0.33333333333333326
0.16666666666666674
0.5
0.16666666666666674
-0.5
-0.16666666666666663
0.0
-0.6666666666666667
0.33333333333333326
-0.5
0.16666666666666674
0.5
-0.33333333333333337
-0.5
-0.5
-0.33333333333333337
0.16666666666666674
-0.6666666666666667
0.0
0.6666666666666667
-0.33333333333333337
-0.16666666666666663
0.0
-0.5
-0.6666666666666667
-0.33333333333333337
-0.16666666666666663
-0.5
0.16666666666666674
-0.33333333333333337
-0.33333333333333337
0.6666666666666667
0.0
-0.33333333333333337
0.33333333333333326
0.0
-0.6666666666666667
-0.16666666666666663
0.0
-0.33333333333333337
-0.5
0.0
-0.5
-0.33333333333333337
-0.33333333333333337
0.5
-0.5
-0.6666666666666667
-0.33333333333333337
-0.33333333333333337
-0.6666666666666667
-0.5
-0.6666666666666667
-0.16666666666666663
-0.5
-0.16666666666666663
0.8333333333333333
0.16666666666666674
0.16666666666666674
0.33333333333333326
-0.33333333333333337
0.16666666666666674
-0.6666666666666667
-0.8333333333333334
-1.0
-0.33333333333333337
-0.33333333333333337
0.16666666666666674
-0.16666666666666663
0.0
0.33333333333333326
0.33333333333333326
0.16666666666666674
0.8333333333333333
-0.6666666666666667
-1.0
-0.6666666666666667
-0.6666666666666667
0.33333333333333326
0.5
-0.16666666666666663
-0.5
-0.33333333333333337
-0.16666666666666663
-0.33333333333333337
0.33333333333333326
0.16666666666666674
0.33333333333333326
0.16666666666666674
0.0
0.33333333333333326
-0.6666666666666667
0.16666666666666674
EIGENVECTOR
1.0
-0.9997402525820774
-0.9999886327712987
-0.9999953542442619
-0.9999747855458349
-0.999998205177989
-0.9982227911673612
-0.9999978910642786
-0.9999999923889502
-0.731534724600186
-0.9995805233653381
-0.9999998655653712
-0.9999998844283403
0.03866225362568354
-0.9999869963111381
-0.9999745662902668
-0.9999999977888075
-0.9999215343533326
-0.9999999916324651
-0.9998790370532543
-0.9999999941047207
-0.9999971006469321
-0.9991674334705859
-0.9999509740886572
-0.9998064863682539
-0.9999952683743346
-0.9989790135797262
-0.9999999709955512
-0.9997369524059538
-0.9226678853885069
-0.9119091907522631
-0.9999999997274622
-0.9991228938845029
-0.99674843644375
0.7756450438692195
-0.9999997708007946
-0.9999900940684047
-0.9998088109355564
-0.9936233182983277
-0.9935046999657939
-0.9999983074794221
-0.9994950841514479
-0.9999999997274622
0.7357745223430485
-0.40601269335995815
-0.9995960048152644
-0.716602827569738
-0.2411727495295729
0.8460194627727506
-0.9999999302562892
-0.8501096249048861
-0.999988812351712
-0.6326049715615327
-0.9999999976792773
-0.9994443212799011
-0.9999999317922671
-0.9999999652255877
-0.9999997811128457
-0.7996244488660473
-0.999986338759825
-0.9999752080968489
-0.9996477810597116
-0.9991674334705859
-0.988418811555629
-0.7371919880138522
-0.9999912209019929
-0.998887411999609
-0.9932115166788956
0.5114073421680425
-0.9999991220347983
-0.9995761400443071
0.7999355725997346
-0.9968153896687477
-0.9999999576875322
-0.9997990455771057
-0.9628400160227834
-0.9999998587031789
-0.9999999845205431
-0.9884188115556289
-0.9998897697845981
-0.9999893116737941
-0.6326049715615327
-0.9999923203188256
-0.8927028309168108
-0.8426945560791846
-0.9999999956208242
-0.4113430037185074
-0.9543774590304964
-0.3401186656827506
-0.9999999703880889
0.6685227946565857
-0.9999999291833945
0.7954116211920912
-0.6780312022299915
-0.9979669206660994
-0.9999999179926174
-0.9999999693191831
-0.9999999347951021
-0.9943599651692933
-0.9975974574054043
-0.9998675515079921
-0.9999188748979012
-0.9999982370533981
-0.9998733222403441
-0.9861800657184718
-0.999999931792267
0.0876848179905767
-0.999202950302277
-0.9999999462732643
-0.9998233240499091
-0.8982070662255975
-0.9999876107308014
-0.9999825492238218
-0.9999997784066679
-0.9999999599075349
-1.0
-0.9997443186811438
-0.0007817031743311276
-0.9887324526723384
-0.9982286340042931
-0.9999999999999999
-0.9999706723794094
-0.8686265410551715
-0.999055841614296
-0.9999999338559986
0.5634687832377341
-0.9998689585679826
-0.9985949376562384
-0.6735379987029382
-0.9999948349225743
-0.9999999796016052
-0.9999191184532744
-0.9998067178829296
-0.999998525195672
-0.9929723771294441
-0.9993592577352091
-0.9999706723794094
-0.9999999373194819
-0.9999998536691684
-0.9999893227024952
-0.9995891367208647
-0.9425579698407668
-0.9999986910254202
-0.9224765113123361
-0.9999480026618351
-0.9999858565811061
-0.9999983109123558
-0.9999088373683811
-0.9999999962323866
-0.9887324526723386
-0.9997657320688027
-0.999999970028836
-0.9997471600837999
-0.9999651164063229
-0.9999999549087666
-0.9985490315183653
-0.9999998655653711
-0.9999999797594575
-0.9999973830828685
-0.9999995058056655
-0.9999999920582894
-0.9994931662182057
-0.9999999465617312
-0.9999998396985765
-0.9999738098907347
-0.9999994635642103
-0.9999996511087177
-0.9999935383673414
-0.9999973830828683
-0.9840926118486536
-0.9999999988042563
-0.9887324526723384
-0.9999999735498197
-0.2762569985991187
-0.9999937538608731
-0.9999998536691683
-0.9999999589875617
-0.5605219152093881
-0.9999999640014708
0.2883882780723317
-0.9395255396250863
-0.99999981596975
-0.8426945560791846
-0.9561818218172524
-0.9994633653173886
-0.9994735009034806
-0.9224765113123361
-0.9999937619366861
-0.9999999849409488
-0.9984484781048599
-0.9999870867278058
-0.9999828559135261
-0.8686265410551715
0.24545794713865088
0.03866225362568443
-0.9999912209019929
-0.9999999545218354
-0.733347264858919
-0.8686265410551716
CENT
-0.7406234313659281
-0.8416266582329478
-0.8392844965873809
-0.9828177917077248
-0.896868789262427
-0.43438715046975185
-0.7711995205687723
-1.0
-0.9929795967264241
-0.6301468752257525
-0.5359974168711649
-0.9883096528742106
-0.9886817358779979
-0.8470143711330146
-0.9641895442749319
-0.9100114606182237
-0.9520258058079122
-0.820167329680779
-0.9872141315349455
-0.6173551664940622
-0.9937253095895136
-0.8246383702583473
-1.0
-0.6212311366460233
-1.0
-0.9756539024810307
-0.8079259006532671
-0.963083674593347
-0.8955667484169736
-0.8055782429296025
-0.9977743837101787
-0.9998342860304246
-0.7816359087441938
-0.8335525878753705
-0.8875273590907339
-0.9443167401576475
-1.0
-0.9215950053963009
-0.8269950904647233
-0.9721827344916683
0.2527976099902731
-0.7686322959111394
-0.9998342860304246
-0.958510853361499
-0.9939478151174123
0.03771770780639572
-0.9291910465432713
-0.9559426961175408
-0.8068376197787421
-0.6955688084535532
-0.9431223049363172
-0.9201248774634861
-0.961181286853557
-0.855911703454161
-0.6244498352550928
-0.7738810013163038
-0.8690010356260003
0.21862946088843827
-0.8043795785496732
-0.939762741901039
-0.9409473774138822
-0.8597037037100971
-1.0
-0.7047986881667886
-0.9786726121156418
-0.9375495867646939
-0.6462680307803346
-0.9025601858896455
-0.9651256261081275
-0.9090563394027706
-0.846987488336369
-0.6817005076005487
-0.32991398668194893
-0.9966287564314498
-0.9018406212560619
0.005997018817193389
-0.6540891777643961
-0.9255754396016167
-0.7047986881667886
-0.9472095444262609
0.18962951621273771
-0.961181286853557
-0.9624024923611183
-0.9842224518681371
-0.5249318824960223
-1.0
-0.9221213606256186
-0.8861775475005715
-0.9702094174122778
-0.9397478679214782
-0.9586490206031084
-0.9999378572614092
-0.891654070534943
-0.8354731005805829
-0.7025718117603237
-0.9998208217703966
-0.9727114836069614
-0.8176447228861095
-0.9861387169198883
-0.9026974225656644
-0.5455547341242108
-0.6308487972773217
-0.9456000807318566
-0.9344401779810229
-0.6975554341278773
-0.7738810013163038
-0.9102303928059358
-0.7122611200283069
-0.8459286451182695
-0.7477320880484737
-0.9578283894181618
-0.9999502858091274
-0.8070927322747005
-0.9704628658729255
-0.9708118146119846
-1.0
-0.8485578248216051
-0.840226960145723
-1.0
-0.8748642677440606
-1.0
-0.9464138013741558
-0.9583716993847159
-0.9913374173195898
-0.7962213158396919
-0.8434553904946601
-0.6261721246515692
-0.8425661101640578
-0.7245269074749572
-0.9982444676348102
-1.0
1.0
-0.8313175800484061
-0.7216626738518634
-0.17935109646115188
-0.917684295727281
-0.9464138013741558
-0.8201830811388244
-0.9804853675859505
-0.23271842805799947
-0.11084528355937961
-0.47690831935049804
-0.9994572867496404
-1.0
-0.6562141256946796
-0.9158261658984703
-0.9510315219904596
-0.7765594121478181
-0.9997514290456369
-1.0
-0.7555174451785248
-0.8195133205117905
-0.73505020485958
-0.6326107027895248
-0.8190429345044021
-0.5782019566312546
-0.9883096528742106
-0.7136462605736519
-1.0
-0.7382910349864489
-0.9998619050253538
0.2829566733761939
-0.9094956607538139
-0.9735823450408239
-0.8750112892941456
-0.7179786451657397
-0.8254358687369294
-0.8310343671545092
-1.0
-1.0
-1.0
-1.0
-0.9732579081597644
-0.7916103523785497
-0.9973553571658216
-0.9804853675859505
-0.9486447229724184
-0.5198045517164015
-0.9715808310020456
-0.6404135497120476
-0.8545859916975576
-1.0
-0.5249318824960223
-0.990254330162126
-0.4977316924639107
-0.7470737432726773
-1.0
-0.971308208506265
-0.9861918834851271
-0.5614259585428729
-0.9412089343305747
-0.7957839889940479
-0.9583716993847159
0.08465584445119867
-0.8470143711330146
-0.9375495867646939
-0.9829797943748566
-0.9973801657122434
-0.9583716993847159
DEGREE_RANK
0.9696969696969697
0.4444444444444444
0.14141414141414144
-0.48484848484848486
0.15151515151515138
-0.12121212121212122
-0.7373737373737373
-0.9696969696969697
-0.11111111111111116
-0.101010101010101
0.9090909090909092
-0.9191919191919192
-0.4747474747474748
0.4545454545454546
0.16161616161616155
0.1717171717171717
-0.7272727272727273
-0.46464646464646464
-0.4545454545454546
0.18181818181818188
-0.7171717171717171
-0.44444444444444453
-0.9595959595959596
-0.43434343434343436
-1.0
-0.7070707070707071
0.19191919191919204
0.46464646464646453
0.202020202020202
-0.696969696969697
0.21212121212121193
-0.4242424242424243
0.2222222222222221
0.6666666666666665
0.8282828282828283
0.6767676767676767
-0.41414141414141414
-0.09090909090909094
-0.08080808080808077
-0.4040404040404041
-0.6868686868686869
0.4747474747474747
-0.39393939393939403
0.9191919191919193
-0.07070707070707072
0.6868686868686869
-0.06060606060606066
0.23232323232323226
0.9292929292929293
1.0
0.48484848484848486
-0.6767676767676767
-0.38383838383838387
-0.0505050505050505
0.8383838383838385
0.49494949494949503
0.24242424242424243
-0.04040404040404044
-0.6666666666666667
0.696969696969697
-0.3737373737373738
0.2525252525252526
-0.9494949494949495
-0.030303030303030276
-0.36363636363636365
0.26262626262626254
0.7070707070707072
-0.9090909090909091
0.8484848484848484
-0.6565656565656566
-0.6464646464646464
0.9393939393939394
0.2727272727272727
-0.898989898989899
0.2828282828282829
-0.02020202020202022
-0.010101010101010166
0.29292929292929304
-1.1102230246251565e-16
0.010101010101009944
-0.3535353535353535
-0.3434343434343434
-0.33333333333333337
0.02020202020202011
-0.8888888888888888
-0.9393939393939394
0.3030303030303032
-0.8787878787878788
0.030303030303030276
0.5050505050505052
0.7171717171717171
-0.3232323232323233
0.8585858585858586
0.04040404040404044
0.31313131313131315
-0.31313131313131315
0.3232323232323231
0.5151515151515151
-0.6363636363636364
0.33333333333333326
0.3434343434343434
-0.6262626262626263
-0.8686868686868687
-0.303030303030303
-0.6161616161616161
0.5252525252525253
0.7272727272727273
0.5353535353535352
0.8686868686868687
0.5454545454545454
-0.606060606060606
0.050505050505050386
0.3535353535353536
-0.8585858585858586
0.7373737373737372
-0.5959595959595959
0.5555555555555556
0.8787878787878787
-0.29292929292929293
-0.5858585858585859
-0.5757575757575757
-0.2828282828282829
0.5656565656565655
-0.8484848484848485
0.36363636363636354
0.9494949494949494
-0.2727272727272728
0.06060606060606055
0.3737373737373737
-0.5656565656565656
-0.8383838383838383
-0.26262626262626265
0.07070707070707072
-0.5555555555555556
0.5757575757575757
-0.2525252525252525
-0.24242424242424243
0.9595959595959596
0.38383838383838387
-0.23232323232323238
0.7474747474747474
0.39393939393939403
-0.8282828282828283
0.08080808080808088
0.4040404040404042
-0.22222222222222232
-0.5454545454545454
0.41414141414141414
-0.5353535353535354
-0.21212121212121215
-0.202020202020202
0.8888888888888888
-0.5252525252525253
-0.8181818181818181
-0.19191919191919193
-0.18181818181818188
-0.8080808080808081
-0.5151515151515151
-0.797979797979798
0.09090909090909105
-0.5050505050505051
0.101010101010101
0.9797979797979797
0.5858585858585859
0.595959595959596
0.7575757575757576
-0.17171717171717182
0.6060606060606062
-0.7878787878787878
-0.9292929292929293
-0.98989898989899
-0.16161616161616166
-0.1515151515151515
0.6161616161616161
0.11111111111111094
0.4242424242424241
0.7676767676767677
0.7777777777777777
0.6262626262626263
0.9898989898989898
-0.7777777777777778
-0.9797979797979798
-0.7676767676767677
-0.7575757575757576
0.7878787878787878
0.898989898989899
0.1212121212121211
-0.49494949494949503
-0.14141414141414144
0.13131313131313127
-0.13131313131313138
0.797979797979798
0.6363636363636362
0.8080808080808082
0.6464646464646464
0.43434343434343425
0.8181818181818183
-0.7474747474747474
0.6565656565656566
EIGENVECTOR_RANK
1.0
0.1212121212121211
-0.22222222222222232
-0.3535353535353535
-0.13131313131313138
-0.4040404040404041
0.36363636363636354
-0.39393939393939403
-0.898989898989899
0.7373737373737372
0.1717171717171717
-0.5858585858585859
-0.606060606060606
0.8686868686868687
-0.19191919191919193
-0.12121212121212122
-0.9494949494949495
-0.0505050505050505
-0.8787878787878788
-1.1102230246251565e-16
-0.9090909090909091
-0.36363636363636365
0.26262626262626254
-0.07070707070707072
0.07070707070707072
-0.3434343434343434
0.3030303030303032
-0.8181818181818181
0.13131313131313127
0.5858585858585859
0.6161616161616161
-0.9797979797979798
0.2828282828282829
0.4040404040404042
0.9595959595959596
-0.5050505050505051
-0.26262626262626265
0.050505050505050386
0.4242424242424241
0.43434343434343425
-0.4242424242424243
0.19191919191919204
-0.9696969696969697
0.9494949494949494
0.8181818181818183
0.15151515151515138
0.7474747474747474
0.8484848484848484
0.9898989898989898
-0.6363636363636364
0.6767676767676767
-0.23232323232323238
0.7777777777777777
-0.9393939393939394
0.23232323232323226
-0.6464646464646464
-0.7777777777777778
-0.5252525252525253
0.7070707070707072
-0.18181818181818188
-0.14141414141414144
0.14141414141414144
0.2727272727272727
0.49494949494949503
0.7171717171717171
-0.2828282828282829
0.31313131313131315
0.4444444444444444
0.9191919191919193
-0.46464646464646464
0.18181818181818188
0.9797979797979797
0.39393939393939403
-0.7373737373737373
0.08080808080808088
0.5353535353535352
-0.5757575757575757
-0.8585858585858586
0.5050505050505052
-0.010101010101010166
-0.24242424242424243
0.7878787878787878
-0.29292929292929293
0.6363636363636362
0.6868686868686869
-0.9191919191919192
0.8080808080808082
0.5555555555555556
0.8282828282828283
-0.8080808080808081
0.9393939393939394
-0.6262626262626263
0.9696969696969697
0.7575757575757576
0.3737373737373737
-0.6161616161616161
-0.7878787878787878
-0.6767676767676767
0.41414141414141414
0.38383838383838387
0.030303030303030276
-0.030303030303030276
-0.41414141414141414
0.010101010101009944
0.5151515151515151
-0.6565656565656566
0.8888888888888888
0.2525252525252526
-0.696969696969697
0.04040404040404044
0.6262626262626263
-0.21212121212121215
-0.1515151515151515
-0.5151515151515151
-0.7575757575757576
-0.98989898989899
0.11111111111111094
0.8585858585858586
0.4747474747474747
0.3535353535353536
-1.0
-0.101010101010101
0.6565656565656566
0.29292929292929304
-0.6666666666666667
0.9292929292929293
0.02020202020202011
0.3232323232323231
0.7676767676767677
-0.33333333333333337
-0.8383838383838383
-0.04040404040404044
0.06060606060606055
-0.44444444444444453
0.4545454545454546
0.24242424242424243
-0.09090909090909094
-0.6868686868686869
-0.5656565656565656
-0.2525252525252525
0.16161616161616155
0.5656565656565655
-0.4545454545454546
0.595959595959596
-0.06060606060606066
-0.17171717171717182
-0.43434343434343436
-0.02020202020202022
-0.9292929292929293
0.48484848484848486
0.09090909090909105
-0.797979797979798
0.101010101010101
-0.08080808080808077
-0.7272727272727273
0.33333333333333326
-0.5959595959595959
-0.8484848484848485
-0.3737373737373738
-0.48484848484848486
-0.8888888888888888
0.202020202020202
-0.7070707070707071
-0.5454545454545454
-0.11111111111111116
-0.4747474747474748
-0.49494949494949503
-0.303030303030303
-0.38383838383838387
0.5252525252525253
-0.9595959595959596
0.46464646464646453
-0.8282828282828283
0.8383838383838385
-0.31313131313131315
-0.5555555555555556
-0.7474747474747474
0.797979797979798
-0.7676767676767677
0.9090909090909092
0.5757575757575757
-0.5353535353535354
0.696969696969697
0.5454545454545454
0.2222222222222221
0.21212121212121193
0.6060606060606062
-0.3232323232323233
-0.8686868686868687
0.3434343434343434
-0.202020202020202
-0.16161616161616166
0.6666666666666665
0.898989898989899
0.8787878787878787
-0.2727272727272728
-0.7171717171717171
0.7272727272727273
0.6464646464646464
CENT_RANK
0.5353535353535352
0.21212121212121193
0.23232323232323226
-0.5454545454545454
0.030303030303030276
0.8787878787878787
0.48484848484848486
-1.0
-0.6565656565656566
0.7373737373737372
0.8181818181818183
-0.6161616161616161
-0.6262626262626263
0.15151515151515138
-0.39393939393939403
-0.030303030303030276
-0.2727272727272728
0.3232323232323231
-0.5959595959595959
0.7777777777777777
-0.6666666666666667
0.3030303030303032
-0.98989898989899
0.7676767676767677
-0.9797979797979798
-0.5050505050505051
0.36363636363636354
-0.38383838383838387
0.04040404040404044
0.39393939393939403
-0.7171717171717171
-0.7777777777777778
0.4444444444444444
0.2525252525252526
0.06060606060606055
-0.202020202020202
-0.9696969696969697
-0.08080808080808077
0.2828282828282829
-0.46464646464646464
0.9797979797979797
0.49494949494949503
-0.7676767676767677
-0.33333333333333337
-0.6767676767676767
0.9393939393939394
-0.11111111111111116
-0.2828282828282829
0.38383838383838387
0.6565656565656566
-0.19191919191919193
-0.07070707070707072
-0.36363636363636365
0.1212121212121211
0.7575757575757576
0.46464646464646453
0.101010101010101
0.9696969696969697
0.4040404040404042
-0.16161616161616166
-0.17171717171717182
0.11111111111111094
-0.9595959595959596
0.6161616161616161
-0.5151515151515151
-0.14141414141414144
0.696969696969697
0.010101010101009944
-0.4040404040404041
-0.010101010101010166
0.1717171717171717
0.6666666666666665
0.8888888888888888
-0.6868686868686869
0.02020202020202011
0.9292929292929293
0.6868686868686869
-0.101010101010101
0.6262626262626263
-0.24242424242424243
0.9595959595959596
-0.3535353535353535
-0.3737373737373738
-0.5656565656565656
0.8282828282828283
-0.9494949494949495
-0.09090909090909094
0.07070707070707072
-0.41414141414141414
-0.1515151515151515
-0.3434343434343434
-0.797979797979798
0.050505050505050386
0.24242424242424243
0.6363636363636362
-0.7575757575757576
-0.4747474747474748
0.3535353535353536
-0.5757575757575757
-1.1102230246251565e-16
0.8080808080808082
0.7272727272727273
-0.21212121212121215
-0.12121212121212122
0.6464646464646464
0.4747474747474747
-0.04040404040404044
0.6060606060606062
0.18181818181818188
0.5151515151515151
-0.29292929292929293
-0.8080808080808081
0.3737373737373737
-0.4242424242424243
-0.43434343434343436
-0.9393939393939394
0.14141414141414144
0.2222222222222221
-0.9292929292929293
0.09090909090909105
-0.9191919191919192
-0.23232323232323238
-0.3232323232323233
-0.6464646464646464
0.41414141414141414
0.19191919191919204
0.7474747474747474
0.202020202020202
0.5656565656565655
-0.7272727272727273
-0.9090909090909091
1.0
0.26262626262626254
0.5757575757575757
0.9090909090909092
-0.06060606060606066
-0.22222222222222232
0.31313131313131315
-0.5353535353535354
0.898989898989899
0.9191919191919193
0.8686868686868687
-0.7373737373737373
-0.898989898989899
0.6767676767676767
-0.0505050505050505
-0.26262626262626265
0.4545454545454546
-0.7474747474747474
-0.8888888888888888
0.5050505050505052
0.33333333333333326
0.5555555555555556
0.7171717171717171
0.3434343434343434
0.7878787878787878
-0.606060606060606
0.595959595959596
-0.8787878787878788
0.5454545454545454
-0.7878787878787878
0.9898989898989898
-0.02020202020202022
-0.49494949494949503
0.08080808080808088
0.5858585858585859
0.29292929292929304
0.2727272727272727
-0.8686868686868687
-0.8585858585858586
-0.8484848484848485
-0.8383838383838383
-0.48484848484848486
0.43434343434343425
-0.696969696969697
-0.5252525252525253
-0.2525252525252525
0.8484848484848484
-0.4545454545454546
0.7070707070707072
0.13131313131313127
-0.8282828282828283
0.8383838383838385
-0.6363636363636364
0.8585858585858586
0.5252525252525253
-0.8181818181818181
-0.44444444444444453
-0.5858585858585859
0.797979797979798
-0.18181818181818188
0.4242424242424241
-0.31313131313131315
0.9494949494949494
0.16161616161616155
-0.13131313131313138
-0.5555555555555556
-0.7070707070707071
-0.303030303030303
RANK
7
22
24
36
62
85
115
118
120
130
143
149
158
168
169
170
171
181
186
111
91
160
31
42
95
148
142
129
30
197
174
73
44
20
8
123
183
12
11
156
18
188
98
83
196
3
138
175
64
25
163
172
96
39
178
187
114
113
88
68
14
27
82
52
81
90
43
122
192
198
110
47
16
146
176
79
121
136
102
35
50
190
60
59
89
65
195
103
46
77
86
37
51
135
145
106
15
162
69
99
67
74
4
28
92
34
87
164
119
56
61
53
180
116
13
194
70
108
125
127
1
117
2
93
33
132
167
38
166
21
137
17
151
154
97
26
112
48
29
58
124
191
173
32
147
55
105
6
41
150
109
185
0
159
152
128
133
165
157
107
63
78
94
104
49
71
144
76
66
179
153
101
9
126
54
23
19
155
189
100
10
84
182
177
184
141
5
72
139
134
140
75
45
193
80
57
40
161
131
