DEGREE
-0.2222222222222222
0.33333333333333326
-0.33333333333333337
0.33333333333333326
-0.4444444444444444
0.11111111111111116
-0.33333333333333337
-0.11111111111111116
0.22222222222222232
0.33333333333333326
-0.6666666666666667
0.11111111111111116
0.11111111111111116
0.4444444444444444
0.22222222222222232
-0.4444444444444444
-0.6666666666666667
-0.4444444444444444
-0.11111111111111116
0.0
0.5555555555555556
0.7777777777777777
0.11111111111111116
-0.6666666666666667
-0.2222222222222222
-0.5555555555555556
-0.7777777777777778
-0.11111111111111116
-0.2222222222222222
-0.33333333333333337
-1.0
-0.2222222222222222
-0.11111111111111116
-0.6666666666666667
0.11111111111111116
-0.4444444444444444
0.22222222222222232
-0.8888888888888888
-0.7777777777777778
-0.11111111111111116
-0.11111111111111116
0.22222222222222232
0.11111111111111116
-0.11111111111111116
-0.6666666666666667
-0.5555555555555556
0.0
0.6666666666666667
-0.2222222222222222
0.0
-0.33333333333333337
0.6666666666666667
0.0
-0.33333333333333337
-0.4444444444444444
-0.6666666666666667
0.7777777777777777
-0.6666666666666667
0.11111111111111116
-0.7777777777777778
0.11111111111111116
-0.11111111111111116
-0.2222222222222222
0.33333333333333326
-0.4444444444444444
0.7777777777777777
-0.11111111111111116
-0.6666666666666667
-0.33333333333333337
-0.4444444444444444
-0.4444444444444444
0.5555555555555556
-0.11111111111111116
0.22222222222222232
0.22222222222222232
0.6666666666666667
-0.4444444444444444
0.11111111111111116
0.11111111111111116
0.11111111111111116
-0.11111111111111116
-0.33333333333333337
0.33333333333333326
0.33333333333333326
0.0
-0.11111111111111116
-0.5555555555555556
0.22222222222222232
-0.4444444444444444
-0.2222222222222222
-0.5555555555555556
0.8888888888888888
-0.11111111111111116
0.11111111111111116
-0.2222222222222222
-0.33333333333333337
-0.2222222222222222
0.22222222222222232
-0.4444444444444444
0.6666666666666667
-0.4444444444444444
0.33333333333333326
-0.6666666666666667
0.22222222222222232
-0.33333333333333337
0.6666666666666667
0.4444444444444444
-1.0
-0.11111111111111116
-0.33333333333333337
-0.2222222222222222
-0.7777777777777778
-0.11111111111111116
-0.4444444444444444
0.0
0.33333333333333326
0.7777777777777777
-0.7777777777777778
0.22222222222222232
-0.2222222222222222
-0.4444444444444444
0.6666666666666667
0.11111111111111116
-0.11111111111111116
-0.11111111111111116
0.8888888888888888
-0.6666666666666667
0.22222222222222232
-0.5555555555555556
0.22222222222222232
-0.2222222222222222
0.33333333333333326
0.22222222222222232
-0.11111111111111116
-0.6666666666666667
0.11111111111111116
-0.33333333333333337
0.11111111111111116
0.22222222222222232
0.22222222222222232
-0.2222222222222222
-0.2222222222222222
-0.5555555555555556
-0.5555555555555556
0.11111111111111116
-0.4444444444444444
0.0
-0.33333333333333337
0.0
-0.4444444444444444
-0.7777777777777778
0.5555555555555556
-0.2222222222222222
-0.5555555555555556
-1.0
-0.11111111111111116
0.22222222222222232
0.11111111111111116
-0.33333333333333337
-0.6666666666666667
0.0
0.4444444444444444
-0.33333333333333337
0.22222222222222232
0.0
0.4444444444444444
-0.6666666666666667
0.5555555555555556
-0.6666666666666667
-0.6666666666666667
0.8888888888888888
0.8888888888888888
0.0
-0.2222222222222222
-0.2222222222222222
-0.6666666666666667
0.0
-0.2222222222222222
0.0
-0.5555555555555556
-0.6666666666666667
-0.2222222222222222
0.22222222222222232
0.22222222222222232
-0.2222222222222222
-0.11111111111111116
-0.2222222222222222
-0.7777777777777778
-0.8888888888888888
-0.33333333333333337
-0.2222222222222222
-0.4444444444444444
-0.2222222222222222
-0.33333333333333337
-0.11111111111111116
-0.33333333333333337
-0.11111111111111116
-0.33333333333333337
-0.2222222222222222
-0.4444444444444444
-0.11111111111111116
0.0
0.33333333333333326
-0.7777777777777778
-0.2222222222222222
-0.11111111111111116
-0.11111111111111116
-0.33333333333333337
-0.11111111111111116
0.0
0.0
-0.2222222222222222
-0.33333333333333337
0.33333333333333326
0.33333333333333326
0.22222222222222232
-0.2222222222222222
-0.11111111111111116
0.33333333333333326
-0.7777777777777778
0.11111111111111116
-0.2222222222222222
0.22222222222222232
0.0
0.33333333333333326
0.33333333333333326
-0.11111111111111116
0.5555555555555556
-0.6666666666666667
-0.4444444444444444
-0.11111111111111116
-0.33333333333333337
-0.4444444444444444
0.22222222222222232
-0.5555555555555556
-0.4444444444444444
0.5555555555555556
-0.5555555555555556
0.11111111111111116
0.11111111111111116
1.0
0.22222222222222232
0.22222222222222232
-0.33333333333333337
-0.4444444444444444
0.6666666666666667
0.5555555555555556
0.0
-1.0
-0.2222222222222222
-0.11111111111111116
0.11111111111111116
-0.4444444444444444
-0.4444444444444444
0.4444444444444444
0.11111111111111116
0.0
0.5555555555555556
-0.5555555555555556
0.11111111111111116
-0.4444444444444444
-0.33333333333333337
0.0
0.0
-0.4444444444444444
0.11111111111111116
-0.2222222222222222
0.6666666666666667
0.22222222222222232
0.0
-0.33333333333333337
0.0
-0.7777777777777778
-0.11111111111111116
0.33333333333333326
0.22222222222222232
-0.7777777777777778
-0.5555555555555556
0.8888888888888888
0.33333333333333326
-0.2222222222222222
0.4444444444444444
-0.2222222222222222
EIGENVECTOR
-0.9991147125457027
-0.9995919344412771
-0.9999827561469377
-0.9997817060702474
-0.9999722190254539
-0.9995229571856813
-0.9999801365459141
-0.9998681002409608
-0.999951686555357
-0.9972311089644166
-0.9999325623869817
-0.9963388325481
-0.9996041812938347
0.5081197049636617
-0.999656509611947
-0.9999996507622216
-0.9999878283298638
-0.9495464615558716
-0.9999993942671698
-0.9967379463055439
-0.9998100786648314
-0.9998089478783725
-0.999998234774821
-0.9999964315702212
-0.999586077742973
-0.9755348147159194
-0.9992483088814749
-0.07203922765283322
-0.9959237899108324
-0.9999086377448151
-1.0
-0.9999991754707112
-0.9997205549419832
-0.9999528198640701
-0.9998109000635278
-0.9978704360951112
-0.999998186928712
-0.9999728150740637
-0.9983099986258215
-0.9999993942671697
-0.9999855844703669
-0.9998621546800198
0.24448496782192408
-0.9998842750079311
-0.9999997950319728
-0.9999991774704203
-0.9999983035287162
0.7069555728421144
-0.9998756886232238
-0.9996050831663109
-0.9999891377490913
0.29290564889775506
-0.9999472889996146
-0.2877183145350184
-0.9999541496702057
-0.687700366776586
-0.9997552970662283
-0.9999994324744121
-0.9720704109873576
-0.9999980466346963
-0.999820668110919
-0.9999873789513544
-0.9964388980867994
-0.9997515717727459
-0.9991712570144323
0.8588165524914493
-0.9999991469029492
-0.9982411185335772
-0.9999779593323835
-0.9999961208668823
-0.9999971903502088
-0.9997751093073787
-0.9999958240709175
-0.9995994699651076
-0.9997002586227941
-0.9997641583676791
-0.9998699654537502
-0.9997448834629239
-0.9999090212787942
-0.9960827026103798
-0.9999993942671698
-0.9995859891201835
-0.9884866460474779
0.1232209737716341
-0.9998189012593616
-0.9999956871185808
-0.9999604224091416
-0.9991664675375116
-0.9926968184692276
-0.9999949716680824
-0.9937384516189031
0.9040843315803713
-0.9958791900484917
-0.9924799399078448
-0.9985199652816547
-0.7402641636751656
-0.9997442400603229
-0.9976803804873068
-0.8676285377279074
-0.9997678728876371
-0.9999578824128279
-0.9997881525750096
-0.8511673966395445
-0.9969147420124392
-0.9999056168074112
0.8249913785060394
0.4797787544779655
-0.9999996745760668
-0.9997061842536814
-0.9983353847129193
-0.9997640305338847
-0.9999997028252814
-0.9999993942671697
-0.9467567718735125
-0.9999447417899203
-0.9997621821546556
0.7019990266082483
-0.9999591462489904
-0.9998258316894967
-0.9999818758595747
-0.9999116568360154
-0.9995855595549085
-0.9963388325481
-0.9999973177314069
-0.7345566109847415
0.8276254641399199
-0.9999994324744123
-0.009884443583107916
-0.9988720240087825
-0.9997504554367331
-0.9964388980867994
-0.999774462395711
-0.9992696355029023
-0.9999986444864093
-0.99897943047718
-0.9993514171251934
-0.99450026735614
-0.9998691797971574
-0.9992752500221165
-0.9986509370039108
-0.9999994322527919
-0.9951953160484649
-0.9357399814498822
-0.9141740649584492
-0.9999968878134704
-0.9998629744728176
-0.9954335646806449
-0.999999592557202
-0.9996676208816155
-0.9999424713212854
-0.9999982680048111
0.5960520665177116
-0.9998848210493547
-0.9997585030338506
-1.0
-0.9999101414662467
-0.9991664675375115
-0.999698249025302
-0.9997245594005281
-0.9991801559505612
-0.9999993779498768
-0.999010162652213
-0.984207379646499
-0.9997316173104508
-0.999211230049748
-0.9993417444670007
-0.9957189279704693
0.69596435384326
-0.9989794304771801
-0.9759315428144667
0.8955598699753908
0.8228304315319301
-0.9973137869926878
-0.6712430562133652
-0.6236855654376809
-0.9999737006850011
-0.9993682369636004
-0.997425086070902
-0.3649980452536786
-0.9755348147159193
-0.9989794304771802
-0.9999540683608513
-0.9998122682549044
-0.01969852842551756
-0.9996573538701297
-0.9998070357937179
-0.9998819127052042
-0.9999996540477419
-0.9999999361240807
-0.9968881696096894
-0.8192453596059304
-0.904237588325808
-0.9999992164751758
-0.9142452948314418
-0.961513935791607
-0.8613054040226098
-0.999643218364683
-0.9999696471060937
-0.9499213683864975
-0.990636630460695
-0.9993852996409701
-0.9926099821776724
-0.999801652535767
-0.9998717380843839
-0.9999866912248314
-0.9999653223029811
-0.999997131518097
-0.9998958870833793
-0.752153756045898
-0.9993669958704359
-0.9996121340148385
-0.9997637952803247
-0.9999967282975762
-0.9998156894210933
-0.9998478280991021
-0.9998122682549045
-0.41373707417895145
-0.982874405970029
-0.9996129967378072
-0.9999591462489904
-0.15262672474948846
-0.9998819127052041
-0.9962617405706756
-0.9980285072635097
-0.9996538925750572
-0.9996118231362382
-0.8964527663009265
-0.9997653888259326
-0.9999995756606906
-0.9999979866593735
-0.9984664418165636
-0.9999097969799577
-0.9520066930313674
-0.9962594045019406
-0.9898711760670489
-0.9999996463201607
-0.9997785160794171
-0.9999996204815039
-0.9999993172920375
-0.9998109000635277
1.0
-0.999951686555357
-0.9998548878934111
-0.9906178870613859
-0.9519154114787369
0.7998972840343879
-0.999603845339209
-0.9999986913771959
-1.0
-0.999561530668971
-0.9999357645903171
-0.9964694572999903
-0.9926427582361476
-0.9999850845164067
-0.9996019379049442
-0.9984576733789594
-0.9991672107516284
-0.9996340739899647
-0.9863118085776312
-0.6158168231151715
-0.9906366304606951
-0.9502098852241758
-0.9977073818047206
-0.99992999659192
-0.9999996023344669
-0.9999090212787943
-0.9338480739474696
-0.9997416453470793
-0.9987375467015677
-0.9968911859702997
-0.7120459589446565
-0.9999055436266534
-0.9935032059972337
-0.9999810631564068
-0.9984238688904619
-0.40166405185023457
-0.9999982674939998
-0.9937384516189032
0.9676007466673591
-0.07232020419523111
-0.6712430562133653
-0.9998182227740583
-0.9999991633974585
CENT
-0.8317002955986802
-0.6601333097122173
-0.9648731596995238
-0.9407714935568926
-1.0
-0.8003777000229262
-0.6487656478146354
-0.924277597133348
-0.6159001884942382
-0.4114109075727912
-0.993041846208951
-0.9259266893495043
-0.48772429818658136
-0.7510602182512992
-0.7474255043072022
-1.0
-0.3391434236902693
-0.8347631972506403
-0.9993664366612733
-0.09270998310636347
-0.5547457852337085
-0.610023878537817
-0.8439930588490887
-0.9611575758350346
-0.6168198670242772
-0.9721948604172356
-0.9947336670291067
-0.9853842471699058
-0.586128263547617
-0.6575192185274232
-1.0
-0.9708881555462161
-0.6855481650612076
-1.0
-0.8895120580215884
-0.9784607478553278
-0.6948657647418892
-1.0
-1.0
-0.9993664366612733
-0.6438514188129154
-0.7709052837557899
-0.9890735589497787
-0.5586862567589668
-0.9800522790014217
-0.9950856970819772
-0.8665381925717325
-0.7831829862723155
-0.7117067287715115
-0.9455813529204632
-0.6962966749311281
-0.5553580760714465
-0.23567805720051627
-0.9958703205132897
-0.23071545834698215
-0.9376993729336649
-0.6860324474240628
-1.0
1.0
-0.9514859374890847
-0.7907399055890225
-0.8270898023644623
-0.8111283848364361
-0.9358115230177416
-0.6366709342584997
-0.9016551403815593
-0.7126578188619647
-0.7995328742694934
-0.38061701135843884
-0.9574432778654582
-0.7820519874164542
-0.8060272334624181
-0.8004286830378783
-0.9676727644305377
-0.6767719459023492
-0.7776951204704126
-0.7334537983156679
-0.6625439769812249
-0.9372223915604164
-0.7460575576549249
-0.9993664366612733
-0.9813393479164934
-0.36129144459889784
-0.7265196437783417
-0.968375403616178
-0.8802548880239953
-0.04954759556166455
-0.689908717372469
-0.1823729480549352
-0.3091792580621544
-0.8856346040120954
-0.7986817350327162
0.2925920484604496
-0.7938267041368776
-0.9440430528646939
-0.635491602365357
-0.8454256049230645
-0.559786911414162
-0.9070414024388966
-0.8019741483336487
-0.9926851020574059
-0.9031008252794118
-0.935797516666368
-0.7923467770142201
-1.0
-0.9232693954844258
-0.9425139940484788
-1.0
-0.8218262330881656
-0.055448111595630234
-0.8426979047164863
-0.9993958264933898
-0.9993664366612733
-0.903031208918972
-0.7043087353552
-0.9581316665629118
-0.6716121216708074
-1.0
-0.6696497308107136
-0.9128407350991372
-0.9448614758178743
-0.5692459181951295
-0.9259266893495043
-0.8163338272892564
-0.5966706188558557
-0.6430978853948162
-1.0
-0.8463064777976227
-0.8590449195637454
-0.8411634644373832
-0.8111283848364361
-0.775524928550949
0.18180313263045877
-0.9559953470301131
-1.0
-0.5142392965170633
-0.8481789890678972
-0.5233397216765585
-0.9410925861317874
-0.7287909864985085
-0.9998605753446284
-0.7208649050703456
-0.3078667949202988
-0.5648348591516128
-0.4198428601783648
-0.7125441958677443
0.12723240003838643
-0.8779823711462148
-0.834359846452848
-0.6458233980648895
-0.7168559147867628
-0.9195438958435496
-0.4978694361274717
-0.9688761618540681
-1.0
-0.443274247872829
-0.689908717372469
-0.3347451849094798
0.2788150869708439
-0.977291666253991
-0.8626743927753575
-0.7346290231259482
0.25296049737509363
-0.30975277530771494
-0.2858359619493993
-0.4332114299825556
-0.45386216002821
-0.9675480768081038
-1.0
-1.0
-0.8866216792548124
-0.6262073084782324
-0.6907590479109118
-0.8076165130193189
-0.6135462773537085
-0.8516259550560634
-0.8706284775744229
-0.9098817905955564
-0.64212951024583
-0.9721948604172356
-1.0
-0.9763028668568646
-0.9234443357549188
-0.7117182070066979
-0.5986562245870606
0.3837490907682324
-0.9991256787945885
-0.9760030428574259
-1.0
-0.9120400970683937
-0.3821105949664596
-0.6051009151232354
-0.7535506963356969
-0.2819618499145702
-0.13550632179032363
-0.7778232655938242
-0.2885771776866578
-0.9986641928479651
-0.7493659152050078
-0.857616024703484
-0.7601192011151555
-0.8344945551464555
-0.4342263244125536
-1.0
-0.6741901221873026
-0.8857774680031648
-0.8571592627059518
-0.5624915206920094
-0.440745322967647
-0.6929230085025211
-0.314886832313937
-0.902345940374886
-0.08622730149241631
-0.9331442332888682
-0.7540058192829706
-0.9234443357549188
-0.780389493360131
-0.3243078822485118
-0.9671571243812063
-1.0
-0.8043552287446347
-0.9991256787945885
-0.552263105721869
-0.825402549446586
-0.9285201783955286
-0.8993772426009139
-0.4381687176697703
-0.7659400745197085
-0.9976080910011075
-0.7395077582977194
-0.21170083127078898
-0.9552507349214983
-0.7825369128698605
-0.5537862119301298
-0.2645436880163534
-0.9938278282508204
-0.6920832846551506
-0.9547869626704902
-0.8547774702444514
-0.8895120580215884
-0.8493031727571201
-0.6159001884942382
-0.6223614995517213
0.6565014864361962
-0.8192386345008664
-0.9660204765027706
-0.21010097399754857
-0.5732144064658287
-1.0
-0.977453401187784
-0.9699759644452338
-0.9415470744372959
-0.4150978651549745
-0.433112485597291
-0.9552719717219279
-0.2587285181273463
-0.936233856926476
-0.8443189122904778
-0.32309800671544375
-0.30942501482909857
-0.857616024703484
-0.42564774998736365
-0.7517625244787812
-0.9541390394887238
-0.9499111562440629
-0.9372223915604164
-0.2912378217585635
-0.5192942161143661
-0.17830286125428618
-0.9462611051205563
-0.28411770888538557
-0.46245733892808816
-0.836267111995768
-0.8734073622689354
-0.47067712241051396
-0.21906308548475217
-0.8991778076124971
-0.8856346040120954
-0.9399159470349313
-0.5638935512466628
-0.8076165130193189
-0.9346795497384149
-0.868574144060215
DEGREE_RANK
-0.3049645390070923
0.6595744680851063
-0.475177304964539
0.6666666666666667
-0.6595744680851063
0.3049645390070921
-0.46808510638297873
-0.07801418439716312
0.47517730496453914
0.6737588652482269
-0.8794326241134752
0.3120567375886525
0.3191489361702129
0.7801418439716312
0.4822695035460993
-0.6524822695035462
-0.8723404255319149
-0.6453900709219857
-0.07092198581560294
0.14184397163120566
0.822695035460993
0.9361702127659575
0.32624113475177285
-0.8652482269503546
-0.2978723404255319
-0.75177304964539
-0.9574468085106383
-0.06382978723404253
-0.2907801418439717
-0.46099290780141855
-1.0
-0.2836879432624113
-0.05673758865248235
-0.8581560283687943
0.33333333333333326
-0.6382978723404256
0.4893617021276595
-0.9716312056737588
-0.950354609929078
-0.04964539007092206
-0.042553191489361764
0.4964539007092199
0.34042553191489366
-0.03546099290780147
-0.851063829787234
-0.7446808510638298
0.14893617021276584
0.8794326241134751
-0.27659574468085113
0.15602836879432624
-0.45390070921985815
0.8865248226950355
0.16312056737588665
-0.44680851063829796
-0.6312056737588652
-0.8439716312056738
0.9432624113475179
-0.8368794326241135
0.34751773049645385
-0.9432624113475178
0.35460992907801425
-0.028368794326241065
-0.26950354609929084
0.6808510638297871
-0.624113475177305
0.950354609929078
-0.021276595744680882
-0.8297872340425532
-0.43971631205673756
-0.6170212765957447
-0.6099290780141844
0.8297872340425532
-0.014184397163120588
0.5035460992907801
0.5106382978723405
0.8936170212765957
-0.6028368794326241
0.36170212765957444
0.3687943262411346
0.375886524822695
-0.007092198581560294
-0.4326241134751774
0.6879432624113475
0.6950354609929079
0.1702127659574466
0.0
-0.7375886524822695
0.5177304964539007
-0.5957446808510638
-0.26241134751773043
-0.7304964539007093
0.9645390070921986
0.007092198581560405
0.38297872340425543
-0.25531914893617025
-0.4255319148936171
-0.24822695035460995
0.5248226950354609
-0.5886524822695035
0.9007092198581559
-0.5815602836879432
0.7021276595744679
-0.8226950354609929
0.5319148936170213
-0.4184397163120568
0.9078014184397163
0.7872340425531916
-0.9929078014184397
0.014184397163120366
-0.4113475177304965
-0.24113475177304966
-0.9361702127659575
0.02127659574468077
-0.574468085106383
0.17730496453900702
0.7092198581560283
0.9574468085106382
-0.9290780141843972
0.5390070921985817
-0.23404255319148937
-0.5673758865248226
0.9148936170212767
0.3900709219858154
0.028368794326241176
0.03546099290780136
0.9716312056737588
-0.8156028368794326
0.5460992907801416
-0.7234042553191489
0.553191489361702
-0.22695035460992918
0.7163120567375887
0.5602836879432624
0.042553191489361764
-0.8085106382978724
0.3971631205673758
-0.4042553191489362
0.4042553191489362
0.5673758865248226
0.574468085106383
-0.21985815602836878
-0.2127659574468086
-0.7163120567375887
-0.7092198581560283
0.4113475177304964
-0.5602836879432624
0.18439716312056742
-0.3971631205673759
0.1914893617021276
-0.553191489361702
-0.9219858156028369
0.8368794326241134
-0.2056737588652482
-0.7021276595744681
-0.9858156028368794
0.049645390070921946
0.5815602836879432
0.4184397163120568
-0.3900709219858156
-0.801418439716312
0.198581560283688
0.7943262411347518
-0.38297872340425543
0.5886524822695036
0.2056737588652482
0.801418439716312
-0.7943262411347518
0.8439716312056738
-0.7872340425531915
-0.7801418439716312
0.9787234042553192
0.9858156028368794
0.21276595744680837
-0.198581560283688
-0.19148936170212771
-0.7730496453900709
0.21985815602836878
-0.1843971631205673
0.22695035460992918
-0.6950354609929078
-0.7659574468085106
-0.17730496453900713
0.5957446808510638
0.6028368794326242
-0.17021276595744683
0.05673758865248213
-0.16312056737588654
-0.9148936170212766
-0.9645390070921985
-0.375886524822695
-0.15602836879432624
-0.5460992907801419
-0.14893617021276606
-0.36879432624113484
0.06382978723404253
-0.36170212765957444
0.07092198581560294
-0.35460992907801425
-0.14184397163120566
-0.5390070921985816
0.0780141843971629
0.23404255319148914
0.7234042553191489
-0.9078014184397163
-0.13475177304964547
0.0851063829787233
0.09219858156028371
-0.34751773049645396
0.09929078014184411
0.24113475177304955
0.24822695035460995
-0.12765957446808518
-0.34042553191489366
0.7304964539007093
0.7375886524822695
0.6099290780141844
-0.12056737588652489
0.10638297872340408
0.7446808510638296
-0.900709219858156
0.42553191489361697
-0.11347517730496459
0.6170212765957446
0.25531914893617036
0.75177304964539
0.7588652482269505
0.11347517730496448
0.8510638297872342
-0.7588652482269503
-0.5319148936170213
0.12056737588652489
-0.33333333333333337
-0.5248226950354611
0.624113475177305
-0.6879432624113475
-0.5177304964539007
0.8581560283687943
-0.6808510638297872
0.4326241134751774
0.43971631205673756
1.0
0.6312056737588654
0.6382978723404256
-0.3262411347517731
-0.5106382978723404
0.9219858156028369
0.8652482269503545
0.26241134751773054
-0.9787234042553191
-0.10638297872340419
0.12765957446808507
0.44680851063829796
-0.5035460992907801
-0.4964539007092199
0.8085106382978724
0.45390070921985815
0.2695035460992907
0.8723404255319149
-0.6737588652482269
0.46099290780141833
-0.4893617021276596
-0.3191489361702128
0.27659574468085113
0.2836879432624113
-0.4822695035460993
0.46808510638297873
-0.099290780141844
0.9290780141843971
0.6453900709219857
0.2907801418439717
-0.3120567375886525
0.2978723404255319
-0.8936170212765957
0.13475177304964547
0.7659574468085106
0.6524822695035462
-0.8865248226950355
-0.6666666666666666
0.9929078014184396
0.7730496453900708
-0.09219858156028371
0.8156028368794326
-0.08510638297872342
EIGENVECTOR_RANK
0.21276595744680837
0.07092198581560294
-0.624113475177305
-0.19148936170212771
-0.574468085106383
0.10638297872340408
-0.6028368794326241
-0.3262411347517731
-0.4964539007092199
0.36170212765957444
-0.46099290780141855
0.4184397163120568
0.042553191489361764
0.9078014184397163
-0.014184397163120588
-0.9432624113475178
-0.6595744680851063
0.6666666666666667
-0.8723404255319149
0.3900709219858154
-0.22695035460992918
-0.21985815602836878
-0.7659574468085106
-0.7021276595744681
0.0780141843971629
0.6099290780141844
0.16312056737588665
0.8581560283687943
0.45390070921985815
-0.4113475177304965
-0.9858156028368794
-0.8226950354609929
-0.05673758865248235
-0.5106382978723404
-0.23404255319148937
0.32624113475177285
-0.7588652482269503
-0.5815602836879432
0.3049645390070921
-0.8652482269503546
-0.6382978723404256
-0.3120567375886525
0.8865248226950355
-0.375886524822695
-0.9716312056737588
-0.8297872340425532
-0.7872340425531915
0.9361702127659575
-0.35460992907801425
0.03546099290780136
-0.6666666666666666
0.8936170212765957
-0.4893617021276596
0.8368794326241134
-0.5248226950354611
0.7801418439716312
-0.11347517730496459
-0.900709219858156
0.624113475177305
-0.75177304964539
-0.2836879432624113
-0.6524822695035462
0.4113475177304964
-0.10638297872340419
0.18439716312056742
0.9716312056737588
-0.8085106382978724
0.3120567375886525
-0.5957446808510638
-0.6950354609929078
-0.7304964539007093
-0.17730496453900713
-0.6879432624113475
0.06382978723404253
-0.042553191489361764
-0.14893617021276606
-0.34042553191489366
-0.09219858156028371
-0.4184397163120568
0.44680851063829796
-0.8581560283687943
0.0851063829787233
0.574468085106383
0.8794326241134751
-0.27659574468085113
-0.6808510638297872
-0.553191489361702
0.198581560283688
0.5177304964539007
-0.6737588652482269
0.4964539007092199
0.9858156028368794
0.46099290780141833
0.5390070921985817
0.2695035460992907
0.7588652482269505
-0.08510638297872342
0.34042553191489366
0.7234042553191489
-0.16312056737588654
-0.5319148936170213
-0.198581560283688
0.7375886524822695
0.3687943262411346
-0.4042553191489362
0.9574468085106382
0.9007092198581559
-0.9574468085106383
-0.04964539007092206
0.2978723404255319
-0.14184397163120566
-0.9645390070921985
-0.8794326241134752
0.6737588652482269
-0.4822695035460993
-0.12765957446808518
0.9290780141843971
-0.5390070921985816
-0.2907801418439717
-0.6170212765957447
-0.44680851063829796
0.09219858156028371
0.42553191489361697
-0.7375886524822695
0.7659574468085106
0.9645390070921986
-0.8936170212765957
0.8723404255319149
0.24822695035460995
-0.099290780141844
0.4042553191489362
-0.17021276595744683
0.15602836879432624
-0.7943262411347518
0.24113475177304955
0.13475177304964547
0.4893617021276595
-0.33333333333333337
0.14893617021276584
0.26241134751773054
-0.8865248226950355
0.4822695035460993
0.6808510638297871
0.7021276595744679
-0.7163120567375887
-0.3191489361702128
0.47517730496453914
-0.9148936170212766
-0.028368794326241065
-0.475177304964539
-0.7801418439716312
0.9148936170212767
-0.38297872340425543
-0.12056737588652489
-1.0
-0.43971631205673756
0.2056737588652482
-0.03546099290780147
-0.06382978723404253
0.17730496453900702
-0.851063829787234
0.21985815602836878
0.5886524822695036
-0.07092198581560294
0.1702127659574466
0.14184397163120566
0.46808510638297873
0.9219858156028369
0.22695035460992918
0.6028368794326242
0.9787234042553192
0.950354609929078
0.35460992907801425
0.7943262411347518
0.801418439716312
-0.5886524822695035
0.12056737588652489
0.34751773049645385
0.8297872340425532
0.6170212765957446
0.23404255319148914
-0.5177304964539007
-0.25531914893617025
0.8652482269503545
-0.021276595744680882
-0.2127659574468086
-0.36879432624113484
-0.950354609929078
-0.9787234042553191
0.38297872340425543
0.7446808510638296
0.7092198581560283
-0.8368794326241135
0.6950354609929079
0.6312056737588654
0.7304964539007093
0.0
-0.5673758865248226
0.6595744680851063
0.5460992907801416
0.11347517730496448
0.5319148936170213
-0.2056737588652482
-0.34751773049645396
-0.6453900709219857
-0.5602836879432624
-0.7234042553191489
-0.3900709219858156
0.75177304964539
0.12765957446808507
0.02127659574468077
-0.13475177304964547
-0.7092198581560283
-0.26241134751773043
-0.2978723404255319
-0.24822695035460995
0.8156028368794326
0.5957446808510638
0.014184397163120366
-0.5460992907801419
0.8439716312056738
-0.36170212765957444
0.4326241134751774
0.3191489361702129
-0.007092198581560294
0.028368794326241176
0.7163120567375887
-0.15602836879432624
-0.9078014184397163
-0.7446808510638298
0.27659574468085113
-0.4326241134751774
0.6382978723404256
0.43971631205673756
0.5673758865248226
-0.9361702127659575
-0.1843971631205673
-0.9290780141843972
-0.8439716312056738
-0.24113475177304966
1.0
-0.5035460992907801
-0.3049645390070923
0.5602836879432624
0.6453900709219857
0.9432624113475179
0.049645390070921946
-0.801418439716312
-0.9929078014184397
0.09929078014184411
-0.46808510638297873
0.3971631205673758
0.5248226950354609
-0.6312056737588652
0.05673758865248213
0.2836879432624113
0.1914893617021276
0.007092198581560405
0.5815602836879432
0.8085106382978724
0.553191489361702
0.6524822695035462
0.33333333333333326
-0.45390070921985815
-0.9219858156028369
-0.4255319148936171
0.6879432624113475
-0.07801418439716312
0.25531914893617036
0.375886524822695
0.7730496453900708
-0.3971631205673759
0.5106382978723405
-0.6099290780141844
0.2907801418439717
0.822695035460993
-0.7730496453900709
0.5035460992907801
0.9929078014184396
0.8510638297872342
0.7872340425531916
-0.26950354609929084
-0.8156028368794326
CENT_RANK
-0.06382978723404253
0.38297872340425543
-0.6099290780141844
-0.4822695035460993
-1.0
0.03546099290780136
0.3971631205673758
-0.3900709219858156
0.46808510638297873
0.7234042553191489
-0.7588652482269503
-0.4042553191489362
0.6312056737588654
0.1702127659574466
0.18439716312056742
-0.9929078014184397
0.75177304964539
-0.08510638297872342
-0.8439716312056738
0.9219858156028369
0.5815602836879432
0.4893617021276595
-0.11347517730496459
-0.6028368794326241
0.46099290780141833
-0.6808510638297872
-0.7730496453900709
-0.7375886524822695
0.5177304964539007
0.3900709219858154
-0.9858156028368794
-0.6666666666666666
0.34042553191489366
-0.9787234042553191
-0.2836879432624113
-0.7163120567375887
0.2907801418439717
-0.9716312056737588
-0.9645390070921985
-0.8368794326241135
0.4113475177304964
0.12765957446808507
-0.7446808510638298
0.5673758865248226
-0.7234042553191489
-0.7801418439716312
-0.2056737588652482
0.0780141843971629
0.2695035460992907
-0.5248226950354611
0.2836879432624113
0.574468085106383
0.8652482269503545
-0.7872340425531915
0.8723404255319149
-0.46808510638297873
0.33333333333333326
-0.9574468085106383
1.0
-0.5460992907801419
0.07092198581560294
-0.05673758865248235
-0.021276595744680882
-0.43971631205673756
0.4326241134751774
-0.3049645390070923
0.24822695035460995
0.042553191489361764
0.7375886524822695
-0.5886524822695035
0.09219858156028371
0.007092198581560405
0.028368794326241176
-0.6382978723404256
0.34751773049645385
0.11347517730496448
0.21276595744680837
0.375886524822695
-0.46099290780141855
0.1914893617021276
-0.8297872340425532
-0.7304964539007093
0.7446808510638296
0.22695035460992918
-0.6453900709219857
-0.24113475177304966
0.9432624113475179
0.3191489361702129
0.9007092198581559
0.801418439716312
-0.25531914893617025
0.049645390070921946
0.9787234042553192
0.05673758865248213
-0.5106382978723404
0.43971631205673756
-0.12765957446808518
0.5602836879432624
-0.33333333333333337
0.02127659574468077
-0.75177304964539
-0.3262411347517731
-0.4326241134751774
0.06382978723404253
-0.950354609929078
-0.36879432624113484
-0.5035460992907801
-0.9432624113475178
-0.042553191489361764
0.9361702127659575
-0.10638297872340419
-0.851063829787234
-0.8226950354609929
-0.3191489361702128
0.27659574468085113
-0.5957446808510638
0.36170212765957444
-0.9361702127659575
0.3687943262411346
-0.35460992907801425
-0.5177304964539007
0.5319148936170213
-0.3971631205673759
-0.028368794326241065
0.5106382978723405
0.4184397163120568
-0.9290780141843972
-0.13475177304964547
-0.19148936170212771
-0.099290780141844
-0.014184397163120588
0.12056737588652489
0.9574468085106382
-0.5815602836879432
-0.9219858156028369
0.6170212765957446
-0.14184397163120566
0.6028368794326242
-0.4893617021276596
0.21985815602836878
-0.8581560283687943
0.23404255319148914
0.8085106382978724
0.5390070921985817
0.7092198581560283
0.25531914893617036
0.950354609929078
-0.23404255319148937
-0.07092198581560294
0.4042553191489362
0.24113475177304955
-0.36170212765957444
0.624113475177305
-0.6524822695035462
-0.9148936170212766
0.6595744680851063
0.32624113475177285
0.7588652482269505
0.9716312056737588
-0.7021276595744681
-0.198581560283688
0.2056737588652482
0.9645390070921986
0.7872340425531916
0.8297872340425532
0.6879432624113475
0.6524822695035462
-0.6312056737588652
-0.9078014184397163
-0.900709219858156
-0.26950354609929084
0.44680851063829796
0.3120567375886525
-0.007092198581560294
0.4822695035460993
-0.15602836879432624
-0.21985815602836878
-0.34042553191489366
0.42553191489361697
-0.6737588652482269
-0.8936170212765957
-0.6950354609929078
-0.38297872340425543
0.26241134751773054
0.5035460992907801
0.9858156028368794
-0.8156028368794326
-0.6879432624113475
-0.8865248226950355
-0.34751773049645396
0.7304964539007093
0.4964539007092199
0.15602836879432624
0.8439716312056738
0.9148936170212767
0.10638297872340408
0.822695035460993
-0.801418439716312
0.17730496453900702
-0.1843971631205673
0.14184397163120566
-0.07801418439716312
0.6808510638297871
-0.8794326241134752
0.35460992907801425
-0.26241134751773043
-0.17021276595744683
0.553191489361702
0.6666666666666667
0.2978723404255319
0.7801418439716312
-0.3120567375886525
0.9290780141843971
-0.4184397163120568
0.14893617021276584
-0.375886524822695
0.09929078014184411
0.7659574468085106
-0.624113475177305
-0.8723404255319149
0.014184397163120366
-0.8085106382978724
0.5957446808510638
-0.04964539007092206
-0.4113475177304965
-0.2978723404255319
0.6737588652482269
0.13475177304964547
-0.7943262411347518
0.198581560283688
0.8865248226950355
-0.5673758865248226
0.0851063829787233
0.5886524822695036
0.8510638297872342
-0.7659574468085106
0.3049645390070921
-0.5602836879432624
-0.16312056737588654
-0.27659574468085113
-0.14893617021276606
0.47517730496453914
0.45390070921985815
0.9929078014184396
-0.03546099290780147
-0.6170212765957447
0.8936170212765957
0.5248226950354609
-0.8652482269503546
-0.7092198581560283
-0.6595744680851063
-0.4964539007092199
0.7163120567375887
0.6950354609929079
-0.574468085106383
0.8581560283687943
-0.44680851063829796
-0.12056737588652489
0.7730496453900708
0.7943262411347518
-0.17730496453900713
0.7021276595744679
0.16312056737588665
-0.553191489361702
-0.5390070921985816
-0.45390070921985815
0.8156028368794326
0.6099290780141844
0.9078014184397163
-0.5319148936170213
0.8368794326241134
0.6453900709219857
-0.09219858156028371
-0.22695035460992918
0.6382978723404256
0.8794326241134751
-0.2907801418439717
-0.24822695035460995
-0.475177304964539
0.5460992907801416
0.0
-0.4255319148936171
-0.2127659574468086
RANK
4
15
30
33
37
38
57
104
107
117
126
134
154
168
169
180
188
203
219
248
140
111
18
39
80
112
186
221
197
228
53
45
26
235
10
100
42
27
81
44
35
249
159
181
187
25
179
31
250
153
84
73
167
218
245
2
23
115
69
133
254
231
237
263
59
264
269
49
120
94
106
251
138
3
278
55
78
265
256
63
102
281
213
224
11
122
7
182
215
105
151
119
189
177
98
101
113
211
65
225
276
34
239
170
205
90
277
85
147
273
176
282
46
160
128
199
260
206
238
175
240
136
127
96
257
22
110
129
272
17
201
148
0
61
223
108
244
123
62
130
173
280
71
220
99
72
5
67
91
93
103
60
47
232
70
216
195
75
131
41
227
200
214
192
262
13
198
14
79
229
161
76
139
83
141
150
66
145
183
48
114
50
36
209
236
172
87
156
56
32
74
204
116
118
77
1
29
6
149
40
125
178
64
95
171
242
24
8
241
174
21
191
184
124
28
247
121
143
279
207
97
43
51
20
233
222
137
267
135
152
12
274
271
166
155
208
226
202
165
253
261
144
252
9
190
68
82
16
157
217
258
210
163
259
89
142
266
196
164
270
193
234
255
52
54
275
230
246
88
268
194
19
212
109
86
146
132
162
158
92
185
243
58
