DEGREE
0.0
0.5
0.3999999999999999
-0.4
0.10000000000000009
0.19999999999999996
0.10000000000000009
-0.09999999999999998
0.0
0.8
0.0
0.8
-0.09999999999999998
-0.19999999999999996
-0.19999999999999996
-0.4
0.3999999999999999
0.3999999999999999
0.8
0.5
-0.09999999999999998
-0.09999999999999998
0.30000000000000004
0.10000000000000009
0.0
-0.19999999999999996
0.30000000000000004
0.5
0.30000000000000004
-0.8
0.19999999999999996
-0.19999999999999996
0.19999999999999996
-0.19999999999999996
0.3999999999999999
-0.19999999999999996
0.30000000000000004
-0.5
0.0
-0.09999999999999998
0.3999999999999999
0.7
0.10000000000000009
0.8
-0.09999999999999998
0.19999999999999996
0.6000000000000001
-0.30000000000000004
-0.6
-0.4
-0.09999999999999998
-0.9
-0.5
-0.19999999999999996
0.10000000000000009
0.10000000000000009
-0.8
0.3999999999999999
0.19999999999999996
-0.09999999999999998
-0.09999999999999998
0.30000000000000004
-0.09999999999999998
0.8
0.10000000000000009
0.8
-0.19999999999999996
-0.8
0.7
-0.19999999999999996
0.30000000000000004
-0.6
0.6000000000000001
0.8
1.0
-0.09999999999999998
0.8
0.0
-0.09999999999999998
0.5
0.19999999999999996
-0.09999999999999998
-0.4
0.30000000000000004
-0.5
0.10000000000000009
-0.9
-0.09999999999999998
0.8
0.19999999999999996
0.6000000000000001
-0.19999999999999996
0.5
-0.7
-0.5
0.19999999999999996
0.19999999999999996
-0.30000000000000004
0.30000000000000004
-0.6
-0.7
0.5
0.19999999999999996
-0.30000000000000004
0.10000000000000009
0.3999999999999999
0.19999999999999996
0.10000000000000009
-0.4
-0.6
-0.30000000000000004
0.0
-0.6
-0.7
0.19999999999999996
0.0
-0.7
0.19999999999999996
-0.5
0.30000000000000004
0.10000000000000009
0.30000000000000004
0.30000000000000004
0.10000000000000009
0.19999999999999996
-0.5
0.30000000000000004
0.19999999999999996
0.19999999999999996
-0.4
-0.7
0.10000000000000009
-0.6
0.8999999999999999
0.8999999999999999
0.19999999999999996
-0.19999999999999996
-0.30000000000000004
0.10000000000000009
-0.30000000000000004
0.7
-0.8
-0.09999999999999998
-0.7
-0.7
0.5
-0.4
-0.09999999999999998
-0.19999999999999996
0.0
0.5
-0.4
0.0
-0.9
0.7
0.0
0.8999999999999999
0.10000000000000009
0.3999999999999999
0.0
-0.5
0.30000000000000004
-0.7
-0.8
-0.30000000000000004
-0.4
-0.09999999999999998
0.10000000000000009
-0.09999999999999998
0.8
-0.6
0.8999999999999999
-0.30000000000000004
-0.09999999999999998
-0.7
-0.09999999999999998
0.30000000000000004
0.5
-0.30000000000000004
-0.19999999999999996
-0.19999999999999996
0.3999999999999999
-0.30000000000000004
0.10000000000000009
-0.4
-0.19999999999999996
-0.09999999999999998
0.19999999999999996
0.19999999999999996
0.10000000000000009
0.5
-0.4
-0.6
-0.19999999999999996
-0.8
0.5
-0.4
-0.30000000000000004
0.0
0.0
0.6000000000000001
-0.30000000000000004
-0.7
0.6000000000000001
0.19999999999999996
-0.6
0.19999999999999996
-0.8
0.3999999999999999
-0.09999999999999998
0.19999999999999996
-0.8
-0.5
-0.09999999999999998
0.19999999999999996
-0.7
0.0
0.30000000000000004
0.3999999999999999
0.19999999999999996
0.3999999999999999
-0.5
-0.7
0.8999999999999999
-0.4
-0.09999999999999998
0.5
0.5
-0.19999999999999996
-0.7
0.10000000000000009
-0.6
0.30000000000000004
0.5
-0.8
-1.0
-0.19999999999999996
-0.30000000000000004
0.8
-0.30000000000000004
0.19999999999999996
0.0
-0.6
-0.09999999999999998
0.0
-0.09999999999999998
0.10000000000000009
0.6000000000000001
0.5
0.0
0.30000000000000004
0.10000000000000009
0.8999999999999999
0.5
0.19999999999999996
-0.19999999999999996
-0.19999999999999996
0.10000000000000009
0.30000000000000004
-0.6
0.3999999999999999
0.6000000000000001
-0.09999999999999998
-0.5
0.30000000000000004
-0.09999999999999998
0.5
-0.4
0.10000000000000009
0.30000000000000004
-0.9
-0.9
0.7
-0.4
-0.19999999999999996
0.6000000000000001
0.10000000000000009
-0.09999999999999998
0.10000000000000009
-0.30000000000000004
0.19999999999999996
0.3999999999999999
0.19999999999999996
EIGENVECTOR
-0.4388445529069267
-0.16548022505233506
0.047618338774964686
-0.9928295016744468
-0.7022737703941714
-0.6547677020701186
-0.987287392451356
-0.9428211025355797
-0.6824210692564721
0.6903714085756432
-0.6863604483547694
0.10707979142640878
-0.6234447673233475
-0.5915210438063614
-0.9934917035965347
-0.9963112412544359
-0.26204948067152134
-0.7831017265562538
0.9120574080273725
0.6344088633167602
-0.2952071790509183
-0.8889462945216009
0.3267128743672454
-0.3810831331948733
-0.8507635143109157
-0.700220173107127
-0.8315653145722839
-0.17731551523834121
-0.8374905039618055
-0.9677728114088583
-0.9926646695815943
-0.7383559175511045
-0.26806070493514456
-0.38333758395577133
-0.5631866902309606
-0.8408032583791922
-0.17810242319406244
-0.776378451311836
-0.9736208350029528
-0.8544572389157129
-0.29104289208033274
0.029762024909793183
-0.7786887232467086
0.42143941192241563
-0.7741786353407726
-0.9780432037108909
-0.28130160500978674
-0.8961020669863377
-0.8267495431518088
-0.9931253267416308
-0.9619486294995299
-0.9314661445061554
-0.8992487436780543
-0.8109598661605188
-0.24349903291895758
-0.8346080163023206
-0.9139208715773536
0.2998084837259545
0.047232184834257396
-0.957855254426664
-0.9602203678582543
-0.3315559574948702
-0.7932066931957419
0.6686182657267998
-0.5346981270089521
-0.016051811962264906
-0.5148643257698642
-0.8586465577849852
0.029762024909793183
-0.9015969977550009
0.32238069927871704
-0.9946889069887452
-0.25727017127686813
0.7215907871402527
0.19051858966663904
-0.8624431287476528
-0.16411411963562228
-0.18029239476909253
-0.567382410387663
-0.15902503782156308
-0.3174307568251551
-0.7154284808077406
-0.853058180245336
-0.7889410847555812
-0.9020735635426694
-0.25777672230396664
-0.9674289519056726
-0.8915038301454249
0.9336081079718559
-0.436052793371545
-0.15002866437667617
-0.9687405860823516
0.0733385046152033
-0.9985647245101045
-0.9063833010716698
-0.08051072665187897
-0.43282927534400484
-0.9452734335110375
-0.4661219892140329
-0.9720026993862975
-0.8754533652496468
-0.978914276115376
-0.4704285028310158
-0.9953508909740362
-0.9589910324863135
-0.11730052507408872
-0.5910370181571671
-0.208002984924881
-0.9963112412544358
-0.8554792409364971
-0.6891483859782914
-0.9893795810597886
-0.9582264216253729
-0.9914240022882093
-0.3716719213636366
-0.4510952186513596
-0.9555781532365796
-0.8745175847477105
-0.8554112637839564
-0.7180940164814648
-0.2017047002349286
0.35411749239681245
-0.976143490978136
0.029890398768399606
-0.993221786513018
-0.9976316161078095
-0.2871960797675063
-0.21978877077356296
-0.9914885296881815
-0.7778925210205059
-0.9826743113448627
-0.5793474263845683
-0.8910077203755102
0.11533452954415302
0.08560873212277786
-0.9851324704382718
-0.9103832471297925
-0.8118368635412208
-0.7233436520950327
-0.9021273151427528
0.711451327633811
-0.9661577771832718
-0.608491735492316
-0.9344850986620771
-0.9322798358515894
-0.1345213668512517
-0.933769065569357
-0.5408875940761535
-0.6188080163384355
-0.8827629399345699
0.21835384932030877
-0.9928295016744467
-0.9847572996333749
-0.9061660773353067
0.6897409890604342
-0.8937677198217143
0.0024695867782051906
-0.4558055949906331
-0.5645755816558242
-0.48926256065144713
-0.8877291937120693
-0.9929223205192176
-0.9555404700985477
-0.9982545892234784
-0.8882602382882985
-0.9362936821371539
-0.5408875940761535
-0.8326914368184826
-0.7390293588588044
0.8902915263166786
-0.9981281797195477
0.9999999999999998
-0.9213467341702772
-0.9295061380554746
-0.8546571844271442
-0.8938282959623369
-0.7799996365205925
-0.07496837003704537
-0.9808917728839953
-0.9099917903275887
-0.9015969977550008
-0.30607607016537663
-0.5496784750555408
-0.6428640736616971
-0.6984276480088975
-0.5148643257698637
-0.952304303418311
-0.6813764024060727
-0.5856646470814619
-0.3624912222563732
-0.9821986864729008
-0.9250404587750745
-0.8078563650302653
-0.771887699275656
-0.9974158051673341
-0.29332594413497504
-0.5351359057020693
-0.916161967323775
-0.6863604483547694
-0.993817579461828
0.5048289243578041
-0.8431337808859366
-0.9985647245101045
0.0034941887196446864
-0.6317468602876639
-0.9885014661860878
-0.6141998031968376
-0.966440843448716
-0.7831017265562537
-0.8447483214679642
-0.9931810894895371
-0.9972210448848213
-0.7747017962146464
-0.21803496593863203
-0.26389503234549994
-0.9933409787331846
-0.7087853465750458
0.3055175223062452
-0.3193933768960413
-0.7772886862721238
0.4173756098613388
-0.9942787152827857
-0.9125359855043821
0.15728671748564382
-0.9288363729882044
-0.8902420539123123
-0.35590345574137217
0.21378542159642677
-0.778705707298452
-0.9553251481542915
-0.3810831331948735
-0.9956870734678066
-0.9929223205192176
0.5451243243202362
-0.974080798841305
-1.0
-0.7383559175511047
-0.9545117161902394
0.8603185126103088
-0.8961020669863378
-0.29913368121358674
-0.41747148404600376
-0.8554792409364971
-0.509251212725953
-0.7067709808103391
-0.9513918735417772
-0.13453623648703394
-0.1896330441873031
-0.3843722769016409
-0.4505698417218654
-0.9855608607288214
-0.4995957058280527
1.0
0.22887273791705787
-0.1934387543247298
-0.8840407497414999
-0.6975283486290835
-0.625661106279617
-0.7158606351853489
-0.9720026993862977
-0.7881086401243156
0.3620059423707642
-0.4437999502136031
-0.9639921606300598
-0.9893311291018192
-0.9645418647843995
0.3398610953251302
-0.9307235391719001
-0.8346080163023206
-0.31133417108374595
-0.999053643810386
-0.9314661445061554
-0.33663752403585023
-0.9923206822353312
-0.8414763819287028
-0.08935228636824966
-0.3624912222563732
-0.720141157119706
-0.8394085704682269
-0.8139399452315883
-0.7083161317518456
0.16678515973996189
-0.9818561262106751
CENT
1.0
-0.8833359039979567
0.48260429920269576
-0.9845712459825756
-0.7943235602596082
0.08524351125261309
-0.9019652755097461
-0.1997988291916022
-0.4835846733552964
0.09539098572233828
-0.5732614007505583
-0.4115641068929158
0.6896426261995809
-0.955280854742823
-0.6907356105781065
-0.945298816518585
-0.5686243460888838
-0.8385596654780043
-0.37351511382058045
-0.6739638913497268
-0.8882486042530428
-0.9275184901698682
-0.4757549682107787
-0.17917711655204482
-0.8550115387444335
-0.8742583619797633
-0.7504050222488647
-0.1106975046301325
-0.6550830033464521
-0.998459516701084
-0.9142873212045316
-0.9365559974924862
-0.0852323127797765
-0.5982400619088616
-0.03346061311391102
-0.9677749519262281
-0.23974769978514232
-0.958127227113009
-0.5069890882751955
-0.8834631770012145
-0.6149540478579917
-0.4510746540296785
0.7691936287338448
-0.15003382627980888
-0.9287301102271063
-0.7779658173336061
-0.8067099385641505
-0.9849870692547242
-0.6193880733579203
-0.9837359823325308
-0.8167310853040018
-1.0
-0.9929633722828102
-0.07947384949990799
-0.4220721939559906
-0.9132692467445502
-1.0
-0.23066896240299273
-0.15671670596643705
-0.15195670722170163
-0.7205334718545906
-0.5338431742131384
0.1274391467856133
-0.3264584652684789
-0.8968309627764965
-0.3879437358849226
-0.6282630244634498
-0.9661819446924336
-0.4510746540296785
-0.9895234756235934
-0.8759119447211332
-0.9401632642742964
0.19288727204610256
-0.48595435140117316
-0.42033439413196794
-0.9453047684423506
-0.6862998694532136
-0.9189448928221888
-0.20309318654121178
-0.4258782607848951
0.22791075206715972
-0.8948587486706878
-0.9906995709699473
-0.5235159834559706
0.2220328911399423
-0.24496014860094284
-0.8948209468253389
-0.7648939372313251
-0.6003320750470729
-0.510323858736898
-0.842069880574483
-0.5060616788123573
0.35756937333772276
-1.0
0.08388611569387883
-0.64562934231031
-0.7701543064384767
-0.5362680670652606
-0.6820139583379192
-0.8783123640068378
-1.0
-0.41968165272905
-0.7033412570227643
-0.9913684485309173
-0.7736872086980305
-0.7659409922183376
-0.5711232755586919
-0.9116252526975023
-0.945298816518585
-0.9959304121502424
-0.4877953902688422
-0.9236860845855974
-0.7389249073727677
-0.9860003039117478
0.5393756235235669
0.06153698607891944
-0.9064379417017097
-0.08769140664482222
-0.7002910365855951
-0.4612800690417348
0.060928101966271964
-0.7725512044316224
-0.7582208774996272
-0.1794430067228775
-0.8864458299752186
-0.9937131542686288
-0.5391448049949142
-0.7710948732109624
-0.8183438831927409
-0.5704357071145407
-0.15626946262192987
-0.877548608208611
-0.9149288503770996
-0.16733745713516313
-0.17798335040962066
-0.8641130057612878
-0.950554973954232
-0.9476318870075371
-0.2599931187918705
-0.46279863583048797
-0.6800946466079065
-0.9982246925030382
-0.1167602220612991
-0.6621841766046686
-0.9723142667266261
-0.8694799230453454
-0.9722020935137835
-0.9470109010335426
-0.3135452997105054
-0.947676379206377
-0.3901559635167605
-0.9845712459825756
-0.9373892366565864
-0.9847633859934156
-0.4719885689028681
-0.32478541415842144
-0.3291825677336172
-0.9001917666273312
-0.5988553233681224
-0.9549971001095059
-0.9571065794132526
-0.8828257754714609
-0.9929657920361692
-0.8025943262641067
-0.9801404091611275
-0.9998492064800928
-0.9470109010335426
-0.7932051807496534
-0.2628053327545241
-0.726314322911259
-0.9995822404014815
-0.5699718070480044
-0.9953619143527852
-0.6757659566580245
-0.8681195089471232
-0.8193147664193977
-0.8216306160309264
-0.852701994452824
-0.817203509731151
-0.9751675664272728
-0.9895234756235934
-0.16136507753050477
-0.15700257024251318
-0.6989233654486722
-0.9067299685022233
-0.6282630244634498
-0.6371505146028109
-0.8384844621987607
0.8235106177849287
-0.8859981001789923
-0.1783957995329316
-0.9973796570669462
-0.9753957858103334
-0.4391637419709954
-0.9996380955522226
-0.4791227108713294
-0.21166751410124685
-0.6362694384219689
-0.5732614007505583
-0.906510801283139
-0.20027165058952134
-0.6378955023430913
-1.0
-0.4710900161483672
-0.8724094625902548
-0.7609023725928149
-0.55857392553078
-0.5139677952083002
-0.8385596654780043
-0.928296096723159
-0.8223699278355479
-0.9840459706165756
-0.9177272692963951
-0.7507283121094095
-0.781026828291625
-0.9542997176017578
-0.034817179284417965
-0.6946216709650487
-0.6320591593867024
-0.9096254543419493
-0.4129837231763377
-0.8826917757376149
-0.9230630580750493
-0.5669543339158845
-0.9707871762370578
-0.9693291276980811
-0.6557720960546001
-0.6069112645213885
-0.6349058187172825
-0.9944058422202375
-0.17917711655204482
-0.8926716073438873
-0.8828257754714609
-0.4630815213597843
-0.3702374054606443
-1.0
-0.9365559974924862
-0.8205178030664502
0.10456043305029161
-0.9849870692547242
-0.7046898372644139
-0.10743594863255679
-0.9959304121502424
0.46642331922596325
-0.8696519981125598
-0.5557481362912933
-0.7782522420783492
-0.7634019568419642
-0.5197041345693687
-0.2900292881313645
-0.5866403595008565
-0.34675158379109994
-0.5699718070480044
-0.017234104552217855
-0.1114630283143343
-0.8677329136042486
-0.25456875440714744
-0.7831364882934604
-0.5755925786939798
-0.8783123640068378
-0.8223098918784317
-0.7397603621918278
-0.4606227143898505
-0.8053516599784041
-0.8592622979787702
-0.5954011176902698
-0.36438858923371564
-0.9832820616256125
-0.9132692467445502
-0.8631292819764087
-0.8567329179500308
-1.0
0.04548305031463484
-0.8287760104026749
-0.4611461495441298
-0.8750000665923415
-0.8859981001789923
-0.8442421086339807
-0.83916655382999
-0.6444812915865945
-0.5274621674440054
-0.3149923139569687
-0.6272258532805344
DEGREE_RANK
-0.07801418439716312
0.6666666666666667
0.5673758865248226
-0.6453900709219857
0.049645390070921946
0.22695035460992918
0.05673758865248213
-0.2836879432624113
-0.07092198581560294
0.8794326241134751
-0.06382978723404253
0.8865248226950355
-0.27659574468085113
-0.4326241134751774
-0.4255319148936171
-0.6382978723404256
0.574468085106383
0.5815602836879432
0.8936170212765957
0.6737588652482269
-0.26950354609929084
-0.26241134751773043
0.42553191489361697
0.06382978723404253
-0.05673758865248235
-0.4184397163120568
0.4326241134751774
0.6808510638297871
0.43971631205673756
-0.9574468085106383
0.23404255319148914
-0.4113475177304965
0.24113475177304955
-0.4042553191489362
0.5886524822695036
-0.3971631205673759
0.44680851063829796
-0.7163120567375887
-0.04964539007092206
-0.25531914893617025
0.5957446808510638
0.8439716312056738
0.07092198581560294
0.9007092198581559
-0.24822695035460995
0.24822695035460995
0.7872340425531916
-0.5390070921985816
-0.801418439716312
-0.6312056737588652
-0.24113475177304966
-0.9929078014184397
-0.7092198581560283
-0.3900709219858156
0.0780141843971629
0.0851063829787233
-0.950354609929078
0.6028368794326242
0.25531914893617036
-0.23404255319148937
-0.22695035460992918
0.45390070921985815
-0.21985815602836878
0.9078014184397163
0.09219858156028371
0.9148936170212767
-0.38297872340425543
-0.9432624113475178
0.8510638297872342
-0.375886524822695
0.46099290780141833
-0.7943262411347518
0.7943262411347518
0.9219858156028369
1.0
-0.2127659574468086
0.9290780141843971
-0.042553191489361764
-0.2056737588652482
0.6879432624113475
0.26241134751773054
-0.198581560283688
-0.624113475177305
0.46808510638297873
-0.7021276595744681
0.09929078014184411
-0.9858156028368794
-0.19148936170212771
0.9361702127659575
0.2695035460992907
0.801418439716312
-0.36879432624113484
0.6950354609929079
-0.8936170212765957
-0.6950354609929078
0.27659574468085113
0.2836879432624113
-0.5319148936170213
0.47517730496453914
-0.7872340425531915
-0.8865248226950355
0.7021276595744679
0.2907801418439717
-0.5248226950354611
0.10638297872340408
0.6099290780141844
0.2978723404255319
0.11347517730496448
-0.6170212765957447
-0.7801418439716312
-0.5177304964539007
-0.03546099290780147
-0.7730496453900709
-0.8794326241134752
0.3049645390070921
-0.028368794326241065
-0.8723404255319149
0.3120567375886525
-0.6879432624113475
0.4822695035460993
0.12056737588652489
0.4893617021276595
0.4964539007092199
0.12765957446808507
0.3191489361702129
-0.6808510638297872
0.5035460992907801
0.32624113475177285
0.33333333333333326
-0.6099290780141844
-0.8652482269503546
0.13475177304964547
-0.7659574468085106
0.9574468085106382
0.9645390070921986
0.34042553191489366
-0.36170212765957444
-0.5106382978723404
0.14184397163120566
-0.5035460992907801
0.8581560283687943
-0.9361702127659575
-0.1843971631205673
-0.8581560283687943
-0.851063829787234
0.7092198581560283
-0.6028368794326241
-0.17730496453900713
-0.35460992907801425
-0.021276595744680882
0.7163120567375887
-0.5957446808510638
-0.014184397163120588
-0.9787234042553191
0.8652482269503545
-0.007092198581560294
0.9716312056737588
0.14893617021276584
0.6170212765957446
0.0
-0.6737588652482269
0.5106382978723405
-0.8439716312056738
-0.9290780141843972
-0.4964539007092199
-0.5886524822695035
-0.17021276595744683
0.15602836879432624
-0.16312056737588654
0.9432624113475179
-0.7588652482269503
0.9787234042553192
-0.4893617021276596
-0.15602836879432624
-0.8368794326241135
-0.14893617021276606
0.5177304964539007
0.7234042553191489
-0.4822695035460993
-0.34751773049645396
-0.34042553191489366
0.624113475177305
-0.475177304964539
0.16312056737588665
-0.5815602836879432
-0.33333333333333337
-0.14184397163120566
0.34751773049645385
0.35460992907801425
0.1702127659574466
0.7304964539007093
-0.574468085106383
-0.75177304964539
-0.3262411347517731
-0.9219858156028369
0.7375886524822695
-0.5673758865248226
-0.46808510638297873
0.007092198581560405
0.014184397163120366
0.8085106382978724
-0.46099290780141855
-0.8297872340425532
0.8156028368794326
0.36170212765957444
-0.7446808510638298
0.3687943262411346
-0.9148936170212766
0.6312056737588654
-0.13475177304964547
0.375886524822695
-0.9078014184397163
-0.6666666666666666
-0.12765957446808518
0.38297872340425543
-0.8226950354609929
0.02127659574468077
0.5248226950354609
0.6382978723404256
0.3900709219858154
0.6453900709219857
-0.6595744680851063
-0.8156028368794326
0.9858156028368794
-0.5602836879432624
-0.12056737588652489
0.7446808510638296
0.75177304964539
-0.3191489361702128
-0.8085106382978724
0.17730496453900702
-0.7375886524822695
0.5319148936170213
0.7588652482269505
-0.900709219858156
-1.0
-0.3120567375886525
-0.45390070921985815
0.950354609929078
-0.44680851063829796
0.3971631205673758
0.028368794326241176
-0.7304964539007093
-0.11347517730496459
0.03546099290780136
-0.10638297872340419
0.18439716312056742
0.822695035460993
0.7659574468085106
0.042553191489361764
0.5390070921985817
0.1914893617021276
0.9929078014184396
0.7730496453900708
0.4042553191489362
-0.3049645390070923
-0.2978723404255319
0.198581560283688
0.5460992907801416
-0.7234042553191489
0.6524822695035462
0.8297872340425532
-0.099290780141844
-0.6524822695035462
0.553191489361702
-0.09219858156028371
0.7801418439716312
-0.553191489361702
0.2056737588652482
0.5602836879432624
-0.9716312056737588
-0.9645390070921985
0.8723404255319149
-0.5460992907801419
-0.2907801418439717
0.8368794326241134
0.21276595744680837
-0.08510638297872342
0.21985815602836878
-0.43971631205673756
0.4113475177304964
0.6595744680851063
0.4184397163120568
EIGENVECTOR_RANK
0.3687943262411346
0.6453900709219857
0.7659574468085106
-0.8368794326241135
0.0851063829787233
0.14893617021276584
-0.7730496453900709
-0.5319148936170213
0.13475177304964547
0.9432624113475179
0.12056737588652489
0.7872340425531916
0.17730496453900702
0.2056737588652482
-0.8865248226950355
-0.9290780141843972
0.553191489361702
-0.06382978723404253
0.9787234042553192
0.9219858156028369
0.5035460992907801
-0.3120567375886525
0.8652482269503545
0.4184397163120568
-0.2056737588652482
0.09219858156028371
-0.13475177304964547
0.6382978723404256
-0.16312056737588654
-0.6595744680851063
-0.8226950354609929
0.014184397163120366
0.5390070921985817
0.4042553191489362
0.24822695035460995
-0.17730496453900713
0.6312056737588654
-0.021276595744680882
-0.6879432624113475
-0.21985815602836878
0.5177304964539007
0.7446808510638296
-0.042553191489361764
0.9007092198581559
-0.007092198581560294
-0.7092198581560283
0.5319148936170213
-0.36170212765957444
-0.12765957446808518
-0.8581560283687943
-0.6170212765957447
-0.4964539007092199
-0.36879432624113484
-0.10638297872340419
0.574468085106383
-0.14893617021276606
-0.43971631205673756
0.8439716312056738
0.7588652482269505
-0.5886524822695035
-0.6099290780141844
0.46099290780141833
-0.09219858156028371
0.9290780141843971
0.2836879432624113
0.7163120567375887
0.2978723404255319
-0.25531914893617025
0.7375886524822695
-0.38297872340425543
0.8581560283687943
-0.9078014184397163
0.5673758865248226
0.9574468085106382
0.8156028368794326
-0.26241134751773043
0.6524822695035462
0.624113475177305
0.23404255319148914
0.6595744680851063
0.47517730496453914
0.05673758865248213
-0.2127659574468086
-0.08510638297872342
-0.3900709219858156
0.5602836879432624
-0.6524822695035462
-0.33333333333333337
0.9858156028368794
0.375886524822695
0.6666666666666667
-0.6666666666666666
0.7730496453900708
-0.9858156028368794
-0.4113475177304965
0.7021276595744679
0.38297872340425543
-0.5390070921985816
0.33333333333333326
-0.6737588652482269
-0.27659574468085113
-0.7163120567375887
0.32624113475177285
-0.9148936170212766
-0.6028368794326241
0.6879432624113475
0.21276595744680837
0.5957446808510638
-0.9361702127659575
-0.24113475177304966
0.11347517730496448
-0.7943262411347518
-0.5957446808510638
-0.801418439716312
0.42553191489361697
0.34751773049645385
-0.5815602836879432
-0.26950354609929084
-0.23404255319148937
0.042553191489361764
0.6028368794326242
0.8794326241134751
-0.7021276595744681
0.75177304964539
-0.8723404255319149
-0.9574468085106383
0.5248226950354609
0.5815602836879432
-0.8085106382978724
-0.03546099290780147
-0.7446808510638298
0.22695035460992918
-0.3262411347517731
0.7943262411347518
0.7801418439716312
-0.7588652482269503
-0.4255319148936171
-0.11347517730496459
0.028368794326241176
-0.3971631205673759
0.950354609929078
-0.6382978723404256
0.198581560283688
-0.5177304964539007
-0.5035460992907801
0.6808510638297871
-0.5106382978723404
0.26241134751773054
0.18439716312056742
-0.2836879432624113
0.8297872340425532
-0.8297872340425532
-0.75177304964539
-0.4042553191489362
0.9361702127659575
-0.34042553191489366
0.7234042553191489
0.34042553191489366
0.24113475177304955
0.3191489361702129
-0.2978723404255319
-0.8439716312056738
-0.574468085106383
-0.9716312056737588
-0.3049645390070923
-0.5248226950354611
0.2695035460992907
-0.14184397163120566
0.007092198581560405
0.9716312056737588
-0.9645390070921985
0.9929078014184396
-0.45390070921985815
-0.475177304964539
-0.22695035460992918
-0.34751773049645396
-0.05673758865248235
0.7092198581560283
-0.7234042553191489
-0.4184397163120568
-0.375886524822695
0.4893617021276595
0.25531914893617036
0.15602836879432624
0.09929078014184411
0.2907801418439717
-0.553191489361702
0.14184397163120566
0.21985815602836878
0.4326241134751774
-0.7375886524822695
-0.46099290780141855
-0.099290780141844
0.0
-0.950354609929078
0.5106382978723405
0.27659574468085113
-0.44680851063829796
0.12765957446808507
-0.8936170212765957
0.9078014184397163
-0.19148936170212771
-0.9787234042553191
0.7304964539007093
0.16312056737588665
-0.7801418439716312
0.1914893617021276
-0.6453900709219857
-0.07092198581560294
-0.198581560283688
-0.8652482269503546
-0.9432624113475178
-0.014184397163120588
0.5886524822695036
0.5460992907801416
-0.8794326241134752
0.06382978723404253
0.8510638297872342
0.46808510638297873
-0.028368794326241065
0.8936170212765957
-0.900709219858156
-0.4326241134751774
0.801418439716312
-0.46808510638297873
-0.3191489361702128
0.44680851063829796
0.822695035460993
-0.04964539007092206
-0.5673758865248226
0.4113475177304964
-0.9219858156028369
-0.851063829787234
0.9148936170212767
-0.6950354609929078
-1.0
0.02127659574468077
-0.5602836879432624
0.9645390070921986
-0.35460992907801425
0.4964539007092199
0.3900709219858154
-0.24822695035460995
0.3049645390070921
0.0780141843971629
-0.5460992907801419
0.6737588652482269
0.6170212765957446
0.3971631205673758
0.35460992907801425
-0.7659574468085106
0.3120567375886525
1.0
0.8368794326241134
0.6099290780141844
-0.2907801418439717
0.10638297872340408
0.1702127659574466
0.049645390070921946
-0.6808510638297872
-0.07801418439716312
0.8865248226950355
0.36170212765957444
-0.624113475177305
-0.7872340425531915
-0.6312056737588652
0.8723404255319149
-0.4822695035460993
-0.15602836879432624
0.4822695035460993
-0.9929078014184397
-0.4893617021276596
0.45390070921985815
-0.8156028368794326
-0.1843971631205673
0.6950354609929079
0.43971631205673756
0.03546099290780136
-0.17021276595744683
-0.12056737588652489
0.07092198581560294
0.8085106382978724
-0.7304964539007093
CENT_RANK
1.0
-0.3900709219858156
0.9645390070921986
-0.801418439716312
-0.11347517730496459
0.9007092198581559
-0.46808510638297873
0.7092198581560283
0.42553191489361697
0.9078014184397163
0.2695035460992907
0.553191489361702
0.9787234042553192
-0.6879432624113475
0.07092198581560294
-0.624113475177305
0.3120567375886525
-0.21985815602836878
0.574468085106383
0.10638297872340408
-0.4255319148936171
-0.5673758865248226
0.43971631205673756
0.7234042553191489
-0.25531914893617025
-0.3262411347517731
0.0
0.8156028368794326
0.12765957446808507
-0.9290780141843972
-0.5248226950354611
-0.5957446808510638
0.8368794326241134
0.24113475177304955
0.8581560283687943
-0.7163120567375887
0.6737588652482269
-0.7021276595744681
0.3971631205673758
-0.3971631205673759
0.21276595744680837
0.4964539007092199
0.9858156028368794
0.7943262411347518
-0.5815602836879432
-0.07801418439716312
-0.13475177304964547
-0.8226950354609929
0.2056737588652482
-0.7801418439716312
-0.14184397163120566
-1.0
-0.8652482269503546
0.8439716312056738
0.5248226950354609
-0.5177304964539007
-0.9929078014184397
0.6808510638297871
0.7730496453900708
0.7872340425531916
0.028368794326241176
0.35460992907801425
0.9219858156028369
0.6099290780141844
-0.45390070921985815
0.5673758865248226
0.18439716312056742
-0.7092198581560283
0.5035460992907801
-0.8439716312056738
-0.34042553191489366
-0.6099290780141844
0.9290780141843971
0.4184397163120568
0.5319148936170213
-0.6312056737588652
0.0780141843971629
-0.5460992907801419
0.6950354609929079
0.5177304964539007
0.9432624113475179
-0.44680851063829796
-0.851063829787234
0.3687943262411346
0.9361702127659575
0.6666666666666667
-0.43971631205673756
-0.03546099290780147
0.22695035460992918
0.3900709219858154
-0.23404255319148937
0.4042553191489362
0.950354609929078
-0.9858156028368794
0.8936170212765957
0.13475177304964547
-0.04964539007092206
0.34751773049645385
0.0851063829787233
-0.36170212765957444
-0.9787234042553191
0.5390070921985817
0.042553191489361764
-0.8581560283687943
-0.07092198581560294
-0.042553191489361764
0.2836879432624113
-0.5035460992907801
-0.6170212765957447
-0.9078014184397163
0.4113475177304964
-0.5602836879432624
0.014184397163120366
-0.8297872340425532
0.9716312056737588
0.8865248226950355
-0.475177304964539
0.8297872340425532
0.049645390070921946
0.47517730496453914
0.8794326241134751
-0.06382978723404253
-0.014184397163120588
0.7163120567375887
-0.4184397163120568
-0.8794326241134752
0.34042553191489366
-0.05673758865248235
-0.15602836879432624
0.2907801418439717
0.7801418439716312
-0.34751773049645396
-0.5319148936170213
0.75177304964539
0.7446808510638296
-0.2836879432624113
-0.6666666666666666
-0.6524822695035462
0.6524822695035462
0.46808510638297873
0.09219858156028371
-0.9219858156028369
0.801418439716312
0.11347517730496448
-0.7446808510638298
-0.3049645390070923
-0.7375886524822695
-0.6453900709219857
0.6312056737588654
-0.6595744680851063
0.5602836879432624
-0.7943262411347518
-0.6028368794326241
-0.8085106382978724
0.44680851063829796
0.6170212765957446
0.6028368794326242
-0.46099290780141855
0.23404255319148914
-0.6808510638297872
-0.6950354609929078
-0.38297872340425543
-0.8723404255319149
-0.12056737588652489
-0.7659574468085106
-0.950354609929078
-0.6382978723404256
-0.10638297872340419
0.6453900709219857
0.02127659574468077
-0.9361702127659575
0.2978723404255319
-0.8936170212765957
0.09929078014184411
-0.2978723404255319
-0.16312056737588654
-0.17730496453900713
-0.24822695035460995
-0.14893617021276606
-0.75177304964539
-0.8368794326241135
0.7588652482269505
0.7659574468085106
0.05673758865248213
-0.4893617021276596
0.1914893617021276
0.15602836879432624
-0.2056737588652482
0.9929078014184396
-0.4113475177304965
0.7375886524822695
-0.9148936170212766
-0.7588652482269503
0.5106382978723405
-0.9432624113475178
0.4326241134751774
0.6879432624113475
0.16312056737588665
0.27659574468085113
-0.4822695035460993
0.7021276595744679
0.14893617021276584
-0.9716312056737588
0.45390070921985815
-0.3191489361702128
-0.021276595744680882
0.32624113475177285
0.38297872340425543
-0.2127659574468086
-0.574468085106383
-0.19148936170212771
-0.7872340425531915
-0.5390070921985816
-0.007092198581560294
-0.09219858156028371
-0.6737588652482269
0.8510638297872342
0.06382978723404253
0.17730496453900702
-0.4964539007092199
0.5460992907801416
-0.36879432624113484
-0.553191489361702
0.3191489361702129
-0.7304964539007093
-0.7234042553191489
0.12056737588652489
0.21985815602836878
0.1702127659574466
-0.8865248226950355
0.7304964539007093
-0.4326241134751774
-0.375886524822695
0.46099290780141833
0.5815602836879432
-0.9645390070921985
-0.5886524822695035
-0.17021276595744683
0.9148936170212767
-0.8156028368794326
0.03546099290780136
0.822695035460993
-0.900709219858156
0.9574468085106382
-0.3120567375886525
0.33333333333333326
-0.08510638297872342
-0.028368794326241065
0.375886524822695
0.6382978723404256
0.25531914893617036
0.5957446808510638
0.3049645390070921
0.8652482269503545
0.8085106382978724
-0.2907801418439717
0.6595744680851063
-0.099290780141844
0.26241134751773054
-0.35460992907801425
-0.1843971631205673
0.007092198581560405
0.4893617021276595
-0.12765957446808518
-0.26950354609929084
0.24822695035460995
0.5886524822695036
-0.7730496453900709
-0.5106382978723404
-0.27659574468085113
-0.26241134751773043
-0.9574468085106383
0.8723404255319149
-0.198581560283688
0.4822695035460993
-0.33333333333333337
-0.4042553191489362
-0.24113475177304966
-0.22695035460992918
0.14184397163120566
0.36170212765957444
0.624113475177305
0.198581560283688
RANK
51
56
93
100
202
235
271
165
194
170
29
141
191
109
242
172
229
125
162
52
103
82
69
180
113
47
239
153
3
151
211
49
267
164
192
179
144
146
224
225
35
67
37
160
13
159
215
136
149
137
147
166
75
15
108
71
152
31
236
44
209
21
111
222
77
212
132
30
55
268
107
219
184
199
116
6
157
64
81
86
231
20
124
189
276
39
1
161
232
221
99
259
131
70
275
25
204
244
145
174
255
135
269
264
270
24
177
277
90
278
17
208
187
273
210
260
176
237
175
128
178
50
46
263
163
4
167
257
214
246
45
104
121
127
96
105
87
247
205
122
213
26
261
112
169
60
240
102
118
183
217
14
76
98
140
173
19
143
226
28
95
279
201
186
197
228
218
66
185
282
48
40
227
88
158
33
265
250
258
10
198
106
129
171
252
16
223
206
245
126
97
61
280
83
248
207
89
38
91
110
73
8
195
22
154
203
233
139
119
274
262
41
68
193
79
54
74
101
220
11
150
65
18
234
266
251
156
63
155
281
148
249
168
138
256
85
36
57
196
78
200
7
123
23
230
190
134
133
181
182
58
130
59
43
142
254
27
241
117
32
53
216
34
253
272
120
115
94
5
9
238
62
72
84
80
92
243
2
114
12
42
188
0
