DEGREE
-0.5454545454545454
-0.4545454545454546
0.0
-0.2727272727272727
-0.09090909090909094
0.5454545454545454
-0.5454545454545454
-0.9090909090909091
0.18181818181818188
0.2727272727272727
-0.5454545454545454
0.0
-0.5454545454545454
-0.36363636363636365
-0.4545454545454546
-0.4545454545454546
0.36363636363636354
0.09090909090909083
-0.18181818181818177
0.18181818181818188
-0.6363636363636364
-0.2727272727272727
-0.18181818181818177
-0.36363636363636365
-0.5454545454545454
0.0
-0.7272727272727273
-0.09090909090909094
-0.4545454545454546
-0.4545454545454546
-0.18181818181818177
0.18181818181818188
0.4545454545454546
-0.8181818181818181
-0.18181818181818177
-0.2727272727272727
0.09090909090909083
-0.09090909090909094
-0.5454545454545454
-0.2727272727272727
-0.4545454545454546
-0.6363636363636364
-0.36363636363636365
-0.9090909090909091
-0.36363636363636365
0.09090909090909083
0.4545454545454546
0.7272727272727273
-0.36363636363636365
-0.2727272727272727
-0.09090909090909094
-0.5454545454545454
0.2727272727272727
0.09090909090909083
0.09090909090909083
0.09090909090909083
-0.2727272727272727
0.2727272727272727
0.4545454545454546
0.09090909090909083
-0.2727272727272727
-0.09090909090909094
-0.4545454545454546
0.2727272727272727
0.09090909090909083
-0.09090909090909094
-0.36363636363636365
-0.2727272727272727
-0.09090909090909094
0.4545454545454546
-0.36363636363636365
0.18181818181818188
-0.2727272727272727
-0.7272727272727273
0.2727272727272727
-0.6363636363636364
0.36363636363636354
0.09090909090909083
-0.2727272727272727
0.0
0.0
-0.36363636363636365
0.0
-0.8181818181818181
0.0
-0.4545454545454546
-0.4545454545454546
-0.4545454545454546
-0.2727272727272727
-0.4545454545454546
-0.2727272727272727
0.6363636363636365
0.4545454545454546
-0.5454545454545454
0.0
-0.36363636363636365
-0.36363636363636365
0.2727272727272727
0.18181818181818188
-1.0
0.09090909090909083
-0.09090909090909094
-0.18181818181818177
0.4545454545454546
-0.4545454545454546
-0.4545454545454546
-0.2727272727272727
-0.7272727272727273
-0.4545454545454546
-0.18181818181818177
-0.8181818181818181
-0.09090909090909094
-0.36363636363636365
-0.18181818181818177
-0.18181818181818177
-0.4545454545454546
-0.09090909090909094
0.36363636363636354
-0.7272727272727273
0.18181818181818188
-0.6363636363636364
0.09090909090909083
-0.6363636363636364
0.18181818181818188
-0.18181818181818177
-0.09090909090909094
0.4545454545454546
-0.36363636363636365
0.0
-0.4545454545454546
-0.8181818181818181
0.5454545454545454
0.18181818181818188
0.09090909090909083
-0.2727272727272727
-0.4545454545454546
-0.5454545454545454
-0.09090909090909094
-0.4545454545454546
-0.6363636363636364
0.2727272727272727
0.0
-0.18181818181818177
-0.5454545454545454
-0.2727272727272727
-0.2727272727272727
-0.6363636363636364
-0.18181818181818177
-0.4545454545454546
0.4545454545454546
-0.4545454545454546
-0.18181818181818177
0.0
-0.5454545454545454
-0.09090909090909094
-0.8181818181818181
0.0
-0.36363636363636365
-0.09090909090909094
-0.18181818181818177
0.4545454545454546
-0.5454545454545454
-0.8181818181818181
-0.9090909090909091
-0.18181818181818177
-0.5454545454545454
-0.7272727272727273
-0.18181818181818177
-0.5454545454545454
-0.6363636363636364
0.5454545454545454
0.09090909090909083
-0.18181818181818177
0.7272727272727273
-0.4545454545454546
0.18181818181818188
-0.2727272727272727
-0.4545454545454546
-0.36363636363636365
-0.09090909090909094
-0.2727272727272727
0.0
0.6363636363636365
-0.2727272727272727
-0.5454545454545454
0.09090909090909083
-0.4545454545454546
-0.4545454545454546
-0.18181818181818177
0.2727272727272727
0.4545454545454546
-0.09090909090909094
-0.2727272727272727
-0.5454545454545454
-0.4545454545454546
0.18181818181818188
-0.2727272727272727
-0.18181818181818177
-0.4545454545454546
-0.09090909090909094
-0.2727272727272727
-0.09090909090909094
-0.09090909090909094
0.5454545454545454
0.09090909090909083
-0.6363636363636364
-0.8181818181818181
0.18181818181818188
0.09090909090909083
-0.18181818181818177
-0.2727272727272727
0.36363636363636354
-0.18181818181818177
-0.4545454545454546
-0.09090909090909094
-0.5454545454545454
-0.6363636363636364
-0.9090909090909091
-0.18181818181818177
-0.18181818181818177
0.2727272727272727
-0.2727272727272727
-0.09090909090909094
-0.7272727272727273
0.0
-0.2727272727272727
-0.2727272727272727
-0.09090909090909094
-0.09090909090909094
0.09090909090909083
-0.18181818181818177
-0.2727272727272727
-0.09090909090909094
-0.2727272727272727
0.4545454545454546
0.5454545454545454
-0.18181818181818177
-0.5454545454545454
0.6363636363636365
-0.18181818181818177
0.0
0.2727272727272727
0.0
-0.36363636363636365
-0.6363636363636364
-0.2727272727272727
-0.2727272727272727
-1.0
-0.18181818181818177
-0.09090909090909094
-0.8181818181818181
-0.6363636363636364
-0.7272727272727273
0.4545454545454546
0.18181818181818188
-0.36363636363636365
0.6363636363636365
-0.18181818181818177
-0.5454545454545454
-0.36363636363636365
0.2727272727272727
0.09090909090909083
-0.7272727272727273
0.2727272727272727
-0.18181818181818177
-0.2727272727272727
-0.36363636363636365
-0.4545454545454546
-0.18181818181818177
-0.5454545454545454
0.2727272727272727
0.18181818181818188
-0.2727272727272727
-0.4545454545454546
0.2727272727272727
0.2727272727272727
0.18181818181818188
-0.36363636363636365
-0.18181818181818177
0.7272727272727273
0.36363636363636354
-0.36363636363636365
-0.18181818181818177
-0.36363636363636365
-1.0
-0.36363636363636365
-0.2727272727272727
0.5454545454545454
-0.36363636363636365
0.5454545454545454
0.36363636363636354
0.18181818181818188
-0.4545454545454546
-0.6363636363636364
0.0
0.18181818181818188
-0.18181818181818177
-0.5454545454545454
-0.8181818181818181
-0.18181818181818177
-0.18181818181818177
0.5454545454545454
-0.36363636363636365
-0.18181818181818177
-0.18181818181818177
-0.36363636363636365
-0.4545454545454546
-0.36363636363636365
-0.18181818181818177
0.18181818181818188
-0.2727272727272727
0.18181818181818188
0.4545454545454546
0.18181818181818188
0.09090909090909083
-0.09090909090909094
0.0
-0.9090909090909091
-0.2727272727272727
1.0
0.18181818181818188
-0.36363636363636365
0.7272727272727273
-0.09090909090909094
-0.5454545454545454
-0.18181818181818177
0.2727272727272727
-0.36363636363636365
0.4545454545454546
-0.09090909090909094
0.09090909090909083
-0.7272727272727273
-0.2727272727272727
-0.09090909090909094
0.4545454545454546
0.0
-0.09090909090909094
-0.2727272727272727
-0.9090909090909091
-0.6363636363636364
0.18181818181818188
0.0
0.0
-0.4545454545454546
0.6363636363636365
-0.2727272727272727
-0.4545454545454546
0.36363636363636354
-0.4545454545454546
-0.7272727272727273
-0.18181818181818177
-0.2727272727272727
-0.9090909090909091
-0.5454545454545454
-0.4545454545454546
-0.5454545454545454
-0.09090909090909094
-0.8181818181818181
0.36363636363636354
0.2727272727272727
-0.7272727272727273
-0.09090909090909094
-0.2727272727272727
0.09090909090909083
-0.5454545454545454
-0.4545454545454546
-0.5454545454545454
0.4545454545454546
-0.2727272727272727
-0.09090909090909094
-0.2727272727272727
-0.4545454545454546
-0.2727272727272727
-0.2727272727272727
0.4545454545454546
-0.36363636363636365
0.09090909090909083
-0.18181818181818177
-0.2727272727272727
-0.18181818181818177
-0.2727272727272727
0.36363636363636354
-0.4545454545454546
-0.09090909090909094
-0.5454545454545454
0.0
0.4545454545454546
-0.8181818181818181
0.18181818181818188
-0.36363636363636365
-0.18181818181818177
-0.4545454545454546
EIGENVECTOR
-0.999877475880972
-0.998879422620725
-0.9994222618933859
-0.9304487889051611
-0.999998228230834
0.7398935448916495
-0.9020668710445785
-0.99572492102794
-0.8348922157690079
-0.30867262464668765
-0.982481038370897
-0.9791365844452246
-0.9999932911750806
-0.9978663868631409
-0.9998990863958415
-0.9999375377054776
0.023799744757676544
-0.6337380770199197
-0.9409299739427157
-0.9697530051781302
-0.9928038899604082
-0.9996421352876766
-0.9466328041402223
-0.9983415687103777
-0.9964337518993834
-0.7982126813980813
-0.9999598252192765
-0.9994331485676394
-0.9996176154736
-0.9999281917036018
-0.999796331723327
-0.9760416361651428
-0.9616011645984526
-0.9693056397435228
-0.9999971455192829
-0.998211426548861
-0.836543419884892
-0.9999970440416146
-0.9794782828294972
-0.999997632600346
-0.9699707959246316
-0.999889527944376
-0.9674140501054043
-0.9998144991034197
-0.9985777313371099
-0.9998355928011907
0.15769894596844214
0.6705968393483994
-0.9999908715102985
-0.9991995356419767
-0.9471846135935461
-0.9996907048037991
-0.9794142814979596
-0.8542621410409341
-0.9797406586173087
-0.8689375054029715
-0.9955905157704332
-0.9992391350300152
-0.9563768098864129
-0.9793643681440157
-0.9995584203825079
-0.9985317954540833
-0.9871777699654013
-0.9291646543679153
-0.998059943753813
-0.9044443613754392
-0.9999371228072609
-0.8647646753714293
-0.9975539861299796
0.43805196573705785
-0.9999711510642579
-0.9765009544413725
-0.6808542306927858
-0.9999026628400669
-0.777846922492984
-0.9533854296211169
-0.8857758194116829
-0.2018417474909293
-0.9991826605188431
-0.9991799246497695
-0.6266165070970591
-0.9999270810269286
-0.9999771168871625
-0.9915049146435825
-0.9799680766182978
-0.9977544707898582
-0.9998905345157075
-0.9999967430540111
-0.9996421352876768
-0.9999975407736836
-0.7744041256460925
0.1379320780279294
0.34095346933923
-0.9999787227809904
-0.9993749037112091
-0.9999974392960153
-0.956788603288348
-0.2023013720308262
-0.8848422005190671
-0.9999283936890127
-0.04952108948764966
-0.6454596001068759
-0.9856091592102321
-0.9699504319206947
-0.999351695516802
-0.9597194978538858
-0.9995401794992331
-0.9999540585604717
-0.9999246691848651
-0.998602411982405
-0.9999912878913905
-0.9782382928776397
-0.9996797576462138
-0.9963101250282571
-0.9987015691385468
-0.9886662684393674
-0.9994331485676395
-0.9266134921893467
-0.9991001885434473
-0.9997041389372551
-0.9998894894888067
-0.326824742754232
-0.9950043855428592
-0.501942459335077
-0.9947865289267117
-0.9991987026399449
0.03579774770907984
-0.959768175607177
-0.6551946734706926
-0.8756843035415706
-0.9915049146435824
0.2310254407983665
-0.9975423875018024
-0.9345967414114684
-0.9475127904419984
-0.9999976863962944
-0.9999984848849125
-0.933179089083197
-0.9997047599918555
-0.9950043855428592
0.06442522607119905
-0.9980237485594288
-0.952562058461649
-0.9995088352591525
-0.999997616522351
-0.9999918739369305
-0.8619389696872739
-0.7914821669764471
-0.9685236916886644
-0.9992156034190807
-0.9798753026156842
-0.9998235150272476
-0.9989314165049692
-0.9998040476788168
-0.9564932542171913
-0.9977029981296032
-0.9990358168343675
-0.9999963661704598
-0.9947174190928019
-0.9994722069934459
-0.9705292090597465
-0.9366342789278649
-0.9999925026401014
-0.9999872934845461
-0.9947075029012558
-0.9999984848849125
-0.9935622243917032
-0.9993444226520557
-0.9929267564025073
-0.9999373977249628
0.4449813123766515
-0.04186661065247854
-0.9983592821746973
0.7983334188750086
-0.9999030801935084
-0.045405291823768734
-0.9479532721818867
-0.9939875664274743
-0.7247653381515935
-0.9829970420723976
-0.7476836853157394
-0.5481232184013676
0.5097737061969443
-0.9853430343255811
-0.9959121650859059
-0.3110416754643277
-0.9998452123526219
-0.9996895346955174
-0.9999960897522834
-0.9573066892452752
-0.9624612910299377
-0.9990303172448185
-0.9113812144885755
-0.9998410439777299
-0.9999978651681711
-0.07410467773281171
-0.9999991243879869
-0.9466328041402223
-0.9999962933451559
-0.999909243821851
-0.9863027599963266
-0.9877637389944094
-0.9996557784334831
0.6407289612936391
-0.9993469474490431
-0.9988186608214557
-0.9877121868631656
-0.9676757343406398
-0.999504278716055
-0.9352552509701385
-0.8748423134663867
-0.8762251802303119
-0.9990604480314118
-0.9919185863024899
-0.43440755289648525
-0.9506512771622486
-0.9999870098188272
-0.9999872934845461
-0.9990859357768779
-0.9991739089064328
-0.9429857504842398
-0.6596362847860265
-0.7002475034953793
-0.9999721922068111
-0.9988518864105935
-0.480943226196361
-0.9991532075017936
-0.7252877536644426
-0.9994518506105239
-0.9345967414114686
-0.9989636606850638
-0.5674560137578184
-0.9998788879699996
-0.9995411054332429
0.11604875925371516
0.6978802356198945
-0.9997485482707695
-0.999760151223839
0.5652257321387453
-0.9998556155024799
-0.30135334545024806
-0.8335728568700181
-0.9974111813518217
-0.6108194625061406
-0.9896649727081255
-0.9992186409095234
-0.7250301234717218
-0.9991337976626374
-0.9993135336886884
-0.2573397344854127
-0.9998927230076188
-0.9912328194166028
-0.9999608124353624
-0.9699504319206947
-0.1581811093181602
-0.9999908715102986
0.6518869090030626
-0.9180561983067922
-0.9508790309597025
-0.8938817681990863
-0.035289003105122174
-0.8265431191618106
-0.9965455823767794
-0.9794142814979596
-0.9999169775851572
-0.9885398371947456
-0.9995624816385233
-0.9985567291396721
-0.9999169775851571
-0.9589604507229449
-0.9986732389572511
-0.9611681550666836
-0.8679428587115483
-0.9998905345157075
-0.27012001895228444
-0.9992666219011573
-0.9458061998782622
-0.9944294802259818
-0.9999971294412877
0.6021047614543396
-0.14209727947495765
-0.9055177205983693
-0.9981621342950451
-0.9540602955805549
-0.9999932257152264
-0.9630301774976888
-0.9983212713160801
0.587673355921817
-0.9938843327956434
0.05408863023900934
0.07991688201217362
-0.9395346230420387
-0.9907999513022967
-0.9997968816218353
-0.9003741418993012
-0.9997632713409991
-0.9995056455746976
-0.9947930075275582
-0.9999893800053284
-0.9987746253023363
-0.48016103660142617
0.7089327307593856
-0.9997396279934825
-0.9995056455746976
-0.9409299739427158
-0.9997982417811893
-0.9998768561642306
-0.6930478076128173
-0.9710221065556701
-0.9989552443525533
-0.9934419467235996
-0.9992334609808087
0.1817831557262073
-0.9999963862647583
-0.13957480969529412
-0.7889079062272941
-0.4914169207787459
-0.9999740070765525
-0.9966182435356671
1.0
-0.884842200519067
-0.999638583318654
0.8160774497562784
-0.9972724124099897
-0.9999984848849124
-0.9995812826432295
-0.003030850388642592
-0.9981678896477066
0.3391702319673071
-0.9960496620297032
-0.8759724199714914
-0.9999608124353625
-0.9999972004289566
-0.9996776183668499
-0.06113331543076683
-0.9997088698899101
-0.9999986392328049
-0.9961378900200807
-0.9999807441255414
-0.9928038899604082
-0.9450606763459484
-0.9991368346638442
-0.9975573283996065
-0.999996613270739
0.7444872877607669
-0.9814417014803748
-0.9996182740088405
-0.926282390730326
-0.9877246553690504
-0.9779691568941234
-0.5653985655125588
-0.9998369429863663
-0.9964853194007306
-0.9949839432850872
-0.972719833246207
-0.9999996019541457
-0.6823806875149518
-0.9953749398075774
0.29630455762110275
-0.926583557276712
-1.0
-0.6823806875149518
-0.999997616522351
-0.99916320071043
-0.9515975385870604
-0.9998905345157076
-0.9999801485488592
0.3151925202279211
-0.9997979933189642
-0.9989535598280417
-0.9876056490328503
-0.9934026146913346
-0.9998989890471685
-0.9861721372009242
0.563190173114896
-0.9646065255275971
-0.9994019055104639
-0.9708321836891232
-0.9479532721818869
-0.9466328041402223
-0.999619383164356
-0.3884270732993753
-0.9996895346955174
-0.961898843628782
-0.9998040476788168
-0.9994087586181865
0.26044234088938745
-0.9999912878913906
-0.06932716561158037
-0.996677614917917
-0.9998411827817746
-0.9886662684393674
CENT
-0.9605441701491355
-0.611736164389258
-0.7830605303240261
-0.6701429288292671
-0.9349979918150614
-0.6549665621350838
-0.12201596723627772
-0.7835201251793625
-0.6994349707313967
-0.1666413481189284
-0.07669813149754301
-0.7829998274234614
-0.8780973669124508
-0.9155714029199137
-0.22136623343149653
-0.7572250700545764
-0.583465156445648
-0.12617920502505064
-0.9718118087720722
0.02922386708142577
-1.0
-0.9334356361265339
-0.9166899965573868
-0.8432843524319954
-0.48266097967036525
-0.5720408459872313
-0.8370295206155851
-0.9549868489137174
-0.8092189651888891
-0.9960757781772906
-0.6040935073250842
-0.7742835754503646
-0.8206909874656619
-0.9868344191913474
-0.973255660079229
-0.6565565055758911
-0.20307792367418753
-0.9556720751230221
-0.13576540508502177
-0.978152059254811
-0.4586602292615365
-0.7860029827185001
-0.9721823806244666
-1.0
-0.9161105450853597
-0.7858726892226442
-0.7619596988444706
-0.020357003147256303
-0.8284290323227261
-0.3584298328494566
-0.8587419163505752
-0.7420982915084577
-0.9748587695395013
-0.5822197127851723
-0.8802256959554795
-0.8465172802516203
-0.5617505652622016
-0.83773753354514
0.015098404685386368
-0.9756728318024008
-0.6595669412250822
-0.7089041167564551
0.03806874475011268
-0.6869257410470753
0.5261804678979463
-0.16464538889929248
-0.9187036225272005
-0.1680842470806272
-0.4807265025925549
-0.8808390916151686
-0.20265671735082247
-0.9396381499060583
-0.28082453316382827
-0.766463605960871
-0.5239816130586866
0.19837481094002252
-0.4792510068217122
0.15894094487661792
-0.9348741389527916
-0.765123487880506
-0.5878232018121305
-0.8968492587208405
-0.47063927642599435
-0.983792174340771
-0.9545778607684748
-0.748640304900747
-0.9997661469150843
-0.9452440062702585
-0.9334356361265339
-0.9400045529700254
-0.4317879565381504
-0.3853996710466552
-0.7009153211682825
-0.9715886607227698
-0.6979244523152495
-0.9164204986097779
-0.03532344135098353
-0.8563409123083813
-0.7262768375904192
-0.7508345917763156
-0.8693468901089285
-0.3733205238456664
-0.9881620780018374
-0.9448763575449222
-0.9239776060917662
-0.7233698482362196
-0.8940402799933153
-0.9637134036133178
-0.9409382914839218
-0.804800521800662
-1.0
-0.8750831023795791
-0.9258243458677501
-0.7213954853982705
-0.5791026029167166
-0.8939283681377165
-0.9549868489137174
-0.49556093581216465
-0.976445345381502
-0.8058341355103518
-0.6517513468641156
-0.33512640355082157
-0.9839826570193865
-0.718301885224045
-0.7497812278461081
-0.852380397314171
-0.47630650903079985
-0.990409381901097
-0.5237042868901318
-0.687411302085958
-0.983792174340771
-0.6004212987938632
-0.5158302129214473
-0.8866696377255593
-0.9881896867574307
-0.9588109159315718
-0.9998874777379992
-0.8595750456169771
-0.6506395457927456
-0.9839826570193865
-0.02932178239382066
-0.7134594466261654
-0.7522749260114215
-0.9752825192307625
-0.9035270570025626
-0.4777391717849505
-0.3327905218739019
-0.8874104172521934
-0.9812616045977405
-0.6900740622449535
-0.6324648384638278
-0.9377333581251125
-0.8869932358331305
-0.5899592986104962
-0.6023632755627638
-1.0
-0.5775836255190387
-0.9957641595914565
-0.5878665312959777
-0.9693177694824683
-0.7857191863319261
-0.28277721581709814
-0.8346982848558391
-0.9989617718641696
-0.6956039800904208
-0.9998874777379992
-0.8342170441978397
-0.6280419177632308
-0.5421301174672257
-0.9999283949241813
-0.7491178338645877
-0.8054109476763908
-0.6102447264283357
-0.6517814585196636
-0.9337676290557169
-0.8157321325248674
-0.9819031803028015
-0.709188911336761
-0.8845827893856175
-0.9945984499148002
-0.7297082647498703
-0.5449016779787166
-0.42584937745548634
-0.08280699994326224
-0.8931635654772129
-0.9554873233472431
-0.8036331682469237
-0.9900321260809867
-0.9742342486024037
-0.7533088504398666
-0.8011302862374083
-0.7524849038158481
-0.4800059993599115
-0.8553472194242979
-0.9761854412987252
-0.5064423978587327
-0.9665682862956434
-0.9166899965573868
-0.9802448710882838
-0.7840784639345613
-0.6601763067229377
-0.3515426648511797
-0.6536176080850299
-0.8068695909622794
-0.5793851492816147
-0.9672055859350988
-0.6213455687298794
-0.1725934384492046
-0.15486927033300135
0.544102321388146
1.0
-0.8036800491147671
-0.8373424802471283
-0.8218987195102168
-0.7250619188733872
-0.5116597473951316
-0.9979844876039804
-0.9989617718641696
-0.8707103456793827
-0.06583917042788323
0.1599863202628078
-0.9147499624530495
-0.5209140165629903
-0.9420133945111532
-0.8910094817915524
-0.6432241563196723
-0.4987093355568377
0.6895705358620003
-0.8889814536532208
-0.8866696377255593
-0.9926912439268892
-0.21089842323600383
-0.9822981937369963
-0.9384772136168988
-0.7121648010009931
-0.7701052457110232
-0.7700504215707812
-0.9930427213801999
-0.6595515891267644
-0.8017850963737881
-0.3088981484204203
-0.05375124967416878
-0.6453693565034713
-0.6761264408102441
-0.304620848391163
-0.753194135708602
-0.9273593736423176
-0.594045861148758
-0.8274250961963073
-0.8836667597205212
-0.853307227541224
-0.3355790895091604
-0.9850468977349075
-0.9448763575449222
-0.25979348601982477
-0.8284290323227261
-0.7157714694164752
-0.8874989149236205
-0.7624620625370834
0.14504741339720062
0.24715887594203778
-0.6874564368417613
-0.9999099821903994
-0.9748587695395013
-0.91984893680293
0.16286489010645377
-0.7772320461813256
0.3004927719108681
-0.91984893680293
-0.3866875367565885
-0.5315519514713838
-0.5482167947030838
-0.20748210165471048
-0.9997661469150843
0.36550758111992954
-0.7672445841257978
-0.024187651000347032
0.04681853670012015
-0.7579385552081179
-0.3605103771405682
-0.22392432515045013
0.004492748379293587
-0.8471347257744402
-0.42822806297594285
-1.0
-0.7140800472430187
-0.7684247716655065
-0.8429986597044182
-0.17656284150899992
-0.49358912070624006
-0.6626004974047416
-0.8035960722812598
0.19123892895611383
-0.86482937303492
-0.7634748622185366
-0.8293647315503935
-0.8623403895382574
-0.06356360130726235
-0.9312812814884697
-0.6366456101785641
-0.04471604449692346
-0.7649232976770785
-0.9490372047663244
-0.8623403895382574
-0.9718118087720722
-0.9131446129823253
-0.8322861516026352
-0.7318437478233784
-0.865006689771898
-0.28305414706451404
-0.5989903860231919
-0.7718151875295248
-0.7096391821494297
-0.8002513969398098
-0.6627991434317717
-0.8235350329739727
-0.6184370581993857
-0.999549909472064
-0.6186491497855187
-0.3987420915968036
-0.7262768375904192
-0.827527787623193
-0.5621523672705564
-0.8232045667374942
-0.9998874777379992
-0.6588002797007847
-0.36826916304574275
-0.38178649960642264
-0.5589508002348211
-0.30725342600001593
-0.8740591051468858
-0.9850468977349075
-0.9937238121742107
-0.9098229337535373
-0.7199622175953783
-0.7551557433894857
-0.9600746456994255
-0.5960150775551851
-0.992512446968007
-1.0
-0.8898611941156186
-0.4912962010574091
-0.38188380824772405
-0.9979593974127312
-0.6868800057833443
-0.11831988840108376
-0.6043205899649207
-0.5285669897119949
0.02961981082945031
-0.8890914363478737
-0.4573119845768321
-0.9681097029311407
-1.0
-0.4739635501013234
-0.7258718439117237
-0.9994925018666064
-0.3654861236608594
-0.9916870862970919
-0.6346825852409388
-0.7137332805560641
-0.99982473805252
-0.3654861236608594
-0.9035270570025626
-0.7860273942245435
-0.49021195344086765
-0.9997661469150843
-0.9077429002771792
-0.777463736232102
-0.8857560653241516
-0.8875166256033955
-0.9993974565471851
-0.5407426912066355
-0.06948241167733493
-0.9979443129593563
-0.724021138444974
-0.1626299222008719
-0.6310028474224743
-0.8029486519256829
-0.9819031803028015
-0.9166899965573868
-0.8982357714412931
-0.3970021989951432
-0.9900321260809867
-0.927349976963517
-0.5899592986104962
-0.8631564887489105
-0.17603219977694007
-1.0
-0.28477109094610653
-0.48191461874593156
-0.8548360101054526
-0.8939283681377165
DEGREE_RANK
-0.7647058823529412
-0.6265984654731458
0.3503836317135549
-0.2736572890025576
0.17647058823529416
0.9130434782608696
-0.7595907928388748
-0.9846547314578005
0.5754475703324808
0.6879795396419437
-0.7544757033248082
0.3554987212276215
-0.7493606138107417
-0.42710997442455234
-0.6214833759590793
-0.6163682864450128
0.7749360613810741
0.46291560102301776
-0.038363171355498715
0.5805626598465474
-0.8363171355498722
-0.268542199488491
-0.03324808184143224
-0.42199488491048587
-0.7442455242966752
0.3606138107416881
-0.8925831202046036
0.18158567774936052
-0.6112531969309463
-0.6061381074168798
-0.028132992327365658
0.5856777493606138
0.8209718670076727
-0.948849104859335
-0.023017902813299185
-0.26342710997442453
0.46803069053708457
0.1867007672634271
-0.7391304347826086
-0.25831202046035795
-0.6010230179028133
-0.8312020460358056
-0.4168797953964194
-0.979539641943734
-0.4117647058823529
0.47314578005115093
0.826086956521739
0.9795396419437339
-0.40664961636828634
-0.2531969309462915
0.1918158567774937
-0.7340153452685422
0.6930946291560103
0.4782608695652173
0.4833759590792839
0.48849104859335046
-0.24808184143222511
0.6982097186700769
0.8312020460358058
0.49360613810741705
-0.24296675191815853
0.19693094629156027
-0.5959079283887467
0.7033248081841432
0.4987212276214834
0.20204603580562663
-0.40153452685421986
-0.23785166240409206
0.207161125319693
0.8363171355498722
-0.3964194373401535
0.5907928388746804
-0.23273657289002547
-0.8874680306905371
0.7084398976982096
-0.8260869565217391
0.7800511508951407
0.5038363171355498
-0.2276214833759591
0.36572890025575444
0.3708439897698208
-0.3913043478260869
0.3759590792838876
-0.9437340153452686
0.38107416879795397
-0.5907928388746804
-0.5856777493606138
-0.5805626598465473
-0.22250639386189253
-0.5754475703324808
-0.21739130434782605
0.9539641943734016
0.8414322250639386
-0.7289002557544757
0.38618925831202056
-0.38618925831202044
-0.38107416879795386
0.7135549872122762
0.5959079283887467
-1.0
0.5089514066496164
0.21227621483375958
-0.01790281329923271
0.8465473145780051
-0.5703324808184144
-0.5652173913043479
-0.21227621483375947
-0.8823529411764706
-0.5601023017902813
-0.012787723785166238
-0.9386189258312021
0.21739130434782616
-0.3759590792838875
-0.007672634271099654
-0.002557544757033181
-0.5549872122762148
0.22250639386189253
0.7851662404092072
-0.8772378516624041
0.6010230179028131
-0.8209718670076727
0.5140664961636829
-0.8158567774936062
0.6061381074168799
0.002557544757033181
0.2276214833759591
0.8516624040920715
-0.3708439897698209
0.3913043478260869
-0.5498721227621484
-0.9335038363171355
0.918158567774936
0.6112531969309463
0.5191815856777493
-0.2071611253196931
-0.5447570332480818
-0.7237851662404092
0.23273657289002547
-0.5396419437340154
-0.8107416879795397
0.7186700767263428
0.3964194373401535
0.007672634271099765
-0.7186700767263428
-0.20204603580562663
-0.19693094629156005
-0.8056265984654731
0.01278772378516635
-0.5345268542199488
0.8567774936061381
-0.5294117647058824
0.01790281329923271
0.4015345268542201
-0.7135549872122762
0.23785166240409228
-0.928388746803069
0.40664961636828645
-0.36572890025575444
0.24296675191815864
0.023017902813299296
0.8618925831202047
-0.7084398976982098
-0.9232736572890026
-0.9744245524296675
0.028132992327365658
-0.7033248081841432
-0.8721227621483376
0.03324808184143224
-0.6982097186700768
-0.8005115089514067
0.9232736572890026
0.5242966751918159
0.038363171355498826
0.9846547314578005
-0.5242966751918159
0.6163682864450128
-0.19181585677749358
-0.5191815856777494
-0.36061381074168786
0.248081841432225
-0.1867007672634271
0.4117647058823528
0.959079283887468
-0.18158567774936063
-0.6930946291560103
0.5294117647058822
-0.5140664961636829
-0.5089514066496164
0.04347826086956519
0.7237851662404093
0.867007672634271
0.2531969309462916
-0.17647058823529405
-0.6879795396419437
-0.5038363171355499
0.6214833759590792
-0.17135549872122757
0.04859335038363177
-0.4987212276214834
0.25831202046035795
-0.1662404092071611
0.26342710997442453
0.2685421994884911
0.9283887468030692
0.534526854219949
-0.7953964194373402
-0.9181585677749361
0.6265984654731458
0.5396419437340154
0.053708439897698135
-0.16112531969309463
0.7902813299232736
0.05882352941176472
-0.4936061381074168
0.2736572890025575
-0.6828644501278772
-0.7902813299232737
-0.969309462915601
0.0639386189258313
0.06905370843989767
0.7289002557544757
-0.15601023017902804
0.27877237851662406
-0.8670076726342711
0.4168797953964194
-0.15089514066496157
-0.1457800511508952
0.28388746803069065
0.289002557544757
0.5447570332480818
0.07416879795396403
-0.14066496163682862
0.2941176470588236
-0.13554987212276215
0.8721227621483376
0.9335038363171355
0.07928388746803083
-0.6777493606138107
0.9641943734015344
0.0843989769820972
0.421994884910486
0.7340153452685421
0.42710997442455256
-0.3554987212276215
-0.7851662404092072
-0.13043478260869557
-0.1253196930946292
-0.9948849104859335
0.08951406649616378
0.29923273657288996
-0.9130434782608696
-0.7800511508951407
-0.8618925831202047
0.8772378516624042
0.6317135549872124
-0.350383631713555
0.9693094629156012
0.09462915601023014
-0.6726342710997443
-0.34526854219948844
0.7391304347826089
0.5498721227621484
-0.8567774936061381
0.7442455242966752
0.0997442455242965
-0.12020460358056262
-0.34015345268542196
-0.48849104859335035
0.10485933503836331
-0.6675191815856778
0.7493606138107416
0.6368286445012787
-0.11508951406649615
-0.4833759590792839
0.7544757033248082
0.7595907928388745
0.6419437340153453
-0.3350383631713555
0.10997442455242967
0.989769820971867
0.7953964194373402
-0.329923273657289
0.11508951406649626
-0.32480818414322243
-0.989769820971867
-0.31969309462915596
-0.10997442455242956
0.9386189258312019
-0.3145780051150895
0.9437340153452687
0.8005115089514065
0.6470588235294119
-0.4782608695652174
-0.7749360613810742
0.4322250639386189
0.6521739130434783
0.12020460358056262
-0.6624040920716112
-0.907928388746803
0.1253196930946292
0.1304347826086958
0.948849104859335
-0.309462915601023
0.13554987212276215
0.1406649616368285
-0.30434782608695643
-0.4731457800511508
-0.29923273657288996
0.14578005115089532
0.6572890025575449
-0.1048593350383632
0.6624040920716112
0.8823529411764706
0.6675191815856776
0.5549872122762147
0.30434782608695654
0.4373401534526853
-0.9641943734015346
-0.09974424552429673
1.0
0.6726342710997444
-0.2941176470588236
0.9948849104859336
0.3094629156010231
-0.6572890025575449
0.15089514066496168
0.7647058823529413
-0.289002557544757
0.8874680306905371
0.3145780051150895
0.5601023017902813
-0.8516624040920716
-0.09462915601023014
0.31969309462915607
0.8925831202046035
0.4424552429667521
0.32480818414322243
-0.08951406649616367
-0.959079283887468
-0.7698209718670077
0.6777493606138107
0.44757033248081846
0.4526854219948848
-0.46803069053708435
0.9744245524296675
-0.08439897698209708
-0.4629156010230179
0.8056265984654731
-0.4578005115089514
-0.8465473145780051
0.15601023017902826
-0.07928388746803072
-0.9539641943734015
-0.6521739130434783
-0.45268542199488493
-0.6470588235294118
0.329923273657289
-0.9028132992327366
0.8107416879795397
0.7698209718670077
-0.8414322250639387
0.3350383631713556
-0.07416879795396414
0.5652173913043479
-0.6419437340153453
-0.44757033248081834
-0.6368286445012787
0.8976982097186701
-0.06905370843989767
0.34015345268542196
-0.06393861892583108
-0.44245524296675187
-0.05882352941176472
-0.053708439897698135
0.9028132992327367
-0.28388746803069054
0.5703324808184143
0.16112531969309463
-0.04859335038363166
0.166240409207161
-0.04347826086956519
0.8158567774936061
-0.4373401534526854
0.34526854219948855
-0.6317135549872123
0.4578005115089514
0.907928388746803
-0.8976982097186701
0.6828644501278773
-0.27877237851662395
0.1713554987212278
-0.4322250639386189
EIGENVECTOR_RANK
-0.6470588235294118
-0.24296675191815853
-0.40153452685421986
0.4526854219948848
-0.9641943734015346
0.9795396419437339
0.4987212276214834
-0.06393861892583108
0.5805626598465474
0.7544757033248082
0.1304347826086958
0.17647058823529416
-0.8721227621483376
-0.15089514066496157
-0.6930946291560103
-0.7544757033248082
0.8414322250639386
0.6828644501278773
0.4117647058823528
0.23785166240409228
0.023017902813299296
-0.4936061381074168
0.3913043478260869
-0.1867007672634271
-0.08951406649616367
0.5959079283887467
-0.7647058823529412
-0.4117647058823529
-0.4731457800511508
-0.7340153452685422
-0.5703324808184144
0.19693094629156027
0.28388746803069065
0.24296675191815864
-0.9181585677749361
-0.17647058823529405
0.5754475703324808
-0.907928388746803
0.15601023017902826
-0.948849104859335
0.22250639386189253
-0.6624040920716112
0.25831202046035795
-0.6010230179028133
-0.2071611253196931
-0.6112531969309463
0.8772378516624042
0.9641943734015344
-0.8363171355498722
-0.3350383631713555
0.3759590792838876
-0.5294117647058824
0.16112531969309463
0.5703324808184143
0.15089514066496168
0.5498721227621484
-0.05882352941176472
-0.3554987212276215
0.32480818414322243
0.1713554987212278
-0.4578005115089514
-0.19693094629156005
0.0997442455242965
0.4578005115089514
-0.16112531969309463
0.49360613810741705
-0.7442455242966752
0.5601023017902813
-0.13043478260869557
0.918158567774936
-0.7800511508951407
0.1918158567774937
0.6624040920716112
-0.6982097186700768
0.6112531969309463
0.3350383631713556
0.5140664961636829
0.7800511508951407
-0.32480818414322243
-0.31969309462915596
0.6879795396419437
-0.7289002557544757
-0.7953964194373402
0.038363171355498826
0.1406649616368285
-0.1457800511508952
-0.6675191815856778
-0.9028132992327366
-0.4987212276214834
-0.9335038363171355
0.6163682864450128
0.8721227621483376
0.9130434782608696
-0.8005115089514067
-0.38618925831202044
-0.928388746803069
0.3145780051150895
0.7749360613810741
0.5242966751918159
-0.7391304347826086
0.8158567774936061
0.6777493606138107
0.11508951406649626
0.2276214833759591
-0.38107416879795386
0.29923273657288996
-0.44757033248081834
-0.7595907928388748
-0.7237851662404092
-0.21227621483375947
-0.8516624040920716
0.18158567774936052
-0.5140664961636829
-0.08439897698209708
-0.22250639386189253
0.0639386189258313
-0.40664961636828634
0.46291560102301776
-0.289002557544757
-0.5345268542199488
-0.6572890025575449
0.7442455242966752
-0.04859335038363166
0.7135549872122762
-0.028132992327365658
-0.329923273657289
0.8465473145780051
0.2941176470588236
0.6726342710997444
0.5396419437340154
0.04347826086956519
0.8874680306905371
-0.1253196930946292
0.4424552429667521
0.3708439897698208
-0.9539641943734015
-0.979539641943734
0.44757033248081846
-0.5396419437340154
-0.04347826086956519
0.8567774936061381
-0.15601023017902804
0.34015345268542196
-0.44245524296675187
-0.9437340153452686
-0.8567774936061381
0.5652173913043479
0.6010230179028131
0.248081841432225
-0.34015345268542196
0.14578005115089532
-0.6061381074168798
-0.24808184143222511
-0.5907928388746804
0.31969309462915607
-0.14066496163682862
-0.2736572890025576
-0.8874680306905371
-0.023017902813299185
-0.42199488491048587
0.21739130434782616
0.42710997442455256
-0.8618925831202047
-0.8260869565217391
-0.01790281329923271
-0.969309462915601
0.002557544757033181
-0.3708439897698209
0.01790281329923271
-0.7493606138107417
0.9232736572890026
0.826086956521739
-0.19181585677749358
0.989769820971867
-0.7033248081841432
0.8209718670076727
0.36572890025575444
-0.007672634271099654
0.6368286445012787
0.1253196930946292
0.6214833759590792
0.7084398976982096
0.9283887468030692
0.12020460358056262
-0.06905370843989767
0.7493606138107416
-0.6317135549872123
-0.5191815856777494
-0.8772378516624041
0.3094629156010231
0.2736572890025575
-0.268542199488491
0.4833759590792839
-0.6214833759590793
-0.959079283887468
0.8005115089514065
-0.989769820971867
0.38107416879795397
-0.8823529411764706
-0.7084398976982098
0.10485933503836331
0.07928388746803083
-0.5038363171355499
0.9539641943734016
-0.3759590792838875
-0.23273657289002547
0.08951406649616378
0.2531969309462916
-0.42710997442455234
0.4322250639386189
0.5447570332480818
0.5294117647058822
-0.27877237851662395
0.03324808184143224
0.7340153452685421
0.3554987212276215
-0.8158567774936062
-0.8209718670076727
-0.28388746803069054
-0.3145780051150895
0.40664961636828645
0.6675191815856776
0.6419437340153453
-0.7851662404092072
-0.23785166240409206
0.7237851662404093
-0.30434782608695643
0.6265984654731458
-0.4168797953964194
0.4373401534526853
-0.26342710997442453
0.6982097186700769
-0.6521739130434783
-0.45268542199488493
0.867007672634271
0.9693094629156012
-0.5549872122762148
-0.5601023017902813
0.9386189258312019
-0.6368286445012787
0.7595907928388745
0.5856777493606138
-0.12020460358056262
0.6930946291560103
0.05882352941176472
-0.34526854219948844
0.6317135549872124
-0.2941176470588236
-0.36572890025575444
0.7698209718670077
-0.6828644501278772
0.04859335038363177
-0.7749360613810742
0.23273657289002547
0.7851662404092072
-0.8414322250639387
0.959079283887468
0.4782608695652173
0.3503836317135549
0.5089514066496164
0.8312020460358058
0.5907928388746804
-0.09974424552429673
0.166240409207161
-0.7135549872122762
0.07416879795396403
-0.4629156010230179
-0.20204603580562663
-0.7186700767263428
0.30434782608695654
-0.21739130434782605
0.289002557544757
0.5549872122762147
-0.6726342710997443
0.7647058823529413
-0.36061381074168786
0.3964194373401535
-0.012787723785166238
-0.9130434782608696
0.948849104859335
0.7902813299232736
0.48849104859335046
-0.1662404092071611
0.329923273657289
-0.8670076726342711
0.2685421994884911
-0.18158567774936063
0.9437340153452687
-0.002557544757033181
0.8516624040920715
0.8618925831202047
0.421994884910486
0.053708439897698135
-0.5754475703324808
0.5038363171355498
-0.5652173913043479
-0.4322250639386189
-0.03324808184143224
-0.8312020460358056
-0.2276214833759591
0.7289002557544757
0.9744245524296675
-0.5498721227621484
-0.4373401534526854
0.4168797953964194
-0.5856777493606138
-0.6419437340153453
0.6470588235294119
0.207161125319693
-0.25831202046035795
0.007672634271099765
-0.350383631713555
0.8823529411764706
-0.8925831202046036
0.7953964194373402
0.6061381074168799
0.7186700767263428
-0.7902813299232737
-0.1048593350383632
1.0
0.5191815856777493
-0.48849104859335035
0.9948849104859336
-0.11508951406649615
-0.9744245524296675
-0.46803069053708435
0.8363171355498722
-0.17135549872122757
0.907928388746803
-0.07416879795396414
0.534526854219949
-0.7698209718670077
-0.9232736572890026
-0.5089514066496164
0.8107416879795397
-0.5447570332480818
-0.9846547314578005
-0.07928388746803072
-0.8107416879795397
0.028132992327365658
0.4015345268542201
-0.29923273657288996
-0.13554987212276215
-0.8976982097186701
0.9846547314578005
0.13554987212276215
-0.4782608695652174
0.47314578005115093
0.0843989769820972
0.1867007672634271
0.7033248081841432
-0.6163682864450128
-0.09462915601023014
-0.038363171355498715
0.20204603580562663
-0.9948849104859335
0.6572890025575449
-0.053708439897698135
0.8976982097186701
0.46803069053708457
-1.0
0.6521739130434783
-0.9386189258312021
-0.309462915601023
0.34526854219948855
-0.6777493606138107
-0.8056265984654731
0.9028132992327367
-0.5805626598465473
-0.2531969309462915
0.09462915601023014
0.01278772378516635
-0.6879795396419437
0.10997442455242967
0.9335038363171355
0.26342710997442453
-0.3913043478260869
0.21227621483375958
0.3606138107416881
0.38618925831202056
-0.4833759590792839
0.7391304347826089
-0.5242966751918159
0.27877237851662406
-0.5959079283887467
-0.3964194373401535
0.8925831202046035
-0.8465473145780051
0.8056265984654731
-0.10997442455242956
-0.6265984654731458
0.06905370843989767
CENT_RANK
-0.6521739130434783
0.36572890025575444
-0.04347826086956519
0.248081841432225
-0.5601023017902813
0.289002557544757
0.8414322250639386
-0.04859335038363166
0.20204603580562663
0.8107416879795397
0.8567774936061381
-0.038363171355498715
-0.32480818414322243
-0.46803069053708435
0.7647058823529413
0.04347826086956519
0.4322250639386189
0.8363171355498722
-0.6930946291560103
0.918158567774936
-1.0
-0.5447570332480818
-0.4936061381074168
-0.2276214833759591
0.5652173913043479
0.4578005115089514
-0.2071611253196931
-0.6265984654731458
-0.13554987212276215
-0.8721227621483376
0.38107416879795397
-0.023017902813299185
-0.1457800511508952
-0.8056265984654731
-0.7033248081841432
0.28388746803069065
0.7800511508951407
-0.6368286445012787
0.8312020460358058
-0.7442455242966752
0.6112531969309463
-0.06905370843989767
-0.6982097186700768
-0.9948849104859335
-0.4731457800511508
-0.06393861892583108
0.03324808184143224
0.9028132992327367
-0.18158567774936063
0.6930946291560103
-0.268542199488491
0.09462915601023014
-0.7186700767263428
0.4373401534526853
-0.329923273657289
-0.23273657289002547
0.46803069053708457
-0.21739130434782605
0.9130434782608696
-0.7289002557544757
0.2685421994884911
0.1918158567774937
0.9283887468030692
0.23273657289002547
0.9846547314578005
0.8158567774936061
-0.4987212276214834
0.8056265984654731
0.5754475703324808
-0.3350383631713555
0.7851662404092072
-0.5754475703324808
0.7493606138107416
0.007672634271099765
0.5089514066496164
0.9641943734015344
0.5856777493606138
0.9437340153452687
-0.5549872122762148
0.01278772378516635
0.42710997442455256
-0.42710997442455234
0.6061381074168799
-0.7800511508951407
-0.6163682864450128
0.08951406649616378
-0.928388746803069
-0.6061381074168798
-0.5396419437340154
-0.5805626598465473
0.6214833759590792
0.6521739130434783
0.19693094629156027
-0.6828644501278772
0.207161125319693
-0.4782608695652174
0.8874680306905371
-0.26342710997442453
0.10997442455242967
0.07416879795396403
-0.30434782608695643
0.6675191815856776
-0.8107416879795397
-0.6010230179028133
-0.5140664961636829
0.13554987212276215
-0.42199488491048587
-0.6572890025575449
-0.5856777493606138
-0.11508951406649615
-0.989769820971867
-0.31969309462915596
-0.5191815856777494
0.1406649616368285
0.44757033248081846
-0.4168797953964194
-0.6214833759590793
0.5447570332480818
-0.7391304347826086
-0.1253196930946292
0.30434782608695654
0.7084398976982096
-0.7902813299232737
0.15089514066496168
0.07928388746803083
-0.24296675191815853
0.5959079283887467
-0.8312020460358056
0.5140664961636829
0.2276214833759591
-0.7749360613810742
0.3913043478260869
0.5242966751918159
-0.36061381074168786
-0.8158567774936062
-0.6419437340153453
-0.948849104859335
-0.2736572890025576
0.3094629156010231
-0.7851662404092072
0.8925831202046035
0.1713554987212278
0.06905370843989767
-0.7237851662404092
-0.44245524296675187
0.5907928388746804
0.7135549872122762
-0.3708439897698209
-0.7544757033248082
0.21739130434782616
0.3350383631713556
-0.5652173913043479
-0.36572890025575444
0.4117647058823528
0.38618925831202056
-0.9846547314578005
0.4526854219948848
-0.8670076726342711
0.421994884910486
-0.6777493606138107
-0.05882352941176472
0.7442455242966752
-0.20204603580562663
-0.8976982097186701
0.21227621483375958
-0.9437340153452686
-0.19693094629156005
0.34526854219948855
0.48849104859335046
-0.959079283887468
0.0843989769820972
-0.12020460358056262
0.3708439897698208
0.29923273657288996
-0.5498721227621484
-0.14066496163682862
-0.7647058823529412
0.1867007672634271
-0.34526854219948844
-0.8618925831202047
0.10485933503836331
0.4833759590792839
0.6317135549872124
0.8516624040920715
-0.40664961636828634
-0.6317135549872123
-0.1048593350383632
-0.8260869565217391
-0.7084398976982098
0.053708439897698135
-0.08439897698209708
0.0639386189258313
0.5805626598465474
-0.25831202046035795
-0.7340153452685422
0.534526854219949
-0.6624040920716112
-0.48849104859335035
-0.7493606138107417
-0.053708439897698135
0.26342710997442453
0.6982097186700769
0.2941176470588236
-0.13043478260869557
0.4424552429667521
-0.6675191815856778
0.3503836317135549
0.8005115089514065
0.826086956521739
0.989769820971867
1.0
-0.10997442455242956
-0.21227621483375947
-0.15089514066496157
0.1253196930946292
0.5294117647058822
-0.8874680306905371
-0.8925831202046036
-0.309462915601023
0.867007672634271
0.948849104859335
-0.4629156010230179
0.5191815856777493
-0.5907928388746804
-0.40153452685421986
0.31969309462915607
0.5396419437340154
0.9948849104859336
-0.38618925831202044
-0.3554987212276215
-0.8465473145780051
0.7698209718670077
-0.7698209718670077
-0.5703324808184144
0.17647058823529416
-0.012787723785166238
-0.007672634271099654
-0.8516624040920716
0.2736572890025575
-0.08951406649616367
0.7186700767263428
0.8772378516624042
0.3145780051150895
0.24296675191815864
0.7289002557544757
0.05882352941176472
-0.5294117647058824
0.40664961636828645
-0.1662404092071611
-0.34015345268542196
-0.24808184143222511
0.7033248081841432
-0.8005115089514067
-0.5959079283887467
0.7544757033248082
-0.17647058823529405
0.15601023017902826
-0.3759590792838875
0.028132992327365658
0.9386189258312019
0.9693094629156012
0.22250639386189253
-0.9539641943734015
-0.7135549872122762
-0.5089514066496164
0.9539641943734016
-0.028132992327365658
0.9744245524296675
-0.5038363171355499
0.6470588235294119
0.4987212276214834
0.4782608695652173
0.7749360613810741
-0.9232736572890026
0.9795396419437339
0.002557544757033181
0.8976982097186701
0.9335038363171355
0.038363171355498826
0.6879795396419437
0.7595907928388745
0.907928388746803
-0.23785166240409206
0.6265984654731458
-0.979539641943734
0.16112531969309463
-0.002557544757033181
-0.22250639386189253
0.7902813299232736
0.5498721227621484
0.25831202046035795
-0.09974424552429673
0.959079283887468
-0.2941176470588236
0.023017902813299296
-0.1867007672634271
-0.28388746803069054
0.8721227621483376
-0.5345268542199488
0.32480818414322243
0.8823529411764706
0.01790281329923271
-0.6112531969309463
-0.27877237851662395
-0.6879795396419437
-0.4578005115089514
-0.19181585677749358
0.0997442455242965
-0.29923273657288996
0.7391304347826089
0.3964194373401535
-0.01790281329923271
0.18158567774936052
-0.07928388746803072
0.2531969309462916
-0.16112531969309463
0.3606138107416881
-0.9130434782608696
0.3554987212276215
0.6368286445012787
0.11508951406649626
-0.17135549872122757
0.46291560102301776
-0.15601023017902804
-0.9386189258312021
0.27877237851662406
0.6726342710997444
0.6624040920716112
0.47314578005115093
0.7237851662404093
-0.3145780051150895
-0.7953964194373402
-0.8567774936061381
-0.45268542199488493
0.14578005115089532
0.04859335038363177
-0.6470588235294118
0.4015345268542201
-0.8414322250639387
-0.9744245524296675
-0.3964194373401535
0.5549872122762147
0.6572890025575449
-0.8823529411764706
0.23785166240409228
0.8465473145780051
0.3759590792838876
0.5038363171355498
0.9232736572890026
-0.3913043478260869
0.6163682864450128
-0.6726342710997443
-0.969309462915601
0.6010230179028131
0.12020460358056262
-0.907928388746803
0.6777493606138107
-0.8363171355498722
0.329923273657289
0.166240409207161
-0.9335038363171355
0.6828644501278773
-0.4373401534526854
-0.07416879795396414
0.5601023017902813
-0.9181585677749361
-0.44757033248081834
-0.03324808184143224
-0.350383631713555
-0.38107416879795386
-0.9028132992327366
0.49360613810741705
0.8618925831202047
-0.8772378516624041
0.1304347826086958
0.8209718670076727
0.34015345268542196
-0.09462915601023014
-0.7595907928388748
-0.4833759590792839
-0.4322250639386189
0.6419437340153453
-0.8209718670076727
-0.5242966751918159
0.4168797953964194
-0.289002557544757
0.7953964194373402
-0.9641943734015346
0.7340153452685421
0.5703324808184143
-0.2531969309462915
-0.4117647058823529
RANK
20
43
110
155
284
339
352
387
169
262
136
165
324
360
86
273
365
317
355
370
163
217
216
343
373
29
157
179
332
237
230
338
357
127
187
382
134
102
33
252
331
122
139
83
130
232
176
378
148
198
39
118
194
59
143
52
263
188
34
42
18
304
93
159
351
205
196
107
0
336
135
37
185
27
116
84
302
87
103
253
223
108
89
71
233
151
4
78
174
21
88
298
246
383
112
104
264
268
66
22
197
379
95
44
13
221
305
333
366
144
362
380
81
106
115
391
184
224
340
349
228
369
257
147
152
133
229
368
178
249
69
54
12
111
330
218
100
308
293
385
296
303
137
50
97
193
390
250
125
282
55
23
287
57
212
26
162
166
306
295
48
255
321
248
315
323
213
32
175
28
203
119
171
109
211
186
291
377
239
190
313
363
41
45
160
199
7
2
11
367
266
31
311
235
236
286
275
73
79
301
294
258
46
278
15
335
189
245
191
142
99
124
170
85
51
307
180
98
320
354
214
374
105
113
334
123
256
285
359
141
234
312
177
61
92
8
94
164
149
261
129
63
344
243
3
314
290
200
60
238
325
35
5
202
173
120
138
242
225
299
358
150
376
167
206
318
316
1
172
346
30
154
131
310
337
247
153
384
158
80
16
53
204
114
156
25
322
56
328
271
181
168
371
270
347
74
128
222
132
215
195
226
117
289
341
364
24
389
68
192
76
145
126
353
82
40
350
90
283
182
319
381
269
91
342
327
101
326
356
361
279
49
201
251
121
146
240
329
244
388
309
161
72
254
280
14
231
272
36
70
288
386
207
67
9
65
375
208
38
17
6
345
183
10
372
219
297
241
300
96
140
276
47
281
58
19
348
62
277
259
77
220
265
292
75
260
267
274
64
209
227
210
