DEGREE
0.2142857142857142
-0.2142857142857143
-0.0714285714285714
-0.5
-0.4285714285714286
-0.3571428571428571
0.2142857142857142
0.5714285714285714
-0.0714285714285714
0.0714285714285714
-0.3571428571428571
-0.7857142857142857
-0.1428571428571429
-0.6428571428571428
-0.7142857142857143
-0.2857142857142857
-0.4285714285714286
0.4285714285714286
-0.2857142857142857
0.2857142857142858
0.7142857142857142
0.3571428571428572
-0.2142857142857143
0.0
0.3571428571428572
0.0
-0.2857142857142857
0.0
-0.5
-0.0714285714285714
-0.5714285714285714
0.2857142857142858
-0.5
-0.3571428571428571
-0.6428571428571428
-0.5714285714285714
0.3571428571428572
-0.2857142857142857
-0.1428571428571429
0.2142857142857142
-0.2142857142857143
-0.1428571428571429
-0.1428571428571429
-1.0
0.2857142857142858
0.2142857142857142
-0.0714285714285714
-0.5
-0.2857142857142857
0.2857142857142858
0.0714285714285714
0.3571428571428572
-0.2142857142857143
-0.0714285714285714
-0.2857142857142857
0.2142857142857142
-0.2142857142857143
0.5714285714285714
-0.5714285714285714
0.1428571428571428
0.2142857142857142
0.0
0.8571428571428572
0.7857142857142858
-0.2142857142857143
-0.2857142857142857
-0.4285714285714286
0.0714285714285714
-0.0714285714285714
-0.2857142857142857
-0.5
0.0
0.0714285714285714
0.1428571428571428
0.0
0.4285714285714286
-0.2142857142857143
0.0
-0.1428571428571429
0.1428571428571428
-0.2857142857142857
0.5
-0.2142857142857143
-0.0714285714285714
-0.7857142857142857
-0.3571428571428571
-0.1428571428571429
-0.3571428571428571
-0.6428571428571428
0.0
-0.7142857142857143
-0.2142857142857143
0.5
0.5714285714285714
-0.3571428571428571
0.6428571428571428
-0.1428571428571429
0.2857142857142858
0.2142857142857142
0.2142857142857142
-0.5714285714285714
0.0714285714285714
0.2857142857142858
-0.5
-0.2142857142857143
-0.0714285714285714
0.5714285714285714
-0.0714285714285714
-0.0714285714285714
-0.2142857142857143
-0.3571428571428571
0.1428571428571428
0.0
-0.2142857142857143
-0.0714285714285714
0.1428571428571428
0.6428571428571428
0.2857142857142858
-0.5
-0.2142857142857143
0.5
0.3571428571428572
-0.1428571428571429
-0.3571428571428571
-0.3571428571428571
-0.2857142857142857
0.0
0.1428571428571428
-0.0714285714285714
0.7857142857142858
0.0714285714285714
-0.1428571428571429
-0.2857142857142857
0.0714285714285714
0.2857142857142858
-0.0714285714285714
-0.5714285714285714
0.0714285714285714
0.5714285714285714
-0.1428571428571429
-0.2142857142857143
0.2857142857142858
0.1428571428571428
-0.1428571428571429
-0.7857142857142857
-0.0714285714285714
-0.0714285714285714
-0.0714285714285714
-0.0714285714285714
-0.5714285714285714
-0.0714285714285714
-0.0714285714285714
-0.2857142857142857
-0.1428571428571429
0.2142857142857142
0.4285714285714286
0.4285714285714286
0.0
-0.1428571428571429
0.3571428571428572
-0.3571428571428571
-0.7857142857142857
-0.1428571428571429
-0.8571428571428572
0.5714285714285714
0.5714285714285714
0.4285714285714286
-0.1428571428571429
-0.5
0.2142857142857142
-0.2142857142857143
-0.1428571428571429
-0.5714285714285714
-0.0714285714285714
-0.0714285714285714
0.4285714285714286
-0.0714285714285714
-0.3571428571428571
0.2142857142857142
-0.4285714285714286
-0.6428571428571428
0.1428571428571428
0.5714285714285714
-0.2857142857142857
0.0
-0.3571428571428571
0.2857142857142858
-0.7857142857142857
-0.0714285714285714
0.1428571428571428
0.0714285714285714
0.0714285714285714
0.0714285714285714
-0.1428571428571429
-0.5
0.0714285714285714
-0.2142857142857143
0.1428571428571428
-0.2857142857142857
0.0714285714285714
-0.4285714285714286
-0.0714285714285714
-0.2857142857142857
-0.2857142857142857
-0.2857142857142857
0.0714285714285714
0.0
0.2857142857142858
-0.2142857142857143
-0.0714285714285714
-0.2142857142857143
-0.1428571428571429
-0.0714285714285714
-0.1428571428571429
-0.0714285714285714
-0.0714285714285714
0.0
0.2142857142857142
0.0714285714285714
0.8571428571428572
0.0714285714285714
0.3571428571428572
-0.4285714285714286
-0.0714285714285714
-0.2857142857142857
0.1428571428571428
0.2142857142857142
-0.3571428571428571
0.2857142857142858
-0.1428571428571429
-0.1428571428571429
-0.1428571428571429
0.0
-0.3571428571428571
-0.3571428571428571
0.5
-0.3571428571428571
-0.2142857142857143
0.9285714285714286
0.0714285714285714
0.0
-0.2142857142857143
0.1428571428571428
0.1428571428571428
-0.1428571428571429
-0.1428571428571429
1.0
0.0714285714285714
-0.1428571428571429
-0.5714285714285714
0.2142857142857142
0.2142857142857142
-0.0714285714285714
0.2857142857142858
0.0
0.0
-0.0714285714285714
0.2857142857142858
-0.2857142857142857
0.0
0.2142857142857142
-0.3571428571428571
0.1428571428571428
-0.7142857142857143
0.0
0.0714285714285714
0.6428571428571428
0.0714285714285714
0.0714285714285714
-0.5
-0.7142857142857143
-0.2857142857142857
0.7142857142857142
0.3571428571428572
-0.2857142857142857
0.0714285714285714
0.2142857142857142
-0.2142857142857143
-0.1428571428571429
-0.2857142857142857
-0.0714285714285714
-0.0714285714285714
0.2857142857142858
-0.4285714285714286
0.3571428571428572
-0.1428571428571429
-0.6428571428571428
0.2142857142857142
-0.5714285714285714
-0.6428571428571428
0.0714285714285714
-0.3571428571428571
-0.0714285714285714
-0.2142857142857143
-0.0714285714285714
0.0
-0.4285714285714286
0.8571428571428572
0.2142857142857142
0.7857142857142858
0.5
-0.4285714285714286
-0.5
0.0714285714285714
0.2857142857142858
-0.1428571428571429
-0.4285714285714286
0.2857142857142858
-0.5
-0.8571428571428572
-0.3571428571428571
0.2142857142857142
-0.7142857142857143
0.7857142857142858
-0.2142857142857143
0.1428571428571428
0.0
0.0
-0.0714285714285714
0.4285714285714286
-0.2142857142857143
0.0
-0.2142857142857143
0.2857142857142858
0.4285714285714286
0.2857142857142858
-0.4285714285714286
-0.2857142857142857
-0.7857142857142857
0.7142857142857142
-0.4285714285714286
0.3571428571428572
0.1428571428571428
0.0
0.8571428571428572
-0.0714285714285714
-0.3571428571428571
0.0
-0.1428571428571429
-0.0714285714285714
-0.4285714285714286
-0.0714285714285714
0.5
0.0
-0.6428571428571428
-0.5
-0.2142857142857143
-0.0714285714285714
0.0714285714285714
0.1428571428571428
-0.5
-0.2142857142857143
-0.5
-0.2857142857142857
-0.3571428571428571
-0.3571428571428571
-0.4285714285714286
-0.1428571428571429
0.0714285714285714
-0.2142857142857143
-0.2857142857142857
-0.5714285714285714
0.2142857142857142
0.2142857142857142
-0.2142857142857143
-0.1428571428571429
-0.0714285714285714
-0.2857142857142857
0.2857142857142858
-0.1428571428571429
-0.7142857142857143
-0.4285714285714286
-0.2857142857142857
-0.3571428571428571
0.0714285714285714
0.1428571428571428
-0.7142857142857143
-0.0714285714285714
0.3571428571428572
-0.4285714285714286
0.2857142857142858
0.1428571428571428
EIGENVECTOR
-0.995438525851437
-0.9999933083831973
-0.9999513882407871
-0.998978188963405
-0.8342806788981842
-0.9999968777865267
-0.10215444825995756
0.42289051358653285
-0.9999955697699515
-0.9999690475809813
-0.9999764314440512
-0.9144410069894403
-0.8490055650765949
-0.8490201872704621
-0.9999026311496435
-0.9986204277531439
-0.7856676766613004
-0.012285284046054556
-0.9996074718885982
0.186058478435019
0.6668780211543259
0.30612036584274827
-0.9993542972945753
-0.9978639364268784
-0.200620497723066
-0.9770854639930437
-0.9997355366461664
-0.9999973052675549
-0.8410132477011862
-0.9981946087003316
-0.9999712641892614
-0.7194649356495408
-0.9996347576623995
-0.9999755638914845
-0.8433514040538473
-0.9999712641892613
-0.9839306616782589
-0.9997619740379262
-0.983496885005079
-0.9718690206090379
-0.9998727767741064
-0.9994901560805372
-0.95941812376802
-0.9999890557468873
-0.8369211594162014
-0.9924890132722576
-0.9998968897588066
-0.9761538464775935
-0.9993258615591891
-0.9999979454085086
-0.999998580606537
-0.9945140730608945
-0.9999976223081538
-0.9998486251804658
-0.9999735553093922
-0.9804302192895644
-0.9542940160324195
0.7285311329066615
-0.9995721267084673
-0.9999957777127059
-0.9968247066502005
-0.9620261917283845
0.8507448339132486
0.7923940692072204
-0.9999981095393677
-0.9903410637496657
-0.99987884362243
-0.9863318078843548
-0.9999889012965798
-0.9989557473656172
-0.982168482757701
-0.4827869778945829
-0.9863318078843547
-0.9999797823539741
-0.9997427179322463
-0.9955779558347102
-0.9973394305632098
-0.9978947997975915
-0.9972142496175634
-0.5311984647543764
-0.9831949247353794
-0.9945824340273004
-0.9995972434496696
-0.9999401911419022
-0.9999927778696519
-0.9730697455878623
-0.3263805942619822
-0.9983033105173726
-0.999953198196128
-0.9998183508792773
-0.999999774167799
-0.9999906539655294
0.1214728219972303
0.34703651050873985
-0.9998196026367235
0.8390126778475817
-0.9851506634840616
-0.9999973041523395
-0.9999951934497424
-0.999998412253906
-0.9999712641892613
-0.9435658587031254
-0.9996120902354843
-0.8523652727466279
-0.9927223273751258
-0.9998968897588066
0.3904909184354153
-0.9972003934470529
-0.994767924887882
-0.615104699644947
-0.999879425533114
-0.9682158700129819
-0.9999783783608116
-0.9999701724813739
-0.8421573833950994
-0.7037718443613536
0.8641685297243371
-0.9817025810409865
-0.9960008093078422
-0.9225266350443873
-0.06520251742902194
0.0075531466979243955
-0.9692880193316039
-0.9762418836717206
-0.9998643415224365
-0.47081249732462804
-0.9997427179322464
-0.8125958985003303
-0.9999513882407872
0.6443124614668465
-0.22461526747385374
-0.9999989809059677
-0.9999990077726518
-0.9999955091868937
-0.7643494769092155
-0.9931835673642382
-0.9985768887083566
-0.9999941374216774
-0.12239195215179666
-0.9726984079172091
-0.9999529028609402
-0.995473553361383
-0.34825411311804544
-0.9988444081361747
-0.9999943205523514
-0.8995718714430613
-0.9967089411810618
-0.9999985521746497
-0.9998968897588066
-0.8787027593164991
-0.9999976815905216
-0.9991739788473398
-0.9999983927110507
-0.999961615302311
-0.9997394563606647
-0.010900859877258529
-0.43736722907419057
-0.9900738489078692
-0.5514711996266117
-0.8022016560619027
-0.9818646733812544
-0.9714112788614679
-0.6203873613014369
-0.9999657461061203
0.5560116164606679
0.2096261999136324
-0.599207469233566
-0.9999297612545974
-0.9997321532406813
-0.10093650977789292
-0.9719981493298567
-0.9996235030442794
-0.999342087314629
-0.9628460765068473
-0.9999379497238111
0.3518127249491714
-0.9999462645045467
-0.9999836313063846
-0.9996150498621381
-0.9999166977781202
-0.6930867245608106
-0.9964841704676037
0.6142190000792294
-0.9991770513879437
-0.2885827015127873
-0.99938746855359
-0.9912544809816439
-0.9999959478270712
-0.9991922900658701
-0.9999935813490911
-0.9974269834658568
-0.37093208245927867
-0.9749918836316154
-0.9540940386663721
-0.9999961445030137
-0.7932197944382375
-0.9895668953036156
-0.9667621159489791
-0.9853846153854623
-0.8552801055462016
-0.9975766983166658
-0.9885398006609827
-0.9999593829672199
-0.9981893130169578
-0.9979706629577539
-0.9993832121133196
-0.9221020361567462
-0.9960788694291463
-0.9999942115714522
-0.9821651477976684
-0.6406585859488662
-0.6395243594247393
-0.999808510960935
-0.9998627655999827
-0.9981655809057101
-0.9997691517387364
-0.9999978171638931
-0.9926615500241662
-0.9999981368441698
0.930321567125689
-0.519439584747106
-0.9999961274392924
-0.9999962067325325
-0.9999513882407871
-0.9853846153854621
-0.9971995566593331
-0.743082833625623
-0.7676149720763532
-0.9950661045015565
-0.9999929732915758
-0.9987113948181952
-0.9992372060824
-0.9999892943103413
-0.9998732055843418
-0.9997321258734548
0.4572795920596331
-0.9683367907738376
-0.9999578059697123
0.8084875372134364
-0.20928945666415222
-0.5133509710812111
-0.9866746659663058
-0.01435197455127013
-0.9999987408405341
-0.9994314943189302
-0.9999697357396801
0.9170065525510596
-0.9974269834658568
-0.9997476140529477
-0.9119394174886831
-0.8402404332966276
0.046881007021797094
-0.9999633827904113
-0.9999947445566714
-0.9993087521311377
-0.9770864280256208
-0.9678481724452757
-0.8464274300462536
-0.9988698000999678
-0.9981878259023375
-0.9999969515710163
-0.9991032727729604
-0.9996058461834918
-0.9999026311496435
-0.8371222637322947
-0.9784622217593717
0.7894934045906321
-0.9999959888835226
-0.999997388653182
-0.9999961445030137
-0.9985998586273317
-0.9992485987828287
0.8672350473048736
-0.991120023331921
-0.9999396826694231
-0.999772168460889
-0.9662711074615689
-0.6973126397819516
-0.989923596653535
-0.999999007772652
-0.9997411570810857
-0.9866753396175115
-0.9999946151845877
-0.7964561184796977
-0.9950758873861795
-0.9999854972618529
-0.9999334345470705
-0.30999967691402497
-0.9999904216034692
-0.9999022210078127
-0.9882969283132622
-0.9998826823323661
-0.995332616378188
-0.9995818290532805
-0.9999980968746148
-0.5018698661713317
-0.9999996510661103
0.5890200402986381
-0.9934781370224726
0.8835585661724334
-0.9954419055238216
-0.9999146105572589
-0.999970743853634
-0.8700331567710513
-0.996861880179094
-0.999997870661291
-0.9999996510661103
-0.9658890064365904
-0.9999996689129195
-0.9999906178006822
-0.9994918233491689
-0.9999958484798545
-0.873016000640485
0.9249474331543657
-0.9981032286198093
-0.882474809339277
-0.9999509628835682
-0.9999354431199935
-0.9997453036402942
-0.999995643755629
-0.7643978895580527
-0.7422076450067738
-0.9998983535400725
-0.21601611487846617
-0.024898578450561648
-0.9852464927049188
-0.9996270205538127
-0.9999376607332413
-1.0
0.7826179923089296
-0.9998918737195591
-0.9999968204686764
-0.8125958985003302
-0.9947564565210772
1.0
-0.9982007977002475
-0.9970623101999035
-0.9999244789289794
-0.9949956289293551
-0.9999985521746496
-0.9999957191457944
-0.999998273051849
0.03592596300914308
-0.9999976718248649
-0.9999814703351999
-0.9998536521239726
-0.9999712886337273
-0.9999902626657183
-0.9993933678562067
-0.9910817567207459
-0.999931111516632
-0.9995646545573303
-0.999985772474984
-0.9994230523263644
-0.999732125873455
-0.9999643109438306
-0.9999779757550212
-0.9998677788408882
-0.999606055054618
-0.9981348175767776
-0.9991770513879437
-0.9119394174886831
-0.999600387265493
-0.999070071586906
-0.9995453055486302
-0.999985736713823
-0.9986904439315933
-0.9998680315255043
-0.9924556372010308
-0.9946743621306939
-0.997295511387639
-0.9984072707207059
-0.9618675831505719
-0.9999955772065436
-0.999841876735659
-0.9999833495956801
-0.9973864802329083
-0.4487463322748295
-0.9840412419924146
-0.7823585280905101
-0.9999971642609364
-0.9142991601950887
CENT
-0.6673949524131371
-0.9150099994175733
-0.8798338750015238
-0.9735245742347206
-0.9382963120568201
-0.8036100839850324
-0.47661683283312595
-0.8396134901058576
-0.7585480580713453
-0.20602451006780664
-0.6261452373403047
-1.0
-0.7643340652134178
-0.9939553674478121
-0.9978974942497496
-0.8797137135899326
-0.890766767952772
-0.906109458139216
-0.523892911139568
-0.4732204626261304
-0.6695949765929308
-0.947957339795308
-0.5561632615004453
0.35284390804154
-0.6457721627720805
-0.7881480176387979
-0.7943727424672707
-0.984490655420464
-0.9042505545985653
-0.7451657139567969
-0.9916363094332432
-0.8305510679789807
-0.8133627491454115
-0.8572986248566332
-0.9954296221503421
-0.9916363094332432
-0.5719012492830116
-0.8650300596899818
-0.4757750827341608
0.04180655347170936
-0.9134932684461475
-0.12065276416712711
-0.6607741925464041
-1.0
-0.7840836923239172
-0.4886094223790829
-0.8558273457395829
-0.2684792568165053
-0.5559878817829547
-0.8800849857518618
-0.8996110557323165
-0.40386431379107246
-0.8565631046796134
-0.9055158981892394
-0.1798311926232189
0.344701655098806
-0.8690005298685671
-0.9508406094592532
-0.8928099235287315
-0.742753111566365
-0.28555670569686875
-0.6391370968853202
-0.756133796085008
-0.6008770118051411
-0.9908920591435721
-0.2473900807427012
-0.938889385682765
-0.7988506758380512
-0.2521145960952774
-0.8313949613225314
-0.9937697794524722
-0.7328317348433111
-0.7988506758380512
-0.6754803468407546
-0.9779781713920865
-0.7993745973981464
-0.6538387875830807
-0.8170053628685847
-0.39697365274141694
0.05840019378862582
-0.1582984201758707
0.7225972532451141
-0.6413912045667368
-0.6399305755706066
-0.9994321890470046
-0.36026876729648205
-0.9066470217773732
-0.795871937217506
-0.9981611003209696
-0.4465230879726335
-0.9939452802229589
-0.5003483623434379
-0.9312447272109683
-0.00016764857759599128
-0.5193517332810629
-0.9423113831781219
-0.47489517841717366
-0.8441444159121959
-0.5366262837129637
-0.9443847038732257
-0.9916363094332432
0.5075106691231546
-0.8331489057186837
-0.9902642184080886
-0.4649109812759026
-0.8558273457395829
-0.7847649400785651
0.22080077085088723
0.005872620025948461
-0.9541929360267437
-0.6581599128375504
0.19587645975626966
-0.7380120552413485
-0.860245879411332
-0.7231565567895535
-0.8603247661341005
-0.8772738078727003
-0.7831081902184306
-0.17549310040775357
0.21232653544605173
-0.2358663458943241
-0.9557300920254812
-0.2794518944632768
-0.6376847179052086
-0.4591449929968201
-0.9409673701900392
-0.9779781713920865
-0.8892108497602723
-0.8798338750015238
-0.7701758796571478
-0.5405901625853096
-0.8959201773077725
-0.9992331394230447
-0.5900832184247026
-0.6441857179349437
-0.7940604695779475
-0.7084775704427013
-0.4864025642104074
0.6775888239317727
-0.8561486167788871
-0.6276429790509575
-0.796045095319251
-0.7974826852355709
0.262542999523812
-0.8273796781371017
-0.6297404314755498
0.8249198773483044
-0.9675939315153866
-0.8558273457395829
-0.9918260062892036
-0.9809860436561623
-0.36288335469379096
-0.9911592387166788
-0.7156882637192006
-0.78826117414237
-0.7387806204711043
-0.3114644660644973
0.03566885836726641
-0.9326594122824005
-0.4759060045458863
-0.9071337923039081
-0.9025327799667425
-0.869770516124271
-0.7065104542057103
-0.842300526044522
-0.7597322519257901
-0.6749918034552618
-0.5421413585032685
-0.9353948887698047
-0.7098766077267029
-0.845315328597983
-0.727145173441974
-0.5670969857185544
-0.8151889376920164
-0.7046378126145072
-0.8114352817347644
-0.7958059110270395
-0.14962386530882255
-0.8711168867139514
-0.3020241857877748
-0.9925669764238891
-0.8028938314222668
-0.9410835370203672
-0.9143879005536495
-0.8805966439126529
-0.931470835768224
-0.8036813178748939
-0.9985187540356643
-0.5386763022542901
-0.6984033616450587
-0.47187166292032445
-0.8001898992873442
-0.6421605100231031
-0.6604665427584977
-0.9986221820864727
0.7165885102738363
-0.3546408752524467
-0.8029547766806698
-0.7748034268098565
0.56880738698206
-0.9453983408050548
-0.8446867414400779
-0.7927040052588423
-0.7103079124422182
-0.7059174565026635
-0.6466932828126454
-0.7521131656979547
-0.6649494649912704
-0.9567188930751293
0.33129481026286745
-0.900819723537021
-0.37973619572468487
0.023731317056383094
-0.31873282684161286
-0.8432131064331057
-0.980292136284002
-0.9556513129738547
-0.374794867930749
-0.890966609230389
-0.826643329040803
-0.222369762697052
-0.8524355418861785
-0.9903655611418752
-0.8798338750015238
-0.7748034268098565
0.5009664572391666
-0.8830831965266895
-0.9312725801363324
-0.476042457183386
-0.5929665644852549
0.05133300853793932
-0.33543047240258705
-0.4733987878193353
-0.9165926007367926
-0.9261696471340202
-0.8427496214072329
-0.9741932736788727
-0.7598470103239144
-0.5822916444083958
-0.8501070843522956
-0.8089674843714466
-0.6656205336059813
-0.8728205402126271
-0.8886279220238166
-0.6936820707134517
-0.0012388430990417643
-0.3944481579485406
-0.47187166292032445
-0.5092575551177367
-0.9969259045425938
-0.8826661528864658
-0.7866155763600525
-0.668475134802303
-0.5835326802218272
-0.570072471385471
-0.6592957612892254
-0.7400264677960117
1.0
-0.7316902313102229
0.21816505940286124
-0.8502769404023129
-0.8430488775391295
-0.9410068301373933
-0.9978974942497496
-0.8085628350012894
0.5040113547286382
-0.9450442483697941
-0.8356025154272745
-0.9703412063483516
-0.9986221820864727
-0.9320172300987877
-0.8681542502668551
-0.9207001633641282
-0.5595156586131946
-0.3440134325608517
-0.9464859001981146
-0.7745449019068585
0.09007598016666885
-0.6418426181496728
-0.9992331394230447
-0.9723371102296124
-0.9874903174764145
-0.6550466501755832
-0.9854678820251268
-0.2134759127999435
-0.6377343811770171
-0.9294331406962778
-0.692582565482042
-0.7928327874626622
-0.6964114751200342
-0.28815824012718816
-0.7409185136024188
-0.5371117604714644
0.15405935229345302
-0.7169188288193831
-0.844388510585945
-0.9941948542384431
-0.7208358693007151
-0.7080704494691727
-0.8310120810771681
-0.5383914566102338
-0.9679154752998944
-0.9063191754583257
-0.8804646730349536
-0.34112095259432684
-0.9905423898272318
-0.9941948542384431
-0.32543132079250625
-0.9950170014843076
-0.6848436998934591
-0.8736874531111641
-0.6546971301185407
-0.9990099840804741
-0.6589671919484111
0.19543761788577863
-0.8096456650146777
-0.6280647662476426
-0.7471929617339715
-0.37829436893246826
-0.6985068532895659
-0.18735671178142577
-0.508339998750537
0.26786057601390545
-0.7243561247854042
-0.5811894953567516
-0.8414847701890826
-0.7120733233611715
-0.8696619566420867
-1.0
-0.7190900249382954
-0.7198031351122924
-0.777153118786134
-0.8892108497602723
-0.300340164177024
-0.7388396075501225
-0.89963259078841
-0.12386771818522568
-0.7215551465528146
-0.8296824723064681
-0.9675939315153866
-0.986027678398955
-0.9551883643523249
-0.7135467362004586
-0.9787587902393452
-0.995674735557001
-0.38630162459311124
0.20892987252192374
-0.5493482198288098
-0.7754827791520497
-0.1124749400023417
-0.9709585075512828
-0.034671528563931964
-0.9559388952376963
-0.30654331753131725
-0.9261696471340202
-0.5363923712108681
-0.8760214897270524
-0.252393386030176
-0.9776701825893092
-0.5062011461282048
-0.9143879005536495
-0.9969259045425938
-0.9100786048602151
-0.3344998627613526
-0.6789050752006861
-0.9570786656377906
-0.04180728171190651
-0.8679038628288367
-0.07164308131397135
-0.512108858452637
-0.9320698639040484
-0.872528861320333
-0.8272773939292701
-0.9491046204089411
0.3262470630163876
-0.835505349985471
-0.9101165690713864
-0.85684191679156
-0.5273229057735027
-0.9638936003846665
-0.8051873858085631
0.8708758771648322
DEGREE_RANK
0.5223097112860893
-0.40157480314960625
-0.0813648293963255
-0.8267716535433072
-0.7480314960629921
-0.6640419947506562
0.5275590551181104
0.8792650918635172
-0.07611548556430436
0.28083989501312345
-0.6587926509186353
-0.984251968503937
-0.2493438320209973
-0.916010498687664
-0.952755905511811
-0.5433070866141733
-0.7427821522309712
0.8057742782152231
-0.5380577427821522
0.6377952755905512
0.9370078740157479
0.7480314960629921
-0.39632545931758534
0.13910761154855633
0.753280839895013
0.14435695538057747
-0.5328083989501313
0.1496062992125986
-0.821522309711286
-0.07086614173228345
-0.8792650918635171
0.6430446194225723
-0.8162729658792651
-0.6535433070866142
-0.910761154855643
-0.8740157480314961
0.7585301837270342
-0.5275590551181102
-0.2440944881889764
0.5328083989501313
-0.3910761154855642
-0.23884514435695536
-0.23359580052493434
-1.0
0.6482939632545932
0.5380577427821522
-0.06561679790026242
-0.8110236220472441
-0.5223097112860893
0.6535433070866141
0.28608923884514437
0.7637795275590551
-0.3858267716535433
-0.0603674540682414
-0.5170603674540682
0.5433070866141732
-0.38057742782152226
0.8845144356955381
-0.868766404199475
0.42257217847769035
0.5485564304461943
0.15485564304461952
0.973753280839895
0.9527559055118111
-0.37532808398950124
-0.5118110236220472
-0.7375328083989501
0.2913385826771655
-0.055118110236220486
-0.5065616797900263
-0.8057742782152231
0.16010498687664043
0.2965879265091864
0.42782152230971127
0.16535433070866135
0.8110236220472442
-0.3700787401574803
0.17060367454068226
-0.2283464566929133
0.4330708661417324
-0.5013123359580053
0.847769028871391
-0.3648293963254593
-0.04986876640419946
-0.979002624671916
-0.6482939632545932
-0.2230971128608924
-0.6430446194225722
-0.9055118110236221
0.17585301837270362
-0.94750656167979
-0.3595800524934383
0.8530183727034122
0.889763779527559
-0.6377952755905512
0.9212598425196852
-0.21784776902887126
0.658792650918635
0.5538057742782152
0.5590551181102361
-0.863517060367454
0.30183727034120733
0.6640419947506562
-0.8005249343832022
-0.35433070866141725
-0.044619422572178546
0.8950131233595799
-0.03937007874015741
-0.034120734908136496
-0.34908136482939633
-0.6325459317585302
0.4383202099737533
0.18110236220472453
-0.3438320209973753
-0.02887139107611547
0.44356955380577423
0.9265091863517061
0.6692913385826773
-0.7952755905511811
-0.3385826771653543
0.8582677165354331
0.769028871391076
-0.21259842519685035
-0.6272965879265092
-0.6220472440944882
-0.49606299212598415
0.18635170603674545
0.44881889763779514
-0.023622047244094446
0.958005249343832
0.30708661417322825
-0.20734908136482944
-0.49081364829396323
0.3123359580052494
0.6745406824146982
-0.01837270341207342
-0.8582677165354331
0.3175853018372705
0.9002624671916011
-0.2020997375328084
-0.33333333333333326
0.6797900262467191
0.4540682414698163
-0.19685039370078738
-0.973753280839895
-0.013123359580052507
-0.007874015748031371
-0.002624671916010457
0.002624671916010568
-0.8530183727034121
0.007874015748031482
0.013123359580052618
-0.4855643044619422
-0.19160104986876636
0.5643044619422573
0.8162729658792651
0.821522309711286
0.19160104986876636
-0.18635170603674545
0.7742782152230971
-0.6167979002624672
-0.9685039370078741
-0.1811023622047243
-0.994750656167979
0.905511811023622
0.9107611548556429
0.8267716535433072
-0.1758530183727034
-0.7900262467191601
0.5695538057742784
-0.32808398950131235
-0.17060367454068237
-0.847769028871391
0.018372703412073532
0.023622047244094446
0.8320209973753281
0.02887139107611536
-0.6115485564304461
0.5748031496062993
-0.7322834645669292
-0.9002624671916011
0.4593175853018374
0.916010498687664
-0.4803149606299212
0.1968503937007875
-0.6062992125984252
0.68503937007874
-0.963254593175853
0.034120734908136496
0.46456692913385833
0.32283464566929143
0.32808398950131235
0.33333333333333326
-0.16535433070866135
-0.7847769028871391
0.3385826771653544
-0.3228346456692912
0.46981627296587924
-0.47506561679790027
0.3438320209973753
-0.7270341207349081
0.03937007874015763
-0.46981627296587924
-0.4645669291338582
-0.4593175853018372
0.3490813648293962
0.2020997375328084
0.6902887139107612
-0.3175853018372703
0.044619422572178546
-0.3123359580052494
-0.16010498687664043
0.04986876640419946
-0.1548556430446194
0.055118110236220375
0.06036745406824151
0.20734908136482932
0.5800524934383202
0.35433070866141736
0.9790026246719159
0.3595800524934385
0.7795275590551183
-0.7217847769028871
0.06561679790026242
-0.4540682414698163
0.47506561679790016
0.5853018372703411
-0.6010498687664043
0.6955380577427821
-0.1496062992125985
-0.14435695538057736
-0.13910761154855644
0.21259842519685046
-0.5958005249343832
-0.5905511811023623
0.863517060367454
-0.5853018372703412
-0.30708661417322836
0.9947506561679791
0.3648293963254594
0.21784776902887137
-0.30183727034120733
0.4803149606299213
0.4855643044619422
-0.13385826771653542
-0.1286089238845144
1.0
0.3700787401574803
-0.12335958005249337
-0.8425196850393701
0.590551181102362
0.5958005249343832
0.07086614173228356
0.700787401574803
0.2230971128608925
0.22834645669291342
0.07611548556430447
0.7060367454068242
-0.44881889763779526
0.23359580052493434
0.6010498687664043
-0.5800524934383202
0.4908136482939631
-0.9422572178477691
0.23884514435695525
0.37532808398950124
0.931758530183727
0.38057742782152215
0.3858267716535433
-0.7795275590551182
-0.937007874015748
-0.44356955380577423
0.9422572178477691
0.7847769028871392
-0.4383202099737532
0.3910761154855644
0.6062992125984252
-0.2965879265091863
-0.11811023622047245
-0.4330708661417323
0.08136482939632561
0.08661417322834652
0.7112860892388453
-0.7165354330708662
0.7900262467191601
-0.11286089238845132
-0.89501312335958
0.6115485564304461
-0.8372703412073491
-0.889763779527559
0.39632545931758534
-0.5748031496062993
0.09186351706036744
-0.2913385826771654
0.09711286089238835
0.2440944881889764
-0.7112860892388452
0.984251968503937
0.6167979002624673
0.9632545931758529
0.8687664041994749
-0.7060367454068242
-0.7742782152230971
0.40157480314960625
0.7165354330708662
-0.1076115485564304
-0.7007874015748032
0.7217847769028871
-0.7690288713910761
-0.9895013123359581
-0.5695538057742782
0.6220472440944882
-0.931758530183727
0.9685039370078741
-0.28608923884514426
0.49606299212598426
0.24934383202099752
0.25459317585301844
0.10236220472440949
0.837270341207349
-0.28083989501312334
0.25984251968503935
-0.2755905511811023
0.727034120734908
0.8425196850393701
0.7322834645669292
-0.6955380577427821
-0.42782152230971116
-0.958005249343832
0.9475065616797902
-0.6902887139107612
0.795275590551181
0.5013123359580054
0.26509186351706027
0.9895013123359582
0.10761154855643063
-0.5643044619422573
0.2703412073490814
-0.10236220472440949
0.11286089238845154
-0.6850393700787402
0.11811023622047245
0.8740157480314961
0.2755905511811023
-0.8845144356955381
-0.7637795275590551
-0.2703412073490813
0.12335958005249337
0.4068241469816274
0.5065616797900263
-0.7585301837270342
-0.2650918635170604
-0.7532808398950132
-0.42257217847769024
-0.5590551181102362
-0.5538057742782152
-0.6797900262467191
-0.09711286089238846
0.4120734908136483
-0.25984251968503935
-0.4173228346456693
-0.8320209973753281
0.6272965879265091
0.6325459317585302
-0.25459317585301844
-0.09186351706036744
0.1286089238845145
-0.4120734908136482
0.7375328083989503
-0.08661417322834641
-0.9265091863517061
-0.6745406824146982
-0.4068241469816273
-0.5485564304461943
0.4173228346456692
0.5118110236220472
-0.9212598425196851
0.13385826771653542
0.8005249343832019
-0.6692913385826771
0.7427821522309712
0.5170603674540681
EIGENVECTOR_RANK
0.12335958005249337
-0.7322834645669292
-0.5275590551181102
-0.08661417322834641
0.590551181102362
-0.847769028871391
0.8057742782152231
0.8950131233595799
-0.7795275590551182
-0.5800524934383202
-0.6325459317585302
0.4855643044619422
0.5485564304461943
0.5433070866141732
-0.44356955380577423
-0.055118110236220486
0.6220472440944882
0.8320209973753281
-0.23359580052493434
0.863517060367454
0.9265091863517061
0.8740157480314961
-0.1496062992125985
0.018372703412073532
0.795275590551181
0.35433070866141736
-0.28083989501312334
-0.868766404199475
0.5695538057742784
-0.023622047244094446
-0.6115485564304461
0.658792650918635
-0.25984251968503935
-0.6272965879265092
0.5590551181102361
-0.6010498687664043
0.30183727034120733
-0.3175853018372703
0.30708661417322825
0.3910761154855644
-0.3858267716535433
-0.1811023622047243
0.4540682414698163
-0.6902887139107612
0.5853018372703411
0.1968503937007875
-0.42257217847769024
0.3648293963254594
-0.13910761154855644
-0.9055118110236221
-0.952755905511811
0.17060367454068226
-0.8792650918635171
-0.35433070866141725
-0.6220472440944882
0.3385826771653544
0.4593175853018374
0.931758530183727
-0.2020997375328084
-0.8005249343832022
0.08136482939632561
0.44356955380577423
0.9632545931758529
0.9475065616797902
-0.916010498687664
0.2230971128608925
-0.39632545931758534
0.2703412073490814
-0.6850393700787402
-0.0813648293963255
0.3175853018372705
0.7322834645669292
0.26509186351706027
-0.6482939632545932
-0.2965879265091863
0.10761154855643063
0.044619422572178546
0.013123359580052618
0.055118110236220375
0.7112860892388453
0.3123359580052494
0.16535433070866135
-0.21259842519685035
-0.5065616797900263
-0.7217847769028871
0.37532808398950124
0.7637795275590551
-0.034120734908136496
-0.5433070866141733
-0.3385826771653543
-0.994750656167979
-0.7165354330708662
0.8582677165354331
0.8792650918635172
-0.3438320209973753
0.958005249343832
0.2913385826771655
-0.863517060367454
-0.7690288713910761
-0.937007874015748
-0.6062992125984252
0.46981627296587924
-0.23884514435695536
0.5380577427821522
0.18635170603674545
-0.42782152230971116
0.889763779527559
0.06036745406824151
0.1496062992125986
0.6955380577427821
-0.40157480314960625
0.4120734908136483
-0.6430446194225722
-0.5905511811023623
0.5643044619422573
0.6640419947506562
0.9685039370078741
0.33333333333333326
0.10236220472440949
0.47506561679790016
0.8162729658792651
0.8425196850393701
0.40157480314960625
0.3595800524934385
-0.3700787401574803
0.7375328083989503
-0.30183727034120733
0.6010498687664043
-0.5223097112860893
0.9212598425196852
0.7795275590551183
-0.963254593175853
-0.9685039370078741
-0.7742782152230971
0.6430446194225723
0.18110236220472453
-0.044619422572178546
-0.7427821522309712
0.8005249343832019
0.38057742782152215
-0.5380577427821522
0.11286089238845154
0.7585301837270342
-0.07086614173228345
-0.7532808398950132
0.5065616797900263
0.08661417322834652
-0.94750656167979
-0.4173228346456693
0.5170603674540681
-0.889763779527559
-0.10236220472440949
-0.931758530183727
-0.5590551181102362
-0.28608923884514426
0.837270341207349
0.7480314960629921
0.22834645669291342
0.7060367454068242
0.6062992125984252
0.32808398950131235
0.39632545931758534
0.6902887139107612
-0.5748031496062993
0.905511811023622
0.8687664041994749
0.700787401574803
-0.46981627296587924
-0.2755905511811023
0.8110236220472442
0.3858267716535433
-0.2493438320209973
-0.14435695538057736
0.4383202099737533
-0.49606299212598415
0.8845144356955381
-0.5118110236220472
-0.6640419947506562
-0.2440944881889764
-0.4593175853018372
0.6745406824146982
0.09186351706036744
0.916010498687664
-0.1076115485564304
0.7742782152230971
-0.16010498687664043
0.20734908136482932
-0.8110236220472441
-0.11811023622047245
-0.7375328083989501
0.034120734908136496
0.753280839895013
0.3700787401574803
0.46456692913385833
-0.8267716535433072
0.6167979002624673
0.23884514435695525
0.42257217847769035
0.28083989501312345
0.5328083989501313
0.023622047244094446
0.2440944881889764
-0.5538057742782152
-0.01837270341207342
0.007874015748031482
-0.1548556430446194
0.4803149606299213
0.09711286089238835
-0.7480314960629921
0.32283464566929143
0.6797900262467191
0.68503937007874
-0.33333333333333326
-0.3648293963254593
-0.007874015748031371
-0.3228346456692912
-0.89501312335958
0.19160104986876636
-0.9212598425196851
0.9947506561679791
0.7165354330708662
-0.821522309711286
-0.8372703412073491
-0.5328083989501313
0.2755905511811023
0.06561679790026242
0.6482939632545932
0.6325459317585302
0.13910761154855633
-0.7270341207349081
-0.06561679790026242
-0.12335958005249337
-0.6955380577427821
-0.3910761154855642
-0.2650918635170604
0.9002624671916011
0.4068241469816274
-0.5485564304461943
0.9527559055118111
0.7900262467191601
0.7217847769028871
0.25984251968503935
0.8267716535433072
-0.958005249343832
-0.1758530183727034
-0.5853018372703412
0.984251968503937
0.02887139107611536
-0.3123359580052494
0.5013123359580054
0.5748031496062993
0.8530183727034122
-0.5643044619422573
-0.7637795275590551
-0.13385826771653542
0.3490813648293962
0.4173228346456692
0.5538057742782152
-0.07611548556430436
-0.013123359580052507
-0.8530183727034121
-0.09711286089238846
-0.2230971128608924
-0.44881889763779526
0.5800524934383202
0.3438320209973753
0.9422572178477691
-0.8162729658792651
-0.8740157480314961
-0.8320209973753281
-0.04986876640419946
-0.1286089238845144
0.973753280839895
0.21259842519685046
-0.5013123359580053
-0.32808398950131235
0.42782152230971127
0.6692913385826773
0.23359580052493434
-0.973753280839895
-0.2913385826771654
0.25459317585301844
-0.7585301837270342
0.6115485564304461
0.13385826771653542
-0.6692913385826771
-0.4803149606299212
0.769028871391076
-0.7060367454068242
-0.4383202099737532
0.24934383202099752
-0.4068241469816273
0.1286089238845145
-0.20734908136482944
-0.910761154855643
0.727034120734908
-0.984251968503937
0.9107611548556429
0.17585301837270362
0.9790026246719159
0.11811023622047245
-0.4540682414698163
-0.5958005249343832
0.5275590551181104
0.07611548556430447
-0.9002624671916011
-0.979002624671916
0.4330708661417324
-0.9895013123359581
-0.7112860892388452
-0.18635170603674545
-0.8057742782152231
0.5223097112860893
0.9895013123359582
0.002624671916010568
0.5118110236220472
-0.5170603674540682
-0.4855643044619422
-0.30708661417322836
-0.7900262467191601
0.6377952755905512
0.6535433070866141
-0.4330708661417323
0.7847769028871392
0.821522309711286
0.28608923884514437
-0.25459317585301844
-0.49081364829396323
-1.0
0.9370078740157479
-0.4120734908136482
-0.8425196850393701
0.5958005249343832
0.15485564304461952
1.0
-0.02887139107611547
0.07086614173228356
-0.4645669291338582
0.14435695538057747
-0.9422572178477691
-0.7952755905511811
-0.9265091863517061
0.847769028871391
-0.8845144356955381
-0.6535433070866142
-0.3595800524934383
-0.6167979002624672
-0.7007874015748032
-0.16535433070866135
0.21784776902887137
-0.47506561679790027
-0.19685039370078738
-0.6797900262467191
-0.17060367454068237
-0.2703412073490813
-0.5695538057742782
-0.6377952755905512
-0.37532808398950124
-0.2283464566929133
-0.002624671916010457
-0.11286089238845132
0.49606299212598426
-0.21784776902887126
-0.09186351706036744
-0.19160104986876636
-0.6745406824146982
-0.0603674540682414
-0.38057742782152226
0.2020997375328084
0.16010498687664043
0.04986876640419946
-0.03937007874015741
0.44881889763779514
-0.7847769028871391
-0.34908136482939633
-0.6587926509186353
0.03937007874015763
0.7427821522309712
0.2965879265091864
0.6272965879265091
-0.8582677165354331
0.4908136482939631
CENT_RANK
0.26509186351706027
-0.5590551181102362
-0.4120734908136482
-0.7690288713910761
-0.6272965879265092
-0.11286089238845132
0.5538057742782152
-0.21784776902887126
0.044619422572178546
0.7742782152230971
0.3910761154855644
-1.0
0.02887139107611536
-0.89501312335958
-0.9422572178477691
-0.39632545931758534
-0.4593175853018372
-0.5118110236220472
0.5065616797900263
0.5853018372703411
0.25459317585301844
-0.6797900262467191
0.44881889763779514
0.9475065616797902
0.32808398950131235
-0.02887139107611547
-0.055118110236220486
-0.8110236220472441
-0.5013123359580053
0.06561679790026242
-0.868766404199475
-0.18635170603674545
-0.1496062992125985
-0.3175853018372703
-0.916010498687664
-0.863517060367454
0.42782152230971127
-0.33333333333333326
0.5695538057742784
0.863517060367454
-0.5433070866141733
0.8110236220472442
0.28083989501312345
-0.994750656167979
-0.013123359580052507
0.5433070866141732
-0.2965879265091863
0.7375328083989503
0.4540682414698163
-0.4173228346456693
-0.4803149606299212
0.6167979002624673
-0.30708661417322836
-0.5065616797900263
0.7847769028871392
0.9422572178477691
-0.34908136482939633
-0.6902887139107612
-0.46981627296587924
0.07086614173228356
0.727034120734908
0.3595800524934385
0.04986876640419946
0.39632545931758534
-0.847769028871391
0.753280839895013
-0.6325459317585302
-0.08661417322834641
0.7480314960629921
-0.19685039370078738
-0.8845144356955381
0.10236220472440949
-0.0813648293963255
0.2440944881889764
-0.7900262467191601
-0.09186351706036744
0.3175853018372705
-0.16010498687664043
0.6220472440944882
0.8740157480314961
0.795275590551181
0.984251968503937
0.3490813648293962
0.35433070866141736
-0.984251968503937
0.658792650918635
-0.5223097112860893
-0.06561679790026242
-0.94750656167979
0.6115485564304461
-0.889763779527559
0.5380577427821522
-0.5905511811023623
0.8425196850393701
0.5118110236220472
-0.6535433070866142
0.5748031496062993
-0.2493438320209973
0.4908136482939631
-0.6587926509186353
-0.8582677165354331
0.9632545931758529
-0.2020997375328084
-0.8320209973753281
0.6010498687664043
-0.2913385826771654
-0.01837270341207342
0.916010498687664
0.847769028871391
-0.6955380577427821
0.30183727034120733
0.8950131233595799
0.09711286089238835
-0.3228346456692912
0.12335958005249337
-0.32808398950131235
-0.3910761154855642
-0.007874015748031371
0.7900262467191601
0.905511811023622
0.7585301837270342
-0.7112860892388452
0.7322834645669292
0.3700787401574803
0.6062992125984252
-0.6377952755905512
-0.7847769028871391
-0.4540682414698163
-0.4068241469816273
0.023622047244094446
0.46981627296587924
-0.47506561679790027
-0.979002624671916
0.4068241469816274
0.33333333333333326
-0.04986876640419946
0.18110236220472453
0.5485564304461943
0.973753280839895
-0.30183727034120733
0.3858267716535433
-0.07086614173228345
-0.07611548556430436
0.9212598425196852
-0.1758530183727034
0.37532808398950124
0.9895013123359582
-0.7427821522309712
-0.28608923884514426
-0.8740157480314961
-0.8057742782152231
0.6535433070866141
-0.8530183727034121
0.15485564304461952
-0.034120734908136496
0.09186351706036744
0.700787401574803
0.8582677165354331
-0.6167979002624672
0.5643044619422573
-0.5275590551181102
-0.49606299212598415
-0.3595800524934383
0.19160104986876636
-0.2283464566929133
0.03937007874015763
0.24934383202099752
0.46456692913385833
-0.6220472440944882
0.17585301837270362
-0.2650918635170604
0.11286089238845154
0.4383202099737533
-0.1548556430446194
0.2020997375328084
-0.14435695538057736
-0.0603674540682414
0.8005249343832019
-0.3648293963254593
0.7112860892388453
-0.8792650918635171
-0.10236220472440949
-0.6482939632545932
-0.5538057742782152
-0.42782152230971116
-0.6010498687664043
-0.11811023622047245
-0.952755905511811
0.47506561679790016
0.21259842519685046
0.590551181102362
-0.09711286089238846
0.3385826771653544
0.28608923884514437
-0.963254593175853
0.9790026246719159
0.6640419947506562
-0.1076115485564304
0.007874015748031482
0.9685039370078741
-0.6692913385826771
-0.25984251968503935
-0.03937007874015741
0.17060367454068226
0.1968503937007875
0.32283464566929143
0.055118110236220375
0.2755905511811023
-0.7217847769028871
0.9370078740157479
-0.49081364829396323
0.6377952755905512
0.8530183727034122
0.6955380577427821
-0.2440944881889764
-0.8005249343832022
-0.7060367454068242
0.6482939632545932
-0.4645669291338582
-0.16535433070866135
0.7637795275590551
-0.28083989501312334
-0.8372703412073491
-0.40157480314960625
0.013123359580052618
0.9527559055118111
-0.4383202099737532
-0.5958005249343832
0.5590551181102361
0.40157480314960625
0.8687664041994749
0.6797900262467191
0.5800524934383202
-0.5643044619422573
-0.5800524934383202
-0.23359580052493434
-0.7742782152230971
0.034120734908136496
0.4173228346456692
-0.2703412073490813
-0.13385826771653542
0.2703412073490814
-0.37532808398950124
-0.44356955380577423
0.2230971128608925
0.837270341207349
0.6272965879265091
0.5958005249343832
0.5223097112860893
-0.931758530183727
-0.4330708661417323
-0.023622047244094446
0.25984251968503935
0.4120734908136483
0.4330708661417324
0.2913385826771655
0.08136482939632561
1.0
0.10761154855643063
0.9107611548556429
-0.2755905511811023
-0.23884514435695536
-0.6430446194225722
-0.937007874015748
-0.1286089238845144
0.958005249343832
-0.6640419947506562
-0.21259842519685035
-0.7532808398950132
-0.958005249343832
-0.6062992125984252
-0.3438320209973753
-0.5695538057742782
0.44356955380577423
0.6692913385826773
-0.6745406824146982
0.018372703412073532
0.8792650918635172
0.3438320209973753
-0.973753280839895
-0.7637795275590551
-0.8267716535433072
0.30708661417322825
-0.8162729658792651
0.769028871391076
0.3648293963254594
-0.5853018372703412
0.22834645669291342
-0.044619422572178546
0.21784776902887137
0.7217847769028871
0.07611548556430447
0.4855643044619422
0.8845144356955381
0.1496062992125986
-0.25459317585301844
-0.9055118110236221
0.13385826771653542
0.18635170603674545
-0.19160104986876636
0.4803149606299213
-0.7480314960629921
-0.5170603674540682
-0.42257217847769024
0.6745406824146982
-0.8425196850393701
-0.9002624671916011
0.6902887139107612
-0.910761154855643
0.23359580052493434
-0.38057742782152226
0.3123359580052494
-0.9685039370078741
0.2965879265091864
0.889763779527559
-0.13910761154855644
0.38057742782152215
0.06036745406824151
0.6430446194225723
0.20734908136482932
0.7795275590551183
0.5275590551181104
0.9265091863517061
0.11811023622047245
0.42257217847769035
-0.2230971128608924
0.16535433070866135
-0.35433070866141725
-0.9895013123359581
0.14435695538057747
0.13910761154855633
-0.002624671916010457
-0.44881889763779526
0.7165354330708662
0.08661417322834652
-0.4855643044619422
0.8057742782152231
0.1286089238845145
-0.1811023622047243
-0.7375328083989501
-0.821522309711286
-0.7007874015748032
0.16010498687664043
-0.7952755905511811
-0.9212598425196851
0.6325459317585302
0.9002624671916011
0.4593175853018374
0.002624671916010568
0.8162729658792651
-0.7585301837270342
0.8320209973753281
-0.7165354330708662
0.7060367454068242
-0.5748031496062993
0.49606299212598426
-0.3858267716535433
0.7427821522309712
-0.7795275590551182
0.5328083989501313
-0.5485564304461943
-0.9265091863517061
-0.5328083989501313
0.68503937007874
0.23884514435695525
-0.7270341207349081
0.8267716535433072
-0.3385826771653543
0.821522309711286
0.5170603674540681
-0.6115485564304461
-0.3700787401574803
-0.17060367454068237
-0.6850393700787402
0.931758530183727
-0.20734908136482944
-0.5380577427821522
-0.3123359580052494
0.5013123359580054
-0.7322834645669292
-0.12335958005249337
0.9947506561679791
RANK
11
43
328
84
132
279
312
194
269
187
88
14
263
249
361
344
34
308
296
306
13
90
70
180
149
30
35
100
152
64
305
222
103
281
340
283
27
150
215
343
74
126
358
236
3
280
350
268
301
147
339
379
365
208
352
121
216
341
109
57
373
21
275
200
266
99
95
182
262
125
66
4
168
158
370
270
185
227
92
286
234
354
272
233
1
183
360
40
376
362
160
86
302
17
53
28
161
210
335
50
131
58
218
16
127
332
243
226
250
184
303
49
2
128
223
15
116
356
310
242
371
178
162
327
56
271
367
37
115
113
33
377
52
139
46
105
148
221
260
239
170
201
295
97
214
261
235
164
325
7
267
375
102
69
299
31
338
144
372
219
77
173
32
175
315
240
264
380
186
5
197
181
191
75
67
72
142
141
87
176
26
135
288
202
154
25
251
106
44
117
331
348
198
224
276
129
12
237
165
8
62
206
317
29
59
291
256
334
155
112
71
258
171
323
114
337
297
330
329
294
153
342
326
203
169
136
298
163
204
174
319
189
289
244
287
309
364
73
166
20
252
0
241
207
42
193
255
313
110
282
311
76
205
24
134
192
278
82
83
61
285
123
145
316
140
10
63
229
133
253
238
324
36
254
172
273
22
48
347
167
130
188
300
292
98
355
378
18
94
369
248
321
359
91
45
137
6
228
159
38
96
232
19
190
247
104
124
89
51
78
246
345
211
318
217
151
85
196
274
304
231
363
307
213
156
353
179
333
290
60
122
47
357
68
65
120
220
284
9
320
54
118
80
177
336
41
349
368
366
351
245
93
108
212
157
39
230
79
277
293
314
111
346
119
259
107
143
322
374
209
55
23
225
265
101
199
138
195
81
146
381
257
