DEGREE
-0.6875
0.625
-0.375
0.1875
0.625
0.3125
0.25
0.375
-0.625
-1.0
-0.25
0.1875
-0.5
0.125
-0.375
0.4375
0.1875
0.125
0.125
-0.25
0.5625
0.4375
-0.5
0.0
0.0
0.625
0.5
-0.875
-0.375
0.5625
0.1875
0.25
-0.0625
0.25
0.5625
-0.5
0.5
0.375
0.1875
-0.0625
0.125
0.8125
0.0625
0.1875
0.625
0.4375
0.5
0.0
0.0625
-0.5625
0.625
-0.1875
-0.375
-0.0625
-0.125
-0.25
-0.625
0.1875
0.4375
-0.5625
0.8125
0.3125
-0.75
-0.1875
-0.875
0.3125
-0.6875
-0.0625
0.375
-0.9375
0.8125
0.4375
0.75
0.25
0.25
0.75
0.1875
0.5
-0.1875
0.5625
0.625
0.5625
0.625
-0.6875
0.375
0.875
0.25
0.1875
0.625
-0.125
-0.375
-0.0625
0.4375
0.3125
0.0625
0.0625
0.25
0.5625
0.25
-0.625
0.5625
0.5625
0.3125
0.3125
-0.4375
-0.25
0.125
0.375
0.4375
0.125
0.4375
0.0625
-0.25
-0.875
-0.3125
0.1875
0.6875
0.3125
0.0
0.0
-0.5
-0.125
0.6875
-0.1875
0.25
0.5
0.0625
0.125
0.125
-0.5
-0.1875
-0.6875
0.5625
-0.75
0.5
-0.0625
-0.25
0.1875
0.3125
0.0625
0.4375
0.4375
0.0
0.1875
0.375
-0.375
0.0
-0.125
0.5625
-0.4375
-0.125
0.375
-0.125
0.375
-0.0625
-0.0625
0.8125
-0.25
0.3125
0.6875
0.5
0.375
0.0
-0.0625
0.4375
0.25
0.5625
0.3125
-0.5
-0.25
-0.75
0.375
-0.75
0.125
-0.25
-0.1875
0.5
-0.0625
0.5625
0.3125
-0.3125
-0.1875
-0.375
-0.125
0.125
0.5625
0.5
-0.375
0.625
0.5625
0.0625
0.1875
0.875
0.8125
-0.125
0.5
0.0625
0.3125
0.0
0.25
0.5625
0.0625
0.875
0.125
-0.3125
0.125
0.0625
0.25
-0.375
0.1875
-0.3125
-0.5
0.3125
0.4375
0.125
0.0625
0.375
-0.8125
0.0
0.75
0.3125
1.0
0.1875
0.0
0.0
0.3125
0.1875
0.75
0.5
0.625
-0.4375
-0.8125
0.375
-0.125
0.0625
0.0625
0.375
0.6875
0.375
0.6875
0.3125
0.3125
0.1875
0.5625
0.5
0.625
-0.375
0.5
0.3125
0.125
0.625
-0.6875
-0.0625
0.3125
0.125
0.5625
0.25
0.375
0.0
0.125
0.0625
-0.1875
0.25
0.4375
0.25
0.375
0.3125
0.25
0.5
-0.6875
0.3125
0.8125
0.5
0.5
0.125
-0.4375
0.1875
0.5625
0.125
-0.3125
0.4375
-0.1875
0.5
0.4375
0.8125
0.0
-0.3125
0.1875
0.75
0.4375
-0.3125
0.625
0.5
0.0
-0.25
0.25
0.125
-0.25
0.0
0.3125
0.5
-0.3125
0.625
-0.4375
0.0
-0.75
0.375
0.25
-0.1875
-0.4375
0.0625
0.0
-0.1875
0.6875
0.0625
0.0625
-0.6875
0.25
0.5
0.5
0.75
0.625
0.3125
0.6875
0.75
0.3125
0.1875
0.1875
0.5625
0.125
0.0625
0.3125
0.8125
0.125
-0.875
0.5625
0.875
0.5
0.4375
0.4375
0.1875
-0.1875
-0.0625
-0.125
0.6875
0.3125
0.125
0.75
-0.75
-0.5625
0.0625
0.0
0.0625
0.375
-0.8125
0.8125
-0.6875
-0.0625
-0.5
0.1875
0.1875
0.25
-0.875
-0.125
0.125
-0.1875
0.3125
0.5625
0.9375
-0.5625
0.0625
-0.375
-0.375
-0.125
0.125
-0.5625
0.5
0.3125
-0.3125
0.125
0.0
0.5625
0.6875
-0.5625
-0.5
-0.0625
0.25
-0.375
0.75
0.5625
0.625
-0.1875
0.125
0.5
0.4375
0.0625
0.3125
0.625
-0.5
-0.5
0.375
0.3125
-0.3125
0.625
1.0
-0.125
0.0
0.5
0.1875
-0.375
-0.125
0.375
-0.6875
0.25
-0.625
0.125
0.6875
0.9375
EIGENVECTOR
-0.8778354810799689
-0.12671063597950805
-0.8508361166938205
-0.8733675614824707
-0.8736806545781677
-0.121325635340235
-0.95000533434841
-0.12637238135175555
-0.9037928233265425
-1.0
-0.9605881535922919
-0.22914892401008025
-0.9742083009548645
-0.9413244232369733
-0.840645742009204
-0.8305524395397303
-0.9355629530836282
-0.8377746848339893
-0.8224497150235008
-0.4385569722793927
0.2649148632127456
0.18010023593184288
-0.9785595286094768
-0.8853556274912202
-0.9651296358304153
-0.21262144691883966
-0.13530979874391091
-0.9759901877380727
-0.9306085628555618
0.04696546088819886
-0.9457918735305577
-0.23536204539887962
-0.8110808572695988
-0.8969577416554961
0.3759123058339715
-0.8903392354051736
-0.12883831100629772
-0.9739474725487917
-0.7236051965102922
-0.26667270502297213
-0.8842217749081027
0.5043391275624081
-0.5842963767004625
-0.32669818261796957
0.41760402399979135
-0.31967187345225667
-0.3756473038914758
-0.46685655288444083
-0.9378620167644522
-0.9909401377751234
-0.8753980108612299
-0.8507613412590244
-0.8745302594844799
-0.8954975927180915
-0.6665334223494285
-0.9665504923453053
-0.9734424564611427
-0.5742993550075088
-0.8855450131396926
-0.8706422504723184
0.4990655315361885
-0.4604225520223315
-0.9343302511127416
-0.7200277138681968
-0.913785999347226
-0.5935443624258484
-0.9406414036123099
0.038091241391485786
-0.22913643120203553
-0.9589931429350259
-0.1688021675037814
-0.6802222842622122
0.7727963467620478
-0.49814304311671354
-0.5947397255710323
-0.269832397606383
-0.9031855005934791
-0.8896996013578293
-0.9592316545324667
-0.9354921724869784
-0.875672837970358
0.6140975008749587
0.6705699749041456
-0.9304096827140633
-0.322905040246003
0.9318609677134024
-0.9743257757207343
-0.846343549651349
0.029841505477171237
-0.8948569687083504
-0.967632580686291
-0.43572629626912507
0.3112771905572076
-0.23768844093368047
-0.6534599734824268
-0.519390264474398
-0.5932525747650457
-0.9020424243618282
-0.9531796403809756
-0.8960846913426409
-0.05373654949057072
0.04929011458399257
0.3261112108342019
-0.2826223834278673
-0.9826119944968685
-0.7598683470478826
-0.6658964195813262
-0.8687651620959588
-0.8416725177442251
-0.6480143048063509
-0.9440480108119448
-0.9610762129703599
-0.9822120939576707
-0.9708547582797389
-0.750838389115769
-0.3638587694922387
-0.8605610268374897
-0.8906693018883917
-0.4772248440489917
-0.8874379907010083
-0.9746130015879888
-0.0032274884583897157
0.6819782968941503
-0.7490290414048019
-0.9281321276289782
-0.7880851726746818
-0.8795679089725729
-0.9391914681743289
-0.31876080888881675
-0.7937769760327148
-0.9300762252995189
-0.9348333702866186
0.6140975008749585
-0.9312738545173926
-0.9602201888105523
-0.7389538031627997
-0.505380366571681
-0.7817239030665667
-0.8725629556270356
-0.845766105467767
-0.9605525671421012
-0.9265345272329161
-0.9072494794902175
-0.9536769883964151
-0.6421054664515833
-0.9302172568089557
-0.9380022917928769
-0.8277142017031156
0.023341294897367915
-0.8408348637443136
-0.9706167063250407
-0.42794945990771116
-0.42475485741377084
-0.7606880143049418
0.038091241391485564
-0.2792824629294781
0.8110408857150848
-0.13990282811926713
-0.3522911999283699
0.3367782662582979
-0.127031220349491
-0.9661587562874905
-0.3503127346156282
-0.8906604259344708
-0.12096286110710164
-0.8605044104117855
-0.048606569054990834
-0.9268875777236434
-0.9921415019269585
-0.7236955120662363
-0.9596206332962585
-0.23628149332274517
-0.9312738545173926
-0.6954151797671869
-0.9665504923453054
-0.9406176660619151
0.47703103762924437
-0.9675056967212438
0.7036261778526061
-0.8352073793362133
-0.9893000398693905
-0.455550231144355
-0.9584020787346269
-0.35871241701122125
-0.3328291743505555
0.7086505242081709
-0.03396136428263685
-0.9721996242140856
0.7034399392972062
0.6452688062689025
-0.8741695893914537
-0.632743247414693
0.3275410512975374
-0.19379397395836562
-0.961013636783018
-0.22247218555941695
-0.7859845934757188
-0.9631321810424531
-0.7753223117813748
-0.9604891186013537
0.12201934731646258
-0.9384022612949079
0.9555933588458021
-0.764072323949475
-0.9145197856358824
-0.9314377243491276
-0.6293194709758838
-0.4177786433774505
-0.9760539981687402
-0.48874937599051504
-0.6916099468166
-0.8874642069519303
-0.8305698957018715
-0.8095724255615414
-0.8750166747597681
-0.8812624944363853
-0.21168172490350168
-0.973835175533149
-0.8799514555441945
0.5655544469757212
-0.9499525771699007
0.9676669640464592
-0.4836470279096201
-0.9777228974779417
-0.6683163318309919
-0.8383810567875786
-0.6889714420342619
0.6574203669941912
-0.03939928325361186
0.05088496572326395
-0.9826119944968685
-0.9678387119851305
-0.8024079167538012
-0.7292138238433086
-0.9470092173382549
-0.6123910207010228
-0.5215075583674471
-0.9044075852897046
-0.9622306077484148
-0.8387791014409116
-0.7243824622997117
-0.6270131499344087
-0.9625954270874812
0.1896926573164044
-0.9353657927034552
0.10876152483742008
-0.9901961120595845
-0.13475173908433236
-0.39939698538672763
-0.8745005817952163
0.49324542340332833
-0.9945754478300003
-0.44494219901318444
-0.6216370960428746
-0.9159829530822102
-0.1565996622103556
-0.7659718182935084
-0.8418702151672436
-0.8102460687214952
-0.8613505923030857
-0.9144184724060064
-0.9673260857857606
-0.31265962102528366
-0.12777381876015914
-0.8837883569697412
-0.9442278552474873
-0.02634580143626042
-0.20141179519871188
0.1284307188991849
-0.9416117386676309
0.06359472971612612
0.4905060710051432
0.46653099610828175
-0.200686654414179
-0.4719762568244702
-0.9826119944968685
-0.5379585588298434
0.11990436164176521
-0.885539347518558
-0.09811047583776156
0.4169323104969074
-0.3359503558628355
0.43757459369383134
-0.8708691938195586
-0.9217663308412973
-0.217942261680525
-0.8320233005470004
-0.49483078060340324
-0.9189980780437882
-0.21600633620686815
-0.9888797435737189
0.6474914655376873
0.5089282685236154
-0.9222888734339758
-0.9738318425524174
-0.860504410411785
-0.36804983861056106
-0.92742851263894
-0.8770909508997768
0.326111210834201
0.03174190638074603
-0.9639820364919397
-0.04272952319403134
-0.9341464654625362
-0.5365552895574788
-0.9312738545173926
-0.17003165102095041
-0.3910565505459026
-0.9673260857857606
-0.8818713085048195
-0.8718294986264232
-0.21794226168052544
-0.972732438659211
0.16724794645884278
-0.6661334793115639
-0.5317961792132809
-0.9220405440697229
-0.9237803933786377
-0.9078320978477312
-0.16188817828439594
0.8421299017414245
-0.8629407853258556
-0.949431801453625
0.7002452536232622
-0.9189980780437883
-0.9236523051793181
-0.7073999918986725
-0.8603732309589115
-0.0017662600216160618
-0.7927187497709378
-0.9737888501622487
-0.9466507078323834
0.3433293459093332
-0.5666908442793079
-0.9372972950187831
0.4252296849817401
0.9672980606857537
-0.17730953240337677
-0.7599583450227132
-0.8898819748568527
-0.5473601661067851
-0.9471333662611982
-0.2484545619028551
-0.43039681508303584
0.4300243842954623
-0.9541512286901281
-0.39286024728634106
0.6951201343584026
-0.9285709378846743
-0.8101159735399476
-0.6661334793115641
-0.8813345223024514
-0.9263668128736834
0.18145967975278077
-0.9328788797443992
0.9116711411758214
-0.9871766384286345
-0.9135375583210477
-0.988106754320734
-0.6556378003221812
-0.5549342435472708
-0.8669355285397784
-0.998158021732557
-0.9717135513877215
-0.9586792258862772
-0.8665638122742101
-0.09756898407342662
0.3435279802175082
1.0
-0.8919043631079665
-0.30023181459967063
-0.975155319578718
-0.8275924583129362
-0.9437787397451716
-0.5203378553193838
-0.8839085452704962
-0.13340247567838515
-0.9307045312499622
-0.9832192642010846
-0.9541143093657558
-0.5488483093435969
-0.9344943132434557
0.8005744507431365
-0.9919445424646877
-0.9785595286094769
-0.8186024910337332
-0.5640812746898616
-0.8123461645527605
-0.019942763408811515
0.6059193039785788
-0.8983210900649522
-0.7801233947081525
-0.8766836151343311
-0.8081267535661698
-0.8722692219908703
-0.4950789388902497
-0.8701178305381756
0.0325943829282922
-0.8993589993223837
-0.764367543358855
-0.4594951032016703
-0.9227397283354827
-0.9816563957156853
0.08662895269713111
-0.846943726012705
-0.8277142017031157
-0.888258304458433
0.5793934338354556
-0.35244922360702857
-0.9489625312060456
-0.9643711523312994
-0.14058641108261927
-0.8666529595036128
-0.8723504240260983
-0.9202934816138346
-0.7871166574889313
-0.9223579692430905
0.6722867504374401
CENT
-0.8927415551898923
-0.44477993459572673
-0.9214052500841445
-0.9323167451456901
-0.6033091659324911
-0.16736205270083793
-0.8565587888274333
-0.49548481156030244
-0.8860807028680453
-1.0
-0.8029592292058048
0.2920145786209525
-0.8754607802334728
-0.6805385013229137
-0.972392873770226
0.599578227467666
-0.8467676414881611
-0.5979487112310023
-0.5026643484416312
-0.9685277229574565
-0.027080106692992656
-0.7088263944920651
-0.9973796392190349
-0.5948372169536057
-0.9661753993083869
-0.276186533207046
-0.41143866766280435
-0.9518677818463369
-0.5955160370543355
-0.3437043985155611
-0.5147379707442866
-0.8420403127554943
-0.636861434340009
-0.364849360608549
-0.26709704974572823
-0.9439881751068927
-0.07413744489936813
-0.7737809510444832
-0.6932379445426309
-0.9638391144374107
-0.7443703305820599
-0.5144540124390814
-0.802976819457289
0.3720406185415728
-0.0904294539519569
-0.5982751788030778
-0.30148319485175146
-0.5654322299495186
-0.8028523391161408
-0.9613977609798565
-0.3897009093853685
-0.9161113835856142
-0.9338277451696902
0.006697945672332617
-0.8534936595803937
-0.9370754721346666
-0.7199913578916801
-0.6899053635728691
-0.29952990692601944
-0.8105355156334223
0.47511033311107553
0.022967266052958513
-0.9173338845772748
-0.7898233363608753
-0.9759148802607857
-0.2873562729593254
-0.7232551321767582
-0.9340944148552538
-0.4384737159645504
-0.9989937617689012
-0.14614419529656109
0.34767841967807334
-0.3082880894114933
-0.4350115266960193
-0.43803983313263384
-0.15252422166715862
-0.6106388772642539
0.21503902521903306
-0.9071467013815038
-0.3313406559299752
-0.6177917700734898
-0.8661685998472672
-0.866498298237977
-0.962585785210038
-0.4215619724475851
-0.3730134675544615
-0.672838084684428
0.15839426328637551
-0.023175100279657523
-0.5882615560270438
-0.8694826091852619
-0.5402905215054498
-0.4126809296289
-0.7052834882177313
0.43629498444929626
-0.3212675827332999
-0.593769243607535
-0.1986484717851137
-0.9409167721201231
-0.9937052177884736
-0.14104483989579575
-0.5789079922612105
-0.8711959654664734
0.11745692565326671
-0.979275030660307
-0.7075628529308322
-0.4271293141169592
-0.6643542549191872
-0.14649938095937565
-0.7110068853445669
-0.0967718739805219
-0.8082805604821403
-0.9086447587904787
-0.952254106662317
-0.7798607810208494
-0.24495460852060402
-0.2548571988576218
-0.15662629738480915
-0.6661949831715095
-0.8197482531732979
-0.976411592364647
-0.9632197858780839
-0.5633161008270626
-0.8991045349561616
-0.23164100580451918
0.05382982973364925
-0.9151918429251421
-0.5557971052587756
-0.9331309364626249
-0.9778652537510716
-0.8794795473088011
-0.983619444169152
-0.8661685998472672
-0.992058887823976
-0.7109775867018733
-0.9151866416493968
-0.8375464163433974
-0.6359202336863115
-0.6845834869728943
-0.5577763664382556
-0.7593327494103426
-0.5624474340002976
-0.8859828066469714
-0.8001351473265548
0.09619778410788116
-0.9344065881881972
-0.5516047813808426
-0.8222293424704419
-0.5786679031048081
-0.9032276889984628
-0.977158510520581
-0.37841039386346875
-0.508579038592077
0.2029511012862122
-0.9340944148552538
-0.5188470499091153
-0.7576574938031057
-0.9079717047717004
-0.7289465240554097
-0.07905161048966347
-0.6576385453274858
-0.7494193981651447
-0.9169580367992184
-0.07538530159032664
-0.47640702888234554
-0.4808415073340856
-0.4404472915139559
-0.7739547648171174
-0.980709671116279
-0.692917776311959
-0.9686652823532372
-0.6505461355252862
-0.992058887823976
-0.24006299474464488
-0.9370754721346666
-0.902962945284973
0.4703307699460535
-0.9682555678488513
-0.7036688533442409
0.21476234540271122
-0.9574328489039082
-0.965773331821017
-0.9343842297018018
-0.8531240296277991
-0.2391976819733641
-0.6498242385545265
-0.2024213383279373
-0.9299937839443098
-0.19826653526661675
-0.556452713966455
-0.741443483602199
-0.6425970413608968
1.0
0.1494230360298925
-0.8758486852667049
-0.47910659748612294
0.3665585892613812
-0.703117453218089
-0.03684960363810419
-0.644715881138417
-0.2021546452727615
-0.7400239647991644
-0.5729876380595804
0.16535391608841943
-0.8507840369480867
-0.7616342168961405
-0.766372352577263
-0.4144752562844243
-0.9965254795810338
0.789330479878168
-0.9028346069819295
-0.9565317937674789
-0.49728176636437094
-0.5357966388031847
-0.945282584453917
0.10782816321298871
-0.037563625441634496
-0.9423752246216411
-0.24776150074374104
0.12536772234275428
-0.4990549512045792
-0.33800462261608855
-0.25352750594526674
-0.8206075804129789
-0.857054373928654
-0.633553131073174
-0.5907635942170142
-0.541252639402847
-0.0181443014309155
-0.2634475924967812
-0.979275030660307
-0.9487640145606855
-0.5871333007283107
-0.8682178424472752
-0.8646306116405035
-0.6102711263773403
-0.3872455300389398
-0.21363744467477208
-0.7595129420016661
-0.005708184411368111
-0.3643471176580406
0.30699351792193275
-0.7241749786434672
0.07094842025212755
-0.8206973492869961
0.5600540055491565
-0.9760059017652065
-0.5132017687737567
0.16911401040757768
-0.5363467118756087
-0.6095891244350602
-0.9853568950217894
-0.7087577533208789
-0.1108433606800786
-0.4229245579844082
-0.5697596856223774
-0.5763057454867405
-0.41960940685584347
-0.5860358121128603
-0.821178521490507
-0.8761945047203286
-0.9716072927148761
-0.6753073620546086
-0.4117834932796396
-0.3962465031205772
-0.7229248322111822
-0.3249418693478403
-0.8679602714525243
-0.5248645028134895
-0.9850089925260151
-0.6491917923909407
0.19875640007610018
-0.8151831982835851
-0.10459455847890053
-0.0024357030759640796
-0.979275030660307
0.3211680220307789
-0.33214072830192676
-0.6968994833057457
-0.9040948912514051
-0.762414604901831
-0.9679744214098975
-0.2844347543714424
-0.3200354097306415
0.10005875312262336
-0.951964679633117
-0.9711137646158342
0.12717377664856966
-0.6063477646233548
0.1389922109038979
-0.9573464752662111
-0.16217383535809637
-0.855052850535875
-0.6868878307471487
-0.9863579412704717
-0.4808415073340856
-0.7078034093941491
-0.7953690035334287
0.44110084694100604
-0.8711959654664734
-0.6193123694255507
-0.8637829846572589
-0.48739253293046947
-0.8019058433372642
-0.30215168619030086
-0.992058887823976
-0.20806481198339133
-0.8145765896304654
-0.9716072927148761
-0.8957438778670008
-0.8029084773351916
-0.951964679633117
-0.936993776928629
0.697985361568312
-0.8915004633259653
0.9438115698264811
-0.8706447224704477
-0.652089796660321
-0.6820828956069198
-0.39269104706697655
-0.6126608521130217
-0.5248988661415706
-0.6937594404247355
-0.3564458646314478
-0.6063477646233548
-0.4803753353823036
-0.5999328615527977
-0.8254556676570286
-0.623285679431238
-0.46489522160510854
-0.8069556554009907
-0.7440697259051541
-0.5203391252232923
-0.7298178840811353
-0.9941994804342561
-0.6772705536424235
-0.4947881686992647
-0.4979796898364708
0.5905109288144583
0.10024954899876581
-0.22753168068333118
-0.8820498161105174
-0.9532876092577802
-0.9597537206056244
-0.4667362776047136
-0.6428460083001014
-0.1533061438035911
-0.6329446263907703
-0.9785226449028419
-0.947260635699265
-0.8915004633259653
-0.853027670091516
-0.6918088963534141
-0.4667972257867513
-0.9594024899489738
-0.09905407834829272
-0.9999625418354559
-0.6143052485408658
-0.9670627919160152
-0.8388017652575526
0.5358317281510663
-0.5546370993783241
-0.9985217418949421
-0.8075096304086101
-0.9486751933787779
-0.1113403158574765
-0.7823176840354986
-0.08617179358601612
-0.367542029231289
-0.9457430544073064
-0.3104669744335481
-0.9278354927641733
-0.8842453973024829
-0.8543420816103264
-0.3779965810230398
-0.9930778498283014
0.0993720296981293
-0.49811427963021715
-0.9317827560259632
-0.9140981270344071
0.7316195550617264
-0.4271068610423391
-0.35723959173439246
-0.9819060103682979
-0.9973796392190349
0.9262171147833302
-0.43628884275344615
-0.6516307861192563
0.017762141175262425
0.4750577419410347
-0.3054007724552491
0.11942188438018264
-0.5089468572487874
0.2842751549722715
-0.6991748915588245
-0.19120921081153897
-0.739442600450233
0.5175401285565282
-0.9575827035929529
-0.9775129617474574
-0.4218859704047391
-0.272860111274872
-0.9256131849212038
0.20031806263339957
0.3095493339659223
-0.8222293424704419
-0.8207095066113698
-0.6638663922270113
0.005822491842327304
-0.6790574056330078
-0.8799976033125313
-0.40510145365224537
-0.9923611034620291
-0.8959547657816503
-0.8652523363739885
-0.5127971098116109
-0.7137881193219632
-0.09891166399467066
DEGREE_RANK
-0.9232613908872902
0.7458033573141485
-0.750599520383693
-0.04076738609112718
0.750599520383693
0.184652278177458
0.07913669064748219
0.32853717026378915
-0.8800959232613909
-1.0
-0.6354916067146283
-0.03597122302158273
-0.8321342925659472
-0.170263788968825
-0.7458033573141487
0.4244604316546763
-0.03117505995203851
-0.16546762589928055
-0.16067146282973632
-0.630695443645084
0.6354916067146283
0.4292565947242206
-0.8273381294964028
-0.38129496402877705
-0.3764988009592326
0.7553956834532374
0.5155875299760193
-0.9904076738609112
-0.7410071942446044
0.6402877697841727
-0.026378896882494063
0.08393285371702652
-0.44844124700239807
0.08872901678657064
0.645083932853717
-0.8225419664268585
0.5203836930455634
0.33333333333333326
-0.021582733812949728
-0.44364508393285373
-0.15587529976019188
0.9232613908872902
-0.28057553956834536
-0.016786570743405282
0.7601918465227819
0.43405275779376495
0.525179856115108
-0.3717026378896884
-0.275779376498801
-0.8609112709832134
0.764988009592326
-0.5827338129496403
-0.73621103117506
-0.4388489208633094
-0.5155875299760193
-0.6258992805755397
-0.8752997601918465
-0.011990407673861059
0.4388489208633095
-0.8561151079136691
0.9280575539568345
0.18944844124700255
-0.9520383693045563
-0.5779376498800959
-0.9856115107913669
0.1942446043165469
-0.9184652278177458
-0.43405275779376506
0.3381294964028778
-0.9952038369304557
0.9328537170263791
0.4436450839328536
0.8800959232613907
0.09352517985611519
0.09832134292565953
0.8848920863309353
-0.007194244604316613
0.5299760191846523
-0.5731414868105515
0.6498800959232616
0.7697841726618704
0.6546762589928057
0.7745803357314149
-0.9136690647482014
0.34292565947242215
0.9664268585131894
0.10311750599520408
-0.0023980815347722784
0.7793764988009593
-0.5107913669064749
-0.7314148681055157
-0.4292565947242206
0.44844124700239796
0.199040767386091
-0.2709832134292566
-0.26618705035971235
0.1079136690647482
0.65947242206235
0.11270983213429253
-0.8705035971223022
0.6642685851318946
0.6690647482014389
0.20383693045563556
0.2086330935251799
-0.7793764988009593
-0.6211031175059952
-0.15107913669064754
0.3477218225419665
0.4532374100719425
-0.1462829736211031
0.45803357314148685
-0.2613908872901679
-0.6163069544364508
-0.9808153477218226
-0.6834532374100719
0.0023980815347719453
0.8321342925659472
0.21342925659472423
-0.36690647482014394
-0.3621103117505996
-0.8177458033573142
-0.5059952038369305
0.8369304556354917
-0.5683453237410072
0.11750599520383709
0.5347721822541966
-0.25659472422062357
-0.14148681055155876
-0.13669064748201454
-0.8129496402877698
-0.5635491606714629
-0.9088729016786571
0.6738609112709832
-0.947242206235012
0.539568345323741
-0.4244604316546763
-0.6115107913669064
0.007194244604316724
0.21822541966426856
-0.2517985611510791
0.4628297362110312
0.4676258992805755
-0.35731414868105515
0.011990407673860837
0.3525179856115108
-0.7266187050359713
-0.35251798561151093
-0.5011990407673862
0.6786570743405276
-0.7745803357314149
-0.49640287769784175
0.35731414868105515
-0.4916067146282974
0.3621103117505995
-0.41966426858513195
-0.4148681055155876
0.9376498800959232
-0.6067146282973621
0.2230215827338129
0.8417266187050358
0.5443645083932853
0.36690647482014405
-0.3477218225419665
-0.4100719424460433
0.47242206235011985
0.12230215827338142
0.6834532374100719
0.22781774580335745
-0.8081534772182254
-0.6019184652278178
-0.9424460431654677
0.37170263788968816
-0.9376498800959232
-0.1318944844124701
-0.5971223021582734
-0.5587529976019185
0.5491606714628299
-0.40527577937649883
0.6882494004796165
0.2326139088729018
-0.6786570743405276
-0.5539568345323742
-0.7218225419664269
-0.48681055155875297
-0.12709832134292576
0.6930455635491606
0.5539568345323742
-0.7170263788968825
0.7841726618705036
0.6978417266187051
-0.2470023980815349
0.016786570743405393
0.971223021582734
0.9424460431654675
-0.48201438848920874
0.5587529976019183
-0.24220623501199046
0.2374100719424459
-0.34292565947242215
0.12709832134292554
0.7026378896882495
-0.23741007194244612
0.9760191846522781
-0.12230215827338131
-0.6738609112709832
-0.11750599520383709
-0.23261390887290168
0.1318944844124701
-0.7122302158273381
0.021582733812949728
-0.6690647482014389
-0.8033573141486811
0.24220623501199046
0.4772182254196644
-0.11270983213429264
-0.22781774580335734
0.3764988009592327
-0.9664268585131894
-0.3381294964028777
0.8896882494004796
0.2470023980815348
0.9952038369304557
0.026378896882494063
-0.33333333333333337
-0.32853717026378904
0.25179856115107935
0.031175059952038398
0.894484412470024
0.5635491606714629
0.7889688249400479
-0.7697841726618705
-0.9616306954436451
0.38129496402877705
-0.4772182254196643
-0.223021582733813
-0.21822541966426867
0.3860911270983214
0.8465227817745804
0.3908872901678657
0.8513189448441247
0.25659472422062346
0.2613908872901678
0.03597122302158273
0.7074340527577938
0.5683453237410072
0.7937649880095923
-0.7074340527577938
0.5731414868105518
0.26618705035971235
-0.10791366906474831
0.7985611510791368
-0.9040767386091128
-0.4004796163069545
0.2709832134292567
-0.10311750599520386
0.7122302158273381
0.13669064748201443
0.39568345323741005
-0.3237410071942447
-0.09832134292565964
-0.21342925659472423
-0.5491606714628299
0.14148681055155898
0.4820143884892085
0.1462829736211031
0.4004796163069546
0.2757793764988008
0.15107913669064743
0.5779376498800959
-0.8992805755395683
0.28057553956834536
0.9472422062350121
0.5827338129496402
0.5875299760191848
-0.09352517985611519
-0.7649880095923262
0.04076738609112707
0.7170263788968825
-0.08872901678657086
-0.6642685851318946
0.4868105515587531
-0.5443645083932854
0.5923261390887291
0.4916067146282974
0.9520383693045564
-0.31894484412470026
-0.6594724220623501
0.045563549160671624
0.8992805755395683
0.49640287769784175
-0.6546762589928058
0.803357314148681
0.5971223021582732
-0.3141486810551559
-0.5923261390887291
0.155875299760192
-0.08393285371702641
-0.5875299760191847
-0.3093525179856116
0.2853717026378897
0.6019184652278178
-0.6498800959232613
0.8081534772182253
-0.7601918465227818
-0.30455635491606725
-0.9328537170263789
0.40527577937649895
0.1606714628297361
-0.5395683453237411
-0.7553956834532374
-0.2086330935251799
-0.2997601918465228
-0.5347721822541966
0.8561151079136691
-0.20383693045563556
-0.19904076738609122
-0.894484412470024
0.16546762589928066
0.6067146282973621
0.6115107913669067
0.9040767386091126
0.8129496402877698
0.29016786570743425
0.8609112709832134
0.9088729016786572
0.29496402877697836
0.050359712230215736
0.05515587529976029
0.721822541966427
-0.07913669064748208
-0.19424460431654678
0.2997601918465227
0.9568345323741008
-0.07434052757793774
-0.9760191846522782
0.7266187050359711
0.9808153477218224
0.6163069544364508
0.5011990407673861
0.5059952038369304
0.05995203836930463
-0.5299760191846523
-0.39568345323741017
-0.47242206235011996
0.8657074340527577
0.30455635491606725
-0.06954436450839341
0.9136690647482015
-0.9280575539568345
-0.8513189448441247
-0.18944844124700244
-0.29496402877697847
-0.184652278177458
0.41007194244604306
-0.9568345323741008
0.9616306954436451
-0.8896882494004796
-0.39088729016786583
-0.7985611510791367
0.06474820143884896
0.0695443645083933
0.170263788968825
-0.9712230215827338
-0.4676258992805755
-0.06474820143884896
-0.525179856115108
0.3093525179856116
0.7314148681055155
0.985611510791367
-0.8465227817745804
-0.17985611510791377
-0.7026378896882495
-0.6978417266187051
-0.4628297362110312
-0.05995203836930463
-0.841726618705036
0.6211031175059951
0.3141486810551559
-0.645083932853717
-0.05515587529976029
-0.29016786570743414
0.73621103117506
0.8705035971223023
-0.8369304556354916
-0.7937649880095923
-0.3860911270983214
0.17505995203836933
-0.6930455635491607
0.9184652278177456
0.7410071942446044
0.8177458033573142
-0.5203836930455636
-0.05035971223021596
0.6258992805755397
0.5107913669064748
-0.17505995203836933
0.31894484412470026
0.8225419664268585
-0.7889688249400479
-0.7841726618705036
0.4148681055155876
0.3237410071942446
-0.6402877697841727
0.8273381294964028
1.0
-0.45803357314148685
-0.2853717026378898
0.630695443645084
0.07434052757793763
-0.6882494004796164
-0.4532374100719425
0.41966426858513195
-0.8848920863309353
0.17985611510791366
-0.8657074340527577
-0.04556354916067151
0.8752997601918466
0.9904076738609113
EIGENVECTOR_RANK
-0.25659472422062357
0.6163069544364508
-0.12230215827338131
-0.2086330935251799
-0.21342925659472423
0.6258992805755397
-0.6882494004796164
0.6211031175059951
-0.39568345323741017
-1.0
-0.750599520383693
0.5011990407673861
-0.8800959232613909
-0.630695443645084
-0.08393285371702641
-0.05035971223021596
-0.5923261390887291
-0.06954436450839341
-0.03117505995203851
0.3477218225419665
0.7793764988009593
0.764988009592326
-0.9184652278177458
-0.2997601918465228
-0.7889688249400479
0.5299760191846523
0.5875299760191848
-0.8992805755395683
-0.5299760191846523
0.7170263788968825
-0.6546762589928058
0.49640287769784175
-0.016786570743405282
-0.3717026378896884
0.8177458033573142
-0.3381294964028777
0.6019184652278178
-0.8752997601918465
0.1079136690647482
0.4772182254196644
-0.29496402877697847
0.8705035971223023
0.2230215827338129
0.43405275779376495
0.8273381294964028
0.4436450839328536
0.3908872901678657
0.3237410071942446
-0.6019184652278178
-0.9760191846522782
-0.23741007194244612
-0.11750599520383709
-0.22781774580335734
-0.3621103117505996
0.1462829736211031
-0.8033573141486811
-0.8561151079136691
0.22781774580335745
-0.3093525179856116
-0.17985611510791377
0.8657074340527577
0.32853717026378915
-0.5683453237410072
0.11270983213429253
-0.41966426858513195
0.21342925659472423
-0.6258992805755397
0.7122302158273381
0.5059952038369304
-0.7218225419664269
0.5635491606714629
0.13669064748201443
0.9568345323741008
0.29016786570743425
0.2086330935251799
0.47242206235011985
-0.39088729016786583
-0.32853717026378904
-0.7266187050359713
-0.5875299760191847
-0.24220623501199046
0.894484412470024
0.9184652278177456
-0.525179856115108
0.4388489208633095
0.9808153477218224
-0.8848920863309353
-0.10791366906474831
0.6930455635491606
-0.35731414868105515
-0.8225419664268585
0.3525179856115108
0.7841726618705036
0.4868105515587531
0.170263788968825
0.28057553956834536
0.21822541966426856
-0.3860911270983214
-0.6930455635491607
-0.36690647482014394
0.645083932853717
0.721822541966427
0.7937649880095923
0.4628297362110312
-0.9376498800959232
0.07434052757793763
0.1606714628297361
-0.170263788968825
-0.09352517985611519
0.17505995203836933
-0.645083932853717
-0.7601918465227818
-0.9280575539568345
-0.8369304556354916
0.07913669064748219
0.4004796163069546
-0.14148681055155876
-0.3477218225419665
0.3141486810551559
-0.3141486810551559
-0.8896882494004796
0.6786570743405276
0.9280575539568345
0.08393285371702652
-0.5059952038369305
0.021582733812949728
-0.2613908872901679
-0.6163069544364508
0.44844124700239796
0.011990407673860837
-0.5155875299760193
-0.5779376498800959
0.8992805755395683
-0.5395683453237411
-0.73621103117506
0.08872901678657064
0.2853717026378897
0.03597122302158273
-0.20383693045563556
-0.10311750599520386
-0.7458033573141487
-0.4916067146282974
-0.40527577937649883
-0.6978417266187051
0.17985611510791366
-0.5203836930455636
-0.6067146282973621
-0.04556354916067151
0.6882494004796165
-0.08872901678657086
-0.8321342925659472
0.3621103117505995
0.36690647482014405
0.06474820143884896
0.7074340527577938
0.4676258992805755
0.9664268585131894
0.5827338129496402
0.4148681055155876
0.803357314148681
0.6115107913669067
-0.7937649880095923
0.41966426858513195
-0.34292565947242215
0.630695443645084
-0.1318944844124701
0.6498800959232616
-0.49640287769784175
-0.9856115107913669
0.10311750599520408
-0.7314148681055157
0.4916067146282974
-0.5443645083932854
0.12230215827338142
-0.7985611510791367
-0.6211031175059952
0.8513189448441247
-0.8177458033573142
0.9472422062350121
-0.06474820143884896
-0.9664268585131894
0.3381294964028778
-0.7122302158273381
0.40527577937649895
0.4292565947242206
0.9520383693045564
0.6642685851318946
-0.8465227817745804
0.9424460431654675
0.9040767386091126
-0.21822541966426867
0.184652278177458
0.7985611510791368
0.5491606714628299
-0.7553956834532374
0.5107913669064748
0.031175059952038398
-0.7745803357314149
0.045563549160671624
-0.7410071942446044
0.750599520383693
-0.6115107913669064
0.985611510791367
0.05995203836930463
-0.4292565947242206
-0.5539568345323742
0.18944844124700255
0.37170263788968816
-0.9040767386091128
0.30455635491606725
0.12709832134292554
-0.31894484412470026
-0.05515587529976029
-0.0023980815347722784
-0.23261390887290168
-0.2709832134292566
0.5347721822541966
-0.8705035971223022
-0.26618705035971235
0.8800959232613907
-0.6834532374100719
0.9952038369304557
0.3093525179856116
-0.9088729016786571
0.14148681055155898
-0.07434052757793774
0.1318944844124701
0.9136690647482015
0.65947242206235
0.7266187050359711
-0.9328537170263789
-0.8273381294964028
0.007194244604316724
0.09352517985611519
-0.6642685851318946
0.20383693045563556
0.2709832134292567
-0.4004796163069545
-0.7649880095923262
-0.07913669064748208
0.09832134292565953
0.1942446043165469
-0.7697841726618705
0.7745803357314149
-0.5827338129496403
0.7410071942446044
-0.9712230215827338
0.5923261390887291
0.3764988009592327
-0.223021582733813
0.8609112709832134
-0.9904076738609112
0.34292565947242215
0.199040767386091
-0.43405275779376506
0.5731414868105518
0.050359712230215736
-0.09832134292565964
-0.011990407673861059
-0.1462829736211031
-0.4244604316546763
-0.8081534772182254
0.4532374100719425
0.6067146282973621
-0.2853717026378898
-0.6498800959232613
0.6690647482014389
0.539568345323741
0.7553956834532374
-0.6354916067146283
0.7314148681055155
0.8561151079136691
0.8465227817745804
0.5443645083932853
0.31894484412470026
-0.9424460431654677
0.25659472422062346
0.7458033573141485
-0.30455635491606725
0.6354916067146283
0.8225419664268585
0.4244604316546763
0.8417266187050358
-0.184652278177458
-0.4532374100719425
0.5203836930455634
-0.05995203836930463
0.2997601918465227
-0.4388489208633094
0.525179856115108
-0.9616306954436451
0.9088729016786572
0.8752997601918466
-0.4628297362110312
-0.8657074340527577
-0.13669064748201454
0.39568345323741005
-0.5011990407673862
-0.2517985611510791
0.7889688249400479
0.6978417266187051
-0.7793764988009593
0.6546762589928057
-0.5635491606714629
0.2613908872901678
-0.5491606714628299
0.5587529976019183
0.3860911270983214
-0.8129496402877698
-0.28057553956834536
-0.18944844124700244
0.5155875299760193
-0.8513189448441247
0.7601918465227819
0.15107913669064743
0.26618705035971235
-0.45803357314148685
-0.48201438848920874
-0.4100719424460433
0.5683453237410072
0.971223021582734
-0.15107913669064754
-0.6786570743405276
0.9376498800959232
-0.44364508393285373
-0.4772182254196643
0.11750599520383709
-0.12709832134292576
0.6834532374100719
0.016786570743405393
-0.8609112709832134
-0.6594724220623501
0.8081534772182253
0.2326139088729018
-0.5971223021582734
0.8321342925659472
0.9904076738609113
0.5539568345323742
0.0695443645083933
-0.33333333333333337
0.25179856115107935
-0.6690647482014389
0.4820143884892085
0.35731414868105515
0.8369304556354917
-0.7074340527577938
0.38129496402877705
0.9328537170263791
-0.5107913669064749
-0.007194244604316613
0.155875299760192
-0.275779376498801
-0.48681055155875297
0.7697841726618704
-0.5587529976019185
0.9760191846522781
-0.9520383693045563
-0.4148681055155876
-0.9568345323741008
0.16546762589928066
0.24220623501199046
-0.16546762589928055
-0.9952038369304557
-0.841726618705036
-0.7170263788968825
-0.15587529976019188
0.6402877697841727
0.8129496402877698
1.0
-0.35251798561151093
0.45803357314148685
-0.894484412470024
-0.03597122302158273
-0.6402877697841727
0.2757793764988008
-0.29016786570743414
0.5971223021582732
-0.5347721822541966
-0.947242206235012
-0.7026378896882495
0.2470023980815348
-0.5731414868105515
0.9616306954436451
-0.9808153477218226
-0.9136690647482014
-0.026378896882494063
0.2374100719424459
-0.021582733812949728
0.6738609112709832
0.8896882494004796
-0.3764988009592326
0.04076738609112707
-0.2470023980815349
0.0023980815347719453
-0.19424460431654678
0.29496402877697836
-0.17505995203836933
0.7026378896882495
-0.38129496402877705
0.05515587529976029
0.33333333333333326
-0.47242206235011996
-0.9232613908872902
0.73621103117506
-0.11270983213429264
-0.04076738609112718
-0.3237410071942447
0.8848920863309353
0.41007194244604306
-0.6738609112709832
-0.7841726618705036
0.5779376498800959
-0.16067146282973632
-0.19904076738609122
-0.44844124700239807
0.026378896882494063
-0.4676258992805755
0.9232613908872902
CENT_RANK
-0.5443645083932854
0.34292565947242215
-0.6258992805755397
-0.6498800959232613
0.08393285371702652
0.645083932853717
-0.4244604316546763
0.29016786570743425
-0.5299760191846523
-1.0
-0.2997601918465228
0.894484412470024
-0.4916067146282974
-0.06474820143884896
-0.8561151079136691
0.971223021582734
-0.39088729016786583
0.09832134292565953
0.26618705035971235
-0.8321342925659472
0.7458033573141485
-0.1462829736211031
-0.9808153477218226
0.1079136690647482
-0.8129496402877698
0.5539568345323742
0.4148681055155876
-0.73621103117506
0.10311750599520408
0.4820143884892085
0.2374100719424459
-0.3860911270983214
0.016786570743405393
0.4628297362110312
0.5635491606714629
-0.7074340527577938
0.7314148681055155
-0.2517985611510791
-0.09832134292565964
-0.8033573141486811
-0.21342925659472423
0.24220623501199046
-0.30455635491606725
0.9232613908872902
0.7122302158273381
0.09352517985611519
0.5347721822541966
0.1606714628297361
-0.29016786570743414
-0.7889688249400479
0.43405275779376495
-0.6115107913669064
-0.6594724220623501
0.7745803357314149
-0.4100719424460433
-0.6930455635491607
-0.16546762589928055
-0.08393285371702641
0.539568345323741
-0.3237410071942447
0.9472422062350121
0.7841726618705036
-0.6211031175059952
-0.2709832134292566
-0.8609112709832134
0.5443645083932853
-0.17505995203836933
-0.6690647482014389
0.3525179856115108
-0.9904076738609112
0.6738609112709832
0.9136690647482015
0.5203836930455634
0.36690647482014405
0.35731414868105515
0.6642685851318946
0.05995203836930463
0.8848920863309353
-0.5827338129496403
0.49640287769784175
0.045563549160671624
-0.4532374100719425
-0.45803357314148685
-0.7937649880095923
0.3908872901678657
0.4532374100719425
-0.04556354916067151
0.8513189448441247
0.750599520383693
0.12230215827338142
-0.47242206235011996
0.20383693045563556
0.40527577937649895
-0.12709832134292576
0.9280575539568345
0.5059952038369304
0.11270983213429253
0.630695443645084
-0.6978417266187051
-0.9616306954436451
0.6786570743405276
0.13669064748201443
-0.48681055155875297
0.8225419664268585
-0.9040767386091128
-0.1318944844124701
0.37170263788968816
-0.03597122302158273
0.6690647482014389
-0.15587529976019188
0.7074340527577938
-0.31894484412470026
-0.5923261390887291
-0.750599520383693
-0.2613908872901679
0.5875299760191848
0.5731414868105518
0.6546762589928057
-0.04076738609112718
-0.3381294964028777
-0.8705035971223022
-0.7985611510791367
0.16546762589928066
-0.5587529976019185
0.6019184652278178
0.7889688249400479
-0.6067146282973621
0.184652278177458
-0.6546762589928058
-0.8848920863309353
-0.5059952038369305
-0.9184652278177458
-0.44844124700239807
-0.947242206235012
-0.15107913669064754
-0.6019184652278178
-0.3764988009592326
0.021582733812949728
-0.07434052757793774
0.17505995203836933
-0.22781774580335734
0.170263788968825
-0.525179856115108
-0.28057553956834536
0.7985611510791368
-0.6786570743405276
0.1942446043165469
-0.36690647482014394
0.14148681055155898
-0.5731414868105515
-0.8752997601918465
0.4436450839328536
0.2613908872901678
0.8752997601918466
-0.6642685851318946
0.2326139088729018
-0.223021582733813
-0.5875299760191847
-0.184652278177458
0.721822541966427
-0.026378896882494063
-0.21822541966426867
-0.6163069544364508
0.7266187050359711
0.3237410071942446
0.30455635491606725
0.3477218225419665
-0.25659472422062357
-0.9088729016786571
-0.09352517985611519
-0.8369304556354916
-0.011990407673861059
-0.9424460431654677
0.5923261390887291
-0.6882494004796164
-0.5683453237410072
0.9376498800959232
-0.8273381294964028
-0.12230215827338131
0.8800959232613907
-0.7697841726618705
-0.8081534772182254
-0.6738609112709832
-0.40527577937649883
0.5971223021582732
-0.007194244604316613
0.6211031175059951
-0.6402877697841727
0.6354916067146283
0.17985611510791366
-0.20383693045563556
0.011990407673860837
1.0
0.8465227817745804
-0.49640287769784175
0.31894484412470026
0.9184652278177456
-0.11750599520383709
0.7410071942446044
0.0023980815347719453
0.6258992805755397
-0.19904076738609122
0.15107913669064743
0.8561151079136691
-0.39568345323741017
-0.23741007194244612
-0.2470023980815349
0.4004796163069546
-0.9712230215827338
0.985611510791367
-0.5635491606714629
-0.7601918465227818
0.2853717026378897
0.21342925659472423
-0.7122302158273381
0.8177458033573142
0.73621103117506
-0.7026378896882495
0.5827338129496402
0.8321342925659472
0.2709832134292567
0.4868105515587531
0.5779376498800959
-0.34292565947242215
-0.4292565947242206
0.026378896882494063
0.11750599520383709
0.199040767386091
0.7553956834532374
0.5683453237410072
-0.8992805755395683
-0.7314148681055157
0.12709832134292554
-0.4676258992805755
-0.4388489208633094
0.06474820143884896
0.4388489208633095
0.6115107913669067
-0.23261390887290168
0.7601918465227819
0.4676258992805755
0.8992805755395683
-0.17985611510791377
0.7937649880095923
-0.3477218225419665
0.9616306954436451
-0.8657074340527577
0.2470023980815348
0.8609112709832134
0.2086330935251799
0.0695443645083933
-0.9280575539568345
-0.14148681055155876
0.6882494004796165
0.38129496402877705
0.155875299760192
0.1462829736211031
0.39568345323741005
0.1318944844124701
-0.35731414868105515
-0.5011990407673862
-0.8513189448441247
-0.05035971223021596
0.41007194244604306
0.4244604316546763
-0.170263788968825
0.5011990407673861
-0.4628297362110312
0.2230215827338129
-0.9232613908872902
-0.0023980815347722784
0.8657074340527577
-0.33333333333333337
0.6930455635491606
0.764988009592326
-0.894484412470024
0.9088729016786572
0.4916067146282974
-0.10791366906474831
-0.5779376498800959
-0.24220623501199046
-0.8225419664268585
0.5491606714628299
0.5107913669064748
0.8081534772182253
-0.7458033573141487
-0.841726618705036
0.8369304556354917
0.07434052757793763
0.8417266187050358
-0.7649880095923262
0.6498800959232616
-0.41966426858513195
-0.07913669064748208
-0.9328537170263789
0.3093525179856116
-0.13669064748201454
-0.275779376498801
0.9328537170263791
-0.48201438848920874
0.04076738609112707
-0.43405275779376506
0.2997601918465227
-0.2853717026378898
0.5299760191846523
-0.9376498800959232
0.6163069544364508
-0.32853717026378904
-0.8465227817745804
-0.5491606714628299
-0.29496402877697847
-0.7410071942446044
-0.6834532374100719
0.9760191846522781
-0.5395683453237411
0.9952038369304557
-0.4772182254196643
-0.021582733812949728
-0.06954436450839341
0.4292565947242206
0.05515587529976029
0.21822541966426856
-0.10311750599520386
0.4772182254196644
0.07913669064748219
0.3141486810551559
0.08872901678657064
-0.3717026378896884
0.03597122302158273
0.3381294964028778
-0.3093525179856116
-0.2086330935251799
0.22781774580335745
-0.18944844124700244
-0.9664268585131894
-0.05515587529976029
0.29496402877697836
0.28057553956834536
0.9664268585131894
0.8129496402877698
0.6067146282973621
-0.5155875299760193
-0.7553956834532374
-0.7841726618705036
0.33333333333333326
0.007194244604316724
0.65947242206235
0.031175059952038398
-0.8896882494004796
-0.7218225419664269
-0.5347721822541966
-0.4004796163069545
-0.08872901678657086
0.32853717026378915
-0.7793764988009593
0.6978417266187051
-0.9952038369304557
0.050359712230215736
-0.8177458033573142
-0.38129496402877705
0.9568345323741008
0.18944844124700255
-0.9856115107913669
-0.3141486810551559
-0.7266187050359713
0.6834532374100719
-0.26618705035971235
0.7170263788968825
0.45803357314148685
-0.7170263788968825
0.5155875299760193
-0.6354916067146283
-0.5203836930455636
-0.4148681055155876
0.44844124700239796
-0.9568345323741008
0.803357314148681
0.2757793764988008
-0.645083932853717
-0.5971223021582734
0.9808153477218224
0.3764988009592327
0.47242206235011985
-0.9136690647482014
-0.9760191846522782
0.9904076738609113
0.3621103117505995
-0.016786570743405282
0.7793764988009593
0.9424460431654675
0.525179856115108
0.8273381294964028
0.25659472422062346
0.8896882494004796
-0.11270983213429264
0.6402877697841727
-0.19424460431654678
0.9520383693045564
-0.7745803357314149
-0.8800959232613909
0.3860911270983214
0.5587529976019183
-0.630695443645084
0.8705035971223023
0.9040767386091126
-0.3621103117505996
-0.35251798561151093
-0.03117505995203851
0.7697841726618704
-0.05995203836930463
-0.5107913669064749
0.41966426858513195
-0.9520383693045563
-0.5539568345323742
-0.44364508393285373
0.25179856115107935
-0.16067146282973632
0.7026378896882495
RANK
9
356
69
362
22
384
208
334
99
375
412
133
172
305
294
251
269
131
383
168
104
230
275
348
129
399
150
120
246
64
14
261
308
286
170
19
177
281
358
24
181
39
121
83
49
343
354
398
180
290
211
342
113
285
311
27
231
364
349
369
214
35
217
98
55
174
312
145
182
67
154
52
128
3
378
187
371
402
2
62
162
51
126
135
379
112
157
78
279
149
175
210
123
413
309
0
314
350
8
142
372
341
410
130
260
194
12
102
299
316
90
233
267
82
81
132
414
234
301
224
6
292
373
54
183
351
204
16
31
359
136
327
147
405
259
406
244
223
119
272
307
59
111
363
330
42
10
310
48
303
143
297
63
366
114
167
37
206
280
205
238
140
156
161
40
331
190
201
396
333
158
242
66
265
56
416
109
134
21
252
296
105
93
178
197
394
278
322
38
169
352
57
293
138
318
13
409
335
262
86
118
107
407
160
317
387
171
185
270
199
345
191
32
137
225
347
328
300
80
357
320
76
235
250
288
324
4
326
45
17
28
23
96
226
89
232
258
101
148
256
202
255
47
122
141
139
189
127
361
146
227
91
249
213
321
268
332
155
30
41
247
415
392
152
18
220
377
337
212
7
336
302
165
295
325
195
164
353
344
329
1
166
68
74
386
73
106
381
254
400
84
257
207
92
263
26
411
264
319
50
236
151
374
85
368
33
240
382
323
29
221
277
79
266
95
283
370
72
390
304
46
58
65
282
25
401
34
229
116
222
218
115
173
184
124
340
237
306
186
200
97
188
395
5
291
117
346
75
108
70
100
365
253
273
355
417
110
44
367
159
163
36
216
198
20
88
228
239
274
408
53
388
61
125
243
144
376
284
339
215
103
391
219
287
289
193
87
203
248
271
403
153
179
77
393
11
241
404
276
71
196
43
94
298
176
389
60
397
360
245
338
15
313
380
209
385
315
192
