DEGREE
0.0625
-0.4375
0.0
0.125
0.625
0.3125
-0.375
-0.5625
-0.5625
-0.6875
0.25
0.1875
0.5625
0.3125
0.5625
0.25
0.0
0.5625
-0.8125
-0.375
0.5
0.1875
0.125
0.1875
0.3125
-0.125
0.625
0.5625
0.5
-0.0625
0.125
-0.375
0.6875
-0.1875
-0.0625
-0.0625
-0.5
0.3125
-0.125
-0.5
0.625
0.375
0.5
0.75
0.8125
1.0
-0.5
0.1875
-0.25
0.625
0.0
0.5625
0.4375
0.625
0.0625
0.0625
0.0
0.6875
0.6875
-0.1875
0.1875
0.0
0.1875
-0.375
0.8125
-0.125
-0.125
0.4375
0.0625
-0.5625
0.4375
1.0
0.6875
-0.375
0.5625
0.125
0.875
-0.25
-0.1875
-0.375
-0.5
0.6875
0.1875
0.3125
0.5
-0.4375
-0.125
0.75
0.0
0.125
-0.5
0.5
0.0
0.75
-0.1875
-0.25
0.1875
0.125
-0.3125
0.25
-0.0625
0.6875
0.5
0.1875
-0.5
-0.25
0.5
-0.4375
0.0
0.4375
0.1875
0.5625
0.75
0.4375
0.875
-0.125
0.5625
-0.4375
0.125
-0.3125
-0.5
-0.375
0.4375
-0.625
0.5625
-0.0625
0.375
0.6875
-0.1875
0.375
0.375
0.25
0.25
-0.3125
-0.5
-0.25
0.0625
-0.25
0.75
0.9375
0.6875
0.125
0.5
0.25
-0.3125
0.625
0.6875
0.0625
0.5625
0.75
0.625
-0.0625
0.0
0.25
0.0
0.0
-0.4375
0.375
0.125
0.125
0.1875
0.125
0.5625
0.0625
0.3125
0.0625
0.1875
0.625
0.3125
-0.0625
0.875
0.0
-0.5625
0.75
-0.4375
0.1875
0.1875
0.1875
0.75
-0.25
-0.1875
-0.3125
-0.1875
0.0625
0.6875
0.5625
-0.375
0.625
0.3125
0.5625
-0.25
0.5
0.6875
0.0
-0.8125
0.375
-0.4375
-0.25
-0.0625
0.625
-0.1875
0.375
-0.125
0.4375
-0.125
0.3125
-0.1875
-0.3125
0.4375
0.375
-0.4375
0.6875
0.25
0.5
0.25
0.6875
0.125
-1.0
-0.0625
0.375
0.875
0.125
0.5
0.875
0.0
0.25
-0.0625
0.4375
0.125
-0.125
0.625
-0.0625
0.1875
0.0625
0.3125
0.1875
0.3125
0.125
0.4375
0.625
0.6875
0.0625
0.125
0.9375
0.3125
0.5625
0.625
0.3125
0.3125
0.75
0.1875
-0.25
0.5625
0.75
0.0
0.25
0.5
0.625
-0.4375
-0.0625
0.9375
0.875
0.25
0.0625
0.5625
0.25
-0.125
-0.1875
-0.375
-0.5
0.6875
-0.3125
0.9375
0.0
-0.125
-0.3125
-0.3125
0.0
0.125
0.1875
0.125
0.9375
0.8125
0.6875
0.5
-0.25
0.3125
0.375
0.6875
0.625
-0.25
-0.5
0.625
0.5625
0.125
-0.125
-0.1875
-0.125
0.625
-0.5625
0.6875
-0.3125
0.9375
0.625
1.0
0.0
0.0625
0.25
0.6875
-0.3125
0.5
-0.125
-0.6875
0.25
0.625
0.625
-0.125
0.1875
-0.5625
0.25
-0.25
-0.0625
-0.5
0.0
0.625
0.6875
-0.3125
0.0625
0.75
0.375
0.1875
-0.125
0.3125
0.625
-0.4375
0.6875
0.375
-0.625
0.0
0.6875
0.3125
-0.0625
-0.0625
-0.125
0.25
0.5625
-0.25
-0.125
0.125
0.25
-0.0625
0.0
0.4375
-0.4375
EIGENVECTOR
-0.969845599535562
-0.7165556226694199
-0.7402291915750181
-0.7651441418945139
0.13552809444856684
-0.06353018574054548
-0.7294276097313575
-0.8120035219325545
-0.8248459493507231
-0.8689039862764907
-0.6619572272825639
-0.9098261333295989
-0.23241961464532257
-0.2426312962578282
0.17669710404769257
-0.019178701904172035
-0.9900281591708169
0.5204057342767026
-0.9834730589526576
-0.926294340832537
0.4787673094774636
-0.9087674086122897
-0.9570713544099659
-0.6661596314932161
-0.0305962392961463
-0.8017265262982134
0.5466389153625915
0.35060148962654214
0.141680159632249
-0.3219060603770789
-0.9633853885678276
-0.7415549924759227
0.5588109946341724
-0.9480446966279505
-0.9125418161107549
-0.5176767529813968
-0.8089392350600284
-0.8970417505113196
-0.7170562212668081
-0.9971992932971473
-0.21696910938674763
-0.966449834637716
0.0012755497989940245
0.868944517530625
0.904475058100612
0.4105132906569908
-0.9389353311514971
-0.11744362078638593
-0.8310005493378438
0.6913766681956504
-0.9706751447057618
0.625090716785353
0.1292657913376336
-0.5506868909672549
-0.9842101512968058
-0.9574468840316039
-0.621420863640793
0.0717019005930446
0.26487691962225357
-0.9883028006614121
-0.3787994829205721
-0.7662480905027722
-0.691213029091373
-0.7415549924759229
0.5918799497855021
-0.9878448705097727
-0.6775334446061061
-0.5777929182050957
-0.4519474294502943
-0.824845949350723
0.3255485355440766
0.8389164410994454
0.45711891853801423
-0.4676891871528349
0.4756442816195423
-0.9887671706267668
0.5181371491601237
-0.9094062209506351
-0.37785049019151973
-0.9982341562660799
-0.7866455744898331
0.6837864703800456
-0.6000532786640302
-0.3309134573479867
-0.26063856095086835
-1.0
-0.979910616485142
-0.9630638235153698
-0.2829162112957926
-0.4868994618024234
-0.6261989133284693
0.5909719338556836
-0.7663584240769961
0.6776785080639558
-0.8599740018599145
-0.9956549783084726
-0.7000403927161223
-0.45581653820081836
-0.6975746839734094
-0.8985773701119676
-0.9704891136833973
0.7871995617917902
0.0799736424467965
-0.5692743986713761
-0.7725455004837776
-0.662075242091898
0.11169253393362344
-0.9999999999999998
-0.22085340447398927
-0.1633275228800979
-0.45638608007871073
0.23873471291985449
0.2557472312442697
-0.1969101376107325
1.0
-0.6060080946407709
-0.5174306102082018
-0.9913926489005674
-0.7712942367456734
-0.9952064570072024
-0.975561976295614
-0.9909642982558665
0.4975497123463939
-0.8524587939533542
-0.03660929497485066
-0.9627977316352578
-0.9554144147354768
0.6978936194346972
-0.8211127136842596
-0.10548393461495353
0.03292172582831232
-0.661957227282564
-0.4747159019910443
-0.8452516938719077
-0.8956200383926894
-0.6713546785151735
-0.9893931651669807
-0.9946138680347528
0.309633330399933
0.5257524619689697
0.38914083322982806
-0.8235330192416481
-0.2735382392774395
-0.40926528828880215
-0.996348599171453
0.5876562707680881
0.48226000876938335
-0.8091225733846881
-0.9254018995163835
0.9107363273630242
0.4133622854930219
-0.5537094244058228
-0.9915104321764963
-0.6793672251518807
-0.9699982076058409
-0.9734092488559791
-0.9808858151608555
-0.18546595096658158
-0.7718412607171363
-0.5571488049396324
-0.9621282202356407
-0.8268415941442171
0.46566749987424405
-0.2232074574854077
-0.9629558612348944
-0.654294105712
-0.15427145489107552
0.11005591500365619
-0.33669373311626594
-0.35417567756401613
-0.9620955737090003
-0.7857292413921403
-0.8948119581645564
-0.4648314026755406
-0.9999999999999999
-0.33884105962798705
-0.985770477141594
-0.11744362078638537
-0.959601768243565
-0.9888496463782681
-0.5921157365516685
-0.9942642432572888
-0.9301257578669953
-0.4824795085888651
-0.203223260549534
-0.13145413282676854
-0.9876478484785002
0.5790146208914269
-0.7240141974488048
-0.9642650547334805
-0.7009912998819567
0.0799736424467965
0.23600344146470809
-0.8132099514829872
-0.9535127287873966
-0.9818180103674409
-0.786751429760669
-0.9352165889796786
-0.9720258945573431
-0.9575533937635382
-0.8698358048693368
0.5379725480824915
-0.9657232707395105
-0.21058954359619442
-0.7844532961232259
0.029706399768488545
-0.7377188332825688
-0.9650616022441432
-0.19207071589032887
-0.39860311409016713
-0.7314302338187637
0.6163077808266735
-0.33949738062066426
0.08605431912906503
-0.890878753808636
0.052373677577605804
-0.9656320019472943
-0.9540270969349212
-0.7771181433298744
-0.9664498346377164
0.6808913035773771
-0.546786487313565
0.31798250275695783
0.8915970339095824
-0.40060685109486793
-0.9849639282039304
-0.9744898318779301
-0.08958731700355338
-0.5762526323083406
-0.9886142163577489
-0.5001284176744596
-0.42403584932408045
-0.3484903906008562
-0.9893140255082
-0.4288116379532134
-0.44079103499801353
-0.24263129625782842
-0.947173620741575
0.048545739877966065
-0.9760037191817126
-0.26980190107897073
-0.9413703126175365
-0.9736328879809599
0.5667825514856413
-0.6225349458079869
-0.3171449237244133
0.734137735668301
-0.8814348083437719
-0.9280455800505272
0.873774578091375
-0.4804003307945053
-0.9738792590818949
-0.9771563497147309
0.44102835738864976
-0.9419171583343928
-0.7371725514684977
0.07022138459610061
0.4941091323238329
-0.9903158369705635
-0.6020554272809603
0.6729552429102299
0.9781538452222032
-0.24857549398022138
-0.9493508984883569
0.4463439363573074
-0.24857549398022194
-0.9918804597720765
-0.9949488706754498
-0.9891032820634625
-0.9939126410399121
0.8015193578481483
-0.9849945505436273
0.7455249799157202
-0.9746975545596234
-0.9913079825909197
-0.9916556060371906
-0.8490170399780574
-0.9841241749402447
-0.4152773389241514
0.0007689853476080533
-0.9873286816569478
0.9244320510929562
0.3356395664371614
0.6117250651547954
0.07461551874420524
-0.9957718779579293
-0.8507670741452739
0.03819556246719347
0.39557399066002463
0.08708479831525318
-0.7013529444271741
-0.9949768565291823
-0.9780819531115772
0.3647677497675341
-0.9887671706267663
-0.7951686288652743
-0.6608036196436893
-0.6535143435815566
0.19372190309080684
-0.6157873269666798
0.442270989949084
-0.9901082833281736
0.5086438923491328
-0.975771652121782
0.8163048758579088
-0.7904485496440317
-0.8664887781746776
-0.5915133316488506
0.8179819024067982
-0.9687890738984315
-0.06789470767636097
-0.7566226252718826
-0.8822723994146794
-0.9305959297759955
0.3285773817116391
0.5958413464416328
-0.9929138772059332
-0.9863349076292357
-0.9817548969278942
-0.5010031548601636
-0.9920295893169359
-0.5108113829646819
-0.9930557063846908
-0.7506693013803983
-0.10058834405478556
0.28609154002595893
-0.9372411674319278
-0.9856012219171917
0.4490391605616215
-0.6151929953942112
-0.4339020033977945
-0.9886142163577489
-0.39794925311096807
0.4096709490275161
-0.9965318850085721
0.05788941985709939
-0.2245406228380754
-0.9973960546713354
-0.9900902388850534
0.31464165805734146
-0.24762287725771104
-0.9883651070051155
-0.9503052165701755
-0.984862138481096
-0.9631368966449186
0.36476774976753434
-0.6377879344748881
-0.9903657906957929
-0.7357557887949633
-0.49064248133919564
-0.5040382029269925
-0.9753851291840314
-0.06912934529820502
-0.995777363575495
CENT
-0.1360860727915516
-0.9338069347210506
-0.4870010684106444
-0.9520008571675511
-0.5926444295716718
0.15178368668876807
-0.9654563009192328
-0.979299309520136
-0.9950588090843515
-0.9998716971477217
-0.831948192566406
-0.38582342045714324
-0.6040734590932685
-0.7174167782184816
-0.8781645315308099
-0.7066869854961674
-0.7484693451285926
-0.17873367112569039
-0.9784926808753087
-0.5311132138589498
-0.3210830649838383
0.5434566575585713
-0.20915745063208324
0.3720960147245902
-0.6698858092870439
-0.930329237555316
-0.4623982023226887
-0.2348406012806733
-0.24885966411487237
-0.9098587696199054
-0.8146638335832324
-0.9500996957988089
-0.5104735426905983
-0.8653885256704126
-0.7367395326167091
-0.7810883430772024
-0.9806210272910038
-0.4665064396239721
-0.9499376160399531
-0.8612971905148009
-0.2951934472486678
-0.8358242627477157
-0.33762806421440317
-0.3670411240829885
-0.29627045112734096
0.1496122592181246
-0.8109228549464783
-0.9057247233868293
-0.975074002126167
-0.460457675977643
-0.5952000956680646
-0.2922236034519671
-0.6939426551800172
-0.7258793235769736
-0.9320035156057748
-0.03131287061860577
0.7955573933922957
-0.5443957802114847
0.49472618670975455
-0.8708480929080721
-0.3648604293962645
-0.5474999195132801
-0.865822083547677
-0.9500996957988089
-0.5950969843185767
-0.7635548409766709
-0.4294021136147591
-0.777815054812484
-0.8817829039466949
-0.9950588090843515
-0.8069029112234687
-0.04683831437496222
-0.5354688664307519
-0.9254770922274925
-0.2919685657104387
-0.9431173708462405
0.0977889699212744
-0.2802791553166092
-0.9872384868830603
-0.9063497049855258
-0.9767483759750774
-0.4193516437333077
-0.881633524913475
-0.13159954521147255
0.42588524555894636
-0.8321952798333183
-0.9370134400943676
-0.6840433853740756
-0.93693108271457
-0.4610159594023612
-0.8360050977907942
0.11444857773684225
-0.8984859366024364
-0.21893449554915279
-0.5194877985046481
-0.8783684294313032
-0.8499886651183981
-0.854593730914468
-0.9487036533663682
-0.2592743243033794
-0.2098245119085791
-0.3788522245028827
-0.8146751422415014
-0.07054739641092878
-0.9540061178352427
-0.41412339871788184
-0.8095590549123046
-0.8321952798333183
-0.8112954174011193
-0.2548473874483068
-0.3375107139510014
-0.4713050914521454
-0.3945563521573211
-0.0910070554432525
0.0034926035662525834
0.4538968966720567
-0.6672718688212058
-0.9424001987673079
0.656985577740673
-0.9978616194056921
-0.8081724645910681
-0.9518928078550555
-0.639612432821062
-0.997317837846053
-0.2538155336701805
-0.5180663995425211
-0.6452695245896369
-0.46811935840080143
-0.9632345428513391
-0.4252088247162902
-0.6482407137564377
-0.831948192566406
-0.21587830871195957
-0.97160606976236
-0.9502239612462933
-0.9190625347498176
-0.6500299053111095
-0.9981740043203333
-0.8273240505915483
-0.5376510189241201
-0.5095240334652286
-0.5019827763803981
-0.798845251135603
-0.5071499066218568
-0.8875858715525935
0.039476317801692806
0.3555334459680517
-0.5236460195605268
-0.41295181658323454
-0.3163602608958712
-0.1623456611068571
-0.8615933719058737
-0.9494104908394082
-0.7512804742207326
-0.6960495334325572
-0.36630578464339825
-0.6730875091887025
-0.45776115409608864
-0.9233995947092213
-0.07349469081594318
-0.6551149581964002
0.4074672728358213
-0.35864245616894097
-0.9612757321550265
-0.4749348631224872
-0.19918332394983262
-0.4512082966772709
-0.144229036298831
-0.8497456640516949
-0.6049830179938607
-0.44619351427571174
-0.5526167920130793
-0.9932903204719077
-0.32570403922878266
-0.8321952798333183
-0.16875357740903552
-0.7720317648608565
-0.9057247233868293
-0.16699948484470328
-0.9103768010381448
-0.8453997433002776
-0.8930797845504002
-0.5795331618967441
-0.6819030960300376
-0.4126488569974036
-0.6531108875716176
-0.996008587603265
-0.32215395750445575
-0.8624515634899224
-0.6793295287336638
-0.8188810814095233
-0.8146751422415014
-0.8400823439680882
-0.3908103560209505
-0.7031136426091269
-0.9675669204979818
0.4101176496358565
-0.38909748268261113
-0.9711288342613164
-0.26808357699065233
-0.15442238434796984
-0.5946684019982871
-0.863804362570506
-0.16872492318450816
-0.1874364166207383
-0.7366348011056072
-0.8191232641513111
-0.6836674967096974
-0.10322580817997129
-0.45602880915583577
-0.8060463777093265
0.3694416394346156
-0.6266530186339034
-0.860771369708627
-0.4820699192424651
-0.018359945194637906
-0.9394541249713937
-1.0
-0.08334881974545927
-0.8358242627477157
0.20985823080482247
-0.515822868433434
-0.7319685100881033
-0.06283749143104855
-0.7583635052539732
-0.9705864449880611
-0.9756242869361151
-0.3025053189655118
-0.7280098548562477
-0.9576362217048943
-0.5479102038665952
-0.7444307486352214
-0.8026277854323087
-0.9796431993367347
-0.19227421002860656
-0.2261881903149111
-0.7174167782184816
-0.9287058834992626
-0.20722104880778436
-0.8577204850858124
-0.4997875523756182
-0.22354957528148955
-0.18581639055259747
0.16200074450315194
-0.003429332105381544
-0.34785388635698544
0.023101281360388137
-0.012639767695574289
-0.6510411430831882
0.424454651424242
-0.7606134138452403
-0.9596280895719801
-0.9126921034560425
0.17719866323213518
-0.3476090757224952
-0.9077246311939902
-0.035329190058077664
-0.7935494410175125
-0.9960604022166851
-0.7817330597370682
-0.4468301749322321
-0.2605634954152065
-0.6602454105242965
-0.3085630626321739
-0.46112916919968505
-0.6602454105242965
-0.9865683565470168
-0.7010021815278054
-0.971741439545954
-0.8724823447750771
0.0008719177382330301
-0.9933798153180002
-0.43805576477619845
-0.9467913137305483
-0.9911293768558803
-0.898734788671823
-0.9627116666322689
-0.24535842731922086
-0.6838522104021938
-0.8588461701979753
-0.9822493330531493
0.32754747720597077
-0.7688793855807128
-0.08709202712097963
-0.5016371353977944
-0.9333361325054026
0.9219819139237218
-0.08201847566049758
-0.5356065109276493
0.4990364923751869
-0.7984787300896372
-0.9178918577463218
-0.9335354039154979
-0.6819200238363888
-0.9431173708462405
-0.3159324097906554
-0.13058596643127984
-0.7124340022306981
-0.08131863944473428
-0.9680632406489648
-0.41416726681947347
-0.8082568746596301
0.2951174315930205
-0.7181052909167505
0.2796240494196349
-0.984866696283417
-0.595855567629269
-0.8306031909322183
-0.43306713368762995
-0.9531274113256105
0.05957826352527351
-0.7768543349368814
-0.9893357144465352
-0.7120080816859665
-0.3810370807467035
-0.4687476604970894
-0.753349890400186
-0.9706933425756852
-0.9538561580239802
-0.2968050319729708
-0.9308455719051256
-0.7368312608380789
-0.9911765467334146
-0.9147956243054859
-0.24372769766333213
-0.5673154489439789
-0.9612147614475434
-0.5967609614299845
-0.4831806811640146
0.10014488966095891
-0.8867939780593801
-0.9576362217048943
-0.38582091335088
-0.48755019493818785
-0.927582625007816
-0.290194761238611
0.2270577973548633
-0.9502840651526604
-0.5807759495319633
0.577961483512653
-0.05972539782993069
-0.9880141615240212
-0.4748857040665061
1.0
-0.7585899987830133
-0.6819200238363888
-0.9598288727556907
-0.8921727192835841
-0.4533378547138771
-0.15218764765513026
-0.6760271768128125
0.4721615270744288
-0.38735497059508117
-0.855542726276584
DEGREE_RANK
-0.22946175637393762
-0.8640226628895185
-0.348441926345609
-0.15014164305948996
0.5920679886685551
0.1841359773371105
-0.8016997167138811
-0.9603399433427762
-0.9546742209631728
-0.9830028328611898
0.0821529745042493
-0.03682719546742208
0.49008498583569415
0.1898016997167138
0.49575070821529743
0.0878186968838528
-0.3427762039660056
0.5014164305949007
-0.9943342776203966
-0.7960339943342776
0.4107648725212465
-0.03116147308781858
-0.14447592067988668
-0.025495750708215192
0.1954674220963173
-0.5410764872521246
0.5977337110481586
0.5070821529745042
0.41643059490084977
-0.4390934844192633
-0.13881019830028318
-0.7903682719546743
0.7167138810198299
-0.603399433427762
-0.43342776203966005
-0.42776203966005655
-0.9263456090651558
0.20113314447592057
-0.5354107648725213
-0.9206798866855525
0.6033994334277621
0.2804532577903682
0.42209631728045327
0.8413597733711047
0.9036827195467423
0.9886685552407932
-0.9150141643059491
-0.019830028328611804
-0.6827195467422096
0.6090651558073654
-0.3371104815864022
0.5127478753541077
0.3484419263456091
0.6147308781869689
-0.22379603399433412
-0.21813031161473084
-0.3314447592067987
0.7223796033994334
0.7280453257790369
-0.5977337110481586
-0.014164305949008416
-0.32577903682719545
-0.008498583569404916
-0.7847025495750708
0.9093484419263456
-0.5297450424929178
-0.5240793201133145
0.3541076487252124
-0.21246458923512734
-0.9490084985835694
0.3597733711048159
0.9943342776203965
0.7337110481586402
-0.7790368271954674
0.5184135977337112
-0.1331444759206798
0.9206798866855526
-0.6770538243626063
-0.5920679886685553
-0.773371104815864
-0.9093484419263456
0.7393767705382435
-0.0028328611898016387
0.20679886685552407
0.42776203966005677
-0.858356940509915
-0.518413597733711
0.8470254957507082
-0.32011331444759195
-0.1274787535410764
-0.9036827195467422
0.43342776203966005
-0.31444759206798867
0.8526912181303117
-0.5864022662889519
-0.6713881019830028
0.0028328611898016387
-0.12181303116147302
-0.7507082152974505
0.09348441926345585
-0.42209631728045327
0.745042492917847
0.4390934844192633
0.008498583569404916
-0.8980169971671388
-0.6657223796033994
0.4447592067988668
-0.8526912181303116
-0.30878186968838517
0.3654390934844194
0.014164305949008416
0.5240793201133143
0.8583569405099152
0.37110481586402244
0.9263456090651556
-0.5127478753541076
0.5297450424929178
-0.8470254957507082
-0.11614730878186952
-0.745042492917847
-0.8923512747875354
-0.7677053824362606
0.37677053824362594
-0.971671388101983
0.5354107648725213
-0.41643059490084977
0.2861189801699715
0.7507082152974505
-0.5807365439093485
0.291784702549575
0.2974504249291785
0.09915014164305935
0.10481586402266285
-0.7393767705382437
-0.886685552407932
-0.660056657223796
-0.20679886685552407
-0.6543909348441926
0.8640226628895182
0.9546742209631727
0.7563739376770537
-0.11048158640226624
0.4504249291784703
0.11048158640226635
-0.7337110481586402
0.6203966005665722
0.7620396600566572
-0.20113314447592057
0.5410764872521248
0.8696883852691217
0.6260623229461757
-0.4107648725212464
-0.3031161473087818
0.11614730878186963
-0.2974504249291784
-0.291784702549575
-0.8413597733711048
0.303116147308782
-0.10481586402266274
-0.09915014164305946
0.019830028328611915
-0.09348441926345608
0.546742209631728
-0.19546742209631718
0.21246458923512757
-0.1898016997167138
0.025495750708215414
0.631728045325779
0.21813031161473084
-0.405099150141643
0.9320113314447591
-0.2861189801699715
-0.943342776203966
0.8753541076487252
-0.8356940509915014
0.03116147308781847
0.03682719546742197
0.04249291784702547
0.8810198300283287
-0.6487252124645893
-0.5750708215297451
-0.7280453257790368
-0.5694050991501416
-0.1841359773371104
0.7677053824362607
0.5524079320113315
-0.7620396600566572
0.6373937677053825
0.22379603399433412
0.5580736543909348
-0.6430594900849858
0.4560906515580736
0.773371104815864
-0.2804532577903682
-0.9886685552407932
0.30878186968838506
-0.830028328611898
-0.6373937677053825
-0.3994334277620396
0.643059490084986
-0.5637393767705383
0.31444759206798856
-0.5070821529745042
0.38243626062322944
-0.5014164305949008
0.22946175637393762
-0.5580736543909348
-0.7223796033994334
0.38810198300283294
0.32011331444759206
-0.8243626062322946
0.7790368271954673
0.12181303116147313
0.4617563739376769
0.1274787535410764
0.7847025495750708
-0.08781869688385258
-1.0
-0.3937677053824361
0.32577903682719556
0.9376770538243626
-0.0821529745042493
0.4674220963172804
0.9433427762039661
-0.27478753541076484
0.1331444759206799
-0.38810198300283283
0.3937677053824362
-0.0764872521246458
-0.49575070821529743
0.648725212464589
-0.38243626062322933
0.04815864022662897
-0.178470254957507
0.23512747875354112
0.053824362606232246
0.24079320113314462
-0.07082152974504241
0.3994334277620397
0.6543909348441925
0.7903682719546743
-0.17280453257790362
-0.06515580736543902
0.9603399433427762
0.24645892351274767
0.5637393767705381
0.660056657223796
0.2521246458923512
0.2577903682719547
0.886685552407932
0.059490084985835745
-0.631728045325779
0.5694050991501416
0.8923512747875353
-0.26912181303116145
0.13881019830028318
0.4730878186968839
0.6657223796033995
-0.8186968838526912
-0.37677053824362605
0.9660056657223797
0.9490084985835694
0.14447592067988668
-0.16713881019830024
0.5750708215297451
0.15014164305949018
-0.49008498583569393
-0.5524079320113314
-0.7563739376770537
-0.8810198300283286
0.7960339943342778
-0.71671388101983
0.971671388101983
-0.26345609065155806
-0.48441926345609065
-0.7110481586402266
-0.7053824362606231
-0.25779036827195456
-0.059490084985835634
0.06515580736543902
-0.053824362606232135
0.9773371104815864
0.9150141643059491
0.8016997167138808
0.47875354107648715
-0.6260623229461757
0.2634560906515582
0.33144475920679883
0.8073654390934843
0.6713881019830028
-0.6203966005665722
-0.8753541076487252
0.6770538243626061
0.5807365439093486
-0.04815864022662886
-0.47875354107648715
-0.546742209631728
-0.47308781869688377
0.6827195467422096
-0.9376770538243626
0.8130311614730878
-0.6997167138810199
0.98300283286119
0.6883852691218131
1.0
-0.2521246458923513
-0.16147308781869685
0.15580736543909346
0.8186968838526911
-0.6940509915014164
0.48441926345609065
-0.4674220963172804
-0.9773371104815864
0.16147308781869674
0.6940509915014164
0.6997167138810199
-0.461756373937677
0.07082152974504252
-0.9320113314447592
0.16713881019830024
-0.6147308781869688
-0.37110481586402255
-0.8696883852691218
-0.24645892351274779
0.7053824362606234
0.8243626062322946
-0.6883852691218131
-0.15580736543909346
0.8980169971671388
0.33711048158640233
0.0764872521246458
-0.4560906515580736
0.26912181303116145
0.7110481586402266
-0.8130311614730878
0.8300283286118981
0.3427762039660056
-0.9660056657223796
-0.2407932011331444
0.8356940509915014
0.27478753541076495
-0.36543909348441916
-0.3597733711048159
-0.4504249291784702
0.17280453257790374
0.5864022662889516
-0.6090651558073654
-0.4447592067988668
-0.04249291784702536
0.17847025495750724
-0.3541076487252124
-0.235127478753541
0.405099150141643
-0.8073654390934843
EIGENVECTOR_RANK
-0.5920679886685553
-0.0764872521246458
-0.12181303116147302
-0.15014164305948996
0.6033994334277621
0.47875354107648715
-0.09348441926345608
-0.2407932011331444
-0.26345609065155806
-0.32011331444759195
-0.008498583569404916
-0.38243626062322933
0.3654390934844194
0.3597733711048159
0.6147308781869689
0.49575070821529743
-0.830028328611898
0.8073654390934843
-0.7053824362606231
-0.3994334277620396
0.773371104815864
-0.37110481586402255
-0.49008498583569393
-0.025495750708215192
0.49008498583569415
-0.22379603399433412
0.8243626062322946
0.6883852691218131
0.6090651558073654
0.303116147308782
-0.546742209631728
-0.1274787535410764
0.8300283286118981
-0.4560906515580736
-0.38810198300283283
0.11614730878186963
-0.22946175637393762
-0.3597733711048159
-0.0821529745042493
-0.971671388101983
0.38810198300283294
-0.5807365439093485
0.5070821529745042
0.9603399433427762
0.9773371104815864
0.7223796033994334
-0.43342776203966005
0.4390934844192633
-0.2804532577903682
0.9093484419263456
-0.6090651558073654
0.8810198300283287
0.5977337110481586
0.10481586402266285
-0.71671388101983
-0.49575070821529743
0.03116147308781847
0.5524079320113315
0.643059490084986
-0.773371104815864
0.2577903682719547
-0.15580736543909346
-0.04815864022662886
-0.1331444759206798
0.8583569405099152
-0.7677053824362606
-0.03682719546742208
0.0764872521246458
0.20113314447592057
-0.26912181303116145
0.6713881019830028
0.9546742209631727
0.7563739376770537
0.17847025495750724
0.7677053824362607
-0.7960339943342776
0.8016997167138808
-0.37677053824362605
0.2634560906515582
-0.9830028328611898
-0.20113314447592057
0.9036827195467423
0.059490084985835745
0.2974504249291785
0.33144475920679883
-1.0
-0.6827195467422096
-0.5354107648725213
0.31444759206798856
0.15580736543909346
0.019830028328611915
0.8526912181303117
-0.16147308781869685
0.8923512747875353
-0.30878186968838517
-0.943342776203966
-0.059490084985835634
0.1954674220963173
-0.053824362606232135
-0.36543909348441916
-0.603399433427762
0.9320113314447591
0.5694050991501416
0.0878186968838528
-0.178470254957507
-0.019830028328611804
0.5920679886685551
-0.9886685552407932
0.38243626062322944
0.42209631728045327
0.1898016997167138
0.631728045325779
0.6373937677053825
0.405099150141643
1.0
0.04815864022662897
0.12181303116147313
-0.8696883852691218
-0.16713881019830024
-0.9376770538243626
-0.6543909348441926
-0.858356940509915
0.7903682719546743
-0.3031161473087818
0.48441926345609065
-0.5240793201133145
-0.48441926345609065
0.9150141643059491
-0.2521246458923513
0.4504249291784703
0.5184135977337112
-0.014164305949008416
0.17280453257790374
-0.2861189801699715
-0.3541076487252124
-0.03116147308781858
-0.8243626062322946
-0.9206798866855525
0.6543909348441925
0.8130311614730878
0.7053824362606234
-0.25779036827195456
0.32011331444759206
0.23512747875354112
-0.9603399433427762
0.8470254957507082
0.7790368271954673
-0.235127478753541
-0.3937677053824361
0.98300283286119
0.7280453257790369
0.09915014164305935
-0.8753541076487252
-0.04249291784702536
-0.5977337110481586
-0.6203966005665722
-0.6883852691218131
0.41643059490084977
-0.17280453257790362
0.09348441926345585
-0.518413597733711
-0.27478753541076484
0.7620396600566572
0.37677053824362594
-0.5297450424929178
0.0028328611898016387
0.42776203966005677
0.5864022662889516
0.291784702549575
0.26912181303116145
-0.5127478753541076
-0.19546742209631718
-0.348441926345609
0.1841359773371105
-0.9943342776203966
0.2861189801699715
-0.745042492917847
0.4447592067988668
-0.5070821529745042
-0.8073654390934843
0.06515580736543902
-0.9150141643059491
-0.4107648725212464
0.16147308781869674
0.3994334277620397
0.43342776203966005
-0.7620396600566572
0.8413597733711047
-0.08781869688385258
-0.5524079320113314
-0.06515580736543902
0.5637393767705381
0.6260623229461757
-0.24645892351274779
-0.47308781869688377
-0.6997167138810199
-0.20679886685552407
-0.42209631728045327
-0.6147308781869688
-0.5014164305949008
-0.32577903682719545
0.8186968838526911
-0.5694050991501416
0.3937677053824362
-0.1898016997167138
0.5127478753541077
-0.11614730878186952
-0.5580736543909348
0.4107648725212465
0.24645892351274767
-0.09915014164305946
0.8753541076487252
0.2804532577903682
0.5750708215297451
-0.3427762039660056
0.5354107648725213
-0.5637393767705383
-0.47875354107648715
-0.1841359773371104
-0.5750708215297451
0.8980169971671388
0.11048158640226635
0.6657223796033995
0.971671388101983
0.24079320113314462
-0.7280453257790368
-0.6373937677053825
0.4617563739376769
0.0821529745042493
-0.7903682719546743
0.14447592067988668
0.22379603399433412
0.27478753541076495
-0.8186968838526912
0.21813031161473084
0.20679886685552407
0.3541076487252124
-0.4504249291784702
0.5297450424929178
-0.6657223796033994
0.32577903682719556
-0.4390934844192633
-0.6260623229461757
0.8356940509915014
0.025495750708215414
0.30878186968838506
0.9206798866855526
-0.3314447592067987
-0.405099150141643
0.9660056657223797
0.16713881019830024
-0.631728045325779
-0.6713881019830028
0.7337110481586402
-0.4447592067988668
-0.11048158640226624
0.546742209631728
0.7847025495750708
-0.8470254957507082
0.053824362606232246
0.886685552407932
0.9943342776203965
0.33711048158640233
-0.461756373937677
0.745042492917847
0.3427762039660056
-0.886685552407932
-0.9263456090651558
-0.8130311614730878
-0.9093484419263456
0.9376770538243626
-0.7337110481586402
0.9263456090651556
-0.6430594900849858
-0.8640226628895185
-0.8810198300283286
-0.291784702549575
-0.7110481586402266
0.22946175637393762
0.5014164305949007
-0.7563739376770537
0.9886685552407932
0.6827195467422096
0.8696883852691217
0.5580736543909348
-0.9490084985835694
-0.2974504249291784
0.5240793201133143
0.7110481586402266
0.5807365439093486
-0.07082152974504241
-0.9320113314447592
-0.6770538243626063
0.6940509915014164
-0.8016997167138811
-0.21813031161473084
-0.0028328611898016387
0.008498583569404916
0.6203966005665722
0.03682719546742197
0.7393767705382435
-0.8413597733711048
0.7960339943342778
-0.660056657223796
0.9433427762039661
-0.21246458923512734
-0.31444759206798867
0.07082152974504252
0.9490084985835694
-0.5864022662889519
0.4730878186968839
-0.14447592067988668
-0.3371104815864022
-0.41643059490084977
0.6770538243626061
0.8640226628895182
-0.8980169971671388
-0.7507082152974505
-0.6940509915014164
0.13881019830028318
-0.8923512747875354
0.1274787535410764
-0.9036827195467422
-0.13881019830028318
0.4560906515580736
0.648725212464589
-0.42776203966005655
-0.7393767705382437
0.7507082152974505
0.04249291784702547
0.21246458923512757
-0.7847025495750708
0.2521246458923512
0.7167138810198299
-0.9660056657223796
0.5410764872521248
0.37110481586402244
-0.9773371104815864
-0.8356940509915014
0.660056657223796
0.3484419263456091
-0.7790368271954674
-0.4674220963172804
-0.7223796033994334
-0.5410764872521246
0.6997167138810199
0.014164305949008416
-0.8526912181303116
-0.10481586402266274
0.15014164305949018
0.1331444759206799
-0.6487252124645893
0.4674220963172804
-0.9546742209631728
CENT_RANK
0.7053824362606234
-0.6543909348441926
0.21813031161473084
-0.745042492917847
0.0878186968838528
0.8640226628895182
-0.8130311614730878
-0.8810198300283286
-0.9603399433427762
-0.9943342776203966
-0.3541076487252124
0.3994334277620397
0.053824362606232246
-0.12181303116147302
-0.49008498583569393
-0.09915014164305946
-0.17280453257790362
0.660056657223796
-0.8753541076487252
0.15014164305949018
0.47875354107648715
0.971671388101983
0.6260623229461757
0.9206798866855526
-0.019830028328611804
-0.6260623229461757
0.26912181303116145
0.5920679886685551
0.5750708215297451
-0.5694050991501416
-0.30878186968838517
-0.7223796033994334
0.17847025495750724
-0.4674220963172804
-0.15580736543909346
-0.235127478753541
-0.8923512747875354
0.2634560906515582
-0.7110481586402266
-0.4447592067988668
0.5184135977337112
-0.38243626062322933
0.4560906515580736
0.42209631728045327
0.5127478753541077
0.8583569405099152
-0.2974504249291784
-0.5524079320113314
-0.858356940509915
0.2861189801699715
0.07082152974504252
0.5240793201133143
-0.0764872521246458
-0.1331444759206798
-0.6373937677053825
0.7903682719546743
0.9886685552407932
0.1274787535410764
0.9603399433427762
-0.47875354107648715
0.43342776203966005
0.12181303116147313
-0.47308781869688377
-0.71671388101983
0.0764872521246458
-0.20679886685552407
0.33711048158640233
-0.22946175637393762
-0.5070821529745042
-0.9546742209631728
-0.27478753541076484
0.7790368271954673
0.14447592067988668
-0.6090651558073654
0.5297450424929178
-0.6883852691218131
0.8413597733711047
0.5410764872521248
-0.9150141643059491
-0.5580736543909348
-0.8696883852691218
0.3484419263456091
-0.5014164305949008
0.7110481586402266
0.9433427762039661
-0.37110481586402255
-0.6657223796033994
-0.07082152974504241
-0.660056657223796
0.2804532577903682
-0.38810198300283283
0.8526912181303117
-0.5354107648725213
0.6090651558073654
0.16147308781869674
-0.49575070821529743
-0.4107648725212464
-0.41643059490084977
-0.6997167138810199
0.5580736543909348
0.6203966005665722
0.41643059490084977
-0.32011331444759195
0.7620396600566572
-0.7620396600566572
0.3597733711048159
-0.291784702549575
-0.36543909348441916
-0.3031161473087818
0.5637393767705381
0.4617563739376769
0.24645892351274767
0.37677053824362594
0.7280453257790369
0.8186968838526911
0.9490084985835694
-0.014164305949008416
-0.6770538243626063
0.98300283286119
-0.9830028328611898
-0.2804532577903682
-0.7393767705382437
0.03682719546742197
-0.9773371104815864
0.5694050991501416
0.16713881019830024
0.03116147308781847
0.2577903682719547
-0.8073654390934843
0.3427762039660056
0.025495750708215414
-0.348441926345609
0.6147308781869689
-0.8470254957507082
-0.7280453257790368
-0.5977337110481586
0.019830028328611915
-0.9886685552407932
-0.3371104815864022
0.1331444759206799
0.1841359773371105
0.1954674220963173
-0.25779036827195456
0.1898016997167138
-0.518413597733711
0.8300283286118981
0.9093484419263456
0.15580736543909346
0.3654390934844194
0.48441926345609065
0.6827195467422096
-0.4504249291784702
-0.7053824362606231
-0.178470254957507
-0.0821529745042493
0.42776203966005677
-0.025495750708215192
0.291784702549575
-0.603399433427762
0.7563739376770537
0.0028328611898016387
0.9263456090651556
0.4390934844192633
-0.7960339943342776
0.23512747875354112
0.6373937677053825
0.30878186968838506
0.6997167138810199
-0.405099150141643
0.04815864022662897
0.32011331444759206
0.11048158640226635
-0.943342776203966
0.4674220963172804
-0.3597733711048159
0.6657223796033995
-0.21813031161473084
-0.546742209631728
0.6770538243626061
-0.5750708215297451
-0.3994334277620396
-0.5297450424929178
0.09915014164305935
-0.04249291784702536
0.37110481586402244
0.008498583569404916
-0.9660056657223796
0.4730878186968839
-0.4560906515580736
-0.03682719546742208
-0.32577903682719545
-0.31444759206798867
-0.3937677053824361
0.38243626062322944
-0.09348441926345608
-0.8186968838526912
0.9320113314447591
0.38810198300283294
-0.8413597733711048
0.546742209631728
0.6883852691218131
0.0821529745042493
-0.461756373937677
0.6713881019830028
0.648725212464589
-0.15014164305948996
-0.3314447592067987
-0.059490084985835634
0.7223796033994334
0.2974504249291785
-0.26912181303116145
0.9150141643059491
0.04249291784702547
-0.4390934844192633
0.22946175637393762
0.7960339943342778
-0.6713881019830028
-1.0
0.7393767705382435
-0.37677053824362605
0.8810198300283287
0.17280453257790374
-0.14447592067988668
0.7677053824362607
-0.1898016997167138
-0.830028328611898
-0.8640226628895185
0.5014164305949007
-0.13881019830028318
-0.773371104815864
0.11614730878186963
-0.16713881019830024
-0.26345609065155806
-0.886685552407932
0.643059490084986
0.5977337110481586
-0.11614730878186952
-0.6203966005665722
0.631728045325779
-0.42776203966005655
0.20679886685552407
0.6033994334277621
0.6543909348441925
0.8696883852691217
0.8073654390934843
0.4447592067988668
0.8243626062322946
0.8016997167138808
0.014164305949008416
0.9376770538243626
-0.20113314447592057
-0.7790368271954674
-0.5807365439093485
0.8753541076487252
0.4504249291784703
-0.5637393767705383
0.7847025495750708
-0.24645892351274779
-0.971671388101983
-0.2407932011331444
0.31444759206798856
0.5524079320113315
-0.008498583569404916
0.49575070821529743
0.27478753541076495
-0.0028328611898016387
-0.9093484419263456
-0.08781869688385258
-0.8526912181303116
-0.48441926345609065
0.8130311614730878
-0.9490084985835694
0.32577903682719556
-0.6940509915014164
-0.9320113314447592
-0.5410764872521246
-0.8016997167138811
0.5807365439093486
-0.06515580736543902
-0.43342776203966005
-0.8980169971671388
0.9036827195467423
-0.21246458923512734
0.7337110481586402
0.20113314447592057
-0.6430594900849858
0.9943342776203965
0.745042492917847
0.13881019830028318
0.9660056657223797
-0.2521246458923513
-0.5920679886685553
-0.6487252124645893
-0.053824362606232135
-0.6827195467422096
0.49008498583569415
0.7167138810198299
-0.11048158640226624
0.7507082152974505
-0.8243626062322946
0.3541076487252124
-0.2861189801699715
0.8980169971671388
-0.1274787535410764
0.8923512747875353
-0.9036827195467422
0.06515580736543902
-0.3427762039660056
0.33144475920679883
-0.7507082152974505
0.8356940509915014
-0.22379603399433412
-0.9263456090651558
-0.10481586402266274
0.4107648725212465
0.2521246458923512
-0.1841359773371104
-0.8356940509915014
-0.7563739376770537
0.5070821529745042
-0.631728045325779
-0.16147308781869685
-0.9376770538243626
-0.5864022662889519
0.5864022662889516
0.10481586402266285
-0.7903682719546743
0.059490084985835745
0.22379603399433412
0.8470254957507082
-0.5127478753541076
-0.7677053824362606
0.405099150141643
0.21246458923512757
-0.6147308781869688
0.5354107648725213
0.886685552407932
-0.7337110481586402
0.09348441926345585
0.9773371104815864
0.773371104815864
-0.9206798866855525
0.24079320113314462
1.0
-0.19546742209631718
-0.04815864022662886
-0.7847025495750708
-0.5240793201133145
0.303116147308782
0.6940509915014164
-0.03116147308781858
0.9546742209631727
0.3937677053824362
-0.42209631728045327
RANK
217
9
137
119
123
258
186
8
69
271
172
322
274
312
341
78
266
305
280
36
233
7
18
80
226
48
268
133
198
317
225
299
195
6
128
276
163
326
346
251
229
331
104
318
309
3
121
337
134
31
63
38
152
98
273
75
294
117
216
86
88
1
292
285
54
320
25
237
334
73
158
135
291
323
252
179
29
255
79
47
177
275
92
181
347
144
330
68
82
95
14
269
59
62
33
202
188
151
39
213
279
239
353
97
96
168
180
192
90
41
219
85
107
174
10
131
307
138
206
190
102
191
30
108
46
106
301
120
70
210
232
142
290
257
259
35
67
311
176
282
65
250
344
224
316
153
16
231
321
34
205
222
228
53
303
13
236
297
313
15
194
267
154
52
87
278
207
293
345
183
189
350
156
24
116
262
265
160
185
248
136
130
126
122
212
169
12
327
306
50
64
201
4
338
182
325
171
230
61
57
139
288
72
19
147
94
125
221
32
140
143
141
284
240
333
2
328
214
164
342
111
315
127
37
26
264
89
49
157
209
348
166
260
170
272
308
66
129
81
300
105
148
184
112
193
197
352
11
332
314
101
43
155
60
162
245
254
42
110
173
187
20
149
295
263
227
319
44
40
51
74
335
77
199
261
99
109
124
28
277
324
27
235
241
93
132
100
22
238
165
234
204
242
17
175
203
178
150
200
349
167
0
83
296
208
113
283
218
287
298
159
103
223
340
71
256
55
215
247
244
270
114
246
145
310
76
329
91
45
5
243
253
220
336
304
302
281
146
211
23
161
196
249
84
115
351
58
289
21
339
118
56
286
343
