DEGREE
0.3571428571428572
0.5
-0.1428571428571429
0.5714285714285714
-0.7142857142857143
-0.3571428571428571
0.2857142857142858
0.0
0.0714285714285714
-0.5
0.1428571428571428
-0.6428571428571428
-0.0714285714285714
0.4285714285714286
0.3571428571428572
-0.3571428571428571
-0.2857142857142857
0.2142857142857142
0.4285714285714286
0.5
-0.0714285714285714
0.4285714285714286
-0.6428571428571428
0.4285714285714286
-0.6428571428571428
-0.0714285714285714
0.0
0.2857142857142858
-0.5
-0.6428571428571428
0.1428571428571428
0.1428571428571428
0.0714285714285714
0.2857142857142858
-0.1428571428571429
-0.7142857142857143
0.1428571428571428
0.5
0.7142857142857142
0.0
0.2857142857142858
-0.6428571428571428
-0.2857142857142857
-0.0714285714285714
0.3571428571428572
0.2142857142857142
0.2857142857142858
0.2142857142857142
0.5
0.1428571428571428
-0.5
-0.2857142857142857
0.3571428571428572
0.0
0.1428571428571428
-0.0714285714285714
-0.5714285714285714
-0.1428571428571429
0.4285714285714286
0.0
0.3571428571428572
-0.5
0.5
0.3571428571428572
-0.7142857142857143
-0.9285714285714286
0.4285714285714286
-0.2857142857142857
-0.3571428571428571
0.2142857142857142
-0.5714285714285714
0.0714285714285714
0.4285714285714286
-0.1428571428571429
-0.5
0.0
-0.3571428571428571
0.2142857142857142
0.2142857142857142
0.2142857142857142
0.0714285714285714
0.2142857142857142
-0.5714285714285714
-0.0714285714285714
-0.0714285714285714
0.2142857142857142
0.9285714285714286
0.1428571428571428
-0.7142857142857143
0.5714285714285714
-0.1428571428571429
0.3571428571428572
0.2142857142857142
0.3571428571428572
0.5
0.7142857142857142
-0.5
-0.0714285714285714
0.4285714285714286
0.3571428571428572
-0.7142857142857143
0.3571428571428572
0.3571428571428572
0.0714285714285714
0.2142857142857142
-0.0714285714285714
0.4285714285714286
-0.1428571428571429
-0.0714285714285714
-0.1428571428571429
-0.1428571428571429
0.4285714285714286
0.1428571428571428
-0.0714285714285714
-0.2142857142857143
-0.2857142857142857
0.1428571428571428
-0.3571428571428571
-0.2142857142857143
0.5
-0.2857142857142857
0.0
0.5
0.5
-0.2857142857142857
0.5714285714285714
0.0714285714285714
-0.2857142857142857
0.2142857142857142
-0.2857142857142857
-0.2142857142857143
0.3571428571428572
-0.2142857142857143
0.2857142857142858
-0.4285714285714286
-0.7142857142857143
-0.0714285714285714
0.2857142857142858
0.4285714285714286
-0.2142857142857143
-0.5
0.0
-0.5
0.1428571428571428
-0.1428571428571429
-0.5714285714285714
0.4285714285714286
0.3571428571428572
0.1428571428571428
0.0714285714285714
0.5
0.1428571428571428
-0.1428571428571429
-0.1428571428571429
-0.0714285714285714
-0.7857142857142857
0.5
0.0
0.0
0.1428571428571428
0.4285714285714286
0.1428571428571428
-0.0714285714285714
0.4285714285714286
0.4285714285714286
-0.4285714285714286
-0.0714285714285714
0.2857142857142858
0.0714285714285714
0.4285714285714286
0.0714285714285714
0.0
0.2857142857142858
-0.1428571428571429
0.0
0.2142857142857142
-0.4285714285714286
0.0
0.2857142857142858
0.5714285714285714
0.4285714285714286
-0.0714285714285714
0.6428571428571428
-0.5714285714285714
0.6428571428571428
0.1428571428571428
0.1428571428571428
-0.4285714285714286
0.3571428571428572
0.4285714285714286
0.5
0.3571428571428572
0.3571428571428572
0.2142857142857142
0.1428571428571428
0.0714285714285714
-0.5
0.0714285714285714
0.4285714285714286
0.2857142857142858
0.2142857142857142
-0.2857142857142857
0.2857142857142858
0.4285714285714286
0.2142857142857142
-0.7857142857142857
-0.2142857142857143
0.2857142857142858
-0.1428571428571429
0.1428571428571428
0.4285714285714286
0.2857142857142858
0.1428571428571428
-0.1428571428571429
0.4285714285714286
1.0
-0.5714285714285714
0.3571428571428572
0.4285714285714286
0.2857142857142858
-0.4285714285714286
-0.2142857142857143
0.1428571428571428
0.2857142857142858
0.2857142857142858
0.5714285714285714
-0.1428571428571429
0.5
0.0
0.0
0.0714285714285714
0.0714285714285714
-0.2857142857142857
0.3571428571428572
0.7142857142857142
-0.3571428571428571
-0.3571428571428571
0.2142857142857142
0.2857142857142858
-0.2142857142857143
0.0
-0.5
-0.5714285714285714
0.2857142857142858
0.3571428571428572
0.4285714285714286
0.5
0.2142857142857142
0.2142857142857142
-0.1428571428571429
0.8571428571428572
0.0
0.0
0.3571428571428572
0.1428571428571428
0.0714285714285714
-0.2142857142857143
0.0714285714285714
-0.6428571428571428
0.0714285714285714
-0.1428571428571429
0.4285714285714286
0.5
-0.2857142857142857
-0.6428571428571428
0.3571428571428572
0.4285714285714286
0.3571428571428572
-0.2142857142857143
-0.9285714285714286
-0.2857142857142857
-0.1428571428571429
0.4285714285714286
0.4285714285714286
-0.2857142857142857
0.0714285714285714
0.2857142857142858
0.0714285714285714
-0.6428571428571428
-0.2142857142857143
-0.3571428571428571
0.4285714285714286
0.2857142857142858
0.5714285714285714
-0.2857142857142857
-0.2857142857142857
0.2142857142857142
-0.4285714285714286
-0.0714285714285714
0.1428571428571428
-0.0714285714285714
-0.3571428571428571
0.2857142857142858
0.6428571428571428
0.6428571428571428
0.5714285714285714
-0.4285714285714286
-0.4285714285714286
0.2142857142857142
0.4285714285714286
0.3571428571428572
0.5
-0.2857142857142857
-0.2857142857142857
0.2857142857142858
0.0714285714285714
-0.7142857142857143
0.4285714285714286
0.3571428571428572
0.0
0.2142857142857142
-0.1428571428571429
-0.0714285714285714
-0.6428571428571428
0.5714285714285714
0.5
-0.1428571428571429
-0.0714285714285714
-0.1428571428571429
0.1428571428571428
0.4285714285714286
-0.0714285714285714
0.0
0.1428571428571428
-0.0714285714285714
0.5
0.1428571428571428
-0.2142857142857143
-0.2857142857142857
-0.1428571428571429
-0.2142857142857143
0.0
0.0714285714285714
0.0
0.3571428571428572
0.5714285714285714
-0.2857142857142857
-0.5714285714285714
-0.0714285714285714
0.7142857142857142
-0.1428571428571429
-0.5714285714285714
-0.2857142857142857
0.0714285714285714
-0.6428571428571428
0.5714285714285714
-0.2142857142857143
0.2857142857142858
0.0
-0.7142857142857143
0.2142857142857142
0.3571428571428572
0.4285714285714286
0.0
0.1428571428571428
0.5714285714285714
0.3571428571428572
-0.4285714285714286
0.0
-0.0714285714285714
0.2857142857142858
-0.6428571428571428
0.2142857142857142
-0.0714285714285714
0.2857142857142858
-0.0714285714285714
-0.0714285714285714
0.2857142857142858
-0.3571428571428571
-0.6428571428571428
0.1428571428571428
-0.3571428571428571
0.6428571428571428
0.0
-0.5714285714285714
0.7142857142857142
-0.3571428571428571
-0.0714285714285714
0.4285714285714286
0.2142857142857142
0.2857142857142858
-0.2142857142857143
0.2142857142857142
0.1428571428571428
-0.1428571428571429
0.1428571428571428
0.4285714285714286
0.0714285714285714
0.3571428571428572
-0.1428571428571429
0.5
0.1428571428571428
0.5714285714285714
0.3571428571428572
0.5
0.2142857142857142
-0.2142857142857143
-0.3571428571428571
-0.2142857142857143
-0.3571428571428571
-0.4285714285714286
0.1428571428571428
0.4285714285714286
0.3571428571428572
0.4285714285714286
0.2142857142857142
-1.0
0.0714285714285714
0.4285714285714286
0.0714285714285714
0.1428571428571428
-0.1428571428571429
0.3571428571428572
-0.2142857142857143
0.2142857142857142
0.2142857142857142
-0.2142857142857143
-0.1428571428571429
EIGENVECTOR
-0.3332035127021874
-0.053684166898074204
-0.5646958879135507
0.08900393199141376
-0.9794873005133248
-0.833766182403811
0.5069113790818269
-0.9896706626689771
-0.9817643856499996
-0.917507001498869
-0.4038420758022008
-0.996405947644371
-0.8643475696562419
-0.07407014580605076
-0.23175555567728523
-0.9875552721885579
-0.9614964150349823
0.22343315820872456
0.3063037346303257
0.7012461685363709
-0.6232630251700487
-0.7810593067107423
-0.8914218225149678
0.5262734017674897
-0.8188960326564808
-0.9978253141405198
-0.993900270439476
0.2886987939672008
-0.9289151640344685
-0.9981380874316852
-0.9929665309452154
-0.9750185114629842
-0.9967152259085277
-0.9942117008831103
-0.9286295143231451
-0.9146267449662647
-0.9965548512688741
0.6166955994841969
-0.8434924056341377
-0.9088383588938461
-0.8937778667046008
-0.9980654357653583
-0.9982419362472916
-0.912582380763208
-0.8135962773589792
-0.9929677129449048
-0.7558571270537123
-0.6911751490980578
-0.7498001730153244
0.3206146986065561
-0.9600277499130666
-0.9954559634015993
-0.38615452700903785
-0.9955225913421827
-0.9968009115274029
-0.9912233539371377
-0.9942971529976633
-0.9345441586974427
-0.3518453008644695
-0.8660465587275306
-0.9964371326301009
-0.9872539836538161
-0.6511845093083775
-0.45616064352782715
-0.9995957938573597
-0.9176618275420175
-0.9951644226670194
-0.9143220831851198
-0.9844872106844234
-0.8847422667899163
-0.883333131631357
-0.9924398846173355
0.4838028567833781
-0.5990039388206652
-0.9662770221259006
-0.995051205124132
-0.9455632969248269
-0.37546906415392967
-0.920865022182915
-0.19800330008575762
-0.8326485500928577
0.1329585671870015
-0.9714802314519675
-0.9705906256866119
-0.9418794766189171
-0.24173991741191625
0.9968727589844033
-0.9325610753197726
-0.9561938967749315
-0.4953386550376142
-0.969353404328035
0.04041583601304799
0.2486695227823501
-0.992552759975214
0.6618722445569962
0.3530725755069928
-0.9215496141235927
-0.9666535728954327
-0.5838042175160643
-0.8538995953883568
-0.9271968017664602
-0.25459800764618457
-0.8562782796475116
0.2749415157759132
0.21007291859755117
-0.9949208872790152
-0.8844350865328324
-0.9221613268670679
-0.7894110677363486
-0.9288654391783244
-0.9444084444893519
0.5484333146393445
0.013258920818051578
-0.9569456594624697
-0.9973187586320529
-0.9973720306161046
-0.9021489506154335
-0.9980696772582963
-0.9980661260504036
0.33667487181138456
-0.9333786042076611
-0.8931580148159272
-0.8127018744481627
-0.7894062112771384
-0.9391727193011357
-0.7168471247039747
-0.9366328789453549
-0.997184897526953
-0.1281471654088795
-0.9695477778172171
-0.9829555207952182
-0.6651946160801503
-0.9531461901449133
-0.9959911524035969
-0.9658122954633308
-0.7101590553929018
-0.9973619666478392
-0.9928285243690795
-0.862998991824477
-0.9461898224275277
-0.7924135577731802
-0.24245728657232257
-0.8641342064474784
-0.9944720818249188
-0.9666638145518852
-0.9464874506748583
0.48380285678337853
-0.48571610991706415
-0.6584904907345469
-0.976254842463613
0.14583899404084355
-0.8948511971540394
-0.7255199134243987
-0.34750472972000757
-0.9333764754423952
-0.9824328228930952
-0.5770694043235066
-0.991406375305896
-0.9835320277516697
-0.805835535406595
-0.8939886686085301
-0.7843223124120491
-0.9929026188048907
-0.7465204309935303
-0.9960832033507103
-0.9375447084809758
-0.9975968226849701
-0.9839700377444583
-0.9859023547742484
-0.8118237602355068
-0.10677098513308791
-0.9943444301903583
-0.8859523154263622
-0.9861409423587645
-0.7330000806334548
-0.992767509192377
-0.9911573147575202
-0.9799575716551805
-0.9949064534685186
-0.544539291691611
-0.8823990118707223
-0.9911456663618067
0.7713287929756096
-0.9399251628223707
0.7845401004767014
-0.7570895542432988
-0.8096255869608373
-0.9070370770739
-0.9961103149626351
-0.5254415430687676
-0.6978855221453163
-0.06836809284850809
-0.8967324665565628
-0.7597661264926093
-0.9957292334917567
-0.9966025952319252
-0.9288878076134194
-0.8040536018033176
0.4240901293495254
-0.05222468932235047
-0.99601618741385
-0.9760026583302642
-0.664301682608949
-0.7087796551882795
-0.8518150140441656
-0.9988311731026008
-0.7984626142180195
-0.7798538013605609
-0.9489397958972929
-0.9845823782111532
-0.15226028682289516
-0.9928467130984059
-0.9955412179507112
-0.9536286228634698
-0.49851301009236193
0.9722658601377301
-0.757376513103778
0.07992882802254231
-0.6891480446179405
-0.8941406042142572
-0.8773433391277266
-0.9977904859203746
-0.8624861687158205
-0.9952587988429366
-0.9960468350056054
0.5401705351782722
-0.7996036768014163
-0.8038722477674509
-0.8935128555894685
-0.9378061447329115
-0.8701968724041472
-0.4685611054260357
-0.9978699136072153
-0.9956864800137087
0.9045018988137923
-0.9968526530868946
-0.8004169219618171
-0.9954017240278132
-0.9939562866480418
-0.9679172378942744
-0.9510750905208296
-0.998136608300149
-0.912660711173893
-0.46516157160225224
-0.39291902680238955
-0.04197602094193886
-0.4596187955819142
0.13295856718700172
0.35370586935533677
-0.9975401915764085
1.0
-0.7070690123468015
-0.9972380617920297
-0.9011606635707988
-0.7273342347165566
-0.9935808217757425
-0.9248756992203824
-0.9933031752493754
-0.9490680288682163
-0.34302691747530045
-0.995268378625558
-0.9946884144342001
-0.07161085755513086
-0.7101315695077094
-0.5999861037593259
-0.3069334741668718
-0.16478517230823353
-0.6849973949895402
-0.9163299386365691
-0.99992390122872
-0.9704569263576084
-0.9479489568335735
-0.22163724809751584
0.4753021203587062
-0.7101315695077095
-0.7681509774445352
-0.9956343062055991
-0.6516551680075771
-0.9757637651680039
-0.958817431471039
-0.9953406445436973
-0.44204491382489197
-0.6799986655613137
-0.011610294842607671
-0.9981820034009516
-0.8232056626529629
-0.9642428206360643
-0.9982828338564138
-0.9043527756742535
-0.45633880161315343
-0.9485934515490564
-0.8661428143001155
-0.8564759928648177
0.8060299054858688
-0.6096882689025963
0.13500627688065525
-0.625874178290508
-0.9982307977523415
-0.6361081635843254
-0.9120009963876325
-0.8333630221175675
-0.10468820767118692
-0.9185079622239756
-0.9958330316780825
-0.20762525518269714
-0.9908579911973497
-0.9146267449662646
0.2960437917224932
-0.9943036674671101
-0.9907577152796467
-0.9173017460806588
-0.9541886045497533
-0.993904718642989
-0.7101230421654414
0.72421082213046
-0.8334635687248602
-0.6775889465873666
-0.9503231301697319
-0.933674013404821
-0.7570895542432985
-0.9970195100400859
-0.9580490886784268
-0.9404948266812048
-0.9693340651338553
-0.9476234388674722
-0.10488858572686033
-0.6503095550580293
-0.9940206360830393
-0.8346625133425316
-0.9978400775708135
-0.9791390453958758
-0.9904349734349855
-0.9901696664913682
-0.9973534776694016
-0.9957049222086679
-0.7231792756739243
-0.9977075140845705
-0.9871384240092265
-0.9569456594624697
0.5580371384976981
-0.9749635057393852
-0.9990027536896903
-0.997880577494669
-0.9572660495923798
-0.9964059476443712
-0.011610294842608004
-0.9901990523835495
-0.9947249446107271
-0.9966477913323945
-0.996838277499352
-0.36622309175490586
-0.7940099047800675
-0.8654158537561116
-0.7114707039059001
-0.9958420519488285
0.5010515576073964
-0.6549746558426957
-0.5299627678961409
-0.8002753207131993
-0.9941009204950102
-0.9760812355316622
-0.9021855461678467
-0.7248909287602514
-0.29294987365522285
-0.8513017589120467
-0.9219783365415747
-0.9627025380551413
-0.8564759928648177
-0.9987926776848813
-0.9982290176293513
-0.7382341712908851
-0.9968526530868946
-0.9956707747510435
-0.9883081694290075
-0.9296654564050054
0.8880985258934084
-0.9449527907813604
-0.9418794766189169
-0.5905123776105115
-0.9962849636630212
-0.7228101077450209
-0.9951622530760598
0.13440042952795772
-0.9147565990542568
-0.2149496361436416
-0.9945105636483813
0.3823003990102507
-0.7945352976422071
-0.9952526791313415
-0.9970980871220855
-0.8565725635314577
-0.9929665309452153
0.14122497217302898
-0.6549746558426954
-0.9024104674847495
-0.8596898104740772
-0.935525845042721
-0.9655939290885142
-0.7928700379887591
-0.9983321745094469
-0.9672982620884092
-0.935571491447095
-0.8466937944487494
-0.2893404478932793
0.41956775443508376
0.18890345451765955
-1.0
-0.12003443842011363
-0.8520328931555006
-0.9701391303343347
-0.8804297668486984
-0.9363077798467783
0.39555794376691233
-0.9629602798205603
0.15473801472805593
-0.9957206452635257
-0.9610090059999301
-0.18744457680491822
CENT
-0.17012207032936766
-0.785828428182715
-0.5513980297873313
-0.5107473986644194
-0.9353019143186364
-0.8024140570771661
-0.6513883276658661
-0.43227172267245517
0.13611157521983386
-0.9449773503928599
-0.7441618762405866
-0.9673881007165342
0.4247654652482762
0.21559611553868718
-0.6242742498787867
-0.5141835354667219
-0.5770991997959808
-0.10511361981010525
-0.5215461782121888
-0.7296909077207656
0.09287146935491863
-0.6319999287191193
-0.9951252489958589
-0.7177593566297411
-0.9699440286495941
-0.9226735023853538
-0.7538241808979448
-0.8122933219183519
-0.9466974321565078
-0.9953776382582067
-0.8937097761050199
-0.6601013362152415
-0.9335942932244492
-0.27190626189433953
-0.4559363261616396
-0.9999784097244807
-0.8788431526147706
-0.30507209859045115
-0.29352964542569937
-0.7339264364885929
-0.8481847869879345
-0.9857154918100128
-0.9410492372110038
0.204397939454237
-0.8927082497313199
-0.7289858590559235
-0.9199878255423459
-0.8813412753220161
-0.6443614466738239
-0.6607214798075358
-0.956231568274788
-0.8155719603174063
-0.354287637588359
-0.5511678814431811
-0.7679043295560056
-0.6276109171343248
-0.9890915251369291
-0.6929614488779916
-0.39909698346974976
-0.5272981532461496
-0.8202173940580977
-0.9356659697528291
-0.8444247727575176
-0.8456331388322553
-0.9873166620888548
-0.9971062203617697
-0.7338423382539165
-0.6802358277050751
-0.7612158712696615
0.18846213317236593
-0.9949428758390534
-0.8459235924412911
-0.6775349215466111
-0.43442776180894693
-0.92566790988733
-0.81381875349689
-0.989482915215669
-0.3270054496777599
-0.5846724177877745
-0.650167452933238
0.968825395328289
-0.6890255540037454
-0.9337798910462555
-0.5102192414114126
-0.9827219861782818
-0.3775279430395766
-0.2047577100619723
-0.5549105664675227
-0.6760746826090152
-0.7707850211331048
-0.8453773127054662
-0.17449496464027814
-0.6901338302116657
-0.007261717575279936
-0.6517139577083816
0.6892791623747276
-0.7863626648301416
-0.8245572844996029
-0.9333534788078499
-0.6228645957310197
-0.9736952494231679
-0.4606670138604817
0.7170948443978853
-0.8748065641477291
-0.6324765999246618
-0.9436341942803151
-0.06270002983306966
-0.9630154667751825
0.0280819824467351
-0.9128057255510574
-0.9876389701441041
-0.6173294363362145
-0.545473310747628
-0.8263279244924668
-0.9690414696621359
-0.9382464821444564
-0.8815027706163951
-0.9915185084782824
-0.9382369237657864
0.06272674245309351
-0.9513866135521588
-0.4658451827636618
-0.789119970596874
-0.7418699102647479
-0.41015665593686224
-0.6696022168583169
-0.2857474993991481
-0.9896215002410701
0.6896211597493092
-0.16319212966025975
-0.31419272672107
-0.808092808356708
-0.884221234414662
-0.7529346936807564
-0.8389285611519361
-0.9863721268865553
-0.9621354917867991
-0.4668827983966205
-0.398713024838138
-0.955351020737255
-0.3103513519210541
-0.8756011236231734
-0.9893703844777787
-0.7753148538919832
-0.7229562320447138
-0.5055835538449123
-0.6775349215466111
-0.919677399166398
-0.5114666134688645
-0.26963568008943684
-0.2566721931093926
-0.8147938041742225
0.19370859764837278
0.10873292566924153
-0.6323045991638279
-1.0
-0.9249499615898497
-0.6451298862302959
-0.742874640795222
-0.870647399215819
-0.7768966207631888
-0.7248051261781718
-0.9213085319251193
-0.6091034564591835
-0.8989361500127241
0.3833637939189163
-0.903120736063625
-0.7903786996212139
-0.8528714073283437
-0.31603521488679087
0.011695469908736822
-0.6576187498512043
-0.8769691005075761
-0.2566719298930803
-0.6251156650406071
-0.21838748104920647
-0.9411131571243228
-0.47485311413986175
-0.5412055412144559
-0.8444939393979702
0.14643373333685417
-0.8713570974667307
-0.5075897622470193
-0.9808121760487719
-0.6693783267007865
-0.283915905018845
0.6317199913509666
-0.5445132496471048
-0.8192733308609667
-0.8650789291058509
-0.5184395159041093
-0.7459587293613275
-0.842278920056738
-0.6786542282941543
-0.7926249974523318
-0.5923630140067107
-0.9790597199683218
-0.6822104320903273
-0.4936721181908712
-0.27758462997630373
-0.7712336202144012
0.40781934569362743
-0.9360354364730799
-0.7470076478716176
-0.7582411188287733
-0.9999560741953377
-0.8940111632385994
-0.3149523785359879
-0.45090766373717095
-0.7529158755992676
-0.7563417287593973
-0.6891331959654681
-0.6338560250216887
-0.987295169480786
-0.9286905586585863
-0.17044578954354794
-0.9667406407943758
-0.35081585651363456
-0.8239356897875151
-0.3105824350422707
-0.4256114088339088
-0.9386446548365619
-0.6346653977179703
-0.6829864515139215
-0.8218794609254938
-0.4612222165189861
-0.9123897566803925
-0.5834545016571041
-0.6370234133823687
-0.9107006589973782
-0.912401325524931
-0.8901661547288456
-0.9358727452822824
-0.6715743150120905
-0.7648524521049404
-0.9619957936445348
0.6166330028437492
-0.861932365134503
-0.6164445872855328
0.010138918215206072
-0.5427059488262093
-0.9603998488345584
-0.7401630218390555
0.1623064974444841
-0.5290856252617295
-0.3024563854071334
-0.2724018871442946
-0.6890255540037454
-0.10299750637683092
-0.9880715265946827
0.2478048521442191
-0.844137433528924
-0.9738024977843784
0.19204400079554573
-0.8358877118346149
-0.7141266243275732
-0.3199307884036353
-0.3337204204864819
-0.6901820970274148
-0.6737502784118587
-0.8076252874983586
-0.7189627085723097
-0.38976720385829144
-0.9867394181013419
-0.9978701603002086
-0.6070819807420154
-0.7677343831255834
-0.6497992201485825
-0.6249714871240257
-0.9858083774975392
-0.5814070423185409
-0.9555036895377395
-0.42110619877639444
-0.5572604117000467
-0.9867394181013419
-0.8781800301615457
-0.8296410121863748
0.07333367046409545
-0.24161087657071467
-0.7489961935834126
-0.9566907370030358
-0.7832417656702615
-0.9327670995532871
-0.6841687257366532
-0.985361793834465
-0.9896335337737862
-0.5094043038812572
-0.8587132173796632
-0.10491288046559777
0.013398007261337552
-0.9578579153406005
-0.9533067773791156
-0.834303975244303
-0.8111786644420058
-0.811929246879968
-0.6303046732889781
0.12736913331843747
-0.8985672131179093
-0.8822173775018132
-0.3761647512671371
-0.6645995780232778
-0.629408581354822
-0.9517814263061357
-0.7877972672033584
-0.8799414668791357
-0.01768044301444427
-0.9999784097244807
-0.3442684273620975
-0.5912534113007561
-0.6615199797332595
-0.9082904127127363
-0.29230325219215625
-0.8386123009424917
-0.9728682955115185
-0.561351727605923
-0.15386602061705734
-0.9739759250296538
-0.8452511263027961
-0.8853463388222387
-0.283915905018845
-0.667982357128129
-0.7660425263447055
-0.9525525931504945
-0.17842044104182542
-0.9809970464353224
-0.5791268655722318
-0.12512527899452586
-0.7987178686191352
-0.948097068505847
-0.983449655384723
-0.3312972191158554
-0.7243747626679806
-0.9219300515903651
-0.9020264219286441
-0.5237798877944991
-0.5779304888504937
-0.9867346337839225
-0.8554136346057555
-0.8263279244924668
-0.08726862180726902
-0.3302471987889183
-0.9973669883028631
-0.9686559104402117
0.23782774519056926
-0.9673881007165342
-0.6841687257366532
-0.5954778531556464
-0.8410791679690732
-0.7744434015006408
-0.9696487920366799
-0.21450543696109503
0.391695937058256
-0.5905374563477834
-0.7415674263865786
-0.907115338586889
-0.39762598838970176
-0.8857380132194157
0.08984148461067565
-0.9136003894427046
-0.833306693431459
-0.5450686617030971
-0.999245029342155
-0.743983494866836
-0.8789784784348704
0.06083379554975621
-0.15770811180575484
-0.1363267372989898
-0.834303975244303
-0.9555759366128589
-0.9900759091530363
-0.4009843744590844
-0.9619957936445348
-0.7242987700069724
-0.5786130930152771
-0.8755067026197532
-0.7593033082852726
-0.9241292265490336
-0.9827219861782818
-0.8007693231096247
-0.8205520703070588
-0.7966436882617229
-0.9570366034735532
-0.38459357678285877
-0.36872642444945236
-0.8903019559811071
-0.6516080739608034
-0.6228237170611336
-0.48061605836226295
-0.7738781369426384
-0.8903972353342736
-0.1742003123200928
-0.8937097761050199
-0.6469942825860164
-0.8857380132194157
-0.0682642927053998
-0.89951607969291
-0.8382455548804737
-0.9957478789701694
0.22387858130452654
-0.9741796278080718
-0.7016393602763007
-0.9426568633919641
-0.8433757558094959
0.23818234911321867
-0.6731492854365
-0.1352211037915273
-0.9990897070458257
-0.6845729427040016
-0.34812869029508675
-0.33028101900787765
-0.9137404586653839
-0.20629170783931983
-0.6856041401123245
-0.8910317119131729
-0.667710960570286
-0.8664507952841636
-0.39794812120496936
1.0
DEGREE_RANK
0.45803357314148685
0.7889688249400479
-0.4772182254196643
0.8848920863309353
-0.9760191846522782
-0.73621103117506
0.3237410071942446
-0.21342925659472423
-0.08872901678657086
-0.8321342925659472
0.026378896882494063
-0.9376498800959232
-0.3477218225419665
0.6067146282973621
0.4628297362110312
-0.7314148681055157
-0.6690647482014389
0.17985611510791366
0.6115107913669067
0.7937649880095923
-0.34292565947242215
0.6163069544364508
-0.9328537170263789
0.6211031175059951
-0.9280575539568345
-0.3381294964028777
-0.2086330935251799
0.32853717026378915
-0.8273381294964028
-0.9232613908872902
0.031175059952038398
0.03597122302158273
-0.08393285371702641
0.33333333333333326
-0.47242206235011996
-0.9712230215827338
0.04076738609112707
0.7985611510791368
0.9664268585131894
-0.20383693045563556
0.3381294964028778
-0.9184652278177458
-0.6642685851318946
-0.33333333333333337
0.4676258992805755
0.184652278177458
0.34292565947242215
0.18944844124700255
0.803357314148681
0.045563549160671624
-0.8225419664268585
-0.6594724220623501
0.47242206235011985
-0.19904076738609122
0.050359712230215736
-0.32853717026378904
-0.8800959232613909
-0.4676258992805755
0.6258992805755397
-0.19424460431654678
0.4772182254196644
-0.8177458033573142
0.8081534772182253
0.4820143884892085
-0.9664268585131894
-0.9952038369304557
0.630695443645084
-0.6546762589928058
-0.7266187050359713
0.1942446043165469
-0.8752997601918465
-0.07913669064748208
0.6354916067146283
-0.4628297362110312
-0.8129496402877698
-0.18944844124700244
-0.7218225419664269
0.199040767386091
0.20383693045563556
0.2086330935251799
-0.07434052757793774
0.21342925659472423
-0.8705035971223022
-0.3237410071942447
-0.31894484412470026
0.21822541966426856
0.9952038369304557
0.05515587529976029
-0.9616306954436451
0.8896882494004796
-0.45803357314148685
0.4868105515587531
0.2230215827338129
0.4916067146282974
0.8129496402877698
0.971223021582734
-0.8081534772182254
-0.3141486810551559
0.6402877697841727
0.49640287769784175
-0.9568345323741008
0.5011990407673861
0.5059952038369304
-0.06954436450839341
0.22781774580335745
-0.3093525179856116
0.645083932853717
-0.4532374100719425
-0.30455635491606725
-0.44844124700239807
-0.44364508393285373
0.6498800959232616
0.05995203836930463
-0.2997601918465228
-0.5683453237410072
-0.6498800959232613
0.06474820143884896
-0.7170263788968825
-0.5635491606714629
0.8177458033573142
-0.645083932853717
-0.184652278177458
0.8225419664268585
0.8273381294964028
-0.6402877697841727
0.894484412470024
-0.06474820143884896
-0.6354916067146283
0.2326139088729018
-0.630695443645084
-0.5587529976019185
0.5107913669064748
-0.5539568345323742
0.3477218225419665
-0.7841726618705036
-0.9520383693045563
-0.29496402877697847
0.3525179856115108
0.6546762589928057
-0.5491606714628299
-0.8033573141486811
-0.17985611510791377
-0.7985611510791367
0.0695443645083933
-0.4388489208633094
-0.8657074340527577
0.65947242206235
0.5155875299760193
0.07434052757793763
-0.05995203836930463
0.8321342925659472
0.07913669064748219
-0.43405275779376506
-0.4292565947242206
-0.29016786570743414
-0.9856115107913669
0.8369304556354917
-0.17505995203836933
-0.170263788968825
0.08393285371702652
0.6642685851318946
0.08872901678657064
-0.2853717026378898
0.6690647482014389
0.6738609112709832
-0.7793764988009593
-0.28057553956834536
0.35731414868105515
-0.05515587529976029
0.6786570743405276
-0.05035971223021596
-0.16546762589928055
0.3621103117505995
-0.4244604316546763
-0.16067146282973632
0.2374100719424459
-0.7745803357314149
-0.15587529976019188
0.36690647482014405
0.8992805755395683
0.6834532374100719
-0.275779376498801
0.9424460431654675
-0.8609112709832134
0.9472422062350121
0.09352517985611519
0.09832134292565953
-0.7697841726618705
0.5203836930455634
0.6882494004796165
0.8417266187050358
0.525179856115108
0.5299760191846523
0.24220623501199046
0.10311750599520408
-0.04556354916067151
-0.7937649880095923
-0.04076738609112718
0.6930455635491606
0.37170263788968816
0.2470023980815348
-0.6258992805755397
0.3764988009592327
0.6978417266187051
0.25179856115107935
-0.9808153477218226
-0.5443645083932854
0.38129496402877705
-0.41966426858513195
0.1079136690647482
0.7026378896882495
0.3860911270983214
0.11270983213429253
-0.4148681055155876
0.7074340527577938
1.0
-0.8561151079136691
0.5347721822541966
0.7122302158273381
0.3908872901678657
-0.7649880095923262
-0.5395683453237411
0.11750599520383709
0.39568345323741005
0.4004796163069546
0.9040767386091126
-0.4100719424460433
0.8465227817745804
-0.15107913669064754
-0.1462829736211031
-0.03597122302158273
-0.03117505995203851
-0.6211031175059952
0.539568345323741
0.9760191846522781
-0.7122302158273381
-0.7074340527577938
0.25659472422062346
0.40527577937649895
-0.5347721822541966
-0.14148681055155876
-0.7889688249400479
-0.8513189448441247
0.41007194244604306
0.5443645083932853
0.7170263788968825
0.8513189448441247
0.2613908872901678
0.26618705035971235
-0.40527577937649883
0.9904076738609113
-0.13669064748201454
-0.1318944844124701
0.5491606714628299
0.12230215827338142
-0.026378896882494063
-0.5299760191846523
-0.021582733812949728
-0.9136690647482014
-0.016786570743405282
-0.4004796163069545
0.721822541966427
0.8561151079136691
-0.6163069544364508
-0.9088729016786571
0.5539568345323742
0.7266187050359711
0.5587529976019183
-0.525179856115108
-0.9904076738609112
-0.6115107913669064
-0.39568345323741017
0.7314148681055155
0.73621103117506
-0.6067146282973621
-0.011990407673861059
0.4148681055155876
-0.007194244604316613
-0.9040767386091128
-0.5203836930455636
-0.7026378896882495
0.7410071942446044
0.41966426858513195
0.9088729016786572
-0.6019184652278178
-0.5971223021582734
0.2709832134292567
-0.7601918465227818
-0.2709832134292566
0.12709832134292554
-0.26618705035971235
-0.6978417266187051
0.4244604316546763
0.9520383693045564
0.9568345323741008
0.9136690647482015
-0.7553956834532374
-0.750599520383693
0.2757793764988008
0.7458033573141485
0.5635491606714629
0.8609112709832134
-0.5923261390887291
-0.5875299760191847
0.4292565947242206
-0.0023980815347722784
-0.947242206235012
0.750599520383693
0.5683453237410072
-0.12709832134292576
0.28057553956834536
-0.39088729016786583
-0.2613908872901679
-0.8992805755395683
0.9184652278177456
0.8657074340527577
-0.3860911270983214
-0.25659472422062357
-0.38129496402877705
0.1318944844124701
0.7553956834532374
-0.2517985611510791
-0.12230215827338131
0.13669064748201443
-0.2470023980815349
0.8705035971223023
0.14148681055155898
-0.5155875299760193
-0.5827338129496403
-0.3764988009592326
-0.5107913669064749
-0.11750599520383709
0.0023980815347719453
-0.11270983213429264
0.5731414868105518
0.9232613908872902
-0.5779376498800959
-0.8465227817745804
-0.24220623501199046
0.9808153477218224
-0.3717026378896884
-0.841726618705036
-0.5731414868105515
0.007194244604316724
-0.894484412470024
0.9280575539568345
-0.5059952038369305
0.43405275779376495
-0.10791366906474831
-0.9424460431654677
0.2853717026378897
0.5779376498800959
0.7601918465227819
-0.10311750599520386
0.1462829736211031
0.9328537170263791
0.5827338129496402
-0.7458033573141487
-0.09832134292565964
-0.23741007194244612
0.4388489208633095
-0.8896882494004796
0.29016786570743425
-0.23261390887290168
0.4436450839328536
-0.22781774580335734
-0.223021582733813
0.44844124700239796
-0.6930455635491607
-0.8848920863309353
0.15107913669064743
-0.6882494004796164
0.9616306954436451
-0.09352517985611519
-0.8369304556354916
0.985611510791367
-0.6834532374100719
-0.21822541966426867
0.764988009592326
0.29496402877697836
0.4532374100719425
-0.5011990407673862
0.2997601918465227
0.155875299760192
-0.36690647482014394
0.1606714628297361
0.7697841726618704
0.011990407673860837
0.5875299760191848
-0.3621103117505996
0.8752997601918466
0.16546762589928066
0.9376498800959232
0.5923261390887291
0.8800959232613907
0.30455635491606725
-0.49640287769784175
-0.6786570743405276
-0.4916067146282974
-0.6738609112709832
-0.7410071942446044
0.170263788968825
0.7745803357314149
0.5971223021582732
0.7793764988009593
0.3093525179856116
-1.0
0.016786570743405393
0.7841726618705036
0.021582733812949728
0.17505995203836933
-0.35731414868105515
0.6019184652278178
-0.48681055155875297
0.3141486810551559
0.31894484412470026
-0.48201438848920874
-0.35251798561151093
EIGENVECTOR_RANK
0.6402877697841727
0.750599520383693
0.539568345323741
0.7889688249400479
-0.4292565947242206
0.1942446043165469
0.9232613908872902
-0.5011990407673862
-0.4388489208633094
-0.05515587529976029
0.6019184652278178
-0.7985611510791367
0.11750599520383709
0.73621103117506
0.6738609112709832
-0.4916067146282974
-0.3093525179856116
0.8369304556354917
0.8609112709832134
0.9568345323741008
0.5059952038369304
0.3093525179856116
0.05995203836930463
0.9280575539568345
0.21822541966426856
-0.9040767386091128
-0.6019184652278178
0.8513189448441247
-0.11270983213429264
-0.9424460431654677
-0.5779376498800959
-0.4004796163069545
-0.8225419664268585
-0.6258992805755397
-0.09832134292565964
-0.03117505995203851
-0.8081534772182254
0.9472422062350121
0.184652278177458
-0.007194244604316613
0.045563549160671624
-0.9232613908872902
-0.9616306954436451
-0.016786570743405282
0.2230215827338129
-0.5875299760191847
0.34292565947242215
0.43405275779376495
0.3477218225419665
0.8657074340527577
-0.2997601918465228
-0.7122302158273381
0.6115107913669067
-0.7170263788968825
-0.8273381294964028
-0.5395683453237411
-0.630695443645084
-0.14148681055155876
0.6258992805755397
0.1079136690647482
-0.8033573141486811
-0.48681055155875297
0.4868105515587531
0.5923261390887291
-0.9904076738609112
-0.05995203836930463
-0.6834532374100719
-0.026378896882494063
-0.4628297362110312
0.0695443645083933
0.07913669064748219
-0.5491606714628299
0.9136690647482015
0.5203836930455634
-0.3381294964028777
-0.6738609112709832
-0.2086330935251799
0.6163069544364508
-0.06954436450839341
0.6930455635491606
0.2086330935251799
0.7937649880095923
-0.39088729016786583
-0.3860911270983214
-0.19424460431654678
0.6690647482014389
0.9952038369304557
-0.12230215827338131
-0.2709832134292566
0.5635491606714629
-0.36690647482014394
0.7793764988009593
0.8417266187050358
-0.5539568345323742
0.9520383693045564
0.8752997601918466
-0.07434052757793774
-0.34292565947242215
0.5299760191846523
0.1606714628297361
-0.09352517985611519
0.65947242206235
0.155875299760192
0.8465227817745804
0.8321342925659472
-0.6690647482014389
0.07434052757793763
-0.08393285371702641
0.29496402877697836
-0.10311750599520386
-0.19904076738609122
0.9376498800959232
0.7745803357314149
-0.28057553956834536
-0.8657074340527577
-0.8800959232613909
0.016786570743405393
-0.9328537170263789
-0.9280575539568345
0.8705035971223023
-0.1318944844124701
0.05515587529976029
0.22781774580335745
0.2997601918465227
-0.17505995203836933
0.3908872901678657
-0.16067146282973632
-0.8561151079136691
0.7122302158273381
-0.3717026378896884
-0.44844124700239807
0.45803357314148685
-0.25659472422062357
-0.7649880095923262
-0.33333333333333337
0.4004796163069546
-0.8752997601918465
-0.5635491606714629
0.12709832134292554
-0.21342925659472423
0.29016786570743425
0.6642685851318946
0.12230215827338142
-0.645083932853717
-0.3477218225419665
-0.21822541966426867
0.9088729016786572
0.5683453237410072
0.4676258992805755
-0.41966426858513195
0.8177458033573142
0.031175059952038398
0.37170263788968816
0.630695443645084
-0.12709832134292576
-0.44364508393285373
0.5347721822541966
-0.5443645083932854
-0.4532374100719425
0.24220623501199046
0.04076738609112707
0.30455635491606725
-0.5731414868105515
0.3525179856115108
-0.7793764988009593
-0.16546762589928055
-0.8896882494004796
-0.45803357314148685
-0.47242206235011996
0.2326139088729018
0.721822541966427
-0.6402877697841727
0.06474820143884896
-0.4772182254196643
0.3621103117505995
-0.5587529976019185
-0.5347721822541966
-0.43405275779376506
-0.6642685851318946
0.5443645083932853
0.08393285371702652
-0.5299760191846523
0.9664268585131894
-0.17985611510791377
0.971223021582734
0.33333333333333326
0.2374100719424459
-0.0023980815347722784
-0.7841726618705036
0.5539568345323742
0.4292565947242206
0.7458033573141485
0.026378896882494063
0.3237410071942446
-0.750599520383693
-0.8129496402877698
-0.10791366906474831
0.2470023980815348
0.8992805755395683
0.7553956834532374
-0.7697841726618705
-0.4100719424460433
0.4628297362110312
0.41966426858513195
0.170263788968825
-0.9808153477218226
0.2709832134292567
0.3141486810551559
-0.23741007194244612
-0.4676258992805755
0.7074340527577938
-0.5683453237410072
-0.7218225419664269
-0.2613908872901679
0.5587529976019183
0.9904076738609113
0.32853717026378915
0.7841726618705036
0.4388489208633095
0.03597122302158273
0.09352517985611519
-0.8992805755395683
0.1318944844124701
-0.6930455635491607
-0.7745803357314149
0.9328537170263791
0.26618705035971235
0.25179856115107935
0.050359712230215736
-0.170263788968825
0.09832134292565953
0.5731414868105518
-0.9136690647482014
-0.73621103117506
0.985611510791367
-0.8369304556354916
0.25659472422062346
-0.7074340527577938
-0.6115107913669064
-0.35731414868105515
-0.2517985611510791
-0.9376498800959232
-0.021582733812949728
0.5779376498800959
0.6067146282973621
0.7601918465227819
0.5827338129496402
0.7985611510791368
0.8800959232613907
-0.8848920863309353
1.0
0.4244604316546763
-0.8609112709832134
0.021582733812949728
0.36690647482014405
-0.5971223021582734
-0.08872901678657086
-0.5923261390887291
-0.24220623501199046
0.6354916067146283
-0.6978417266187051
-0.6546762589928058
0.7410071942446044
0.40527577937649895
0.5155875299760193
0.645083932853717
0.7026378896882495
0.4436450839328536
-0.04556354916067151
-0.9952038369304557
-0.38129496402877705
-0.22781774580335734
0.6786570743405276
0.9040767386091126
0.41007194244604306
0.31894484412470026
-0.7266187050359713
0.4820143884892085
-0.40527577937649883
-0.29496402877697847
-0.7026378896882495
0.5971223021582732
0.44844124700239796
0.764988009592326
-0.947242206235012
0.21342925659472423
-0.3237410071942447
-0.9664268585131894
0.0023980815347719453
0.5875299760191848
-0.23261390887290168
0.10311750599520408
0.15107913669064743
0.9760191846522781
0.5107913669064748
0.8081534772182253
0.5011990407673861
-0.9568345323741008
0.49640287769784175
-0.011990407673861059
0.20383693045563556
0.7314148681055155
-0.06474820143884896
-0.7553956834532374
0.6882494004796165
-0.525179856115108
-0.03597122302158273
0.8561151079136691
-0.6354916067146283
-0.5203836930455636
-0.05035971223021596
-0.26618705035971235
-0.6067146282973621
0.4148681055155876
0.9616306954436451
0.199040767386091
0.4532374100719425
-0.2470023980815349
-0.13669064748201454
0.3381294964028778
-0.8465227817745804
-0.29016786570743414
-0.184652278177458
-0.3621103117505996
-0.223021582733813
0.7266187050359711
0.4916067146282974
-0.6163069544364508
0.18944844124700255
-0.9088729016786571
-0.4244604316546763
-0.5155875299760193
-0.5059952038369305
-0.8705035971223022
-0.7410071942446044
0.38129496402877705
-0.894484412470024
-0.48201438848920874
-0.275779376498801
0.9424460431654675
-0.39568345323741017
-0.9856115107913669
-0.9184652278177458
-0.2853717026378898
-0.7937649880095923
0.7697841726618704
-0.5107913669064749
-0.6594724220623501
-0.8177458033573142
-0.8321342925659472
0.6211031175059951
0.28057553956834536
0.11270983213429253
0.39568345323741005
-0.7601918465227818
0.9184652278177456
0.47242206235011985
0.5491606714628299
0.2613908872901678
-0.6211031175059952
-0.4148681055155876
0.011990407673860837
0.3764988009592327
0.6498800959232616
0.17505995203836933
-0.07913669064748208
-0.3141486810551559
0.1462829736211031
-0.9760191846522782
-0.9520383693045563
0.35731414868105515
-0.841726618705036
-0.7314148681055157
-0.49640287769784175
-0.11750599520383709
0.9808153477218224
-0.20383693045563556
-0.18944844124700244
0.525179856115108
-0.7889688249400479
0.3860911270983214
-0.6786570743405276
0.803357314148681
-0.04076738609112718
0.6834532374100719
-0.6498800959232613
0.8848920863309353
0.2757793764988008
-0.6882494004796164
-0.8513189448441247
0.14148681055155898
-0.5827338129496403
0.8129496402877698
0.4772182254196644
0.007194244604316724
0.13669064748201443
-0.1462829736211031
-0.32853717026378904
0.2853717026378897
-0.9712230215827338
-0.35251798561151093
-0.15107913669064754
0.17985611510791366
0.6546762589928057
0.894484412470024
0.8273381294964028
-1.0
0.7170263788968825
0.16546762589928066
-0.3764988009592326
0.08872901678657064
-0.15587529976019188
0.8896882494004796
-0.31894484412470026
0.8225419664268585
-0.7458033573141487
-0.30455635491606725
0.6978417266187051
CENT_RANK
0.7697841726618704
-0.13669064748201454
0.3860911270983214
0.4532374100719425
-0.6258992805755397
-0.17985611510791377
0.20383693045563556
0.525179856115108
0.894484412470024
-0.6786570743405276
-0.03117505995203851
-0.7793764988009593
0.9664268585131894
0.9280575539568345
0.2853717026378897
0.4436450839328536
0.36690647482014405
0.803357314148681
0.43405275779376495
0.007194244604316724
0.8800959232613907
0.25659472422062346
-0.947242206235012
0.04076738609112707
-0.7985611510791367
-0.5827338129496403
-0.05995203836930463
-0.20383693045563556
-0.6834532374100719
-0.9520383693045563
-0.4916067146282974
0.184652278177458
-0.6163069544364508
0.7074340527577938
0.5107913669064748
-0.9952038369304557
-0.4148681055155876
0.6642685851318946
0.6738609112709832
-0.0023980815347722784
-0.3477218225419665
-0.8609112709832134
-0.6594724220623501
0.9232613908872902
-0.48201438848920874
0.011990407673860837
-0.5683453237410072
-0.4292565947242206
0.22781774580335745
0.17985611510791366
-0.7266187050359713
-0.21822541966426867
0.5923261390887291
0.3908872901678657
-0.09832134292565964
0.2709832134292567
-0.9088729016786571
0.05515587529976029
0.5491606714628299
0.4244604316546763
-0.22781774580335734
-0.630695443645084
-0.31894484412470026
-0.3381294964028777
-0.894484412470024
-0.9616306954436451
0.0023980815347719453
0.11270983213429253
-0.07913669064748208
0.9088729016786572
-0.9424460431654677
-0.34292565947242215
0.12230215827338142
0.5203836930455634
-0.5971223021582734
-0.2086330935251799
-0.9184652278177458
0.630695443645084
0.3381294964028778
0.2086330935251799
0.9952038369304557
0.07434052757793763
-0.6211031175059952
0.45803357314148685
-0.8465227817745804
0.5779376498800959
0.7458033573141485
0.38129496402877705
0.1318944844124701
-0.10311750599520386
-0.33333333333333337
0.7553956834532374
0.06474820143884896
0.8369304556354917
0.1942446043165469
0.9808153477218224
-0.14148681055155876
-0.2470023980815349
-0.6115107913669064
0.29016786570743425
-0.8081534772182254
0.5059952038369304
0.9904076738609113
-0.39088729016786583
0.2470023980815348
-0.6738609112709832
0.8273381294964028
-0.7649880095923262
0.8561151079136691
-0.5491606714628299
-0.8992805755395683
0.2997601918465227
0.39568345323741005
-0.25659472422062357
-0.7889688249400479
-0.6498800959232613
-0.43405275779376506
-0.9376498800959232
-0.645083932853717
0.8657074340527577
-0.6930455635491607
0.49640287769784175
-0.15107913669064754
-0.016786570743405282
0.539568345323741
0.15107913669064743
0.6834532374100719
-0.9232613908872902
0.985611510791367
0.7745803357314149
0.6498800959232616
-0.18944844124700244
-0.44364508393285373
-0.05515587529976029
-0.29496402877697847
-0.8705035971223022
-0.7601918465227818
0.4916067146282974
0.5539568345323742
-0.7122302158273381
0.65947242206235
-0.4004796163069545
-0.9136690647482014
-0.12230215827338131
0.031175059952038398
0.47242206235011985
0.12709832134292554
-0.5635491606714629
0.44844124700239796
0.7122302158273381
0.7170263788968825
-0.21342925659472423
0.9184652278177456
0.8848920863309353
0.25179856115107935
-1.0
-0.5923261390887291
0.2230215827338129
-0.021582733812949728
-0.38129496402877705
-0.12709832134292576
0.016786570743405393
-0.5731414868105515
0.3093525179856116
-0.5059952038369305
0.9520383693045564
-0.5203836930455636
-0.15587529976019188
-0.35251798561151093
0.6402877697841727
0.8465227817745804
0.18944844124700255
-0.40527577937649883
0.721822541966427
0.2757793764988008
0.7314148681055155
-0.6642685851318946
0.4868105515587531
0.4148681055155876
-0.3237410071942447
0.8992805755395683
-0.3860911270983214
0.4676258992805755
-0.8321342925659472
0.155875299760192
0.6882494004796165
0.9760191846522781
0.40527577937649895
-0.223021582733813
-0.3717026378896884
0.4388489208633095
-0.03597122302158273
-0.30455635491606725
0.11750599520383709
-0.16067146282973632
0.3237410071942446
-0.8273381294964028
0.1079136690647482
0.4772182254196644
0.6978417266187051
-0.10791366906474831
0.9616306954436451
-0.6402877697841727
-0.04076738609112718
-0.06954436450839341
-0.9856115107913669
-0.49640287769784175
0.645083932853717
0.5155875299760193
-0.05035971223021596
-0.06474820143884896
0.0695443645083933
0.24220623501199046
-0.8896882494004796
-0.6019184652278178
0.764988009592326
-0.7697841726618705
0.5971223021582732
-0.24220623501199046
0.6546762589928057
0.5299760191846523
-0.6546762589928058
0.2374100719424459
0.10311750599520408
-0.23741007194244612
0.5011990407673861
-0.5395683453237411
0.34292565947242215
0.2326139088729018
-0.5347721822541966
-0.5443645083932854
-0.4628297362110312
-0.6354916067146283
0.1462829736211031
-0.08393285371702641
-0.7553956834532374
0.971223021582734
-0.36690647482014394
0.30455635491606725
0.8417266187050358
0.41007194244604306
-0.7458033573141487
-0.007194244604316613
0.9040767386091126
0.41966426858513195
0.6690647482014389
0.7026378896882495
0.07913669064748219
0.8129496402877698
-0.9040767386091128
0.9472422062350121
-0.3141486810551559
-0.8129496402877698
0.9136690647482015
-0.28057553956834536
0.045563549160671624
0.6354916067146283
0.6115107913669067
0.05995203836930463
0.13669064748201443
-0.184652278177458
0.03597122302158273
0.5683453237410072
-0.8848920863309353
-0.9712230215827338
0.3141486810551559
-0.09352517985611519
0.21342925659472423
0.28057553956834536
-0.8657074340527577
0.3477218225419665
-0.7170263788968825
0.5347721822541966
0.3764988009592327
-0.8800959232613909
-0.4100719424460433
-0.2613908872901679
0.8705035971223023
0.7266187050359711
-0.04556354916067151
-0.7314148681055157
-0.1318944844124701
-0.6067146282973621
0.09352517985611519
-0.8561151079136691
-0.9280575539568345
0.4628297362110312
-0.3621103117505996
0.8081534772182253
0.8513189448441247
-0.7410071942446044
-0.7074340527577938
-0.275779376498801
-0.19424460431654678
-0.19904076738609122
0.2613908872901678
0.8896882494004796
-0.5011990407673862
-0.4388489208633094
0.5827338129496402
0.170263788968825
0.26618705035971235
-0.6978417266187051
-0.1462829736211031
-0.4244604316546763
0.8321342925659472
-0.9904076738609112
0.6067146282973621
0.32853717026378915
0.17505995203836933
-0.5299760191846523
0.6786570743405276
-0.29016786570743414
-0.8033573141486811
0.37170263788968816
0.7841726618705036
-0.8177458033573142
-0.32853717026378904
-0.44844124700239807
0.6930455635491606
0.1606714628297361
-0.08872901678657086
-0.7026378896882495
0.750599520383693
-0.8369304556354916
0.3525179856115108
0.7985611510791368
-0.170263788968825
-0.6882494004796164
-0.8513189448441247
0.6163069544364508
0.021582733812949728
-0.5779376498800959
-0.5155875299760193
0.4292565947242206
0.3621103117505995
-0.8752997601918465
-0.35731414868105515
-0.2517985611510791
0.8177458033573142
0.6258992805755397
-0.9664268585131894
-0.7841726618705036
0.9376498800959232
-0.7745803357314149
0.09832134292565953
0.31894484412470026
-0.2997601918465228
-0.11750599520383709
-0.7937649880095923
0.73621103117506
0.9568345323741008
0.33333333333333326
-0.011990407673861059
-0.525179856115108
0.5635491606714629
-0.45803357314148685
0.8752997601918466
-0.5539568345323742
-0.26618705035971235
0.4004796163069546
-0.9808153477218226
-0.026378896882494063
-0.41966426858513195
0.8609112709832134
0.7793764988009593
0.7889688249400479
-0.2709832134292566
-0.7218225419664269
-0.9328537170263789
0.5443645083932853
-0.750599520383693
0.026378896882494063
0.35731414868105515
-0.39568345323741017
-0.07434052757793774
-0.5875299760191847
-0.841726618705036
-0.17505995203836933
-0.23261390887290168
-0.16546762589928055
-0.73621103117506
0.5731414868105518
0.5875299760191848
-0.4676258992805755
0.199040767386091
0.29496402877697836
0.4820143884892085
-0.11270983213429264
-0.47242206235011996
0.7601918465227819
-0.48681055155875297
0.21822541966426856
-0.4532374100719425
0.8225419664268585
-0.5107913669064749
-0.2853717026378898
-0.9568345323741008
0.9328537170263791
-0.8225419664268585
0.050359712230215736
-0.6690647482014389
-0.3093525179856116
0.9424460431654675
0.14148681055155898
0.7937649880095923
-0.9760191846522782
0.08872901678657064
0.6019184652278178
0.6211031175059951
-0.5587529976019185
0.7410071942446044
0.08393285371702652
-0.4772182254196643
0.16546762589928066
-0.3764988009592326
0.5587529976019183
1.0
RANK
155
35
306
205
361
406
264
341
65
397
29
22
70
117
369
285
127
76
142
56
249
110
64
213
263
274
336
135
269
41
284
329
84
377
324
183
196
399
316
252
100
313
24
349
114
342
11
344
216
107
136
235
371
241
290
381
280
50
368
271
139
291
322
302
120
328
28
9
105
401
176
42
221
115
118
202
232
61
4
82
32
98
282
214
74
156
376
25
332
162
46
147
410
358
109
230
226
229
310
354
166
333
395
164
297
206
30
391
44
413
389
384
231
356
393
318
132
298
116
47
304
363
36
275
172
141
374
103
181
159
415
189
237
287
337
168
40
71
63
90
317
179
62
251
402
192
347
134
312
396
254
292
367
359
276
113
338
97
218
224
379
60
188
51
151
75
27
294
293
131
260
5
378
327
380
194
167
122
303
96
1
281
160
143
348
388
200
89
54
266
321
234
68
375
204
210
26
133
209
279
203
191
10
362
158
123
353
242
39
66
19
45
161
331
372
144
261
23
255
400
57
258
92
211
81
247
412
407
283
345
223
197
67
193
72
146
88
259
404
233
125
184
320
414
300
309
49
31
171
94
385
6
79
267
392
157
48
228
222
212
104
154
21
295
301
55
174
268
14
99
386
111
238
163
265
346
195
308
352
78
227
270
325
373
335
16
314
273
87
2
53
112
360
187
240
178
244
59
334
18
190
15
148
3
83
286
182
145
198
387
177
137
121
225
101
34
208
73
7
220
272
124
370
58
138
416
355
262
382
85
299
383
52
217
408
307
257
330
409
340
77
256
169
207
130
219
140
37
245
38
311
126
185
319
199
246
33
149
150
173
278
175
350
411
86
323
91
390
215
0
129
365
315
366
405
326
17
288
248
339
394
106
305
93
239
170
289
108
364
119
277
357
20
153
296
8
180
243
69
253
152
43
13
398
343
403
250
165
351
201
12
236
186
95
128
102
80
417
