DEGREE
0.4782608695652173
-0.5652173913043479
-0.4782608695652174
-0.21739130434782605
-0.7391304347826086
0.21739130434782616
-0.4782608695652174
0.13043478260869557
0.9130434782608696
-0.3913043478260869
-0.04347826086956519
-0.21739130434782605
-0.04347826086956519
0.7391304347826086
0.5652173913043479
-0.30434782608695654
0.21739130434782616
0.30434782608695654
-0.30434782608695654
1.0
-0.13043478260869568
0.13043478260869557
-0.13043478260869568
-0.30434782608695654
0.3913043478260869
-0.8260869565217391
-0.04347826086956519
-0.5652173913043479
0.30434782608695654
0.30434782608695654
0.5652173913043479
0.4782608695652173
-0.13043478260869568
0.04347826086956519
0.5652173913043479
-0.4782608695652174
-0.6521739130434783
-0.7391304347826086
-0.13043478260869568
-0.30434782608695654
0.30434782608695654
-0.4782608695652174
0.13043478260869557
-0.4782608695652174
-0.7391304347826086
0.30434782608695654
0.4782608695652173
-0.04347826086956519
-0.6521739130434783
0.21739130434782616
-0.13043478260869568
0.21739130434782616
-0.9130434782608696
-0.6521739130434783
-0.13043478260869568
-0.13043478260869568
-0.4782608695652174
-0.04347826086956519
-0.3913043478260869
0.04347826086956519
-0.21739130434782605
0.04347826086956519
0.30434782608695654
-0.21739130434782605
-0.6521739130434783
-0.21739130434782605
0.3913043478260869
0.3913043478260869
-0.13043478260869568
0.04347826086956519
-0.04347826086956519
0.3913043478260869
-0.4782608695652174
-0.13043478260869568
0.826086956521739
-0.30434782608695654
0.5652173913043479
0.9130434782608696
-0.5652173913043479
0.5652173913043479
0.04347826086956519
0.3913043478260869
0.04347826086956519
-0.3913043478260869
0.30434782608695654
-0.3913043478260869
-0.4782608695652174
-0.4782608695652174
0.3913043478260869
0.3913043478260869
0.3913043478260869
-0.6521739130434783
-0.30434782608695654
0.7391304347826086
-0.4782608695652174
-1.0
-0.4782608695652174
-0.04347826086956519
-0.21739130434782605
-0.13043478260869568
-0.6521739130434783
0.21739130434782616
0.21739130434782616
-0.3913043478260869
-0.3913043478260869
0.13043478260869557
0.13043478260869557
-0.4782608695652174
-0.30434782608695654
-0.30434782608695654
0.30434782608695654
0.30434782608695654
0.30434782608695654
-0.04347826086956519
-0.21739130434782605
-0.3913043478260869
-0.30434782608695654
-0.5652173913043479
-0.30434782608695654
-0.04347826086956519
0.3913043478260869
-0.3913043478260869
-0.5652173913043479
-0.04347826086956519
-0.9130434782608696
-0.4782608695652174
-0.3913043478260869
0.4782608695652173
-0.04347826086956519
0.4782608695652173
-0.30434782608695654
-0.8260869565217391
-0.21739130434782605
-0.30434782608695654
-0.21739130434782605
0.04347826086956519
0.13043478260869557
0.826086956521739
0.4782608695652173
-0.6521739130434783
0.21739130434782616
0.04347826086956519
0.04347826086956519
-0.8260869565217391
0.21739130434782616
0.21739130434782616
-0.4782608695652174
-0.8260869565217391
0.30434782608695654
-0.6521739130434783
-0.13043478260869568
0.04347826086956519
-0.7391304347826086
0.04347826086956519
-0.8260869565217391
-0.04347826086956519
0.30434782608695654
0.04347826086956519
-0.30434782608695654
-0.04347826086956519
-0.4782608695652174
0.30434782608695654
-0.13043478260869568
-0.04347826086956519
-0.3913043478260869
-0.30434782608695654
-0.4782608695652174
0.6521739130434783
-0.3913043478260869
-0.04347826086956519
0.6521739130434783
-0.13043478260869568
-0.8260869565217391
-0.30434782608695654
0.04347826086956519
0.21739130434782616
-0.21739130434782605
0.13043478260869557
-0.21739130434782605
0.04347826086956519
-0.04347826086956519
0.826086956521739
0.21739130434782616
-0.30434782608695654
-0.21739130434782605
-1.0
-0.30434782608695654
0.9130434782608696
-0.30434782608695654
-0.04347826086956519
0.4782608695652173
0.826086956521739
0.7391304347826086
-0.6521739130434783
-0.8260869565217391
-0.6521739130434783
0.3913043478260869
0.3913043478260869
-0.8260869565217391
-0.8260869565217391
0.04347826086956519
-0.8260869565217391
-0.8260869565217391
-0.04347826086956519
-0.04347826086956519
-0.04347826086956519
-0.8260869565217391
-0.21739130434782605
0.04347826086956519
0.826086956521739
0.04347826086956519
0.21739130434782616
-0.13043478260869568
-0.7391304347826086
-0.7391304347826086
0.7391304347826086
0.5652173913043479
-0.13043478260869568
-0.4782608695652174
0.13043478260869557
0.04347826086956519
0.13043478260869557
-0.4782608695652174
-0.30434782608695654
-0.3913043478260869
0.21739130434782616
0.13043478260869557
-0.30434782608695654
-0.7391304347826086
-0.04347826086956519
-0.4782608695652174
0.30434782608695654
-0.04347826086956519
0.4782608695652173
-0.3913043478260869
0.7391304347826086
-0.04347826086956519
0.7391304347826086
0.04347826086956519
-0.30434782608695654
-0.6521739130434783
-0.13043478260869568
-0.6521739130434783
0.21739130434782616
-0.6521739130434783
-0.6521739130434783
-0.21739130434782605
-0.8260869565217391
0.21739130434782616
0.4782608695652173
0.04347826086956519
-0.4782608695652174
-0.30434782608695654
0.6521739130434783
0.6521739130434783
-0.21739130434782605
-0.04347826086956519
0.5652173913043479
0.04347826086956519
-0.04347826086956519
-0.04347826086956519
0.9130434782608696
-0.13043478260869568
0.9130434782608696
0.4782608695652173
0.5652173913043479
0.3913043478260869
0.3913043478260869
0.13043478260869557
-0.7391304347826086
-0.30434782608695654
-0.3913043478260869
-0.6521739130434783
0.826086956521739
-0.3913043478260869
-0.04347826086956519
-0.13043478260869568
0.13043478260869557
-0.13043478260869568
-0.3913043478260869
-0.04347826086956519
0.5652173913043479
0.4782608695652173
0.21739130434782616
0.13043478260869557
0.13043478260869557
-0.9130434782608696
0.30434782608695654
-0.5652173913043479
EIGENVECTOR
-0.9728013422581453
-0.9711078763170161
-0.8338308819797267
-0.5342057222381373
-0.9999994296528392
-0.8677238766868502
-0.9999954792037513
-0.9993164711688176
0.8999937589765943
-0.9578959402243203
-0.9994678042570134
-0.9992297654804723
-0.6380312463739444
0.5097399523817037
0.6784579898835941
-0.9942482504790693
0.07181099239545219
-0.9972244318739221
-0.9998353221523274
0.6062621396484771
-0.5251539862929083
-0.9839634376564481
-0.9994680087474608
-0.9984884793795356
0.4340045019263101
-0.9999319607534025
-0.9984530360443854
-0.9987386790543843
-0.9802866358652642
0.34402512747019043
0.5992304518846301
-0.067442545311588
-0.9994439402989554
-0.9993802852688413
0.23790150334638116
-0.9710307789496002
-0.8961658409832426
-0.9986185009781907
-0.9885542091240451
-0.9980754425171051
-0.3945746068890579
-0.9969272761809282
-0.9839634376564481
-0.9956702815997469
-0.999441513968698
-0.9989086586085036
0.23357235643711238
-0.2748415145995382
-0.9999859826404677
-0.7149707513793404
-0.9991099383525966
0.4104369465047688
-0.9996133397454313
-0.8246809082174114
-0.9422974072843838
-0.28972533045543103
-0.9988989723873481
-0.998503910559885
-0.9996266212092685
-0.5486421032114528
-0.9898384603128585
-0.15344095101788102
0.30843598713483056
-0.9996254040477763
-0.8016974148331117
-0.957975405674425
-0.3157977291181997
-0.9732555498612533
-0.9956626223638925
-0.9994458580521548
-0.9417602048653773
-0.9991584333702624
-0.9994887803208383
-0.8874432853381549
-0.9985391551131949
-0.9212404214091596
0.6784579898835952
0.7315717289898565
-0.7439533810633374
0.18214513332005122
-0.9996601903853977
-0.9991347440064198
-0.999437366435311
-0.9640114216086151
-0.21040419126540144
-0.9961382920676284
-0.667506548050396
-0.9999883846552998
-0.1349561280732401
0.2982252303666548
-0.9988292064699082
-0.9884624181139513
-0.6376192803277703
0.6855346249456478
-0.9999657021974265
-0.9999673330029202
-0.8338308819797267
-0.8861949282620197
-0.9733226760518989
-0.7617246956484665
-0.9992647301494053
-0.7025854885676474
-0.8753108770161742
-0.9986462946167494
-0.9584429614242572
-0.9882532487482807
-0.9993498338886316
-0.7720454030653157
-0.9976329326337895
-0.989034344973127
-0.5970113943685289
-0.9881036394623385
-0.8678782360574765
-0.9432470522954535
-0.9713614388594584
-0.9757156098684941
-0.8169553299248785
-0.966303664807631
-0.9976546311698107
-0.6873501551583572
-0.9988291891101376
-0.9966612232556029
-0.9999747513372792
-0.21939062223051087
-0.9918032231120748
-0.9965865647514589
-0.9997136634498477
-0.9991309821449873
-0.9980004807620049
0.6037017519174757
-0.9959010890798162
-0.8877597694890583
-0.9941154700065822
-0.9963520177594851
-0.9802810782465715
-0.9974459200966799
0.011388098101880573
-0.9986646708208233
-0.9981523212258976
-0.9999415673512673
-0.7275656140614892
-0.9712270009129468
-0.9984498970822641
-0.9585315533809535
-0.9903834331422107
-0.3982658674259977
-0.955227919286408
-0.9978660483716424
-0.21179901596348327
-0.9997831053566102
-0.99751349113191
-0.9939470495632482
-0.9999943588255402
-0.8262700292763119
-0.9998637975301907
-0.8098608004752001
0.032006212088305785
-0.973675819635652
-0.9623711523967005
-0.4545388664683788
-0.991664803228487
-0.9881961534937252
-0.9897404369401788
-0.9994003332703154
-0.9999883016855691
-0.9982379372403783
-0.8544929374382544
0.3363755453117052
-0.9994780734229312
-0.9934908907231571
0.567289140443874
-0.984495890951031
-0.9633478381256686
-0.9998551600188879
-0.9993409968949396
-0.9993216881497984
-0.9614917014202017
0.05167971659462234
-0.6581884767560809
-0.9994072646387329
-0.9916187670439028
-0.9986646708208232
-0.9609318859979327
-0.9967185310376546
-0.9995271168509217
-0.9775364681250237
-0.9941562760260556
0.9140708170644531
-0.9745156440559612
-0.9946972445661175
0.35808475037582466
0.8534358726016913
0.43305267943120884
-0.9996634563566358
-0.9997103370971436
-0.9999829310492276
0.25809477877848286
0.3815087148134926
-0.9486675743997592
-0.9972545932657141
-0.9907287399934455
-0.999997303941858
-0.9998668820677094
-0.274841514599538
-0.9988779293151117
-0.9974624876390092
-1.0
-0.6163825387881532
-0.9992711076139389
0.9098555364044949
-0.6147722674469709
-0.23206510271504655
-0.9990399234118938
-0.9998571941811203
-0.9988108322504178
-0.9815909882517385
-0.053481166580556794
-0.28375755610056763
-0.7104397190115983
-0.5031326078441535
-0.9993070460507941
-0.9993267362251242
-0.9956702815997469
-0.9953323918786453
-0.9991528362111101
-0.9992480077060872
-0.6526586376769525
-0.9796513163184157
-0.9982568737395654
-0.6906634388304493
-0.9972211280893757
0.16118336091304286
-0.3207381651992708
-0.12372162337618098
-0.979481543619224
0.3890414969412397
-0.9773346034885378
0.09516212960282489
-0.9664137879035297
-0.958386017994076
-0.9216897950166809
-0.9955478440662617
-0.9721209946090333
-0.5217628257819193
-0.9999981099537215
-0.9930014990074462
-0.997555342426221
-0.9998657740477133
-0.5114828235045088
-0.026105301956160787
-0.8894195928935386
-0.9999942610422303
-0.9963520177594851
-0.9985184327326319
0.336375545311705
-0.9996254040477762
-0.9993427456525785
0.35606243193587184
-0.6101303631042772
-0.876244811972615
-0.8566967898891885
1.0
-0.9102595663040297
0.9785101211534946
-0.021620244398905974
0.5992304518846308
-0.11543358616958688
-0.9798155144503223
-0.9984270158502806
-0.9998087116354674
-0.999754026720471
-0.9999554181924853
-0.999995926248704
0.4225551589929788
-0.9700459802994721
-0.9998306884276483
-0.9744759066302754
-0.8884144753896899
-0.9985827637946226
-0.9864244066213476
-0.2198636512265919
0.022274411556358675
-0.9889706147281471
-0.9826361326521641
-0.997379886847019
-0.87397206624849
-0.9972820319847209
-0.6110961816749124
-0.9997204209442402
CENT
-0.40585744275627333
-0.8567029990439394
-0.9458774407604561
-0.6384125807516753
-0.9997680926883099
0.16010445539022888
-0.9601671565195579
-0.960687619256268
-0.5510254501071767
-0.9185409024214367
-0.810385677221234
-0.9432561803918055
-0.7226110940113083
-0.6404879156525489
-0.8662676696439011
-0.6189702026512154
-0.7150122257415281
-0.48875133292893236
-0.8073457676893271
-0.4912083724393691
-0.0864823027099142
-0.8654392516931845
-0.9960850190740851
-0.631789802901193
-0.7046780506955515
-0.8177756883023328
-0.9447742431323904
-0.43176401129030473
-0.9098297049172679
-0.6379204358243875
-0.8297568735594327
-0.4618626202211846
-0.08200168373661076
-0.9680495442623
-0.6399864338558914
-0.9858819005352516
-0.9565025535832611
-0.9987777634807258
-0.9236401047966356
0.046233191645292715
-0.7942064771728212
-0.987200890050587
-0.8654392516931845
-0.9834888776878264
-0.6277088341905552
-0.9161776256479794
0.3372988131451633
-0.924059300552523
-0.909723239776467
-0.5543504372547884
-0.9397066722827301
-0.9709096295683557
-0.8890704741165345
-0.9781770770110698
-0.8626300746271777
-0.887267599278448
-0.6182772797599607
-0.9626030678964098
-0.5489794569696037
-0.3841538709359926
-0.6361437069178649
-0.9566525768317757
-0.7750395833749552
-0.8613169078966713
-0.6064220705886629
-0.06738141993799851
-0.7695088263827019
-0.5865798254751527
-0.209972398927743
-0.7118780527040165
-0.3859497604217943
-0.9225407798712173
-0.9967098196632109
-0.8784255083862589
-0.5272801481959928
-0.862493584158824
-0.8662676696439011
-0.2257758478967813
-0.9914637431467606
-0.15549681940375282
-0.6210094000424025
-0.8653672601078266
-0.7683859674225884
-0.9844283340923398
-0.9621486519595034
-0.21500151627048691
-0.3795915046214078
-0.8914600292000556
-0.7542851977999381
0.3076813416125457
-0.8628054187153488
-0.6627616503423271
-0.3995737760749424
-0.7124272619821287
-0.7726382251553086
-1.0
-0.9458774407604561
-0.6901975277086757
-0.8249206350229725
-0.398600045491423
-0.5368963388666067
-0.03586033460713001
0.4401434069120118
-0.5422456283515812
-0.8792265972060977
-0.9530292023384122
-0.9926826775304618
-0.5204863201772139
-0.5314712597075297
0.29816596851286703
-0.5905816869084755
-0.8967986486392275
-0.3981226694384088
-0.35505376938118716
-0.8408535776706152
-0.8662806160362633
-0.9761601902214804
1.0
-0.9308559245377959
-0.9250063903811638
-0.3292929833504663
-0.6809550198186789
-0.87306490374837
-0.9817730701622158
-0.9700460657144244
-0.20332225089376876
-0.8316760605239326
-0.9463764524797256
0.2825065551788788
-0.5092979430836082
-0.9670205884098364
-0.90909177914868
0.007897844210982052
-0.9884441321633853
-0.1615599467210127
-0.753016390655103
-0.8606316730907833
-0.755658211258959
0.09077416125724991
-0.4601661789766913
0.7008290533615882
-0.8061665362346132
-0.9281911177828621
-0.4957593574338619
-0.882702434260113
-0.9025456721517514
-0.948442333711001
0.44068098369584674
-0.9481321101832453
-0.954651757540197
-0.8050801613982094
-0.6326182987799235
-0.9283920770020763
-0.5379314170224591
-1.0
-0.75600979296128
-0.3540123127365099
-0.5232512684612873
-0.24067997580579703
-0.8771481059965887
-0.2886766176504013
-0.8701658539942414
-0.3831709285801912
-0.9833197310835329
-0.8154263656206283
-0.34936931326258125
-0.9150107021092881
-0.901972028571991
-0.9902987189822563
-0.715578115152175
-0.5219726793737429
-0.24846928759500686
-0.9507995578205666
-0.4054165236944157
-0.9265570165325113
-0.5950576616375538
-0.9024121281555875
-0.5617824020238165
-0.5262630226692331
-0.9930136238673182
0.564025132803766
-0.755658211258959
-0.5621072500627957
-0.6485858255953176
-0.7055438859941103
-1.0
-0.5069083513560995
-0.379794154202319
-0.7369340985373891
-0.9035152958058379
-0.7319579861381891
-0.6213622194569575
0.5562514977922115
-0.8820733301454808
-0.9549141730027162
-0.862939819562008
-0.6110114466277619
-0.7720525046540808
-0.9375661708231318
-0.6335608880215531
-0.850417334447397
-0.9917037579204538
-0.7695320530516285
-0.924059300552523
-0.9270100373319037
-0.8592144928280017
-0.9875116267360122
-0.9606006649775574
-0.9143092960600112
-0.758597955595491
-0.6486663589224437
-0.5001088719283662
-0.23481624078111507
-0.8185569331963078
-1.0
-0.6516260257238641
-0.29428789221535756
-0.9919572960740431
-0.9904833905317392
-0.89316151619064
-0.9522458588488073
-0.9734436949029521
-0.9834888776878264
-0.9827028549909533
-0.2654927521163314
-0.9852021168241566
-0.5635367998284245
-0.9540639903751944
-0.984066337606573
-0.6688601438327895
-0.9932124260912539
-0.6486493275024634
-0.3401297973158035
-0.4496776626322244
0.3759377283351797
-0.880674132422876
-0.8835298109763268
-0.8432707946444419
-0.35232460542658073
-0.605815189804052
-0.2232014178683448
-0.9717740635569252
-0.9212832761343699
0.2189905959978633
-0.9966524465862863
-0.6646375050777509
-0.9245220004940791
-0.9406426329180095
-0.6342423360940382
-0.818260906607636
-0.6656200203934219
-0.8449563155223551
-0.9884441321633853
-0.6143587546306344
-0.901972028571991
-0.8613169078966713
-0.9170045815370903
-0.8044387695697822
-0.3396588513044839
-0.6317266620845211
-0.8035502195482314
-0.4028896582482967
-0.5062183481687729
-0.3165009885131055
-0.8937494386083314
-0.8297568735594327
-0.9239519006225381
-0.8926454462750615
-0.847045404472111
-0.9500485932144023
-0.7894752304074292
-0.6054469122334507
-0.9775170004488214
-0.7589241021203992
0.1546259553623519
-0.4088675048637541
-0.22437446513512282
0.10582232126510038
-0.12424729535096701
-0.5665502818157226
-0.9605127425107177
-0.5617686892630824
-0.7298964886451216
-0.7902272598733657
-0.6714570633053492
-0.4698265070614791
-0.9293346468882393
0.18673772627345486
-1.0
DEGREE_RANK
0.7152777777777779
-0.7152777777777777
-0.6736111111111112
-0.26388888888888884
-0.875
0.4097222222222223
-0.6666666666666667
0.3125
0.9652777777777777
-0.5347222222222222
-0.02777777777777779
-0.2569444444444444
-0.02083333333333337
0.8819444444444444
0.7916666666666665
-0.42361111111111105
0.4166666666666665
0.5208333333333333
-0.41666666666666663
1.0
-0.1597222222222222
0.3194444444444444
-0.15277777777777768
-0.4097222222222222
0.625
-0.9652777777777778
-0.01388888888888884
-0.7083333333333333
0.5277777777777777
0.5347222222222221
0.7986111111111112
0.7222222222222221
-0.14583333333333326
0.16666666666666652
0.8055555555555554
-0.6597222222222222
-0.8194444444444444
-0.8680555555555556
-0.13888888888888884
-0.4027777777777777
0.5416666666666667
-0.6527777777777777
0.32638888888888884
-0.6458333333333333
-0.8611111111111112
0.5486111111111112
0.7291666666666667
-0.00694444444444442
-0.8125
0.42361111111111116
-0.1319444444444443
0.4305555555555556
-0.9861111111111112
-0.8055555555555556
-0.12499999999999989
-0.11805555555555547
-0.6388888888888888
2.220446049250313e-16
-0.5277777777777777
0.17361111111111116
-0.2499999999999999
0.18055555555555536
0.5555555555555556
-0.24305555555555547
-0.7986111111111112
-0.23611111111111105
0.6319444444444444
0.6388888888888888
-0.11111111111111105
0.1875
0.00694444444444442
0.6458333333333333
-0.6319444444444444
-0.10416666666666663
0.9236111111111112
-0.39583333333333326
0.8125
0.9722222222222223
-0.7013888888888888
0.8194444444444444
0.19444444444444442
0.6527777777777777
0.20138888888888884
-0.5208333333333333
0.5625
-0.5138888888888888
-0.625
-0.6180555555555556
0.6597222222222221
0.6666666666666667
0.6736111111111109
-0.7916666666666666
-0.38888888888888884
0.8888888888888891
-0.6111111111111112
-1.0
-0.6041666666666666
0.01388888888888884
-0.22916666666666663
-0.09722222222222221
-0.7847222222222222
0.4375
0.4444444444444444
-0.5069444444444444
-0.5
0.33333333333333326
0.3402777777777777
-0.5972222222222222
-0.3819444444444444
-0.375
0.5694444444444444
0.5763888888888888
0.5833333333333335
0.02083333333333326
-0.2222222222222222
-0.4930555555555556
-0.3680555555555556
-0.6944444444444444
-0.36111111111111105
0.02777777777777768
0.6805555555555556
-0.48611111111111116
-0.6875
0.0347222222222221
-0.9791666666666666
-0.5902777777777778
-0.47916666666666663
0.7361111111111112
0.04166666666666674
0.7430555555555556
-0.35416666666666663
-0.9583333333333334
-0.2152777777777778
-0.3472222222222222
-0.20833333333333326
0.20833333333333326
0.3472222222222223
0.9305555555555556
0.75
-0.7777777777777778
0.45138888888888884
0.21527777777777768
0.2222222222222221
-0.9513888888888888
0.45833333333333326
0.4652777777777779
-0.5833333333333333
-0.9444444444444444
0.5902777777777777
-0.7708333333333333
-0.09027777777777768
0.22916666666666652
-0.8541666666666666
0.23611111111111116
-0.9375
0.04861111111111094
0.5972222222222223
0.24305555555555558
-0.3402777777777778
0.05555555555555558
-0.5763888888888888
0.6041666666666665
-0.08333333333333326
0.06249999999999978
-0.4722222222222222
-0.33333333333333337
-0.5694444444444444
0.8541666666666667
-0.4652777777777777
0.06944444444444442
0.8611111111111112
-0.07638888888888884
-0.9305555555555556
-0.32638888888888884
0.25
0.4722222222222221
-0.20138888888888884
0.3541666666666665
-0.19444444444444442
0.2569444444444444
0.07638888888888884
0.9375
0.47916666666666674
-0.3194444444444444
-0.1875
-0.9930555555555556
-0.3125
0.9791666666666665
-0.30555555555555547
0.08333333333333326
0.7569444444444444
0.9444444444444444
0.8958333333333333
-0.7638888888888888
-0.9236111111111112
-0.7569444444444444
0.6874999999999998
0.6944444444444444
-0.9166666666666666
-0.9097222222222222
0.26388888888888884
-0.9027777777777778
-0.8958333333333333
0.0902777777777779
0.0972222222222221
0.10416666666666674
-0.8888888888888888
-0.18055555555555558
0.27083333333333326
0.9513888888888888
0.2777777777777779
0.48611111111111094
-0.06944444444444442
-0.8472222222222222
-0.8402777777777778
0.9027777777777779
0.8263888888888888
-0.0625
-0.5625
0.36111111111111116
0.2847222222222221
0.36805555555555536
-0.5555555555555556
-0.29861111111111105
-0.45833333333333326
0.4930555555555556
0.375
-0.29166666666666663
-0.8333333333333334
0.11111111111111094
-0.5486111111111112
0.6111111111111112
0.11805555555555558
0.7638888888888888
-0.45138888888888884
0.9097222222222221
0.125
0.9166666666666667
0.29166666666666674
-0.2847222222222221
-0.75
-0.05555555555555547
-0.7430555555555556
0.4999999999999998
-0.736111111111111
-0.7291666666666666
-0.17361111111111116
-0.8819444444444444
0.5069444444444444
0.7708333333333335
0.29861111111111094
-0.5416666666666666
-0.2777777777777777
0.8680555555555556
0.875
-0.16666666666666663
0.13194444444444442
0.8333333333333333
0.3055555555555556
0.13888888888888884
0.14583333333333326
0.9861111111111112
-0.04861111111111105
0.9930555555555554
0.7777777777777777
0.8402777777777777
0.7013888888888891
0.7083333333333333
0.3819444444444442
-0.8263888888888888
-0.27083333333333326
-0.4444444444444444
-0.7222222222222222
0.9583333333333333
-0.4374999999999999
0.15277777777777768
-0.04166666666666663
0.38888888888888884
-0.03472222222222221
-0.43055555555555547
0.15972222222222232
0.8472222222222223
0.7847222222222223
0.5138888888888888
0.3958333333333335
0.4027777777777777
-0.9722222222222222
0.6180555555555556
-0.6805555555555556
EIGENVECTOR_RANK
0.07638888888888884
0.10416666666666674
0.36111111111111116
0.5416666666666667
-0.9930555555555556
0.33333333333333326
-0.9652777777777778
-0.625
0.9722222222222223
0.20138888888888884
-0.7152777777777777
-0.5902777777777778
0.48611111111111094
0.8958333333333333
0.9375
-0.19444444444444442
0.7569444444444444
-0.30555555555555547
-0.8402777777777778
0.9305555555555556
0.5486111111111112
-0.03472222222222221
-0.7222222222222222
-0.4374999999999999
0.8888888888888891
-0.8819444444444444
-0.43055555555555547
-0.5
-0.01388888888888884
0.8333333333333333
0.9166666666666667
0.7013888888888891
-0.7013888888888888
-0.6666666666666667
0.7916666666666665
0.11111111111111094
0.26388888888888884
-0.4722222222222222
-0.09027777777777768
-0.38888888888888884
0.5902777777777777
-0.29166666666666663
-0.04166666666666663
-0.23611111111111105
-0.6944444444444444
-0.5416666666666666
0.7847222222222223
0.625
-0.9305555555555556
0.4305555555555556
-0.5555555555555556
0.8680555555555556
-0.75
0.375
0.22916666666666652
0.6111111111111112
-0.5347222222222222
-0.4444444444444444
-0.7708333333333333
0.5347222222222221
-0.11805555555555547
0.6736111111111109
0.8125
-0.7569444444444444
0.3958333333333335
0.19444444444444442
0.6041666666666665
0.06944444444444442
-0.2222222222222222
-0.7083333333333333
0.23611111111111116
-0.5833333333333333
-0.736111111111111
0.29166666666666674
-0.45833333333333326
0.25
0.9444444444444444
0.9583333333333333
0.4166666666666665
0.7777777777777777
-0.7777777777777778
-0.5694444444444444
-0.6875
0.13888888888888884
0.6666666666666667
-0.2499999999999999
0.4652777777777779
-0.9444444444444444
0.6805555555555556
0.8055555555555554
-0.5208333333333333
-0.08333333333333326
0.4930555555555556
0.9513888888888888
-0.9027777777777778
-0.9097222222222222
0.3541666666666665
0.29861111111111094
0.06249999999999978
0.4097222222222223
-0.6041666666666666
0.4444444444444444
0.3125
-0.47916666666666663
0.18055555555555536
-0.07638888888888884
-0.6597222222222222
0.4027777777777777
-0.36111111111111105
-0.10416666666666663
0.5277777777777777
-0.0625
0.32638888888888884
0.2222222222222221
0.0902777777777779
0.0347222222222221
0.3819444444444442
0.13194444444444442
-0.3680555555555556
0.45833333333333326
-0.5138888888888888
-0.2777777777777777
-0.9166666666666666
0.6527777777777777
-0.15277777777777768
-0.27083333333333326
-0.7986111111111112
-0.5625
-0.3819444444444444
0.9236111111111112
-0.24305555555555547
0.2847222222222221
-0.18055555555555558
-0.26388888888888884
-0.00694444444444442
-0.33333333333333337
0.7291666666666667
-0.4930555555555556
-0.39583333333333326
-0.8888888888888888
0.42361111111111116
0.0972222222222221
-0.42361111111111105
0.17361111111111116
-0.12499999999999989
0.5833333333333335
0.20833333333333326
-0.375
0.6597222222222221
-0.8194444444444444
-0.3472222222222222
-0.17361111111111116
-0.9583333333333334
0.36805555555555536
-0.8611111111111112
0.38888888888888884
0.7430555555555556
0.05555555555555558
0.15277777777777768
0.5763888888888888
-0.14583333333333326
-0.06944444444444442
-0.11111111111111105
-0.6736111111111112
-0.9375
-0.4027777777777777
0.3472222222222223
0.8194444444444444
-0.7291666666666666
-0.16666666666666663
0.9027777777777779
-0.04861111111111105
0.14583333333333326
-0.8472222222222222
-0.6458333333333333
-0.6319444444444444
0.15972222222222232
0.75
0.4722222222222221
-0.6805555555555556
-0.13888888888888884
-0.48611111111111116
0.16666666666666652
-0.2847222222222221
-0.7430555555555556
0.02083333333333326
-0.1875
0.9861111111111112
0.04166666666666674
-0.20138888888888884
0.8472222222222223
0.9652777777777777
0.8819444444444444
-0.7847222222222222
-0.7916666666666666
-0.9236111111111112
0.7986111111111112
0.8541666666666667
0.21527777777777768
-0.3125
-0.1319444444444443
-0.9791666666666666
-0.875
0.6319444444444444
-0.5277777777777777
-0.3402777777777778
-1.0
0.4999999999999998
-0.6111111111111112
0.9791666666666665
0.5069444444444444
0.6388888888888888
-0.5486111111111112
-0.8541666666666666
-0.5069444444444444
-0.02083333333333337
0.7083333333333333
0.6180555555555556
0.4375
0.5694444444444444
-0.6180555555555556
-0.6388888888888888
-0.22916666666666663
-0.20833333333333326
-0.5763888888888888
-0.5972222222222222
0.47916666666666674
0.00694444444444442
-0.4097222222222222
0.45138888888888884
-0.29861111111111105
0.7708333333333335
0.5972222222222223
0.6874999999999998
0.01388888888888884
0.8611111111111112
0.02777777777777768
0.7638888888888888
0.125
0.1875
0.24305555555555558
-0.2152777777777778
0.08333333333333326
0.5555555555555556
-0.9861111111111112
-0.1597222222222222
-0.35416666666666663
-0.8680555555555556
0.5625
0.7152777777777779
0.27083333333333326
-0.9513888888888888
-0.2569444444444444
-0.45138888888888884
0.8263888888888888
-0.7638888888888888
-0.6527777777777777
0.8402777777777777
0.5208333333333333
0.3055555555555556
0.3402777777777777
1.0
0.2569444444444444
0.9930555555555554
0.7222222222222221
0.9097222222222221
0.6944444444444444
2.220446049250313e-16
-0.41666666666666663
-0.8263888888888888
-0.8125
-0.8958333333333333
-0.9722222222222222
0.875
0.11805555555555558
-0.8333333333333334
0.04861111111111094
0.2777777777777779
-0.4652777777777777
-0.05555555555555547
0.6458333333333333
0.7361111111111112
-0.09722222222222221
-0.02777777777777779
-0.32638888888888884
0.3194444444444444
-0.3194444444444444
0.5138888888888888
-0.8055555555555556
CENT_RANK
0.6111111111111112
-0.15277777777777768
-0.5972222222222222
0.2569444444444444
-0.9652777777777778
0.9097222222222221
-0.6875
-0.7083333333333333
0.4444444444444444
-0.45138888888888884
-0.05555555555555547
-0.5763888888888888
0.11805555555555558
0.24305555555555558
-0.24305555555555547
0.33333333333333326
0.13194444444444442
0.5625
-0.04861111111111105
0.5555555555555556
0.8472222222222223
-0.22916666666666663
-0.9375
0.29861111111111094
0.15972222222222232
-0.06944444444444442
-0.5833333333333333
0.5972222222222223
-0.41666666666666663
0.26388888888888884
-0.10416666666666663
0.5763888888888888
0.8541666666666667
-0.736111111111111
0.25
-0.8472222222222222
-0.6736111111111112
-0.9583333333333334
-0.4722222222222222
0.8819444444444444
-0.01388888888888884
-0.8541666666666666
-0.2222222222222222
-0.8194444444444444
0.3125
-0.4374999999999999
0.9513888888888888
-0.4930555555555556
-0.4097222222222222
0.4375
-0.5625
-0.75
-0.32638888888888884
-0.7847222222222222
-0.19444444444444442
-0.3194444444444444
0.3402777777777777
-0.7222222222222222
0.45138888888888884
0.6597222222222221
0.27083333333333326
-0.6805555555555556
0.00694444444444442
-0.18055555555555558
0.36111111111111116
0.8611111111111112
0.0347222222222221
0.3958333333333335
0.8125
0.14583333333333326
0.6527777777777777
-0.4652777777777777
-0.9513888888888888
-0.2777777777777777
0.48611111111111094
-0.1875
-0.23611111111111105
0.7847222222222223
-0.8958333333333333
0.8333333333333333
0.32638888888888884
-0.2152777777777778
0.04166666666666674
-0.8333333333333334
-0.7152777777777777
0.8055555555555554
0.6805555555555556
-0.33333333333333337
0.08333333333333326
0.9444444444444444
-0.20138888888888884
0.20833333333333326
0.6319444444444444
0.13888888888888884
0.01388888888888884
-1.0
-0.5902777777777778
0.16666666666666652
-0.09027777777777768
0.6388888888888888
0.4722222222222221
0.8680555555555556
0.9652777777777777
0.45833333333333326
-0.2847222222222221
-0.6458333333333333
-0.9166666666666666
0.5138888888888888
0.47916666666666674
0.9375
0.38888888888888884
-0.36111111111111105
0.6458333333333333
0.6874999999999998
-0.11805555555555547
-0.2499999999999999
-0.7708333333333333
1.0
-0.5486111111111112
-0.5069444444444444
0.7291666666666667
0.17361111111111116
-0.26388888888888884
-0.7916666666666666
-0.7430555555555556
0.8194444444444444
-0.11111111111111105
-0.6041666666666666
0.9305555555555556
0.5208333333333333
-0.7291666666666666
-0.4027777777777777
0.875
-0.875
0.8263888888888888
0.0902777777777779
-0.16666666666666663
0.06944444444444442
0.8888888888888891
0.5833333333333335
0.9930555555555554
-0.04166666666666663
-0.5277777777777777
0.5486111111111112
-0.30555555555555547
-0.38888888888888884
-0.6180555555555556
0.9722222222222223
-0.6111111111111112
-0.6597222222222222
-0.03472222222222221
0.29166666666666674
-0.5347222222222222
0.4652777777777779
-0.9930555555555556
0.06249999999999978
0.6944444444444444
0.4999999999999998
0.7708333333333335
-0.27083333333333326
0.75
-0.2569444444444444
0.6666666666666667
-0.8055555555555556
-0.0625
0.7083333333333333
-0.43055555555555547
-0.375
-0.8819444444444444
0.125
0.5069444444444444
0.7638888888888888
-0.6319444444444444
0.6180555555555556
-0.5138888888888888
0.3819444444444442
-0.3819444444444444
0.42361111111111116
0.4930555555555556
-0.9236111111111112
0.9861111111111112
0.07638888888888884
0.4166666666666665
0.23611111111111116
0.15277777777777768
-0.9861111111111112
0.5277777777777777
0.6736111111111109
0.0972222222222221
-0.39583333333333326
0.10416666666666674
0.3194444444444444
0.9791666666666665
-0.29861111111111105
-0.6666666666666667
-0.20833333333333326
0.3541666666666665
0.02083333333333326
-0.5555555555555556
0.2847222222222221
-0.14583333333333326
-0.9027777777777778
0.02777777777777768
-0.48611111111111116
-0.5208333333333333
-0.1597222222222222
-0.8611111111111112
-0.7013888888888888
-0.42361111111111105
0.05555555555555558
0.2222222222222221
0.5416666666666667
0.7777777777777777
-0.08333333333333326
-0.9791666666666666
0.21527777777777768
0.7430555555555556
-0.9097222222222222
-0.8888888888888888
-0.3472222222222222
-0.6388888888888888
-0.7638888888888888
-0.8125
-0.7986111111111112
0.7569444444444444
-0.8402777777777778
0.4097222222222223
-0.6527777777777777
-0.8263888888888888
0.1875
-0.9305555555555556
0.22916666666666652
0.7152777777777779
0.5902777777777777
0.9583333333333333
-0.29166666666666663
-0.3125
-0.12499999999999989
0.7013888888888891
0.36805555555555536
0.7986111111111112
-0.7569444444444444
-0.45833333333333326
0.9236111111111112
-0.9444444444444444
0.20138888888888884
-0.5
-0.5694444444444444
0.2777777777777779
-0.07638888888888884
0.19444444444444442
-0.1319444444444443
-0.8680555555555556
0.3472222222222223
-0.3680555555555556
-0.17361111111111116
-0.4444444444444444
-0.02777777777777779
0.7222222222222221
0.3055555555555556
-0.02083333333333337
0.625
0.5347222222222221
0.7361111111111112
-0.35416666666666663
-0.09722222222222221
-0.47916666666666663
-0.3402777777777778
-0.13888888888888884
-0.625
2.220446049250313e-16
0.375
-0.7777777777777778
0.04861111111111094
0.9027777777777779
0.6041666666666665
0.7916666666666665
0.8958333333333333
0.8402777777777777
0.4027777777777777
-0.6944444444444444
0.4305555555555556
0.11111111111111094
-0.00694444444444442
0.18055555555555536
0.5694444444444444
-0.5416666666666666
0.9166666666666667
-0.9722222222222222
RANK
95
154
185
214
288
4
37
72
244
22
230
179
106
217
201
78
218
168
133
252
206
41
35
225
83
228
43
222
163
223
123
53
272
116
221
241
51
124
33
130
57
84
7
207
280
6
61
36
194
149
227
105
220
172
269
146
148
127
2
96
26
11
247
50
198
118
286
152
142
204
174
119
246
47
203
266
38
71
242
9
256
45
166
208
28
48
131
189
145
176
167
254
111
264
219
267
87
52
55
236
144
193
235
104
73
159
122
161
115
14
76
21
42
81
195
90
54
75
63
255
136
205
1
200
268
251
237
114
126
30
265
98
213
249
25
164
10
18
141
150
257
260
40
283
270
62
94
197
202
66
82
273
209
155
137
181
88
135
188
190
282
12
169
16
93
69
184
24
97
121
284
229
250
245
91
215
210
231
183
13
34
3
29
60
248
199
151
23
259
44
191
80
15
56
253
196
64
239
271
175
110
67
279
226
182
177
281
49
8
58
103
153
100
108
74
178
157
170
107
129
186
262
211
143
19
17
285
31
139
233
27
275
0
173
261
92
99
112
70
59
162
187
86
113
156
238
165
232
258
120
263
216
160
224
171
158
212
77
276
240
85
68
125
134
79
278
20
32
65
101
132
39
138
277
274
5
287
243
128
109
89
46
234
102
147
192
180
140
117
