DEGREE
-0.8461538461538461
0.3846153846153846
-0.5384615384615384
-0.3076923076923077
-0.23076923076923073
0.3076923076923077
-0.15384615384615385
-0.3076923076923077
0.46153846153846145
-0.8461538461538461
0.07692307692307687
1.0
0.6153846153846154
0.3846153846153846
0.3076923076923077
-0.46153846153846156
0.6923076923076923
-0.3846153846153846
-0.23076923076923073
0.3846153846153846
0.23076923076923084
-0.07692307692307687
-0.23076923076923073
0.15384615384615374
0.6153846153846154
0.3076923076923077
-0.3846153846153846
0.3076923076923077
0.3076923076923077
-0.3846153846153846
0.23076923076923084
-0.7692307692307692
0.0
0.15384615384615374
-0.15384615384615385
0.7692307692307692
-0.46153846153846156
-0.46153846153846156
0.23076923076923084
0.23076923076923084
-0.7692307692307692
0.07692307692307687
-0.7692307692307692
-0.07692307692307687
0.6153846153846154
0.3846153846153846
0.3846153846153846
-0.15384615384615385
-0.07692307692307687
-0.3846153846153846
0.6153846153846154
0.46153846153846145
-0.3846153846153846
0.0
0.07692307692307687
0.23076923076923084
0.15384615384615374
-1.0
0.5384615384615385
0.15384615384615374
0.3846153846153846
0.23076923076923084
0.0
-0.23076923076923073
0.46153846153846145
-0.3846153846153846
0.3076923076923077
-0.23076923076923073
0.15384615384615374
0.3076923076923077
-0.15384615384615385
-0.7692307692307692
0.23076923076923084
0.15384615384615374
0.07692307692307687
0.15384615384615374
-0.46153846153846156
0.07692307692307687
-0.23076923076923073
-0.5384615384615384
0.5384615384615385
0.0
-0.3846153846153846
0.07692307692307687
-0.15384615384615385
-0.3846153846153846
0.3076923076923077
0.3076923076923077
0.23076923076923084
0.15384615384615374
-0.15384615384615385
0.07692307692307687
0.3076923076923077
0.46153846153846145
-0.15384615384615385
-0.07692307692307687
0.23076923076923084
0.07692307692307687
-0.15384615384615385
-0.46153846153846156
0.46153846153846145
0.23076923076923084
-0.3846153846153846
-0.3076923076923077
0.3846153846153846
0.3076923076923077
0.3076923076923077
0.3846153846153846
0.3076923076923077
-0.3846153846153846
-0.07692307692307687
0.6153846153846154
0.0
0.3846153846153846
-0.07692307692307687
0.3846153846153846
-0.46153846153846156
-0.46153846153846156
0.15384615384615374
0.6153846153846154
-0.46153846153846156
0.07692307692307687
-0.15384615384615385
0.5384615384615385
-0.07692307692307687
0.07692307692307687
-0.7692307692307692
0.3076923076923077
0.46153846153846145
-0.3076923076923077
0.5384615384615385
-0.07692307692307687
0.3846153846153846
-0.15384615384615385
-0.3846153846153846
0.5384615384615385
0.6153846153846154
-0.07692307692307687
-0.3076923076923077
0.6923076923076923
0.5384615384615385
0.07692307692307687
0.07692307692307687
0.5384615384615385
0.07692307692307687
0.5384615384615385
-0.6923076923076923
0.07692307692307687
0.3076923076923077
0.0
0.8461538461538463
-0.15384615384615385
0.23076923076923084
0.5384615384615385
-0.5384615384615384
-0.6923076923076923
-0.07692307692307687
-0.3076923076923077
0.3076923076923077
0.0
0.3846153846153846
0.6153846153846154
-0.7692307692307692
0.15384615384615374
0.0
-0.23076923076923073
0.0
0.0
0.6923076923076923
0.6923076923076923
0.07692307692307687
0.07692307692307687
0.07692307692307687
0.3076923076923077
0.23076923076923084
-0.9230769230769231
-0.23076923076923073
0.07692307692307687
-0.3846153846153846
0.07692307692307687
0.3846153846153846
-0.5384615384615384
-0.3846153846153846
-0.5384615384615384
-0.6153846153846154
0.3076923076923077
-0.6923076923076923
-0.23076923076923073
0.3846153846153846
-0.23076923076923073
-0.15384615384615385
0.3846153846153846
-0.23076923076923073
0.0
0.07692307692307687
0.07692307692307687
0.23076923076923084
0.23076923076923084
0.3076923076923077
-0.23076923076923073
-0.6923076923076923
-0.3846153846153846
-0.5384615384615384
0.3076923076923077
-0.46153846153846156
0.46153846153846145
0.46153846153846145
0.3076923076923077
-0.7692307692307692
0.3076923076923077
0.0
-0.3846153846153846
0.3076923076923077
0.3076923076923077
0.8461538461538463
-0.07692307692307687
0.5384615384615385
0.3846153846153846
0.46153846153846145
-0.23076923076923073
-0.46153846153846156
0.3076923076923077
-0.6923076923076923
-0.3076923076923077
0.23076923076923084
0.3846153846153846
-0.07692307692307687
-0.3076923076923077
-0.5384615384615384
0.15384615384615374
0.23076923076923084
-0.15384615384615385
0.15384615384615374
-0.07692307692307687
0.5384615384615385
-0.07692307692307687
-0.07692307692307687
-0.46153846153846156
0.07692307692307687
0.6153846153846154
-0.3076923076923077
-0.23076923076923073
0.15384615384615374
0.23076923076923084
0.23076923076923084
0.07692307692307687
-0.23076923076923073
0.46153846153846145
-0.7692307692307692
0.15384615384615374
-0.07692307692307687
0.8461538461538463
0.07692307692307687
-0.07692307692307687
0.0
-0.07692307692307687
-0.6923076923076923
-0.3076923076923077
-0.46153846153846156
0.15384615384615374
-0.23076923076923073
-0.46153846153846156
0.15384615384615374
0.7692307692307692
-0.3846153846153846
-0.23076923076923073
-0.07692307692307687
0.3846153846153846
0.15384615384615374
-0.46153846153846156
0.23076923076923084
-0.15384615384615385
-0.3076923076923077
0.3076923076923077
0.15384615384615374
0.15384615384615374
-0.07692307692307687
0.15384615384615374
0.23076923076923084
-0.15384615384615385
0.3846153846153846
-0.07692307692307687
-0.46153846153846156
0.15384615384615374
0.9230769230769231
0.46153846153846145
0.46153846153846145
0.0
0.15384615384615374
-0.07692307692307687
-0.07692307692307687
0.0
0.7692307692307692
0.46153846153846145
0.3846153846153846
-0.6923076923076923
0.3076923076923077
0.15384615384615374
-0.7692307692307692
-0.23076923076923073
0.07692307692307687
0.15384615384615374
0.07692307692307687
0.3846153846153846
0.07692307692307687
-0.3076923076923077
0.15384615384615374
-0.23076923076923073
0.07692307692307687
-0.23076923076923073
-0.3076923076923077
0.07692307692307687
0.15384615384615374
0.9230769230769231
0.3846153846153846
0.5384615384615385
0.46153846153846145
0.15384615384615374
0.23076923076923084
-0.46153846153846156
-0.3846153846153846
0.0
0.07692307692307687
-0.23076923076923073
-0.3846153846153846
0.15384615384615374
0.3846153846153846
0.6923076923076923
-0.15384615384615385
-0.23076923076923073
0.0
0.7692307692307692
-0.3076923076923077
-0.46153846153846156
-0.6153846153846154
0.46153846153846145
-0.6153846153846154
-0.15384615384615385
0.0
-0.15384615384615385
0.23076923076923084
-0.3076923076923077
-0.15384615384615385
0.07692307692307687
-0.23076923076923073
-0.15384615384615385
0.23076923076923084
0.23076923076923084
0.0
0.3846153846153846
0.15384615384615374
0.3076923076923077
0.3076923076923077
0.5384615384615385
0.3076923076923077
0.15384615384615374
-0.7692307692307692
-0.5384615384615384
0.0
-0.3076923076923077
0.3076923076923077
-0.5384615384615384
-0.46153846153846156
0.3846153846153846
0.07692307692307687
-0.5384615384615384
-0.3076923076923077
-0.23076923076923073
0.07692307692307687
0.3076923076923077
0.8461538461538463
-0.15384615384615385
-0.46153846153846156
-0.23076923076923073
-0.3846153846153846
-0.3076923076923077
0.6153846153846154
-0.15384615384615385
-0.3846153846153846
-0.07692307692307687
0.46153846153846145
0.6923076923076923
-0.3076923076923077
-0.15384615384615385
0.0
0.5384615384615385
-0.5384615384615384
0.23076923076923084
-0.3076923076923077
-0.46153846153846156
0.3076923076923077
-0.3076923076923077
0.23076923076923084
0.3076923076923077
0.7692307692307692
-0.7692307692307692
0.6153846153846154
-0.7692307692307692
-0.23076923076923073
0.5384615384615385
0.0
-0.3076923076923077
0.3076923076923077
0.6153846153846154
0.3076923076923077
-0.3076923076923077
-0.23076923076923073
0.6153846153846154
0.07692307692307687
0.46153846153846145
-1.0
0.15384615384615374
-0.5384615384615384
0.07692307692307687
-0.46153846153846156
0.3846153846153846
0.3846153846153846
0.3846153846153846
0.3846153846153846
0.0
-0.23076923076923073
-0.3846153846153846
-0.15384615384615385
-0.8461538461538461
-0.15384615384615385
-0.46153846153846156
0.3076923076923077
0.07692307692307687
-0.3846153846153846
0.23076923076923084
0.3076923076923077
0.23076923076923084
-0.46153846153846156
-0.3846153846153846
0.3076923076923077
0.3076923076923077
-0.5384615384615384
-0.15384615384615385
0.15384615384615374
-0.7692307692307692
-0.3846153846153846
-0.07692307692307687
-0.5384615384615384
-0.6153846153846154
0.0
-0.23076923076923073
-0.6923076923076923
0.15384615384615374
-0.5384615384615384
0.0
-0.3076923076923077
-0.8461538461538461
0.23076923076923084
-0.15384615384615385
0.3076923076923077
0.23076923076923084
-0.3846153846153846
-0.5384615384615384
-0.15384615384615385
EIGENVECTOR
-1.0
-0.7844783254728255
-0.9955764908249277
-0.9999352266834346
-0.9786186184563441
-0.1296636747187403
-0.9984335542713603
-0.9997822335576747
-0.10611296963331684
-0.9863709005916561
-0.9864720996874965
1.0
-0.8806156785207101
-0.65881759171654
-0.984069607516754
-0.9998825430243352
-0.9952325589097618
-0.9998431877565003
-0.9841003096236034
0.14016954017791128
-0.883569273410203
-0.8849540443704998
-0.9785576943283064
-0.9874078814615689
0.6075198117844556
-0.9977208664053895
-0.9991501487349178
-0.9960387071297091
-0.9786731265119013
-0.9993987433988254
-0.9977995770291916
-0.9998879560928535
-0.9355767941119497
-0.44373160898182207
-0.9784360286499787
-0.8459123185042892
-0.999969627914184
-0.995677965267647
-0.012745696916640292
-0.15924312627518156
-0.9997405394270773
-0.9022203170291084
-0.9961531322179261
-0.586154883372723
0.7433024924016169
-0.9984443879500996
-0.08169276934934788
-0.9877175630090398
-0.9470232062959337
-0.9991282245216848
-0.9955456161172812
-0.9970677440649014
-0.9598329274066945
-0.9952613049705022
-0.9922893100450948
-0.8581690963711318
-0.8498518361922869
-0.9887188590152874
-0.996085143965616
0.08785016275797486
-0.9943214961438623
-0.7620317037400963
-0.9399139713612137
-0.9943307963938163
-0.995213769781219
-0.7338722559230624
-0.9689322787295515
-0.661775786272857
-0.9852000401100298
-0.9990089194830669
-0.8642477814801879
-0.9618580006686323
-0.9328515385786024
-0.9785440802408598
-0.6221852533514123
-0.9950087227114381
-0.9999696279141839
-0.9953810520788773
-0.9995314768814739
-0.9962832626195058
0.443430179241729
-0.5565117777972921
-0.8321231920773391
-0.6844363543483118
-0.8531831769941636
-0.9998378800282491
-0.8144089595660433
-0.8684296118957461
-0.99779671145198
-0.9979080097672235
-0.9918960776698741
-0.9990748869820583
-0.9098441475074204
-0.9937491748255977
-0.9995795196799774
-0.595622805956896
-0.9966136053047053
-0.4715937857340987
-0.9997353422700035
-0.9927664000021874
-0.8342303018651227
-0.9267547630005997
-0.9892265582649575
-0.9993664478762889
0.20232692579060707
-0.9136833272058607
-0.9973627545330814
-0.87831926318067
-0.9935546423726094
-0.9556049292343104
-0.9896878659372959
-0.739198634794444
-0.39666287849383786
-0.9973445467953012
-0.9917727533052316
0.25467773295295326
-0.9971969680695045
-0.900119154077919
0.025104691024404602
0.745470417043643
-0.9961518693876433
-0.8578957119049322
-0.37757954514839054
-0.7857600551882451
-0.7036362151440385
-0.8834295537731606
-0.9995434467926017
-0.9983716217389391
-0.9671597659203907
-0.9359572776510571
-0.8413716053229181
-0.997450184560407
0.1453315836062612
-0.9764381440933724
-0.9998570007672699
-0.9346554949348473
-0.7123983185571883
-0.9914480678049645
-0.9566206427079433
0.7989289999074354
-0.9955483841159736
-0.9801688064540334
0.13981190108215635
-0.8207220355127275
-0.9944383018545401
0.4292206882985521
-0.9976347764185296
-0.8655735812476807
-0.12742275777514855
-0.9966566993979022
-0.9946965941489537
-0.9994680729721588
0.18013915294800675
-0.9325611431722521
-0.9982801030094567
-0.999969688877846
-0.9963899246435255
-0.9875789985492419
-0.9684288887839295
-0.9437260909761167
-0.9676693712369032
-0.7411751613921587
-0.9991418494920111
-0.46938273231369343
-0.1327532307745486
-0.9682362380534226
-0.9552209080294658
-0.998294577569548
-0.7659404045018163
-0.9929705335591419
-0.997840397942418
-0.6869947610886632
-0.9487313373249602
-0.997743941562377
-0.935368669383349
-0.9253908874769265
-0.9986411143327968
-0.9965795389645175
-0.9946489280638349
-0.4710464442752338
-0.8495219830484778
-0.9998562314893882
-0.9075078570166614
-0.9963246379352619
-0.9560855097152883
-0.883603858551862
-0.9988255056508208
-0.9526705432535129
-0.8221002681501496
-0.9785576943283064
-0.9745548508373595
-0.992994755567029
-0.9969573400194263
-0.5433915399608638
-0.9883731379595807
-0.9951516821488422
-0.9924162897087673
-0.7688974262433868
-0.9530334691045601
-0.9636345978360414
-0.9966065152557272
-0.9998116080468851
-0.9689888512515471
-0.9904600528833226
-0.9981285801805557
-0.7795883160852761
-0.9958653588517706
-0.8722024767794886
-0.9991418494920111
-0.8269456727865061
-0.9976536384873359
-0.9626837271488722
-0.9973627545330815
-0.9334913114998505
0.7234339931809475
-0.9495623461178861
0.4531910517332267
-0.8778385700744253
-0.8432210238734217
-0.999756633959477
-0.9992867467324227
-0.9859031867483458
-0.8029319689957772
-0.8939349392956446
-0.9648828459915049
-0.9943214961438621
-0.9669797309201882
-0.9999352266834346
-0.9396690533057221
-0.99904506274305
0.15889259438247771
-0.9986213863972895
-0.9928450066484344
-0.9997558350641851
-0.8187540241145672
-0.9465751427866802
-0.9175933174649221
-0.9969157409504782
-0.9429453000427901
-0.7789998912836846
-0.9995838343545846
-0.993266720589295
-0.9963424697288862
-0.8601680638747276
-0.9972490805407748
-0.9982107636848093
-0.9999213371532203
-0.9671597659203907
-0.9813847872574797
-0.9974213430668595
-0.6075498424324632
0.7607951312347874
-0.9973679582702557
-0.9984466163434227
-0.9924676130966829
-0.6143964926406293
-0.9613919910972692
-0.9988524968184385
-0.46789545766279683
-0.6704689047180783
-0.9964686474562531
-0.9964255469117178
-0.7926234616423076
0.7115978286991356
-0.83812633213011
-0.9990928610137318
-0.6400011736290889
-0.9955488239044908
-0.9928450066484342
-0.9981285801805556
-0.9947811314532509
-0.6512313235760835
-0.9553452405487438
0.24606893006952668
-0.9980461095793226
-0.9974756113518146
-0.9515376873544802
-0.9965107261737364
-0.9639869760202797
-0.9760331706586042
0.006492263548521837
-0.9893150346909803
-0.995769810062692
-0.9332532713384627
0.8888677490164321
-0.9641156621382387
0.08367467169029319
-0.9871931084254939
-0.9976779277239773
-0.9821420789572596
-0.2551907366324435
-0.999464468202782
-0.9954656957266201
-0.7576028288250697
-0.8925107447601549
-0.9640114085028095
-0.9894689374712198
-0.981977617758286
-0.9991418494920112
-0.9734070453419613
-0.9701874906806035
-0.9000095045115021
-0.4234005719302639
-0.9510532888646956
-0.996463000103332
-0.9998133635174921
-0.9882964282755272
-0.9998251389317321
-0.99951043222649
-0.9998251389317321
-0.9989193573504658
-0.38900885362131343
-0.9828571268431204
0.8400711248889459
-0.9927980412726398
-0.7495811689069418
-0.7481898361632991
-0.8370866360627931
-0.8914346502244076
-0.9927664000021875
-0.9998452428264096
-0.9970824366568098
-0.895306773664267
-0.9998251389317321
-0.9771339881246731
-0.99904506274305
-0.87831926318067
0.5870604084432736
-0.9997727775098413
-0.9498437881715258
-0.8630751954640168
0.5283431077996932
-0.972618837381416
-0.9284801508750872
-0.9079593352931647
-0.8454599665861042
-0.9993191142370991
-0.5918680558182231
-0.9959857183395376
-0.9942486930991113
-0.9763580077677737
-0.9969629597471121
-0.9784360286499788
-0.9887291705222271
-0.9997722237979105
-0.9515994700309585
-0.994270375831829
-0.9755194637491665
-0.9404699544871749
-0.8156709905981708
0.03890478029775313
0.49786428651174686
0.33897450417066777
0.14282656764012813
-0.9929255780690307
-0.9183075826756838
-0.9653161033356639
-0.9734522241719029
-0.7712893228579425
-0.9995410368914402
-0.9013664029433984
-0.9964881515883843
-0.9747496660301284
-0.863845628494932
-0.9434085932326399
-0.9997581187093865
-0.9999352266834346
-0.9998251389317321
-0.9899571395392802
-0.9658921110920984
0.7416700709524708
-0.9488018012788364
-0.46789545766279683
-0.9989131373039113
-0.999103327980715
-0.9880973370935405
-0.8496821475788165
-0.9995705780485694
-0.9996764765900994
-0.9926758343372911
-0.9670985005069634
0.7912733977710091
-0.985770863554186
-0.9860565067963861
-0.7898916413932557
-0.7798736414248703
-0.999939828376265
-0.9151925643262943
-0.8943795566193246
-0.9714150519199642
-0.8382717875505603
-0.9997654975154626
-0.9252399363432005
-0.7059149678411252
0.8387862099148728
-0.9890631541844268
-0.9936583342715539
-0.9999818053595607
-0.9998251389317321
-0.995221656640042
-0.9891692710191419
-0.9614567765027089
-0.9246846013458523
-0.7869446041406236
-0.9993624506296223
-0.9989904698905675
-0.9642764922730335
-0.7482357459123695
-0.4083107942869134
-0.6497402698043439
-0.9887188590152876
-0.9955306953100304
-0.8961079348444194
-0.5343695617726327
-0.9694534646418733
-0.9489471920209597
-0.7400117162299946
0.2023269257906064
-0.9942111418870972
-0.9803801147075643
-0.9999213371532203
-0.9956748899553965
-0.9977171456001654
-0.9936878145436063
-0.9129917100086234
-0.9997843352730627
-0.9993532339076941
-0.9525994220598873
-0.9955989773950652
-0.9781183970404433
-0.9711138966779526
-0.9987458737181948
-0.9997420926603103
-0.99962401596874
0.49786428651174686
-0.87513393338131
-0.9719849316915498
-0.9967112999821546
-0.991004154541901
-0.8812796113946235
-0.8452254308813344
-0.3933913705116656
-0.9962833156242609
-0.9987189051508185
-0.6725357501749347
-0.9934057796325144
-0.9997200073235647
-0.9852000401100297
-0.9960070907572083
-0.9865787803808933
-0.9756314106058376
-0.9963121969405514
-0.9881158101922988
-0.9996395240593214
-0.9945912194623534
-0.9948188291797768
-0.998107804194022
-0.9551094349736632
-0.25938609814727
CENT
-1.0
-0.5685855849391774
-0.896139977446354
-0.9976674650685472
-0.13825674915624564
-0.8966784315419624
-0.4712543098662656
-0.9689928730824685
-0.6038793434792051
-0.999942220225592
-0.5188555487110698
-0.7294895425036477
-0.592477553258682
-0.21619304803716377
-0.3546491010493319
-0.9994775063829128
-0.708085832534294
-0.9865895365405938
0.08608006041080629
-0.07386574242370159
-0.05080300021460682
-0.21780950545658795
-0.2767245024061471
-0.6918092411653428
-0.3376847858731634
-0.6359867247283548
-0.8495728298018849
-0.595419692300576
-0.809664077215177
-0.9888553138889373
-0.7455123991578322
-0.9616383569210706
-0.26883311421704603
0.08210552528431903
-0.7961400836245746
-0.3963305215700409
-1.0
-0.6632741898414455
-0.39826225042646834
-0.42662411874851114
-1.0
0.05306398954632652
-0.9675061974066105
-0.5249930868863268
-0.8401903526593947
-0.6119659091423133
-0.873996224015424
0.06888643529042371
-0.9564467360893885
-0.9598735671453965
-0.44294092922859063
-0.3651089439906535
-0.9311827167382899
-0.9333777363063386
-0.4487311132845627
-0.7725147112435633
-0.5855596589075951
-1.0
-0.8052520570481068
-0.9363384491939231
-0.7502000106590838
-0.5769049906340511
-0.9081294918683576
-0.9845890890190926
-0.8639985975858011
-0.8800308455562504
-0.3710701960897653
-0.7554595129227121
-0.43154009616060296
-0.4345655964035591
-0.8847798574114016
-0.9980784928941749
-0.03508119124760212
-0.6432796704608331
0.41032418808558613
-0.7952595439233103
-1.0
-0.8293420629103674
-0.9781657539692488
-0.9946584471462896
-0.703643597876758
-0.5325781535104128
-0.6339759296297023
-0.7400717779029784
-0.08581035585346419
-0.994220139062383
-0.43717629437707595
-0.8434172478921897
-0.7993928474720264
-0.8664972830357491
-0.5600690859867754
-0.9581518901400895
0.17454714874334187
0.14268497601479324
-0.7198191287562179
-0.44881755371716825
-0.6460607315611839
-0.8795692389529457
-0.9356575589933981
-0.9553108687217963
-0.488191349115798
-0.5518312177581347
-0.5892967470209214
-0.8465586847590444
-0.9022204293735031
-0.6475670017259301
-0.7922488658643319
-0.7314447405637294
-0.5189039682769323
-0.8672054771100922
-0.5737016730990827
-0.32670964684813775
-0.48745253564863467
-0.37041676061562634
-0.4263549034548464
-0.9276335741428038
-0.9753760914560944
-0.8646097480993684
-0.9531376040221717
-0.8248421028109789
-0.9955623298277704
0.3096836687599911
-0.7742877595972819
-0.4223138096332021
-0.892848648125741
-0.17543760692509158
-0.9981073279192534
-0.51118286250201
-0.4826459526741568
-0.9058225938383961
-0.66141909436246
0.098852723510094
-0.7979487089604947
-0.46988485503760824
-0.9985099212825653
-0.5438714500028016
0.07896579550446559
-0.6377950663411713
-0.8614498237421307
-0.8559372487971295
-0.7725651447040665
-0.7615598473838754
-0.9382634147214032
-0.5798745280287976
-0.7954134910563768
-0.8542644739634166
-0.9683927125707336
-0.7962211270615196
-0.288433513308601
-0.16215438774169766
-0.6099844816112103
-0.9875381062494992
-0.6441229125793975
-0.42014736187959933
-0.9965981194440935
-0.9967721159528272
-0.9066511486244464
-0.8156602035013663
-0.935864741605627
-0.1923111581279855
-0.9044627834571897
-0.5069420445901225
-0.9959429203136102
-0.02175894354060759
-0.9648768606788416
-0.9885718846925708
-0.9673030439573018
-0.4978150552135221
-0.6311066566703
-0.03981125143216069
-0.8189887642309678
0.20231346506120373
-0.9591999212180575
-0.6009640733567094
-0.9367792811046536
-0.8975290127482677
-0.7259252722431532
-0.5681384619820495
-0.9925439709801186
-0.7936836913321891
0.08920529609507022
-0.9732651105121178
-0.7037777236105689
-0.6335105413646058
-0.9279586012013415
-0.8495846953719004
0.34583046191391875
-0.6890846315169747
-0.8132602349891407
-0.2767245024061471
-0.7720325651024885
-0.27836177704992904
-0.9536503310562079
-0.750357673318487
-0.14205198967538601
-0.7868659716162907
-0.09480660889236359
-0.7710416920125094
-0.8815469535624841
-0.08576895424855613
-0.856921989320301
-0.9348815486193748
-0.9550384895934039
-0.21168246640917454
-0.995502184066839
-0.26016917185820365
0.11813422539773755
-0.426138360271754
-0.9959429203136102
-0.3049756558670178
-0.8484770311218727
-0.9675734395017321
-0.7922488658643319
-0.7784295815018407
-0.7868340166532046
-0.5860280334088693
-0.7446822095864047
-0.423471809144935
0.35000409292204004
-0.9881303887620134
-0.9168717116949354
-0.617890673660306
-0.9926746942293329
-0.846893830244308
-0.46479517613070387
-0.7502000106590838
0.10234739180865682
-0.9976674650685472
-0.24136397703976664
-0.9493785414441457
-0.9674144905776086
-0.5925209263810113
-0.8074329938823692
-0.7141797765639359
0.06478034416101663
-0.9263738801399002
0.8579424893070249
-0.38558888586604156
-0.7605540459536269
-0.6592801873530025
-0.989639651689892
0.48031260135651355
-0.532178860784291
-0.6700340756038173
-0.9413745996059366
-0.7964012712951971
-0.9625759797535229
-0.4826459526741568
-0.999372160844156
-0.8478239603797401
-0.7301207473183792
-0.6208554318088586
-0.303515025107008
-0.7119326877429768
-0.12220294621722128
-0.6718861093812675
-0.9658319633829404
-0.8478336187082605
-0.9800063979759657
-0.5162056204376821
-0.24827047649468748
-0.9975673763507096
0.3220045848435267
-0.8887360606735822
-0.5750018464719514
-0.47393141968615116
-0.6783025742384547
-0.20935602875744075
-0.8074329938823692
-0.995502184066839
-0.7395231945820904
-0.36989808139979785
-0.4591736300430067
-0.6284699007370917
-0.21368510732407675
-0.8400866230611518
-0.9824185731249047
-0.49399757576993764
-0.42817063083930584
-0.7039836318096295
-0.8808776420856123
0.03492605420117312
-0.956502835081229
-0.471340282238528
-0.7784397877957459
-0.5590113020941594
-0.7801019280672243
-0.7855639891519172
-0.4863150444449237
-0.18433854012778872
-0.8118980323468876
-0.9507931974870419
-0.2620726959038894
0.32007313747224564
-0.5064929905277786
-0.9762999090068847
0.3403966806241101
-0.8268667875974953
-0.9959429203136102
0.0864196032552238
-0.8284645991548782
-0.3707689343984425
-0.6148029612115258
-0.6103193661555326
-0.8010492727981832
-0.9851762169328773
-0.8816048851786243
-0.9709025238783499
-0.7825814670039182
-0.9709025238783499
-0.8921335669545672
-0.8095543030768482
-0.6254781546752872
-0.7747827398140406
-0.781792233765525
-0.3129616522912232
-0.792713787620645
0.39206888924603
0.03567457270839025
-0.9553108687217963
-0.9979030516270926
-0.8746066306346142
0.29615515260163705
-0.9709025238783499
-0.5215705564103565
-0.9493785414441457
-0.7314447405637294
-0.7857503465927057
0.24788908100184925
-0.698444720476584
-0.3284262904711671
0.42239298924272917
0.3663527911908524
-0.46409751017582335
-0.8632547189821644
-0.5970192530784361
-0.969918223184415
-0.8366893806134433
-0.801563909257288
-0.24802816171097364
0.009187372787090142
-0.9623834600674476
-0.7961400836245746
-0.8748986272457262
-0.9026225918812747
-0.5754529655692379
0.5079365455284981
-0.6493839551075651
1.0
-0.9163003860811819
-0.7583731530793898
-0.9446321619378251
-0.7930232751019675
-0.3880381552181963
-0.5922252439712771
-0.7614892779882539
-0.9779355163046675
-0.9957575005646003
-0.11085602578756426
-0.992585391832082
-0.4324370258284146
-0.6230863196524764
-0.4814365867417465
-0.4218922762845596
-0.974433700868148
-0.9238080934434387
-0.9976674650685472
-0.9709025238783499
-0.41444751401147584
-0.8707691611510175
-0.5964947549467265
-0.9416045735539372
-0.9800063979759657
-0.9504091789895316
-0.9762398293967856
-0.9125851839423806
-0.6023160722446335
-0.7001929706445098
-0.8923608919187715
-0.8942623484283887
-0.8442617528099802
-0.7891585513203598
-0.7618599560600411
-0.8436025697064435
-0.1186882647825821
-0.28164860019245375
-0.9908115217958056
-0.8049866154419942
-0.77546767721627
-0.9946550978021267
0.0716050963678394
-0.9896728227092599
-0.3909585475599171
-0.8393519934145011
-0.5880135586265063
-0.8860405157737619
-0.33024684802854165
-0.996948756977446
-0.9709025238783499
-0.22971482632018647
-0.42653385701435087
-0.995052390043925
-0.21941393461426095
-0.45796579454017916
-0.8752959753833948
-0.8054522237866554
-0.22674229818343883
-0.4824546086203195
-0.6216809420268884
-0.4703874971870178
-1.0
-0.581010490354253
-0.9001632343528194
0.4802528576299956
-0.44374597780686587
-0.5273845605158038
-0.44230374272899475
-0.9022204293735031
-0.4023867763608726
-0.718363734431279
-0.9625759797535229
-0.3089299612811226
-0.07558906371222296
-0.8805732664767258
-0.293734654056687
-0.9871583356519622
-0.8530883661307286
0.3396217593677002
-0.9850463468582232
-0.7751694670094867
-0.8381972220406086
-0.7461866308795069
-0.8902426013371879
-0.9864646530337707
-0.9446321619378251
-0.7253515244091204
-0.9630498222023733
-0.908634462287487
0.46464500213494375
-0.9507263288914949
-0.8741502410834694
-0.8556086283011715
-0.9938334393385698
-0.9997783835670289
-0.03291145820885644
-0.9175261723354866
-0.9978961733535228
-0.43154009616060296
-0.9949783829254987
-0.32219036613943586
-0.2905179065503076
-0.9939891366151925
-0.8633964801493824
-0.7378211219833326
-0.7015459594398387
-0.3611187784185744
-0.9737929686138358
-0.9166108082689949
-0.9315352513004436
DEGREE_RANK
-0.9868995633187773
0.6026200873362446
-0.8602620087336245
-0.5807860262008733
-0.4759825327510917
0.42358078602620086
-0.3493449781659388
-0.5764192139737991
0.7292576419213972
-0.982532751091703
-0.008733624454148381
1.0
0.8689956331877728
0.6069868995633187
0.4279475982532752
-0.7903930131004366
0.9257641921397379
-0.6899563318777293
-0.47161572052401735
0.6113537117903929
0.2925764192139739
-0.22707423580786024
-0.4672489082969432
0.14847161572052392
0.8733624454148472
0.43231441048034935
-0.685589519650655
0.4366812227074235
0.44104803493449785
-0.6812227074235808
0.29694323144104784
-0.9694323144104804
-0.11790393013100431
0.15283842794759828
-0.34497816593886454
0.9519650655021834
-0.7860262008733624
-0.7816593886462883
0.3013100436681222
0.30567685589519655
-0.9650655021834061
-0.004366812227074135
-0.9606986899563319
-0.22270742358078588
0.8777292576419213
0.6157205240174672
0.6200873362445416
-0.3406113537117903
-0.21834061135371174
-0.6768558951965065
0.8820960698689957
0.7336244541484715
-0.6724890829694323
-0.11353711790393006
0.0
0.3100436681222709
0.1572052401746724
-1.0
0.8034934497816595
0.16157205240174677
0.6244541484716157
0.3144104803493448
-0.10917030567685582
-0.46288209606986885
0.7379912663755459
-0.6681222707423581
0.445414847161572
-0.4585152838427947
0.1659388646288209
0.4497816593886461
-0.33624454148471616
-0.9563318777292577
0.3187772925764192
0.17030567685589526
0.004366812227074135
0.1746724890829694
-0.777292576419214
0.008733624454148492
-0.45414847161572036
-0.8558951965065502
0.8078602620087336
-0.10480349344978157
-0.6637554585152838
0.013100436681222849
-0.3318777292576418
-0.6593886462882096
0.4541484716157205
0.45851528384279483
0.32314410480349354
0.17903930131004375
-0.32751091703056767
0.017467248908296762
0.46288209606986896
0.7423580786026203
-0.3231441048034933
-0.2139737991266374
0.32751091703056767
0.02183406113537112
-0.3187772925764192
-0.7729257641921398
0.7467248908296942
0.3318777292576418
-0.6550218340611353
-0.5720524017467248
0.6288209606986899
0.4672489082969431
0.47161572052401746
0.6331877729257642
0.4759825327510918
-0.6506550218340611
-0.20960698689956325
0.8864628820960698
-0.10043668122270732
0.6375545851528384
-0.205240174672489
0.6419213973799127
-0.7685589519650655
-0.7641921397379913
0.1834061135371179
0.8908296943231442
-0.759825327510917
0.026200873362445476
-0.3144104803493448
0.8122270742358078
-0.20087336244541476
0.030567685589519833
-0.9519650655021834
0.48034934497816595
0.7510917030567685
-0.5676855895196506
0.8165938864628821
-0.19650655021834063
0.6462882096069869
-0.3100436681222707
-0.6462882096069869
0.8209606986899565
0.8951965065502183
-0.19213973799126627
-0.5633187772925765
0.9301310043668123
0.8253275109170306
0.034934497816593746
0.0393013100436681
0.8296943231441047
0.04366812227074246
0.8340611353711791
-0.9126637554585153
0.04803493449781637
0.4847161572052401
-0.09606986899563319
0.9737991266375547
-0.30567685589519644
0.33624454148471616
0.8384279475982532
-0.851528384279476
-0.9082969432314411
-0.18777292576419213
-0.5589519650655022
0.48908296943231444
-0.09170305676855883
0.6506550218340612
0.8995633187772925
-0.9475982532751092
0.18777292576419202
-0.0873362445414847
-0.4497816593886462
-0.08296943231441034
-0.0786026200873362
0.9344978165938864
0.9388646288209608
0.05240174672489073
0.05676855895196509
0.061135371179039444
0.4934497816593888
0.3406113537117905
-0.9912663755458515
-0.445414847161572
0.06550218340611336
-0.6419213973799127
0.06986899563318771
0.6550218340611353
-0.8471615720524017
-0.6375545851528385
-0.8427947598253275
-0.8777292576419213
0.4978165938864627
-0.9039301310043668
-0.44104803493449773
0.6593886462882097
-0.4366812227074236
-0.3013100436681222
0.6637554585152838
-0.43231441048034924
-0.07423580786026185
0.07423580786026207
0.0786026200873362
0.34497816593886466
0.3493449781659388
0.5021834061135371
-0.4279475982532751
-0.8995633187772926
-0.6331877729257642
-0.8384279475982532
0.5065502183406114
-0.7554585152838428
0.7554585152838429
0.7598253275109168
0.5109170305676858
-0.9432314410480349
0.5152838427947597
-0.06986899563318771
-0.62882096069869
0.519650655021834
0.5240174672489084
0.9781659388646287
-0.18340611353711778
0.8427947598253274
0.668122270742358
0.7641921397379912
-0.42358078602620075
-0.7510917030567685
0.5283842794759823
-0.8951965065502183
-0.554585152838428
0.35371179039301315
0.6724890829694323
-0.17903930131004364
-0.5502183406113537
-0.8340611353711791
0.19213973799126638
0.3580786026200873
-0.29694323144104795
0.19650655021834074
-0.17467248908296928
0.8471615720524017
-0.17030567685589515
-0.1659388646288209
-0.7467248908296943
0.08296943231441034
0.9039301310043668
-0.5458515283842795
-0.4192139737991266
0.20087336244541487
0.3624454148471614
0.3668122270742358
0.0873362445414847
-0.41484716157205226
0.7685589519650655
-0.9388646288209607
0.205240174672489
-0.16157205240174666
0.982532751091703
0.09170305676855905
-0.1572052401746724
-0.06550218340611347
-0.15283842794759817
-0.8908296943231441
-0.5414847161572052
-0.74235807860262
0.20960698689956336
-0.4104803493449781
-0.7379912663755459
0.2139737991266375
0.9563318777292578
-0.6244541484716157
-0.4061135371179039
-0.14847161572052392
0.6768558951965067
0.21834061135371163
-0.7336244541484715
0.37117903930131013
-0.2925764192139737
-0.537117903930131
0.5327510917030567
0.222707423580786
0.22707423580786035
-0.14410480349344967
0.23144104803493448
0.37554585152838427
-0.28820960698689946
0.6812227074235808
-0.13973799126637543
-0.7292576419213974
0.23580786026200862
0.9912663755458517
0.7729257641921399
0.7772925764192138
-0.06113537117903922
0.24017467248908297
-0.1353711790393013
-0.13100436681222694
-0.056768558951964976
0.9606986899563319
0.7816593886462881
0.685589519650655
-0.8864628820960698
0.537117903930131
0.24454148471615733
-0.9344978165938864
-0.40174672489082963
0.09606986899563319
0.24890829694323124
0.10043668122270732
0.6899563318777293
0.10480349344978168
-0.5327510917030568
0.2532751091703056
-0.3973799126637554
0.10917030567685582
-0.39301310043668114
-0.5283842794759825
0.11353711790393017
0.25764192139737996
0.9956331877729256
0.6943231441048034
0.8515283842794761
0.7860262008733625
0.2620087336244543
0.3799126637554584
-0.7248908296943231
-0.6200873362445415
-0.05240174672489073
0.11790393013100431
-0.3886462882096069
-0.6157205240174672
0.26637554585152823
0.6986899563318776
0.9432314410480349
-0.2838427947598252
-0.38427947598253265
-0.048034934497816484
0.965065502183406
-0.5240174672489083
-0.7205240174672489
-0.8733624454148472
0.7903930131004369
-0.868995633187773
-0.2794759825327511
-0.04366812227074224
-0.27510917030567683
0.38427947598253276
-0.519650655021834
-0.2707423580786026
0.12227074235807867
-0.3799126637554584
-0.26637554585152834
0.3886462882096069
0.39301310043668125
-0.0393013100436681
0.7030567685589519
0.2707423580786026
0.5414847161572054
0.5458515283842793
0.8558951965065502
0.5502183406113537
0.27510917030567694
-0.9301310043668123
-0.8296943231441047
-0.034934497816593746
-0.5152838427947598
0.554585152838428
-0.8253275109170306
-0.7161572052401747
0.7074235807860263
0.1266375545851528
-0.8209606986899564
-0.5109170305676856
-0.37554585152838427
0.13100436681222694
0.5589519650655022
0.9868995633187774
-0.2620087336244541
-0.7117903930131004
-0.3711790393013099
-0.611353711790393
-0.5065502183406113
0.9082969432314412
-0.25764192139737985
-0.6069868995633187
-0.1266375545851528
0.7947598253275108
0.947598253275109
-0.5021834061135371
-0.2532751091703056
-0.03056768558951961
0.8602620087336244
-0.8165938864628821
0.3973799126637554
-0.4978165938864628
-0.7074235807860262
0.5633187772925763
-0.4934497816593886
0.40174672489082974
0.5676855895196506
0.9694323144104804
-0.925764192139738
0.9126637554585153
-0.9213973799126638
-0.3668122270742358
0.8646288209606987
-0.026200873362445365
-0.48908296943231433
0.572052401746725
0.9170305676855894
0.5764192139737991
-0.4847161572052401
-0.36244541484716153
0.9213973799126638
0.1353711790393013
0.7991266375545851
-0.9956331877729258
0.27947598253275086
-0.8122270742358079
0.13973799126637543
-0.7030567685589519
0.7117903930131004
0.7161572052401746
0.7205240174672489
0.7248908296943233
-0.02183406113537112
-0.3580786026200873
-0.6026200873362446
-0.24890829694323136
-0.9781659388646288
-0.2445414847161571
-0.6986899563318778
0.5807860262008733
0.14410480349344978
-0.5982532751091703
0.4061135371179039
0.5851528384279476
0.41048034934497823
-0.6943231441048034
-0.5938864628820961
0.5895196506550218
0.5938864628820961
-0.8078602620087336
-0.24017467248908286
0.2838427947598252
-0.9170305676855895
-0.5895196506550218
-0.12227074235807855
-0.8034934497816594
-0.8646288209606987
-0.017467248908296873
-0.35371179039301304
-0.8820960698689957
0.28820960698689957
-0.7991266375545851
-0.013100436681222627
-0.48034934497816584
-0.9737991266375546
0.41484716157205237
-0.23580786026200873
0.5982532751091703
0.4192139737991265
-0.5851528384279476
-0.7947598253275109
-0.23144104803493437
EIGENVECTOR_RANK
-1.0
0.5938864628820961
-0.40174672489082963
-0.9737991266375546
-0.0393013100436681
0.8253275109170306
-0.6637554585152838
-0.8864628820960698
0.8340611353711791
-0.10480349344978157
-0.10917030567685582
1.0
0.42358078602620086
0.6986899563318776
-0.07423580786026185
-0.9475982532751092
-0.3668122270742358
-0.9301310043668123
-0.0786026200873362
0.8733624454148472
0.41048034934497823
0.40174672489082974
-0.03056768558951961
-0.12227074235807855
0.947598253275109
-0.6026200873362446
-0.759825327510917
-0.4366812227074236
-0.04366812227074224
-0.7860262008733624
-0.6157205240174672
-0.9519650655021834
0.2707423580786026
0.7772925764192138
-0.017467248908296873
0.5021834061135371
-0.982532751091703
-0.41484716157205226
0.8427947598253274
0.8165938864628821
-0.851528384279476
0.3580786026200873
-0.4497816593886462
0.7379912663755459
0.965065502183406
-0.6681222707423581
0.8384279475982532
-0.13100436681222694
0.23144104803493448
-0.74235807860262
-0.3886462882096069
-0.537117903930131
0.15283842794759828
-0.3711790393013099
-0.21834061135371174
0.4759825327510918
0.48908296943231444
-0.15283842794759817
-0.44104803493449773
0.8646288209606987
-0.3100436681222707
0.6244541484716157
0.25764192139737996
-0.3187772925764192
-0.3580786026200873
0.6593886462882097
0.06550218340611336
0.6943231441048034
-0.0873362445414847
-0.7161572052401747
0.45851528384279483
0.13973799126637543
0.2925764192139739
-0.026200873362445365
0.7161572052401746
-0.3493449781659388
-0.9868995633187773
-0.37554585152838427
-0.8034934497816594
-0.45414847161572036
0.9213973799126638
0.7423580786026203
0.5414847161572054
0.6812227074235808
0.4847161572052401
-0.925764192139738
0.5676855895196506
0.4497816593886461
-0.611353711790393
-0.6244541484716157
-0.2139737991266374
-0.7292576419213974
0.34497816593886466
-0.2925764192139737
-0.8209606986899564
0.7292576419213972
-0.5109170305676856
0.7554585152838429
-0.8471615720524017
-0.23580786026200873
0.537117903930131
0.30567685589519655
-0.17467248908296928
-0.7816593886462883
0.8995633187772925
0.33624454148471616
-0.5633187772925765
0.4279475982532752
-0.2794759825327511
0.1659388646288209
-0.18777292576419213
0.6550218340611353
0.7903930131004369
-0.554585152838428
-0.20960698689956325
0.9082969432314412
-0.5458515283842795
0.3668122270742358
0.8515283842794761
0.9694323144104804
-0.445414847161572
0.48034934497816595
0.8034934497816595
0.5895196506550218
0.6724890829694323
0.41484716157205237
-0.8122270742358079
-0.6593886462882096
0.08296943231441034
0.26637554585152823
0.519650655021834
-0.5764192139737991
0.8820960698689957
-0.004366812227074135
-0.9432314410480349
0.27947598253275086
0.6637554585152838
-0.205240174672489
0.1572052401746724
0.982532751091703
-0.39301310043668114
-0.048034934497816484
0.8689956331877728
0.554585152838428
-0.3231441048034933
0.9170305676855894
-0.5851528384279476
0.4541484716157205
0.8296943231441047
-0.5152838427947598
-0.33624454148471616
-0.7947598253275109
0.8908296943231442
0.29694323144104784
-0.6506550218340611
-0.9912663755458515
-0.4759825327510917
-0.1266375545851528
0.06986899563318771
0.24017467248908297
0.0786026200873362
0.6462882096069869
-0.7467248908296943
0.7641921397379912
0.8209606986899565
0.07423580786026207
0.1746724890829694
-0.6550218340611353
0.6200873362445416
-0.2620087336244541
-0.6200873362445415
0.6768558951965067
0.22707423580786035
-0.6069868995633187
0.27510917030567694
0.3100436681222709
-0.6812227074235808
-0.5021834061135371
-0.3318777292576418
0.7598253275109168
0.4978165938864627
-0.9388646288209607
0.35371179039301315
-0.4672489082969432
0.16157205240174677
0.4061135371179039
-0.6943231441048034
0.18777292576419202
0.5502183406113537
-0.034934497816593746
0.02183406113537112
-0.26637554585152834
-0.5283842794759825
0.7467248908296942
-0.14847161572052392
-0.35371179039301304
-0.22270742358078588
0.6157205240174672
0.1834061135371179
0.13100436681222694
-0.5065502183406113
-0.8951965065502183
0.061135371179039444
-0.19650655021834063
-0.6419213973799127
0.6026200873362446
-0.42358078602620075
0.445414847161572
-0.7510917030567685
0.5458515283842793
-0.5895196506550218
0.1353711790393013
-0.5589519650655022
0.2838427947598252
0.9563318777292578
0.2139737991266375
0.9257641921397379
0.4366812227074235
0.5152838427947597
-0.8646288209606987
-0.7641921397379913
-0.09606986899563319
0.572052401746725
0.3886462882096069
0.10917030567685582
-0.3144104803493448
0.09606986899563319
-0.9650655021834061
0.2620087336244543
-0.7248908296943231
0.8864628820960698
-0.6768558951965065
-0.24890829694323136
-0.8602620087336245
0.5589519650655022
0.23580786026200862
0.32751091703056767
-0.5240174672489083
0.24890829694323124
0.6069868995633187
-0.8253275109170306
-0.2707423580786026
-0.47161572052401735
0.47161572052401746
-0.5502183406113537
-0.6462882096069869
-0.9563318777292577
0.0873362445414847
-0.056768558951964976
-0.5720524017467248
0.7248908296943233
0.9737991266375547
-0.5676855895196506
-0.6724890829694323
-0.22707423580786024
0.7205240174672489
0.14847161572052392
-0.6986899563318778
0.7729257641921399
0.6899563318777293
-0.48908296943231433
-0.48034934497816584
0.5764192139737991
0.9519650655021834
0.5283842794759823
-0.7336244541484715
0.7117903930131004
-0.3973799126637554
-0.2532751091703056
-0.6375545851528385
-0.3406113537117903
0.7030567685589519
0.17030567685589526
0.9039301310043668
-0.62882096069869
-0.5807860262008733
0.20087336244541487
-0.4978165938864628
0.1266375545851528
0.004366812227074135
0.8471615720524017
-0.17903930131004364
-0.4192139737991266
0.28820960698689957
0.9956331877729256
0.11790393013100431
0.8602620087336244
-0.11790393013100431
-0.5938864628820961
-0.06550218340611347
0.8122270742358078
-0.7903930131004366
-0.3799126637554584
0.6288209606986899
0.39301310043668125
0.12227074235807867
-0.18340611353711778
-0.06113537117903922
-0.7554585152838428
0.030567685589519833
0.05240174672489073
0.37117903930131013
0.7816593886462881
0.205240174672489
-0.4847161572052401
-0.8995633187772926
-0.14410480349344967
-0.9126637554585153
-0.7991266375545851
-0.9170305676855895
-0.7074235807860262
0.7991266375545851
-0.06986899563318771
0.9912663755458517
-0.2445414847161571
0.6331877729257642
0.6419213973799127
0.5327510917030567
0.3973799126637554
-0.24017467248908286
-0.9344978165938864
-0.5414847161572052
0.3799126637554584
-0.9039301310043668
-0.008733624454148381
-0.7205240174672489
0.43231441048034935
0.9432314410480349
-0.8820960698689957
0.20960698689956336
0.4672489082969431
0.9388646288209608
0.034934497816593746
0.3013100436681222
0.3493449781659388
0.5065502183406114
-0.7685589519650655
0.7336244541484715
-0.4279475982532751
-0.3013100436681222
0.0
-0.5327510917030568
-0.02183406113537112
-0.16157205240174666
-0.8777292576419213
0.19650655021834074
-0.30567685589519644
0.013100436681222849
0.2532751091703056
0.5633187772925763
0.8558951965065502
0.9301310043668123
0.9126637554585153
0.8777292576419213
-0.25764192139737985
0.32314410480349354
0.10480349344978168
0.026200873362445476
0.6113537117903929
-0.8078602620087336
0.3624454148471614
-0.4934497816593886
0.017467248908296762
0.46288209606986896
0.24454148471615733
-0.868995633187773
-0.9694323144104804
-0.9213973799126638
-0.19213973799126627
0.10043668122270732
0.9606986899563319
0.222707423580786
0.7685589519650655
-0.7030567685589519
-0.7379912663755459
-0.1353711790393013
0.4934497816593888
-0.8165938864628821
-0.8384279475982532
-0.23144104803493437
0.09170305676855905
0.9781659388646287
-0.09170305676855883
-0.10043668122270732
0.5807860262008733
0.5982532751091703
-0.9781659388646288
0.3318777292576418
0.38427947598253276
0.04366812227074246
0.5240174672489084
-0.8733624454148472
0.3144104803493448
0.668122270742358
0.9868995633187774
-0.1659388646288209
-0.2838427947598252
-0.9956331877729258
-0.9082969432314411
-0.36244541484716153
-0.17030567685589515
0.14410480349344978
0.3187772925764192
0.5851528384279476
-0.777292576419214
-0.7117903930131004
0.11353711790393017
0.6375545851528384
0.7860262008733625
0.7074235807860263
-0.1572052401746724
-0.38427947598253265
0.37554585152838427
0.7510917030567685
0.05676855895196509
0.21834061135371163
0.6506550218340612
0.8951965065502183
-0.29694323144104795
-0.05240174672489073
-0.9606986899563319
-0.4104803493449781
-0.5982532751091703
-0.28820960698689946
0.3406113537117905
-0.8908296943231441
-0.7729257641921398
0.19213973799126638
-0.4061135371179039
-0.013100436681222627
0.04803493449781637
-0.6899563318777293
-0.8558951965065502
-0.8296943231441047
0.9344978165938864
0.44104803493449785
0.0393013100436681
-0.519650655021834
-0.20087336244541476
0.4192139737991265
0.5109170305676858
0.7947598253275108
-0.4585152838427947
-0.685589519650655
0.685589519650655
-0.27510917030567683
-0.8427947598253275
-0.08296943231441034
-0.43231441048034924
-0.11353711790393006
0.008733624454148492
-0.46288209606986885
-0.13973799126637543
-0.8340611353711791
-0.32751091703056767
-0.34497816593886454
-0.6331877729257642
0.17903930131004375
0.8078602620087336
CENT_RANK
-1.0
0.3318777292576418
-0.43231441048034924
-0.9344978165938864
0.7816593886462881
-0.4366812227074236
0.4541484716157205
-0.6986899563318778
0.24890829694323124
-0.9737991266375546
0.38427947598253276
0.06550218340611336
0.27947598253275086
0.7423580786026203
0.6244541484716157
-0.9650655021834061
0.09606986899563319
-0.7947598253275109
0.8820960698689957
0.8165938864628821
0.8209606986899565
0.7379912663755459
0.6899563318777293
0.1266375545851528
0.6288209606986899
0.18777292576419202
-0.2838427947598252
0.2707423580786026
-0.18777292576419213
-0.8165938864628821
0.030567685589519833
-0.6462882096069869
0.6986899563318776
0.8777292576419213
-0.13100436681222694
0.5807860262008733
-0.9956331877729258
0.14847161572052392
0.5764192139737991
0.5327510917030567
-0.9912663755458515
0.8558951965065502
-0.685589519650655
0.37117903930131013
-0.2445414847161571
0.23580786026200862
-0.3493449781659388
0.8646288209606987
-0.6244541484716157
-0.6419213973799127
0.4978165938864627
0.6157205240174672
-0.5240174672489083
-0.5327510917030568
0.48908296943231444
-0.026200873362445365
0.3013100436681222
-0.9868995633187773
-0.1659388646288209
-0.5502183406113537
0.017467248908296762
0.3144104803493448
-0.4759825327510917
-0.777292576419214
-0.32751091703056767
-0.37554585152838427
0.5982532751091703
0.008733624454148492
0.519650655021834
0.5109170305676858
-0.3973799126637554
-0.9475982532751092
0.8296943231441047
0.17903930131004375
0.9694323144104804
-0.11790393013100431
-0.982532751091703
-0.22270742358078588
-0.759825327510917
-0.8646288209606987
0.10917030567685582
0.3580786026200873
0.19213973799126638
0.0393013100436681
0.8034934497816595
-0.8558951965065502
0.5065502183406114
-0.24890829694323136
-0.14847161572052392
-0.33624454148471616
0.3406113537117905
-0.6331877729257642
0.9126637554585153
0.9082969432314412
0.0786026200873362
0.4847161572052401
0.17030567685589526
-0.3711790393013099
-0.5414847161572052
-0.6200873362445415
0.41484716157205237
0.3493449781659388
0.28820960698689957
-0.2620087336244541
-0.45414847161572036
0.1659388646288209
-0.10043668122270732
0.05240174672489073
0.3799126637554584
-0.3406113537117903
0.32751091703056767
0.6419213973799127
0.4192139737991265
0.6069868995633187
0.5414847161572054
-0.5152838427947598
-0.74235807860262
-0.3318777292576418
-0.6026200873362446
-0.20960698689956325
-0.8864628820960698
0.9301310043668123
-0.034934497816593746
0.554585152838428
-0.42358078602620075
0.7685589519650655
-0.9519650655021834
0.39301310043668125
0.4279475982532752
-0.4672489082969432
0.15283842794759828
0.8951965065502183
-0.14410480349344967
0.46288209606986896
-0.9563318777292577
0.35371179039301315
0.8733624454148472
0.1834061135371179
-0.3144104803493448
-0.30567685589519644
-0.03056768558951961
-0.008733624454148381
-0.5589519650655022
0.3100436681222709
-0.12227074235807855
-0.29694323144104795
-0.6943231441048034
-0.1353711790393013
0.6768558951965067
0.7729257641921399
0.24454148471615733
-0.8034934497816594
0.1746724890829694
0.5633187772925763
-0.9082969432314411
-0.9126637554585153
-0.47161572052401735
-0.20087336244541476
-0.5458515283842795
0.7598253275109168
-0.46288209606986885
0.3973799126637554
-0.9039301310043668
0.8384279475982532
-0.6681222707423581
-0.8122270742358079
-0.6768558951965065
0.4061135371179039
0.20087336244541487
0.8253275109170306
-0.205240174672489
0.9170305676855894
-0.6375545851528385
0.25764192139737996
-0.554585152838428
-0.44104803493449773
0.06986899563318771
0.33624454148471616
-0.8340611353711791
-0.11353711790393006
0.8908296943231442
-0.7292576419213974
0.10480349344978168
0.19650655021834074
-0.519650655021834
-0.28820960698689946
0.9519650655021834
0.13100436681222694
-0.19650655021834063
0.6943231441048034
-0.02183406113537112
0.685589519650655
-0.6069868995633187
0.013100436681222849
0.7772925764192138
-0.0873362445414847
0.7991266375545851
-0.017467248908296873
-0.3886462882096069
0.8078602620087336
-0.3100436681222707
-0.537117903930131
-0.611353711790393
0.7510917030567685
-0.8820960698689957
0.7074235807860263
0.9039301310043668
0.5458515283842793
-0.8995633187772926
0.6593886462882097
-0.2794759825327511
-0.6899563318777293
-0.09606986899563319
-0.05240174672489073
-0.08296943231441034
0.29694323144104784
0.034934497816593746
0.5502183406113537
0.9563318777292578
-0.8078602620087336
-0.4978165938864628
0.22707423580786035
-0.8427947598253275
-0.26637554585152834
0.4672489082969431
0.02183406113537112
0.8995633187772925
-0.9301310043668123
0.7205240174672489
-0.5851528384279476
-0.6812227074235808
0.27510917030567694
-0.17903930131004364
0.0873362445414847
0.8602620087336244
-0.5109170305676856
0.9956331877729256
0.5938864628820961
0.0
0.1572052401746724
-0.8209606986899564
0.9868995633187774
0.3624454148471614
0.14410480349344978
-0.5633187772925765
-0.13973799126637543
-0.6593886462882096
0.43231441048034935
-0.9606986899563319
-0.2707423580786026
0.061135371179039444
0.222707423580786
0.6637554585152838
0.09170305676855905
0.7860262008733625
0.13973799126637543
-0.6724890829694323
-0.27510917030567683
-0.7685589519650655
0.3886462882096069
0.7117903930131004
-0.9213973799126638
0.9388646288209608
-0.4061135371179039
0.32314410480349354
0.445414847161572
0.1353711790393013
0.7554585152838429
-0.17467248908296928
-0.8777292576419213
0.04366812227074246
0.6113537117903929
0.4759825327510918
0.205240174672489
0.7467248908296942
-0.24017467248908286
-0.7729257641921398
0.41048034934497823
0.5283842794759823
0.10043668122270732
-0.38427947598253265
0.8471615720524017
-0.62882096069869
0.4497816593886461
-0.056768558951964976
0.34497816593886466
-0.06113537117903922
-0.07423580786026185
0.42358078602620086
0.7641921397379912
-0.19213973799126627
-0.5982532751091703
0.7030567685589519
0.9344978165938864
0.40174672489082974
-0.7510917030567685
0.947598253275109
-0.2139737991266374
-0.8951965065502183
0.8864628820960698
-0.21834061135371174
0.6026200873362446
0.23144104803493448
0.24017467248908297
-0.15283842794759817
-0.7860262008733624
-0.39301310043668114
-0.7248908296943231
-0.06986899563318771
-0.7205240174672489
-0.41484716157205226
-0.18340611353711778
0.20960698689956336
-0.0393013100436681
-0.06550218340611347
0.6506550218340612
-0.10480349344978157
0.965065502183406
0.8515283842794761
-0.6157205240174672
-0.9432314410480349
-0.3580786026200873
0.9257641921397379
-0.7161572052401747
0.37554585152838427
-0.5807860262008733
0.05676855895196509
-0.0786026200873362
0.9213973799126638
0.12227074235807867
0.6375545851528384
0.9737991266375547
0.9606986899563319
0.47161572052401746
-0.3187772925764192
0.2620087336244543
-0.7030567685589519
-0.22707423580786024
-0.1572052401746724
0.7161572052401746
0.8427947598253274
-0.6506550218340611
-0.1266375545851528
-0.36244541484716153
-0.4585152838427947
0.3187772925764192
0.9912663755458517
0.16157205240174677
1.0
-0.48908296943231433
0.004366812227074135
-0.5764192139737991
-0.10917030567685582
0.5895196506550218
0.2838427947598252
-0.004366812227074135
-0.7554585152838428
-0.8908296943231441
0.7947598253275108
-0.8384279475982532
0.5152838427947597
0.2139737991266375
0.44104803493449785
0.5589519650655022
-0.7379912663755459
-0.5065502183406113
-0.925764192139738
-0.7117903930131004
0.5676855895196506
-0.34497816593886454
0.26637554585152823
-0.5676855895196506
-0.7641921397379913
-0.5895196506550218
-0.7467248908296943
-0.4847161572052401
0.2532751091703056
0.11790393013100431
-0.4192139737991266
-0.4279475982532751
-0.25764192139737985
-0.09170305676855883
-0.013100436681222627
-0.2532751091703056
0.7903930131004369
0.6812227074235808
-0.8296943231441047
-0.16157205240174666
-0.048034934497816484
-0.8602620087336245
0.8689956331877728
-0.8253275109170306
0.5851528384279476
-0.23580786026200873
0.2925764192139739
-0.40174672489082963
0.6331877729257642
-0.9170305676855895
-0.7074235807860262
0.7248908296943233
0.537117903930131
-0.8733624454148472
0.7336244541484715
0.48034934497816595
-0.3668122270742358
-0.17030567685589515
0.7292576419213972
0.4366812227074235
0.21834061135371163
0.45851528384279483
-0.9781659388646288
0.30567685589519655
-0.445414847161572
0.982532751091703
0.4934497816593888
0.3668122270742358
0.5021834061135371
-0.4497816593886462
0.572052401746725
0.08296943231441034
-0.6550218340611353
0.6550218340611353
0.8122270742358078
-0.3799126637554584
0.668122270742358
-0.7991266375545851
-0.2925764192139737
0.9432314410480349
-0.7816593886462883
-0.04366812227074224
-0.23144104803493437
0.026200873362445476
-0.4104803493449781
-0.7903930131004366
-0.5720524017467248
0.07423580786026207
-0.6637554585152838
-0.48034934497816584
0.9781659388646287
-0.5938864628820961
-0.35371179039301304
-0.3013100436681222
-0.8471615720524017
-0.9694323144104804
0.8340611353711791
-0.5021834061135371
-0.9388646288209607
0.5240174672489084
-0.868995633187773
0.6462882096069869
0.6724890829694323
-0.851528384279476
-0.3231441048034933
0.04803493449781637
0.11353711790393017
0.6200873362445416
-0.7336244541484715
-0.4934497816593886
-0.5283842794759825
RANK
0
36
40
57
76
410
9
443
15
248
134
126
71
320
446
3
227
366
261
397
155
154
162
208
298
357
120
204
269
401
448
79
389
85
451
442
222
359
178
386
391
240
29
165
219
151
425
17
433
305
428
63
276
258
372
78
356
295
374
116
364
456
181
307
309
323
367
398
336
7
146
211
42
230
166
256
164
436
246
420
341
31
49
172
91
282
48
99
319
202
192
118
291
439
373
229
325
351
434
371
244
142
174
59
158
98
201
53
458
52
184
115
235
365
445
220
457
349
375
437
62
156
129
160
344
104
417
412
175
5
2
379
124
378
310
432
263
395
70
306
198
280
423
65
97
404
343
321
440
46
369
109
89
117
64
452
334
138
200
139
441
145
426
185
26
210
257
249
223
103
380
383
87
44
275
393
430
337
77
300
297
119
170
157
188
290
28
311
232
268
405
58
387
338
304
88
132
245
147
34
342
144
75
179
352
316
106
212
381
195
214
327
287
308
314
286
284
213
388
429
313
122
140
55
190
197
382
141
355
238
350
67
193
60
225
431
30
216
83
270
453
107
326
250
11
176
435
94
419
233
253
16
279
182
80
454
377
329
23
187
266
255
243
37
130
239
347
105
96
152
73
137
25
82
183
168
273
312
361
408
251
221
302
45
303
150
8
376
173
335
370
27
231
12
354
102
394
215
56
411
143
61
345
264
110
1
177
90
285
101
135
81
242
415
43
324
108
10
259
127
161
294
167
277
100
112
288
128
247
407
362
265
283
6
409
133
224
333
272
403
95
54
414
50
416
86
69
360
68
447
278
39
400
114
207
217
123
363
153
368
418
38
35
392
353
237
66
301
113
271
51
455
14
24
396
330
111
449
315
421
209
252
424
450
148
385
191
22
189
32
292
205
260
339
228
399
406
402
21
13
274
203
267
159
289
125
149
194
4
254
384
358
196
84
199
422
19
20
169
72
444
163
340
281
318
41
234
47
390
136
33
18
299
180
131
226
206
93
92
171
328
322
121
293
262
427
296
186
218
332
317
74
331
438
413
241
346
236
348
