DEGREE
0.7142857142857142
-0.2857142857142857
1.0
-0.5714285714285714
-0.4285714285714286
0.5714285714285714
-0.1428571428571429
-0.1428571428571429
0.2857142857142858
0.4285714285714286
0.0
-0.4285714285714286
-0.2857142857142857
0.2857142857142858
-0.1428571428571429
-0.1428571428571429
-0.5714285714285714
-0.1428571428571429
-0.8571428571428572
0.1428571428571428
0.1428571428571428
-0.1428571428571429
0.7142857142857142
-0.1428571428571429
0.0
-0.4285714285714286
0.1428571428571428
0.4285714285714286
0.7142857142857142
0.1428571428571428
-0.2857142857142857
0.7142857142857142
0.2857142857142858
0.2857142857142858
-0.8571428571428572
0.0
1.0
-0.5714285714285714
0.4285714285714286
0.2857142857142858
0.7142857142857142
0.0
0.5714285714285714
0.4285714285714286
-0.2857142857142857
0.5714285714285714
-0.2857142857142857
0.2857142857142858
0.8571428571428572
-0.4285714285714286
0.1428571428571428
-0.2857142857142857
-0.4285714285714286
-0.7142857142857143
0.2857142857142858
0.0
-0.2857142857142857
0.0
-0.2857142857142857
0.4285714285714286
-0.5714285714285714
0.7142857142857142
0.5714285714285714
-0.1428571428571429
0.0
0.2857142857142858
-0.2857142857142857
-0.8571428571428572
-0.7142857142857143
0.1428571428571428
0.0
-0.4285714285714286
-0.4285714285714286
0.2857142857142858
0.2857142857142858
0.4285714285714286
0.0
0.1428571428571428
0.2857142857142858
-0.5714285714285714
0.5714285714285714
0.4285714285714286
0.1428571428571428
0.4285714285714286
-0.4285714285714286
-0.1428571428571429
-0.2857142857142857
0.2857142857142858
-0.4285714285714286
0.4285714285714286
0.4285714285714286
-1.0
0.7142857142857142
0.1428571428571428
0.1428571428571428
-0.1428571428571429
0.5714285714285714
-0.4285714285714286
0.5714285714285714
-0.7142857142857143
0.1428571428571428
0.2857142857142858
-0.1428571428571429
0.1428571428571428
0.0
0.8571428571428572
0.2857142857142858
-0.7142857142857143
0.2857142857142858
-0.2857142857142857
0.1428571428571428
-0.5714285714285714
0.4285714285714286
0.1428571428571428
0.1428571428571428
0.1428571428571428
0.0
-0.4285714285714286
-0.1428571428571429
-0.5714285714285714
EIGENVECTOR
-0.748534649728434
-0.9999987166703558
1.0
-0.7981529213814667
-0.9956091175189553
0.6258744139590453
-0.9999637065132039
-0.9999260875689665
-0.09988717805938618
-0.6696662227265027
-0.9997720287569439
-0.9079788328638084
-0.9998507687026169
-0.9997933565718726
-0.9999484575494704
-0.9998244611507558
-0.9523590763683047
-0.999963706513204
-0.9999914136617362
-0.9998507143649317
-0.8665936252284505
-0.9998836116570896
0.7911411844099017
-0.9987361296138793
-0.5563019277260122
-0.9999673959178043
-0.9998674049272402
-0.7316336176437728
-0.605216099559058
-0.7975098604366622
-0.999934251143883
0.4868477094676178
-0.9999476616421555
0.22065044454039162
-0.9999986669271691
-0.999991298005247
0.9748914724939353
-0.999955802873239
-0.9999369029519862
0.08079312312513331
0.8159408105608554
-0.894831885784739
-0.999955620465867
-0.9999369029519866
-0.9999987166703558
-0.9999554775272
-0.99976635468384
-0.999957178109429
0.5307411060377787
-0.9325526056686557
-0.9997594641746876
-0.9182954821645816
-0.999990829204429
-0.9999782211032608
-0.999947661642156
-0.9692680492845358
-0.9993741724182162
-0.9993463234298373
-0.9994636083742175
-0.6629710169510568
-0.9998305569860648
0.6828672186262057
-0.7523449062223386
-0.9042508748218143
-0.9954565603293797
-0.7423030008029745
-0.8969791006483135
-1.0
-0.9999937100196968
-0.22580314216126474
-0.9999151849325867
-0.9999673959178044
-0.999990829204429
0.4192992311581698
-0.9998649001732243
-0.5040255592124592
-0.9998199572055744
-0.9993639446175838
-0.9999476616421558
-0.9721300988691498
-0.9999360619105466
-0.9998747175956204
0.21406593785407235
-0.7381445939909292
-0.9999954973025115
-0.999963706513204
-0.9997900158712191
-0.333267743009264
-0.9999992311209714
0.5746076150924775
0.49128627272573056
-0.9925067986222047
-0.5066313610340851
-0.9997703465637846
-0.9998909788069532
-0.9994774063178087
-0.9998581321855073
-0.9999463403228487
-0.9998581321855073
-0.9999718855778201
-0.9998691766471273
0.4421241258750126
-0.8228386410165892
-0.3209337724750515
-0.9990162932729819
0.6565509777343248
-0.9997406239504064
-0.9137791073205659
-0.9997406239504065
-0.9999985737316894
-0.21745215253963768
-0.986884510773617
-0.9999468206007155
-0.9997560647138315
-0.9998035304284285
-0.4485992331233736
-0.9999912980052472
-0.9862709089437747
-0.4708648995640269
-0.9999881018434462
CENT
-0.8579706023079906
-0.9995499339406171
-0.9162261435298418
-0.985529601494571
-0.7843806987092206
-0.9426456008792853
-0.9200402117875532
-0.9769992620058053
-0.763437867966029
-0.91735252601673
-0.8528759125130686
-0.9973842926742967
-0.8752423621392507
-0.8735182025322459
-0.9960253906444105
-0.9017684900288667
-1.0
-0.9200402117875532
-1.0
-0.8660215651950123
-0.9702993975895716
-0.899124380923116
-0.9946765262327941
-0.10802326408897922
-0.2546778457880928
-0.9875057264238283
-0.5396194048799878
-0.9146466334422374
-0.6819161174697492
-0.9337257314080039
-0.9843336583322915
-0.822842550802017
-0.922490536652445
-0.9901134746731581
-0.9890868722289238
-0.8772917294978531
-0.9129575351784258
-1.0
-0.8412068257635128
-0.7793155102443
-0.9583776527615857
0.3607117342848758
-0.6915079671928372
-0.8412068257635128
-0.9995499339406171
-0.7489098989743943
-0.7112048630256749
-0.9421577438486569
-0.24831961427481697
-0.9998246495872534
-0.8260763896136049
-0.4155976646889247
-0.958968003417297
-0.9312504610913389
-0.922490536652445
0.3600747946567653
-0.8564574485591674
-0.6954156062981964
-0.6810022900991987
-0.828987101151128
-0.8070528080209257
-0.9835143539067571
-0.9260884970215296
-0.998420385031841
1.0
-0.9566120718797506
-0.6558004534208854
-1.0
-0.968690209635136
-0.9676315477543278
-0.9209554383708614
-0.9875057264238283
-0.958968003417297
-0.9766853954944447
-0.9410655397746018
0.11893785456315276
-0.9656494200887189
-0.6624587513619636
-0.922490536652445
-1.0
-0.78941614778022
-0.13409339408715581
-0.994166089448471
-0.9522736588169
-0.961052724991062
-0.9200402117875532
-0.8772423422886252
-0.8650183707680682
-1.0
-0.997481555873576
-0.9595407175226653
-1.0
-0.8008467399927031
-0.7694883996755977
-0.9301844831501
0.2757883232777505
-0.7434955507683755
-0.9994520299601669
-0.7434955507683755
-1.0
-0.9640321818552069
-0.9986204654194647
-0.6302360910393239
-0.8971769249745353
-0.5883276402489133
-0.8000918674832163
-0.7257538858895913
-0.9172346051836078
-0.7257538858895913
-0.99622412111219
-0.83315084431955
-0.07154024755701305
-0.8922172214703319
-0.7762933879399705
-0.9508857735319202
-0.922770290144273
-0.8772917294978531
-0.41829572935377646
-0.9653462447917598
-0.9755775841802383
DEGREE_RANK
0.8319327731092436
-0.5630252100840336
0.9831932773109244
-0.865546218487395
-0.7478991596638656
0.7142857142857142
-0.3781512605042018
-0.3613445378151261
0.277310924369748
0.5294117647058825
-0.17647058823529416
-0.73109243697479
-0.546218487394958
0.2941176470588236
-0.34453781512605053
-0.32773109243697485
-0.8487394957983193
-0.3109243697478993
-0.9831932773109243
0.008403361344537563
0.025210084033613578
-0.2941176470588236
0.8487394957983194
-0.277310924369748
-0.1596638655462186
-0.7142857142857143
0.04201680672268915
0.546218487394958
0.865546218487395
0.05882352941176472
-0.5294117647058824
0.8823529411764706
0.31092436974789917
0.32773109243697474
-0.9663865546218487
-0.1428571428571429
1.0
-0.8319327731092437
0.5630252100840336
0.34453781512605053
0.8991596638655461
-0.12605042016806733
0.73109243697479
0.5798319327731092
-0.5126050420168067
0.7478991596638656
-0.4957983193277311
0.3613445378151261
0.9495798319327731
-0.6974789915966386
0.07563025210084029
-0.47899159663865554
-0.680672268907563
-0.9327731092436975
0.37815126050420167
-0.10924369747899165
-0.46218487394957986
-0.09243697478991608
-0.4453781512605043
0.596638655462185
-0.8151260504201681
0.9159663865546219
0.7647058823529411
-0.26050420168067234
-0.0756302521008404
0.39495798319327724
-0.4285714285714286
-0.9495798319327731
-0.9159663865546218
0.09243697478991608
-0.05882352941176483
-0.6638655462184875
-0.6470588235294118
0.41176470588235303
0.4285714285714286
0.6134453781512605
-0.04201680672268915
0.10924369747899165
0.4453781512605042
-0.7983193277310925
0.7815126050420169
0.6302521008403361
0.12605042016806722
0.6470588235294117
-0.6302521008403361
-0.24369747899159666
-0.41176470588235303
0.46218487394957974
-0.6134453781512605
0.6638655462184875
0.680672268907563
-1.0
0.9327731092436975
0.1428571428571428
0.1596638655462186
-0.2268907563025211
0.7983193277310925
-0.5966386554621849
0.8151260504201681
-0.8991596638655462
0.17647058823529416
0.47899159663865554
-0.2100840336134454
0.19327731092436973
-0.025210084033613578
0.9663865546218486
0.4957983193277311
-0.8823529411764706
0.5126050420168067
-0.39495798319327735
0.2100840336134453
-0.7815126050420168
0.6974789915966386
0.2268907563025211
0.24369747899159666
0.26050420168067223
-0.008403361344537896
-0.5798319327731092
-0.19327731092436984
-0.7647058823529411
EIGENVECTOR_RANK
0.46218487394957974
-0.9663865546218487
1.0
0.41176470588235303
0.12605042016806722
0.8991596638655461
-0.6974789915966386
-0.41176470588235303
0.73109243697479
0.5294117647058825
-0.10924369747899165
0.31092436974789917
-0.24369747899159666
-0.1428571428571429
-0.5798319327731092
-0.19327731092436984
0.24369747899159666
-0.680672268907563
-0.865546218487395
-0.2268907563025211
0.37815126050420167
-0.3613445378151261
0.9495798319327731
0.10924369747899165
0.5798319327731092
-0.7142857142857143
-0.3109243697478993
0.5126050420168067
0.5630252100840336
0.4285714285714286
-0.4285714285714286
0.8319327731092436
-0.5630252100840336
0.7815126050420169
-0.9327731092436975
-0.8319327731092437
0.9831932773109244
-0.6302521008403361
-0.47899159663865554
0.7478991596638656
0.9663865546218486
0.3613445378151261
-0.6134453781512605
-0.46218487394957986
-0.9495798319327731
-0.5966386554621849
-0.0756302521008404
-0.6470588235294118
0.865546218487395
0.26050420168067223
-0.05882352941176483
0.277310924369748
-0.8151260504201681
-0.7647058823529411
-0.5294117647058824
0.2268907563025211
0.04201680672268915
0.07563025210084029
0.025210084033613578
0.546218487394958
-0.2100840336134454
0.9327731092436975
0.4453781512605042
0.32773109243697474
0.1428571428571428
0.47899159663865554
0.34453781512605053
-1.0
-0.8823529411764706
0.6974789915966386
-0.39495798319327735
-0.73109243697479
-0.7983193277310925
0.7983193277310925
-0.2941176470588236
0.6134453781512605
-0.17647058823529416
0.05882352941176472
-0.546218487394958
0.2100840336134453
-0.4453781512605043
-0.34453781512605053
0.7647058823529411
0.4957983193277311
-0.8991596638655462
-0.6638655462184875
-0.12605042016806733
0.6638655462184875
-0.9831932773109243
0.8823529411764706
0.8487394957983194
0.1596638655462186
0.596638655462185
-0.09243697478991608
-0.3781512605042018
0.008403361344537563
-0.26050420168067234
-0.4957983193277311
-0.277310924369748
-0.7478991596638656
-0.32773109243697485
0.8151260504201681
0.39495798319327724
0.680672268907563
0.09243697478991608
0.9159663865546219
-0.008403361344537896
0.2941176470588236
-0.025210084033613578
-0.9159663865546218
0.7142857142857142
0.17647058823529416
-0.5126050420168067
-0.04201680672268915
-0.1596638655462186
0.6470588235294117
-0.8487394957983193
0.19327731092436973
0.6302521008403361
-0.7815126050420168
CENT_RANK
0.26050420168067223
-0.8487394957983193
0.025210084033613578
-0.5966386554621849
0.47899159663865554
-0.26050420168067234
-0.05882352941176483
-0.546218487394958
0.546218487394958
-0.008403361344537896
0.2941176470588236
-0.7478991596638656
0.19327731092436973
0.2100840336134453
-0.7142857142857143
0.07563025210084029
-1.0
-0.04201680672268915
-0.9831932773109243
0.2268907563025211
-0.4957983193277311
0.09243697478991608
-0.6974789915966386
0.8991596638655461
0.8487394957983194
-0.6302521008403361
0.7983193277310925
0.04201680672268915
0.6974789915966386
-0.2100840336134454
-0.5798319327731092
0.39495798319327724
-0.12605042016806733
-0.6638655462184875
-0.6470588235294118
0.1428571428571428
0.05882352941176472
-0.9663865546218487
0.31092436974789917
0.4957983193277311
-0.32773109243697485
0.9831932773109244
0.680672268907563
0.32773109243697474
-0.8319327731092437
0.5630252100840336
0.6470588235294117
-0.24369747899159666
0.865546218487395
-0.865546218487395
0.37815126050420167
0.8319327731092436
-0.3613445378151261
-0.19327731092436984
-0.10924369747899165
0.9663865546218486
0.277310924369748
0.6638655462184875
0.7142857142857142
0.3613445378151261
0.41176470588235303
-0.5630252100840336
-0.1596638655462186
-0.7815126050420168
1.0
-0.3109243697478993
0.7478991596638656
-0.9495798319327731
-0.47899159663865554
-0.46218487394957986
-0.0756302521008404
-0.6134453781512605
-0.34453781512605053
-0.5294117647058824
-0.2268907563025211
0.9327731092436975
-0.4453781512605043
0.73109243697479
-0.09243697478991608
-0.9327731092436975
0.46218487394957974
0.8823529411764706
-0.680672268907563
-0.2941176470588236
-0.39495798319327735
-0.025210084033613578
0.17647058823529416
0.24369747899159666
-0.9159663865546218
-0.7647058823529411
-0.3781512605042018
-0.8991596638655462
0.4285714285714286
0.5294117647058825
-0.17647058823529416
0.9495798319327731
0.5798319327731092
-0.8151260504201681
0.596638655462185
-0.8823529411764706
-0.41176470588235303
-0.7983193277310925
0.7647058823529411
0.10924369747899165
0.7815126050420169
0.4453781512605042
0.6134453781512605
0.008403361344537563
0.6302521008403361
-0.73109243697479
0.34453781512605053
0.9159663865546219
0.12605042016806722
0.5126050420168067
-0.277310924369748
-0.1428571428571429
0.1596638655462186
0.8151260504201681
-0.4285714285714286
-0.5126050420168067
RANK
16
18
37
67
79
88
91
99
49
1
44
97
101
63
89
11
109
14
22
82
33
34
25
71
3
30
61
7
73
119
20
68
69
76
118
100
84
90
52
72
40
65
83
114
5
47
74
29
53
94
62
115
32
54
78
70
6
17
85
9
107
2
27
36
15
21
103
112
35
116
86
12
13
19
87
0
56
10
38
43
110
59
50
31
60
92
105
80
4
39
113
93
8
45
96
98
106
108
46
57
42
28
58
77
66
102
104
26
117
51
24
48
81
23
111
75
95
55
41
64
