DEGREE
0.11111111111111116
-0.33333333333333337
0.33333333333333326
-0.33333333333333337
0.03703703703703698
0.2592592592592593
0.18518518518518512
-0.2592592592592593
0.2592592592592593
-0.40740740740740744
0.33333333333333326
0.11111111111111116
-0.5555555555555556
-0.2592592592592593
-0.7037037037037037
0.7037037037037037
-0.5555555555555556
-0.4814814814814815
0.2592592592592593
-0.18518518518518523
-0.18518518518518523
-0.18518518518518523
0.5555555555555556
0.11111111111111116
-0.03703703703703709
0.11111111111111116
-0.33333333333333337
0.18518518518518512
0.03703703703703698
-0.2592592592592593
-0.11111111111111116
0.11111111111111116
-0.2592592592592593
0.18518518518518512
0.40740740740740744
0.03703703703703698
-0.18518518518518523
0.2592592592592593
0.4814814814814814
0.8518518518518519
-0.11111111111111116
-0.33333333333333337
0.7037037037037037
0.6296296296296295
-0.18518518518518523
0.40740740740740744
-0.11111111111111116
0.6296296296296295
-0.9259259259259259
-0.33333333333333337
0.6296296296296295
0.5555555555555556
-0.11111111111111116
0.8518518518518519
0.7037037037037037
0.11111111111111116
0.6296296296296295
0.03703703703703698
-0.18518518518518523
0.33333333333333326
0.5555555555555556
0.4814814814814814
-0.11111111111111116
-0.40740740740740744
-0.33333333333333337
0.18518518518518512
-0.11111111111111116
-0.2592592592592593
0.4814814814814814
0.03703703703703698
-0.03703703703703709
0.4814814814814814
0.2592592592592593
-0.8518518518518519
-0.7777777777777778
0.5555555555555556
0.7777777777777777
-0.2592592592592593
0.6296296296296295
0.40740740740740744
-0.2592592592592593
-0.40740740740740744
-0.5555555555555556
0.11111111111111116
0.33333333333333326
0.2592592592592593
0.33333333333333326
0.5555555555555556
-0.03703703703703709
0.03703703703703698
-0.03703703703703709
-0.5555555555555556
0.33333333333333326
0.5555555555555556
0.03703703703703698
0.33333333333333326
-0.18518518518518523
-0.18518518518518523
0.2592592592592593
0.4814814814814814
0.7037037037037037
0.4814814814814814
0.6296296296296295
0.5555555555555556
-0.7777777777777778
1.0
-0.33333333333333337
0.11111111111111116
-0.5555555555555556
0.33333333333333326
-0.11111111111111116
-0.33333333333333337
0.2592592592592593
-0.40740740740740744
-0.11111111111111116
0.2592592592592593
0.8518518518518519
-0.7777777777777778
0.18518518518518512
0.03703703703703698
0.40740740740740744
0.18518518518518512
0.33333333333333326
0.33333333333333326
0.40740740740740744
-0.33333333333333337
-0.11111111111111116
-0.2592592592592593
0.2592592592592593
-0.40740740740740744
0.2592592592592593
-0.11111111111111116
0.18518518518518512
-0.18518518518518523
0.03703703703703698
0.2592592592592593
-0.2592592592592593
-0.2592592592592593
-0.6296296296296297
0.4814814814814814
-0.6296296296296297
0.2592592592592593
0.11111111111111116
0.33333333333333326
0.2592592592592593
0.33333333333333326
-0.18518518518518523
-0.40740740740740744
-0.2592592592592593
0.18518518518518512
-0.7777777777777778
-0.2592592592592593
0.18518518518518512
-0.5555555555555556
0.6296296296296295
0.33333333333333326
0.2592592592592593
-0.9259259259259259
0.2592592592592593
-0.33333333333333337
0.4814814814814814
-0.40740740740740744
0.5555555555555556
0.6296296296296295
0.4814814814814814
0.33333333333333326
0.7037037037037037
-0.33333333333333337
0.18518518518518512
-1.0
0.6296296296296295
0.40740740740740744
0.11111111111111116
-0.03703703703703709
0.11111111111111116
-0.33333333333333337
0.33333333333333326
0.40740740740740744
-0.18518518518518523
-0.33333333333333337
0.11111111111111116
-0.8518518518518519
0.11111111111111116
0.03703703703703698
0.33333333333333326
0.2592592592592593
0.18518518518518512
-0.18518518518518523
-0.03703703703703709
0.5555555555555556
0.4814814814814814
0.4814814814814814
0.03703703703703698
-0.33333333333333337
0.40740740740740744
-0.7037037037037037
0.6296296296296295
-0.9259259259259259
0.33333333333333326
0.11111111111111116
0.40740740740740744
0.11111111111111116
-0.11111111111111116
0.7777777777777777
0.11111111111111116
0.40740740740740744
0.33333333333333326
0.40740740740740744
-0.03703703703703709
0.4814814814814814
-0.33333333333333337
-0.9259259259259259
-0.03703703703703709
EIGENVECTOR
-0.6185061206230795
-0.9048019724179485
-0.6176127766440248
-0.7279182388124421
-0.49505299686260673
-0.47876908456973255
-0.778720967435529
-0.7821416742614591
-0.34549456886726715
-0.6693704809722386
-0.3351216314728518
-0.6185061206230795
-0.9951355538486513
-0.9182973499576531
-0.9612753747057395
0.7843252133816816
-0.90853370683295
-0.9192819434950826
-0.7303586778432045
-0.8995813903238614
-0.8272523336803559
-0.9771982370114697
-0.33877314519423074
-0.11185514667592822
-0.8662098700325309
-0.8388154945360262
-0.7837636951971113
-0.12110569543163241
-0.913053340208247
-0.7798465355075399
-0.7262807880779002
-0.8200968796676747
-0.8427833905415492
-0.7332977467949577
-0.7114239389768593
-0.8408893247281748
-0.9787273285321733
-0.5461853569523182
0.26145966409830157
0.8896879056876668
-0.8839645419450263
-0.9148806494513901
-0.37753435643944566
0.5622328724948904
-0.8092313113168524
-0.7423475621676451
-0.8477140328827042
0.7162454093370356
-0.988446565734501
-0.7528412659415771
0.7713414524986657
0.290114678736064
-0.8703268486889881
0.8151260859025147
0.8178655736923728
-0.6520163523330633
-0.2317982588294767
-0.83134714450388
-0.7345058115948497
-0.30196447416521444
0.48405263713581737
-0.46638348331211177
-0.5981322527657418
-0.8161276515578657
-0.9127172390954983
-0.27097134965585146
-0.8519981388493645
-0.9095142212994287
-0.20986539612869803
-0.6687658202821181
-0.7224486007151272
-0.707753800481133
-0.6528338800614872
-0.9729437810494285
-0.7826928748391586
0.6178643514316644
0.7372704150206779
-0.7000884049814002
-0.7239004172660022
-0.36521383600965807
-0.9356261943519492
-0.9148374619356094
-0.7487024772214856
-0.7137140619968501
-0.6511451732103612
-0.7878903231873859
-0.007686446073364217
0.48405263713581603
-0.7864229776285185
-0.6484103291114528
-0.5199614554434457
-0.9973123463130475
-0.08475160617239352
-0.3161335476610875
-0.5437737938063766
-0.7737814705569095
-0.9787273285321731
-0.9832571438919259
0.22392125731698775
0.337157500707278
0.7843252133816825
-0.12227521878586167
0.7309914958735395
0.17928258988441192
-0.8500413308013212
1.0
-0.8404062694439434
-0.8247516806280082
-0.9357419963922079
0.280660199473977
-0.8028296223681102
-0.511775044004882
-0.6928560615153108
-0.6479366325048075
-0.9194296540176414
-0.744876358843221
0.773459277700917
-0.9800774710963608
-0.6671899408031421
-0.13319279623339542
-0.37373900839031704
-0.654168471589166
-0.9111152933789263
0.4494055458894741
-0.7190040653173386
-0.985558029035951
-0.8740625169340105
-0.9793106445973138
-0.5315955816520341
-0.764632158256535
-0.6635040689411522
-0.4910614501776701
0.08541677697217076
-0.9715287120831749
-0.8193608571803737
-0.005567325188497341
-0.9131286638606028
-0.9065679409893491
-0.9560462775437027
0.30649330440050115
-0.9600619180464066
-0.6677501473646066
-0.721786337843008
-0.5965748527659878
-0.6184527596063258
-0.12816315494066277
-0.9260467630649953
-0.846396265053347
-0.8889297777211331
-0.6211930422382343
-0.9577170288957296
-0.8339739069441752
-0.06796448807804989
-0.9231149996603722
0.6526379051190307
-0.6068425754253007
0.08969560437425383
-0.9851523387767036
0.08742964349286964
-0.8581017572680869
-0.08492512446497602
-0.9926482133678426
0.24880175738647403
0.5770422258438772
-0.5557250698327709
-0.27270952024097406
0.4872085395519883
-0.991141446551336
0.34038535447595186
-0.9850653479356782
-0.3997580088681326
-0.21556122094520191
-0.6067482040122447
-0.9120600891207005
-0.5169515085362211
-0.8276580423947169
-0.19885813927854934
0.34698700375738967
-0.38809015382716416
-0.9889592022683193
-0.9054890803023309
-0.9729437810494281
-0.6067482040122446
-0.8120331538873458
-0.6176127766440247
-0.07150271734271063
-0.4807626458559817
-0.8729541251405817
-0.8662098700325311
-0.4937555035199579
0.2073259755254222
-0.3483265635457472
-0.2766314020677503
-0.8152843812840547
-0.5783456835848688
-0.9580806315298814
0.47214366307590017
-1.0
-0.718677151075949
-0.8535418602527265
-0.540021221568036
-0.8314450205159931
-0.8028296223681103
0.8503947302790795
-0.18369883105881502
-0.43559878875849967
-0.7773833473487192
0.08670069080790066
-0.8683241397961536
-0.5818684804118586
-0.9855580290359512
-0.9851523387767035
-0.5906323189244576
CENT
-0.4302003876225695
-0.8093215738312067
-0.7188254813914455
-0.47600482308317127
-0.3855778764089871
0.7103927276061062
-0.9090089519990439
-0.7333324915923538
-0.0717851514029183
-0.8877639208758233
0.2508612449782479
-0.4302003876225695
-0.9715072469586126
-0.9493105774807121
-0.3478002053820214
-0.5774764587319927
-0.9992410844170607
-0.8963549065202904
-0.761122865213323
-0.7498310368596448
-0.9650605043089385
-0.9527972230498164
-0.5082671117093879
-0.600687689400301
-0.8897253541551343
-0.5954216133902033
-0.33755289165466096
-0.6554111483112267
-0.5938715267903787
-0.9383848911265075
-0.48933913248686345
-0.7482193045299091
-0.9970654367594299
-0.7633749562852672
-0.33410723120088837
-0.6464309454850514
-0.9606621191142012
-0.31305744181916084
0.5812237019578637
-0.4791791542658589
-0.7745577820094405
-0.9647623920014871
-0.15885932129161207
-0.6986256798098718
-0.9782961989948707
0.2449322371934295
-0.5291444829033529
-0.29245023109555524
-0.9986501619165751
-0.0558902768490549
-0.6926043847462733
0.9152996644750302
-0.9369989922014772
-0.16462187177117105
-0.4517285813083691
-0.8658501580006548
-0.22371384886888468
-0.8287702241040331
-0.004339403356089178
-0.418874025064356
-0.4445396997626202
-0.6296204528126542
-0.9581647742251636
-0.9461008244512673
-0.9438821206978487
-0.7666709766094265
-0.8198639159772461
-0.8509765246161713
-0.5400052525371624
-0.9311843836071091
-0.27979094320601683
-0.6025422448206688
-0.4168232131749462
-0.9940014739775103
-0.9094445942546442
-0.8097924023798427
-0.3628547051061286
-0.7454609851600995
-0.4787050493602598
-0.8028101325697119
-0.8473932622069856
-0.7564458787293904
-0.9975729401908033
-0.5305185733632017
-0.3499461319377778
-0.6755737925152725
-0.6058112825598634
-0.4445396997626202
-0.9559701593181772
-0.07041896479262133
-0.7099368076627561
-0.9991132318955457
-0.04189052188882669
-0.49022462442270576
-0.06975704130749605
-0.7370691838580787
-0.9606621191142012
-0.9538250326525225
-0.6568448764685761
-0.4516464900975242
-0.5774764587319927
0.4531753243374812
-0.4303356016786013
1.0
-0.9474464597586617
0.802064118771922
-0.8962423890381974
-0.847486849725471
-0.9521537226445069
-0.8538787501181723
-0.9735892239019039
-0.7645925567886432
-0.776514828250659
-0.8672826766730537
-0.6605323438296079
-0.630658526213447
-0.03398891804907844
-0.998215293129631
0.09329879949477005
-0.030888176688294577
-0.699736004376887
-0.47410274902690863
0.764399019335332
-0.47683603494140303
-0.7413952799895522
-0.9869255213326616
-0.9295918235569691
-0.9693264149709387
-0.3715797961825955
-0.6673641544406985
-0.5880167020135594
-0.6239994682234581
-0.1864110358939557
-0.7312328180974637
-0.749252049113274
-0.647917821319659
-0.9451964894418823
-0.8933412424798165
-0.9461961168308473
-0.18366077647588708
-0.972614996028907
-0.6618794795881852
-0.6960686824133551
-0.26162055077648527
-0.823245007344344
-0.06475073933995623
-0.8023991607554697
-0.8362700105343404
-0.8901786252196138
-0.6507470261839188
-0.8787012870319462
-0.988792133989299
-0.5805487517364838
-0.9033388200939347
-0.7627210526525846
-0.5417673609080016
-0.8315531959251238
-1.0
0.16022258291257518
-0.9978572886056978
0.1339940906777095
-0.9673979634161508
0.48721535975082375
-0.39798781791694615
-0.7081116471803511
-0.22492454235709647
-0.4126309944995663
-0.9643419097465464
-0.8644759702990448
-0.9730567501756305
0.02752528663296583
-0.13642248760405695
-0.938894236502255
-0.7554704077036339
-0.9068850958597502
-0.9814051946401982
-0.4010419716852761
-0.26977478685832457
-0.9239701061579197
-0.9834223466473314
-0.3235502876614178
-0.9940014739775103
-0.938894236502255
-0.554727627007211
-0.7188254813914455
-0.08788275331562545
-0.8777277265170705
-0.9707964573708903
-0.8897253541551343
-0.032563183000035134
0.23498110484238222
-0.7413772119812736
0.02902090810084279
-0.5079867631309172
-0.70256133987658
-0.9749271075589493
-0.16132569601571278
-0.9989071656786431
-0.7048983948598198
-0.7500814821725659
-0.0019753919920925123
-0.45767221854056805
-0.9735892239019039
-0.6092622996928801
-0.7141652207404932
-0.7123944564020787
-0.4643906023503994
-0.5133371693796361
-0.7865283393123791
0.15147350866079456
-0.9869255213326616
-1.0
-0.5200209553375023
DEGREE_RANK
-0.07547169811320764
-0.7264150943396226
0.3396226415094341
-0.7169811320754718
-0.17924528301886788
0.179245283018868
0.07547169811320753
-0.5849056603773586
0.18867924528301883
-0.7924528301886793
0.34905660377358494
-0.0660377358490567
-0.8584905660377359
-0.5754716981132075
-0.8962264150943396
0.9056603773584906
-0.8490566037735849
-0.8018867924528301
0.19811320754716988
-0.4716981132075473
-0.46226415094339635
-0.4528301886792453
0.7264150943396228
-0.05660377358490565
-0.2547169811320755
-0.04716981132075482
-0.7075471698113207
0.08490566037735858
-0.16981132075471705
-0.5660377358490567
-0.3584905660377359
-0.037735849056603876
-0.5566037735849056
0.09433962264150964
0.509433962264151
-0.1603773584905661
-0.44339622641509435
0.2075471698113207
0.6132075471698113
0.9716981132075473
-0.34905660377358494
-0.6981132075471699
0.9150943396226414
0.8113207547169812
-0.4339622641509434
0.5188679245283019
-0.339622641509434
0.8207547169811322
-0.9905660377358491
-0.6886792452830188
0.8301886792452831
0.7358490566037736
-0.33018867924528306
0.9811320754716981
0.9245283018867925
-0.028301886792452935
0.8396226415094339
-0.15094339622641517
-0.4245283018867926
0.358490566037736
0.7452830188679245
0.6226415094339621
-0.3207547169811321
-0.7830188679245282
-0.679245283018868
0.10377358490566047
-0.3113207547169812
-0.5471698113207548
0.6320754716981132
-0.14150943396226423
-0.24528301886792458
0.6415094339622642
0.21698113207547176
-0.9528301886792453
-0.9339622641509434
0.7547169811320755
0.9528301886792452
-0.5377358490566038
0.8490566037735849
0.5283018867924529
-0.5283018867924529
-0.7735849056603774
-0.839622641509434
-0.018867924528301883
0.3679245283018868
0.2264150943396226
0.37735849056603765
0.7641509433962264
-0.23584905660377364
-0.1320754716981133
-0.2264150943396227
-0.8301886792452831
0.3867924528301887
0.7735849056603774
-0.12264150943396235
0.39622641509433953
-0.41509433962264153
-0.4056603773584906
0.23584905660377342
0.6509433962264153
0.9339622641509433
0.6603773584905661
0.8584905660377358
0.7830188679245282
-0.9245283018867925
1.0
-0.6698113207547169
-0.009433962264150941
-0.8207547169811321
0.4056603773584906
-0.30188679245283034
-0.6603773584905661
0.2452830188679247
-0.7641509433962264
-0.2924528301886793
0.2547169811320755
0.9905660377358492
-0.9150943396226415
0.1132075471698113
-0.1132075471698114
0.5377358490566038
0.12264150943396235
0.41509433962264164
0.42452830188679247
0.5471698113207546
-0.6509433962264152
-0.28301886792452835
-0.5188679245283019
0.2641509433962266
-0.7547169811320755
0.2735849056603774
-0.2735849056603774
0.13207547169811318
-0.39622641509433965
-0.10377358490566047
0.28301886792452824
-0.5094339622641509
-0.5
-0.8773584905660378
0.6698113207547169
-0.8679245283018868
0.2924528301886793
0.0
0.4339622641509435
0.3018867924528301
0.44339622641509435
-0.3867924528301888
-0.7452830188679245
-0.49056603773584906
0.14150943396226423
-0.9056603773584906
-0.4811320754716981
0.15094339622641506
-0.8113207547169812
0.8679245283018868
0.4528301886792452
0.3113207547169812
-0.9811320754716981
0.3207547169811322
-0.6415094339622642
0.679245283018868
-0.7358490566037736
0.7924528301886791
0.8773584905660377
0.6886792452830188
0.46226415094339623
0.9433962264150944
-0.6320754716981133
0.1603773584905661
-1.0
0.8867924528301887
0.5566037735849056
0.009433962264151052
-0.21698113207547176
0.018867924528301883
-0.6226415094339623
0.47169811320754707
0.5660377358490567
-0.37735849056603776
-0.6132075471698114
0.028301886792452935
-0.9433962264150944
0.037735849056603765
-0.09433962264150941
0.48113207547169834
0.33018867924528306
0.16981132075471717
-0.3679245283018868
-0.20754716981132082
0.8018867924528303
0.6981132075471699
0.7075471698113207
-0.08490566037735858
-0.6037735849056605
0.5754716981132075
-0.8867924528301887
0.8962264150943398
-0.9716981132075472
0.49056603773584917
0.04716981132075482
0.5849056603773586
0.05660377358490565
-0.26415094339622647
0.9622641509433962
0.06603773584905648
0.5943396226415094
0.5
0.6037735849056605
-0.19811320754716988
0.7169811320754715
-0.5943396226415094
-0.9622641509433962
-0.18867924528301894
EIGENVECTOR_RANK
0.12264150943396235
-0.5849056603773586
0.15094339622641506
-0.10377358490566047
0.3207547169811322
0.358490566037736
-0.20754716981132082
-0.2264150943396227
0.44339622641509435
0.009433962264151052
0.46226415094339623
0.13207547169811318
-0.9811320754716981
-0.6981132075471699
-0.8018867924528301
0.9528301886792452
-0.6132075471698114
-0.7075471698113207
-0.1132075471698114
-0.5754716981132075
-0.3584905660377359
-0.839622641509434
0.4528301886792452
0.6037735849056605
-0.5
-0.4056603773584906
-0.24528301886792458
0.5943396226415094
-0.6603773584905661
-0.21698113207547176
-0.09433962264150941
-0.339622641509434
-0.4339622641509434
-0.12264150943396235
-0.028301886792452935
-0.4245283018867926
-0.8584905660377359
0.2547169811320755
0.7452830188679245
0.9905660377358492
-0.5566037735849056
-0.6886792452830188
0.4056603773584906
0.8584905660377358
-0.2924528301886793
-0.14150943396226423
-0.4528301886792453
0.8962264150943398
-0.9433962264150944
-0.16981132075471705
0.9245283018867925
0.7641509433962264
-0.5283018867924529
0.9622641509433962
0.9716981132075473
0.07547169811320753
0.5188679245283019
-0.37735849056603776
-0.1320754716981133
0.48113207547169834
0.8396226415094339
0.3679245283018868
0.19811320754716988
-0.3207547169811321
-0.6509433962264152
0.509433962264151
-0.4716981132075473
-0.6226415094339623
0.5377358490566038
0.018867924528301883
-0.07547169811320764
-0.018867924528301883
0.06603773584905648
-0.8301886792452831
-0.23584905660377364
0.8773584905660377
0.9150943396226414
-0.009433962264150941
-0.08490566037735858
0.42452830188679247
-0.7452830188679245
-0.679245283018868
-0.1603773584905661
-0.037735849056603876
0.08490566037735858
-0.26415094339622647
0.6509433962264153
0.8301886792452831
-0.2547169811320755
0.09433962264150964
0.2924528301886793
-0.9905660377358491
0.6226415094339621
0.47169811320754707
0.2641509433962266
-0.18867924528301894
-0.8490566037735849
-0.8867924528301887
0.7264150943396228
0.7830188679245282
0.9433962264150944
0.5849056603773586
0.9056603773584906
0.7075471698113207
-0.46226415094339635
1.0
-0.41509433962264153
-0.34905660377358494
-0.7547169811320755
0.7547169811320755
-0.2735849056603774
0.3113207547169812
0.0
0.10377358490566047
-0.7169811320754718
-0.15094339622641517
0.9339622641509433
-0.8773584905660378
0.037735849056603765
0.5660377358490567
0.41509433962264164
0.05660377358490565
-0.6320754716981133
0.8113207547169812
-0.05660377358490565
-0.9245283018867925
-0.5471698113207548
-0.8679245283018868
0.28301886792452824
-0.17924528301886788
0.04716981132075482
0.3396226415094341
0.6698113207547169
-0.8113207547169812
-0.33018867924528306
0.6603773584905661
-0.6698113207547169
-0.6037735849056605
-0.7641509433962264
0.7735849056603774
-0.7924528301886793
0.028301886792452935
-0.0660377358490567
0.2075471698113207
0.14150943396226423
0.5754716981132075
-0.7358490566037736
-0.44339622641509435
-0.5660377358490567
0.1132075471698113
-0.7735849056603774
-0.39622641509433965
0.6415094339622642
-0.7264150943396226
0.8867924528301887
0.16981132075471717
0.6981132075471699
-0.9056603773584906
0.6886792452830188
-0.49056603773584906
0.6132075471698113
-0.9716981132075472
0.7358490566037736
0.8679245283018868
0.2452830188679247
0.5
0.8490566037735849
-0.9622641509433962
0.7924528301886791
-0.8962264150943396
0.3867924528301887
0.5283018867924529
0.18867924528301883
-0.6415094339622642
0.3018867924528301
-0.3679245283018868
0.5471698113207546
0.8018867924528303
0.39622641509433953
-0.9528301886792453
-0.5943396226415094
-0.8207547169811321
0.179245283018868
-0.30188679245283034
0.1603773584905661
0.6320754716981132
0.34905660377358494
-0.5377358490566038
-0.5094339622641509
0.33018867924528306
0.7169811320754715
0.4339622641509435
0.49056603773584917
-0.3113207547169812
0.23584905660377342
-0.7830188679245282
0.8207547169811322
-1.0
-0.04716981132075482
-0.4811320754716981
0.2735849056603774
-0.3867924528301888
-0.28301886792452835
0.9811320754716981
0.5566037735849056
0.37735849056603765
-0.19811320754716988
0.679245283018868
-0.5188679245283019
0.2264150943396226
-0.9339622641509434
-0.9150943396226415
0.21698113207547176
CENT_RANK
0.47169811320754707
-0.28301886792452835
-0.0660377358490567
0.3867924528301887
0.5377358490566038
0.9622641509433962
-0.5188679245283019
-0.08490566037735858
0.7452830188679245
-0.4339622641509434
0.9245283018867925
0.48113207547169834
-0.7830188679245282
-0.6509433962264152
0.5754716981132075
0.23584905660377342
-0.9811320754716981
-0.49056603773584906
-0.18867924528301894
-0.15094339622641517
-0.7452830188679245
-0.6698113207547169
0.3207547169811322
0.18867924528301883
-0.4528301886792453
0.19811320754716988
0.5849056603773586
0.09433962264150964
0.2075471698113207
-0.5754716981132075
0.34905660377358494
-0.1320754716981133
-0.9150943396226415
-0.20754716981132082
0.5943396226415094
0.12264150943396235
-0.7169811320754718
0.6132075471698113
0.9528301886792452
0.358490566037736
-0.23584905660377364
-0.7358490566037736
0.7169811320754715
0.018867924528301883
-0.839622641509434
0.9150943396226414
0.2924528301886793
0.6226415094339621
-0.9528301886792453
0.7830188679245282
0.037735849056603765
0.9905660377358492
-0.5660377358490567
0.6981132075471699
0.42452830188679247
-0.39622641509433965
0.6698113207547169
-0.3207547169811321
0.8301886792452831
0.49056603773584917
0.44339622641509435
0.14150943396226423
-0.6981132075471699
-0.6226415094339623
-0.6037735849056605
-0.2264150943396227
-0.30188679245283034
-0.3679245283018868
0.2735849056603774
-0.5566037735849056
0.6320754716981132
0.179245283018868
0.5
-0.9056603773584906
-0.5283018867924529
-0.2924528301886793
0.5566037735849056
-0.12264150943396235
0.3679245283018868
-0.2735849056603774
-0.34905660377358494
-0.17924528301886788
-0.9245283018867925
0.28301886792452824
0.5660377358490567
0.04716981132075482
0.16981132075471717
0.4528301886792452
-0.6886792452830188
0.7547169811320755
-0.028301886792452935
-0.9716981132075472
0.7924528301886791
0.3396226415094341
0.7641509433962264
-0.09433962264150941
-0.7075471698113207
-0.679245283018868
0.08490566037735858
0.4339622641509435
0.2452830188679247
0.9339622641509433
0.46226415094339623
1.0
-0.6415094339622642
0.9811320754716981
-0.4811320754716981
-0.3584905660377359
-0.6603773584905661
-0.37735849056603776
-0.8207547169811321
-0.21698113207547176
-0.24528301886792458
-0.4056603773584906
0.07547169811320753
0.13207547169811318
0.8018867924528303
-0.9433962264150944
0.8679245283018868
0.8207547169811322
0.009433962264151052
0.39622641509433953
0.9716981132075473
0.37735849056603765
-0.1132075471698114
-0.8773584905660378
-0.5471698113207548
-0.7641509433962264
0.5471698113207546
0.05660377358490565
0.21698113207547176
0.15094339622641506
0.679245283018868
-0.07547169811320764
-0.14150943396226423
0.1132075471698113
-0.6132075471698114
-0.4716981132075473
-0.6320754716981133
0.6886792452830188
-0.7924528301886793
0.06603773584905648
0.028301886792452935
0.6509433962264153
-0.3113207547169812
0.7735849056603774
-0.26415094339622647
-0.339622641509434
-0.46226415094339635
0.10377358490566047
-0.4245283018867926
-0.8867924528301887
0.2264150943396226
-0.5
-0.19811320754716988
0.2641509433962266
-0.33018867924528306
-1.0
0.8962264150943398
-0.9339622641509434
0.8773584905660377
-0.7547169811320755
0.9433962264150944
0.5283018867924529
-0.018867924528301883
0.6603773584905661
0.509433962264151
-0.7264150943396226
-0.3867924528301888
-0.8018867924528301
0.8490566037735849
0.7264150943396228
-0.5943396226415094
-0.16981132075471705
-0.5094339622641509
-0.8490566037735849
0.5188679245283019
0.6415094339622642
-0.5377358490566038
-0.8584905660377359
0.6037735849056605
-0.8962264150943396
-0.5849056603773586
0.2547169811320755
-0.05660377358490565
0.7358490566037736
-0.41509433962264153
-0.7735849056603774
-0.44339622641509435
0.8113207547169812
0.9056603773584906
-0.10377358490566047
0.8584905660377358
0.33018867924528306
0.0
-0.8301886792452831
0.7075471698113207
-0.9622641509433962
-0.009433962264150941
-0.1603773584905661
0.8396226415094339
0.41509433962264164
-0.8113207547169812
0.1603773584905661
-0.04716981132075482
-0.037735849056603876
0.4056603773584906
0.3113207547169812
-0.2547169811320755
0.8867924528301887
-0.8679245283018868
-0.9905660377358491
0.3018867924528301
RANK
157
211
16
91
197
48
117
159
82
32
73
181
151
125
210
179
175
44
195
110
202
169
140
12
187
127
161
20
41
167
36
96
62
88
97
21
108
13
104
138
63
136
64
172
182
29
52
69
126
178
74
6
174
153
17
106
137
148
24
188
9
150
186
113
55
168
109
67
107
80
147
156
57
144
66
75
1
79
146
208
112
40
65
111
33
154
18
81
173
199
19
134
31
77
124
191
95
7
133
2
184
204
205
90
164
198
194
120
43
142
50
85
129
141
114
98
27
149
135
35
115
61
131
203
86
71
23
25
28
130
152
15
100
183
155
68
83
46
212
207
22
193
93
30
39
78
123
3
121
206
201
54
99
60
87
102
0
11
59
72
166
176
163
4
128
76
84
14
26
34
180
37
47
70
177
143
165
56
132
139
53
196
42
171
185
8
89
94
145
49
92
116
189
119
58
200
170
192
118
160
209
158
190
45
10
101
162
38
5
122
105
51
103
