DEGREE
0.33333333333333326
-0.33333333333333337
0.33333333333333326
-0.7037037037037037
0.18518518518518512
0.7037037037037037
0.7777777777777777
0.2592592592592593
-0.6296296296296297
0.7777777777777777
-0.4814814814814815
0.40740740740740744
0.18518518518518512
0.4814814814814814
-0.40740740740740744
0.03703703703703698
-0.2592592592592593
0.40740740740740744
-0.9259259259259259
-0.6296296296296297
-0.18518518518518523
-0.2592592592592593
-1.0
-0.33333333333333337
-0.4814814814814815
-0.6296296296296297
-0.33333333333333337
0.18518518518518512
-0.33333333333333337
-0.6296296296296297
0.11111111111111116
0.5555555555555556
0.4814814814814814
-0.6296296296296297
-0.2592592592592593
-0.5555555555555556
0.8518518518518519
0.11111111111111116
0.5555555555555556
0.03703703703703698
-0.5555555555555556
-0.6296296296296297
0.11111111111111116
-0.18518518518518523
0.7037037037037037
-0.40740740740740744
-0.33333333333333337
0.7037037037037037
-0.2592592592592593
0.5555555555555556
-0.6296296296296297
-0.18518518518518523
-0.5555555555555556
-0.18518518518518523
-0.5555555555555556
-0.2592592592592593
0.5555555555555556
0.11111111111111116
-0.4814814814814815
-0.6296296296296297
0.8518518518518519
-0.4814814814814815
-0.5555555555555556
-0.11111111111111116
-0.33333333333333337
0.6296296296296295
0.7777777777777777
0.5555555555555556
-0.33333333333333337
0.11111111111111116
-0.4814814814814815
-0.03703703703703709
-0.33333333333333337
-0.33333333333333337
-0.18518518518518523
0.7777777777777777
-0.6296296296296297
0.03703703703703698
0.33333333333333326
-0.40740740740740744
0.11111111111111116
-0.2592592592592593
-0.18518518518518523
-0.7777777777777778
0.7037037037037037
0.40740740740740744
-0.2592592592592593
-0.40740740740740744
-0.40740740740740744
-0.7037037037037037
-0.8518518518518519
-0.2592592592592593
0.03703703703703698
-0.40740740740740744
-0.11111111111111116
-0.6296296296296297
0.7777777777777777
-0.7037037037037037
-0.7777777777777778
0.03703703703703698
0.6296296296296295
0.40740740740740744
-0.9259259259259259
-0.2592592592592593
1.0
-0.4814814814814815
-0.33333333333333337
-0.03703703703703709
-0.6296296296296297
-0.33333333333333337
0.9259259259259258
0.6296296296296295
0.11111111111111116
-0.5555555555555556
-0.6296296296296297
-0.33333333333333337
0.4814814814814814
0.18518518518518512
0.5555555555555556
0.6296296296296295
-0.6296296296296297
-0.6296296296296297
0.03703703703703698
0.33333333333333326
-0.5555555555555556
-0.6296296296296297
-0.11111111111111116
-0.33333333333333337
0.5555555555555556
-0.33333333333333337
0.4814814814814814
-0.4814814814814815
0.5555555555555556
-0.4814814814814815
-0.33333333333333337
-0.5555555555555556
0.7037037037037037
-0.40740740740740744
-0.18518518518518523
-0.18518518518518523
-0.2592592592592593
-0.2592592592592593
EIGENVECTOR
-0.15541629816198932
-0.9863079699392533
0.38175461593573456
-1.0
-0.3013189574281053
0.754823462227483
0.6445055178772905
-0.4415818533532262
-0.989619675959393
0.8419557343904496
-0.9977512911025079
0.2537168246745942
-0.04589875076051386
0.4747353973899211
-0.9892491479318
-0.4174249266676323
-0.9631497079211307
0.04353065031241621
-0.9969561373496248
-0.9988331368052766
-0.9949612106439926
-0.4441974440980272
-0.9991665290315788
-0.9920196455212476
-0.9977512911025079
-0.9492335911607566
-0.9515456770597991
0.018061793287653227
-0.9790058404069752
-0.9987988760218452
-0.10414721341280442
0.3926254699877867
0.31326431820598355
-0.9978560653532185
-0.688036116930119
-0.9943719904832123
0.4037292634248262
-0.015125358846905801
0.3183883037678501
-0.45459867599209713
-0.999621534624047
-0.9987988760218455
-0.4045311989284892
-0.32725966974248
0.6748582991083751
-0.9864060722583629
-0.9967393461853662
0.34501814174389267
-0.9862004634869876
0.37518024556938623
-0.7189110706505276
-0.7402049630096845
-0.9490872802702975
-0.589830623633924
-0.9922634652685841
-0.3559727795044174
0.37518024556938623
-0.2444797208111641
-0.9991047429451752
-0.9478354907991491
0.8798992168428004
-0.9951958014353323
-0.869920908413653
-0.6793510897708828
-0.8001003215858982
0.6727952150855556
0.8263923237759354
0.4008862170069858
-0.4282068793203029
-0.23869421442935168
-0.9977512911025079
-0.44980464292395095
-0.9723088685985927
-0.936052759232537
-0.921151832948726
0.8412554388555435
-0.9998538657402812
-0.5905582523395325
-0.09039748567343886
-0.9992395334193216
-0.1792292793350725
-0.30233450130008377
-0.9892693903659247
-0.9857890441898712
0.7555174144327992
-0.13028871505565798
-0.980970497662932
-0.8879523353488653
-0.9992395334193214
-0.9918078778284504
-0.9920556613840548
-0.9889534012341643
-0.3999332898484518
-0.9824950588069091
-0.9969602336581219
-0.9944235496358785
0.8167870288106087
-0.9496018923855514
-0.9381354032972998
-0.029657939348574636
0.2426791917618043
0.4131878923142511
-0.9921265937995206
-0.7704103206374396
1.0
-0.990541155595639
-0.9862089507245007
-0.9901946960557141
-0.6725773000811235
-0.9894001416214773
0.7170644521665732
0.6176115669640743
-0.4546456804048373
-0.6090118229920705
-0.9998538657402809
-0.6567050904876912
-0.12753095469984455
0.14272107646538346
0.10789163527751211
0.39684928490405147
-0.9021194017214852
-0.9988331368052767
-0.283716380071272
0.29258675157273384
-0.8857369380210504
-0.9940636160222631
-0.9977807761285747
-0.9725647931153182
0.40088621700698734
-0.4280408025059309
0.2414832195836456
-0.9897405327367659
0.2789065961210482
-0.989744860897609
-0.9951000974107335
-0.9905804644478532
0.4952619303772352
-0.6287992506258369
-0.9588280422975295
-0.897721015658032
-0.48822250012926827
-0.8550178619962854
CENT
-0.020772341583334963
-0.821026797053626
-0.729981211428844
-1.0
-0.8296167007631002
-0.5852927139857504
-0.33413872230255315
1.0
-0.9092828496550952
-0.6217827818489494
-0.9768316298671696
-0.8476369887105119
-0.6982197366908194
-0.8537541017384673
-0.7488861246299872
-0.5952978951890475
0.3809096759277044
-0.15467957617237438
-0.7897716064211235
-0.9819141962199267
-0.33804262623030257
-0.8631264102484433
-1.0
0.10223446534119485
-0.9768316298671696
-0.8393454380522476
-0.15193945714168822
-0.6091185234318601
-0.8335521414578325
-0.9993265930343107
-0.8851058422856761
-0.7786944435054387
-0.3437668799935454
-0.7223676242014188
-0.29850716889408213
-0.8349552034506436
0.2913183230219878
-0.8145089028499778
-0.8422340829542287
-0.730224474947013
-0.9784632993661422
-0.9993265930343107
-0.19999773466461435
-0.9702892607013323
-0.7477094366000054
-0.9758644789976686
-0.7231070153429129
-0.41480018797421214
-0.6823022297178853
-0.8636306567136548
-0.5758257685493122
-0.5581641436649256
-0.35204991606293934
0.5946688065144454
-0.7799120882577578
-0.9865286985196992
-0.8636306567136548
-0.7435170651125376
-0.7395854101744708
-0.8447659923693083
-0.6964727851421924
-0.8808683579227476
-0.9411433898362004
0.3067821863644049
0.43957905012677245
-0.3225858823755938
-0.4730648770725733
-0.7925074003761745
-0.9916307893417147
-0.8587197617674376
-0.9768316298671696
0.34980453932160116
-0.4383315043125908
-0.27615610213432795
0.15300089892813973
-0.7841540213033555
-0.9994739008080553
-0.5192676582470501
-0.7524880274215208
-0.9685550885301799
-0.12552908897250936
-0.9145818322739053
-0.1315460412044438
-0.8314771955239474
-0.7165707424179004
-0.6988646331497204
-0.44518244530833273
-0.6575954679014689
-0.9685550885301799
-0.9285417861568025
-0.92274257529705
-0.4785329208236828
-0.7637677919245084
-0.26544258727069747
-0.5215893655138863
-0.9744928546289262
-0.46430985301920646
-0.9161934770166877
-0.3687945961323116
0.4099171430766346
-0.756601615607687
-0.5004367904318932
-1.0
-0.7926498788084323
-0.03625829067118225
-0.8394222201801746
-0.3197098540564465
-0.2048814577156136
-0.9023339617009364
-0.4397926164014796
0.11900677462758558
-0.6316975581068445
-0.3712605793688245
-0.9885731471739349
-0.9994739008080553
-0.7620650874069783
0.9662839748163954
-0.8847506173423909
-0.4462686455886259
-0.14917494246604246
0.38814389004751937
-0.9819141962199267
-0.7598528517739358
-0.7216400045499841
-0.9482974125016439
-0.9762503065162573
-0.41281108345337325
-0.8054267415249847
-0.7925074003761745
-0.9789745054479273
-0.595818155167838
-0.8660596941994554
-0.6490007970031414
-0.9489060446837614
-0.6821862331087243
-0.9697433021976146
-0.1454952664431588
-0.9028338033216136
-0.18560811496474783
0.6825776735887337
-0.8765340567796742
-0.5015932832291536
DEGREE_RANK
0.47517730496453914
-0.33333333333333337
0.4893617021276595
-0.9148936170212766
0.404255319148936
0.8156028368794326
0.8865248226950353
0.46099290780141855
-0.8723404255319149
0.9007092198581559
-0.5460992907801419
0.5319148936170213
0.4184397163120568
0.5886524822695036
-0.43262411347517726
0.21985815602836878
-0.12056737588652477
0.5460992907801419
-0.9858156028368794
-0.8581560283687943
0.03546099290780136
-0.10638297872340419
-1.0
-0.3191489361702128
-0.5319148936170213
-0.8439716312056738
-0.3049645390070922
0.4326241134751774
-0.2907801418439716
-0.8297872340425532
0.3049645390070923
0.6453900709219857
0.6028368794326242
-0.8156028368794326
-0.09219858156028371
-0.6595744680851063
0.9574468085106385
0.3191489361702129
0.6595744680851063
0.23404255319148937
-0.6453900709219857
-0.8014184397163121
0.33333333333333326
0.049645390070921946
0.8297872340425532
-0.4184397163120568
-0.276595744680851
0.8439716312056738
-0.07801418439716312
0.6737588652482269
-0.7872340425531915
0.06382978723404253
-0.6312056737588652
0.07801418439716334
-0.6170212765957447
-0.06382978723404253
0.6879432624113475
0.34751773049645385
-0.5177304964539007
-0.7730496453900709
0.9716312056737588
-0.5035460992907801
-0.6028368794326241
0.14893617021276606
-0.26241134751773043
0.7588652482269505
0.9148936170212765
0.7021276595744681
-0.24822695035460995
0.36170212765957444
-0.4893617021276596
0.1914893617021276
-0.23404255319148937
-0.2198581560283689
0.09219858156028371
0.9290780141843973
-0.7588652482269503
0.24822695035460995
0.5035460992907801
-0.4042553191489362
0.375886524822695
-0.04964539007092206
0.1063829787234043
-0.9432624113475178
0.8581560283687943
0.5602836879432622
-0.03546099290780136
-0.3900709219858156
-0.375886524822695
-0.900709219858156
-0.9574468085106383
-0.02127659574468077
0.26241134751773054
-0.36170212765957444
0.16312056737588643
-0.7446808510638299
0.9432624113475179
-0.8865248226950355
-0.9290780141843972
0.27659574468085113
0.773049645390071
0.5744680851063828
-0.9716312056737588
-0.007092198581560294
1.0
-0.475177304964539
-0.2056737588652482
0.2056737588652482
-0.7304964539007092
-0.1914893617021276
0.9858156028368794
0.7872340425531916
0.3900709219858156
-0.5886524822695036
-0.7163120567375887
-0.17730496453900713
0.6170212765957448
0.44680851063829796
0.7163120567375887
0.801418439716312
-0.7021276595744681
-0.6879432624113475
0.2907801418439717
0.5177304964539007
-0.574468085106383
-0.6737588652482269
0.17730496453900702
-0.16312056737588654
0.730496453900709
-0.14893617021276595
0.6312056737588654
-0.46099290780141833
0.7446808510638296
-0.44680851063829785
-0.13475177304964547
-0.5602836879432624
0.8723404255319149
-0.34751773049645385
0.12056737588652489
0.13475177304964547
0.007092198581560183
0.02127659574468077
EIGENVECTOR_RANK
0.3900709219858156
-0.4042553191489362
0.7021276595744681
-1.0
0.3191489361702129
0.9007092198581559
0.8439716312056738
0.1914893617021276
-0.4893617021276596
0.9716312056737588
-0.8014184397163121
0.5886524822695036
0.46099290780141855
0.801418439716312
-0.44680851063829785
0.23404255319148937
-0.276595744680851
0.5177304964539007
-0.7446808510638299
-0.8865248226950355
-0.6879432624113475
0.17730496453900702
-0.9148936170212766
-0.5886524822695036
-0.7872340425531915
-0.2198581560283689
-0.24822695035460995
0.5035460992907801
-0.3191489361702128
-0.8581560283687943
0.4326241134751774
0.7163120567375887
0.6312056737588654
-0.8297872340425532
0.007092198581560183
-0.6595744680851063
0.773049645390071
0.4893617021276595
0.6453900709219857
0.14893617021276606
-0.9574468085106383
-0.8439716312056738
0.24822695035460995
0.2907801418439717
0.8723404255319149
-0.4184397163120568
-0.7304964539007092
0.6595744680851063
-0.375886524822695
0.6737588652482269
-0.007092198581560294
-0.02127659574468077
-0.2056737588652482
0.1063829787234043
-0.6312056737588652
0.27659574468085113
0.6879432624113475
0.34751773049645385
-0.900709219858156
-0.1914893617021276
0.9858156028368794
-0.7163120567375887
-0.07801418439716312
0.02127659574468077
-0.04964539007092206
0.8581560283687943
0.9432624113475179
0.7446808510638296
0.2056737588652482
0.36170212765957444
-0.7730496453900709
0.16312056737588643
-0.2907801418439716
-0.16312056737588654
-0.14893617021276595
0.9574468085106385
-0.9858156028368794
0.09219858156028371
0.44680851063829796
-0.9290780141843972
0.375886524822695
0.3049645390070923
-0.46099290780141833
-0.36170212765957444
0.9148936170212765
0.404255319148936
-0.33333333333333337
-0.10638297872340419
-0.9432624113475178
-0.574468085106383
-0.6028368794326241
-0.43262411347517726
0.26241134751773054
-0.34751773049645385
-0.7588652482269503
-0.6737588652482269
0.9290780141843973
-0.23404255319148937
-0.17730496453900713
0.47517730496453914
0.5744680851063828
0.7872340425531916
-0.6170212765957447
-0.03546099290780136
1.0
-0.5460992907801419
-0.3900709219858156
-0.5319148936170213
0.03546099290780136
-0.475177304964539
0.8865248226950353
0.8297872340425532
0.13475177304964547
0.07801418439716334
-0.9716312056737588
0.049645390070921946
0.4184397163120568
0.5460992907801419
0.5319148936170213
0.730496453900709
-0.13475177304964547
-0.8723404255319149
0.33333333333333326
0.6170212765957448
-0.09219858156028371
-0.6453900709219857
-0.8156028368794326
-0.3049645390070922
0.7588652482269505
0.21985815602836878
0.5602836879432622
-0.5035460992907801
0.6028368794326242
-0.5177304964539007
-0.7021276595744681
-0.5602836879432624
0.8156028368794326
0.06382978723404253
-0.26241134751773043
-0.12056737588652477
0.12056737588652489
-0.06382978723404253
CENT_RANK
0.801418439716312
-0.24822695035460995
0.03546099290780136
-1.0
-0.26241134751773043
0.27659574468085113
0.5744680851063828
1.0
-0.5602836879432624
0.21985815602836878
-0.8014184397163121
-0.375886524822695
0.12056737588652489
-0.3900709219858156
-0.03546099290780136
0.26241134751773054
0.9007092198581559
0.7021276595744681
-0.16312056737588654
-0.8581560283687943
0.5602836879432622
-0.4184397163120568
-0.9858156028368794
0.8156028368794326
-0.7872340425531915
-0.3191489361702128
0.7163120567375887
0.23404255319148937
-0.2907801418439716
-0.9290780141843972
-0.5177304964539007
-0.12056737588652477
0.5460992907801419
0.06382978723404253
0.6170212765957448
-0.3049645390070922
0.8581560283687943
-0.23404255319148937
-0.34751773049645385
0.02127659574468077
-0.8156028368794326
-0.9148936170212766
0.6737588652482269
-0.7163120567375887
-0.02127659574468077
-0.7446808510638299
0.049645390070921946
0.47517730496453914
0.14893617021276606
-0.44680851063829785
0.2907801418439717
0.3049645390070923
0.5319148936170213
0.9574468085106385
-0.13475177304964547
-0.8723404255319149
-0.43262411347517726
-0.007092198581560294
0.007092198581560183
-0.36170212765957444
0.13475177304964547
-0.4893617021276596
-0.6312056737588652
0.8723404255319149
0.9432624113475179
0.5886524822695036
0.3900709219858156
-0.1914893617021276
-0.900709219858156
-0.4042553191489362
-0.7730496453900709
0.8865248226950353
0.46099290780141855
0.6312056737588654
0.8439716312056738
-0.14893617021276595
-0.9574468085106383
0.33333333333333326
-0.04964539007092206
-0.6879432624113475
0.773049645390071
-0.574468085106383
0.7588652482269505
-0.276595744680851
0.09219858156028371
0.1063829787234043
0.4326241134751774
0.17730496453900702
-0.6737588652482269
-0.6170212765957447
-0.6028368794326241
0.375886524822695
-0.10638297872340419
0.6453900709219857
0.3191489361702129
-0.7304964539007092
0.404255319148936
-0.5886524822695036
0.5177304964539007
0.9290780141843973
-0.06382978723404253
0.36170212765957444
-0.9716312056737588
-0.2056737588652482
0.7872340425531916
-0.33333333333333337
0.6028368794326242
0.6595744680851063
-0.5319148936170213
0.44680851063829796
0.8297872340425532
0.2056737588652482
0.5035460992907801
-0.8865248226950355
-0.9432624113475178
-0.09219858156028371
0.9858156028368794
-0.5035460992907801
0.4184397163120568
0.730496453900709
0.9148936170212765
-0.8439716312056738
-0.07801418439716312
0.07801418439716334
-0.6453900709219857
-0.7588652482269503
0.4893617021276595
-0.2198581560283689
-0.17730496453900713
-0.8297872340425532
0.24822695035460995
-0.46099290780141833
0.1914893617021276
-0.6595744680851063
0.16312056737588643
-0.7021276595744681
0.7446808510638296
-0.5460992907801419
0.6879432624113475
0.9716312056737588
-0.475177304964539
0.34751773049645385
RANK
3
22
102
76
114
29
41
68
113
55
19
121
129
40
10
24
70
125
45
95
43
135
79
88
133
124
62
89
90
97
81
8
137
108
30
117
61
140
131
49
56
21
69
13
11
59
38
105
25
35
28
83
4
1
37
127
103
67
128
18
75
54
31
92
115
122
100
78
14
44
57
58
39
2
46
33
123
84
85
12
60
48
134
87
132
111
9
27
130
15
5
50
51
94
77
141
101
91
66
96
118
86
109
72
47
126
112
98
52
32
20
6
65
106
34
73
93
107
42
138
17
26
119
136
82
80
104
0
23
110
74
36
63
71
16
120
99
64
53
139
116
7
