DEGREE
-0.6
-0.19999999999999996
0.10000000000000009
0.30000000000000004
-0.4
-0.4
0.8999999999999999
0.30000000000000004
0.7
-0.19999999999999996
0.19999999999999996
0.19999999999999996
-0.19999999999999996
-0.19999999999999996
0.6000000000000001
-0.5
-0.19999999999999996
0.0
0.19999999999999996
0.3999999999999999
0.10000000000000009
0.7
-0.19999999999999996
0.0
-0.5
-0.30000000000000004
0.30000000000000004
0.8999999999999999
-0.09999999999999998
-0.6
0.3999999999999999
0.3999999999999999
-0.19999999999999996
-0.5
0.0
-0.19999999999999996
0.30000000000000004
-0.19999999999999996
-0.09999999999999998
-0.5
0.19999999999999996
0.10000000000000009
-0.09999999999999998
0.3999999999999999
0.0
-0.30000000000000004
-0.30000000000000004
-0.5
0.0
0.3999999999999999
-0.5
0.6000000000000001
0.3999999999999999
0.0
0.8999999999999999
0.30000000000000004
0.0
0.7
-0.19999999999999996
-0.09999999999999998
0.19999999999999996
0.0
-0.19999999999999996
-0.4
0.30000000000000004
0.5
-0.4
0.5
-0.6
0.6000000000000001
0.19999999999999996
-0.09999999999999998
-0.8
-0.19999999999999996
0.30000000000000004
0.3999999999999999
0.10000000000000009
-0.09999999999999998
0.30000000000000004
0.0
-0.6
-0.30000000000000004
0.10000000000000009
0.19999999999999996
0.8999999999999999
-0.09999999999999998
0.0
-0.4
-0.4
-0.7
-0.4
0.0
0.10000000000000009
0.30000000000000004
0.0
0.0
-0.6
0.7
0.8
0.19999999999999996
0.0
0.19999999999999996
0.19999999999999996
-0.5
0.10000000000000009
-0.6
-0.5
0.19999999999999996
0.30000000000000004
-0.5
0.0
-0.4
0.6000000000000001
-0.09999999999999998
-0.19999999999999996
-0.5
-0.09999999999999998
-0.09999999999999998
-0.19999999999999996
-0.19999999999999996
-0.4
-0.7
0.5
-0.7
0.3999999999999999
-0.19999999999999996
0.10000000000000009
-0.5
0.3999999999999999
0.5
-0.19999999999999996
-0.5
0.0
0.7
0.3999999999999999
-0.5
-0.30000000000000004
0.8
0.19999999999999996
0.10000000000000009
-0.7
0.19999999999999996
-0.5
-0.5
0.6000000000000001
0.30000000000000004
0.30000000000000004
-0.4
-0.09999999999999998
0.19999999999999996
-0.19999999999999996
0.10000000000000009
0.19999999999999996
-0.19999999999999996
-0.30000000000000004
0.0
-0.4
0.10000000000000009
0.6000000000000001
-0.19999999999999996
-0.5
0.19999999999999996
1.0
-0.09999999999999998
-0.19999999999999996
0.0
0.0
-0.9
0.7
-0.30000000000000004
-0.19999999999999996
1.0
0.10000000000000009
-0.09999999999999998
-0.6
0.5
0.19999999999999996
0.19999999999999996
0.0
-0.19999999999999996
0.0
-0.09999999999999998
0.30000000000000004
0.10000000000000009
1.0
-0.30000000000000004
-0.6
-0.6
0.7
-0.5
-0.19999999999999996
0.30000000000000004
0.3999999999999999
-0.09999999999999998
-0.4
-1.0
-0.30000000000000004
-0.30000000000000004
0.7
-0.30000000000000004
-0.4
-0.30000000000000004
-0.6
-0.09999999999999998
-0.09999999999999998
-0.09999999999999998
-0.6
0.10000000000000009
-0.7
0.30000000000000004
1.0
-0.19999999999999996
0.10000000000000009
0.19999999999999996
-0.19999999999999996
0.30000000000000004
0.30000000000000004
0.10000000000000009
0.6000000000000001
-0.19999999999999996
0.10000000000000009
-0.5
0.0
-0.30000000000000004
0.19999999999999996
0.0
-0.09999999999999998
0.0
0.6000000000000001
-0.30000000000000004
0.10000000000000009
0.8999999999999999
0.8999999999999999
-0.09999999999999998
-0.30000000000000004
0.3999999999999999
-0.30000000000000004
-0.09999999999999998
-0.4
0.8
-0.19999999999999996
0.19999999999999996
0.3999999999999999
0.19999999999999996
0.8
-0.4
-0.09999999999999998
-0.7
0.19999999999999996
-0.19999999999999996
0.10000000000000009
-0.09999999999999998
-0.19999999999999996
-0.19999999999999996
0.5
-0.19999999999999996
0.30000000000000004
-0.30000000000000004
-0.4
0.7
-0.19999999999999996
-0.19999999999999996
-0.30000000000000004
-0.19999999999999996
0.6000000000000001
-0.8
-0.30000000000000004
0.10000000000000009
-0.4
0.0
0.30000000000000004
-0.19999999999999996
0.0
0.3999999999999999
0.3999999999999999
0.19999999999999996
0.6000000000000001
0.10000000000000009
-0.19999999999999996
-0.30000000000000004
0.30000000000000004
0.6000000000000001
-0.9
-0.09999999999999998
-0.6
-0.09999999999999998
0.10000000000000009
0.0
0.30000000000000004
-0.8
-0.5
0.0
-0.4
0.7
-0.09999999999999998
EIGENVECTOR
-0.999099057155054
-0.7407807052581092
-0.8522373326773456
-0.12858708360689786
-0.9987638160080964
-0.9997019650168804
0.6132054249081784
-0.993136703216554
0.7658173823934893
-0.9977307986308495
-0.1279208836779152
-0.9989504017752514
-0.9911974215130163
-0.6085338884666296
-0.9745500158545242
-0.9983615865776944
-0.9905296665139276
-0.9531296098514177
-0.9982485461667193
-0.9395518613546607
-0.9328816324659116
-0.9726649832863928
-0.9998283865483335
-0.995862046541657
-0.9999845745901089
-0.9729932060534782
-0.8926511396747917
0.8514463499054956
-0.8771445855602342
-0.9997702299807425
-0.7877798054871782
-0.9090744034698524
-0.9632668915953263
-0.9959948032291693
-0.9702681814947749
-0.9995375843315568
-0.09611927322223834
-0.9999553531373564
-0.9955271089544314
-0.9992340299016512
-0.9696413012327061
-0.9986926147172323
-0.5389831544673127
-0.9497021163638102
-0.9869361969730668
-0.9617645924505585
-0.9930105790344209
-0.9485022795853105
-0.5361736167408745
-0.9657386569096338
-0.9976949021318149
-0.9219140934130492
0.384865931006354
-0.9955491741748087
0.7592620422416116
-0.9892300573640408
-0.9980414514841102
0.505741261172364
-0.9999264612333156
-0.9883897243864644
-0.9820878456837754
-0.40789476255662105
-0.9998255272218453
-0.9989409763151511
-0.09543095342347951
-0.9812002816874927
-0.9958462680259824
-0.9073069895897895
-0.9999867982185036
-0.8855369717388508
-0.16910377645479968
-0.9906242802737643
-0.9999586399016085
-0.9922690292584297
-0.9397386723867726
0.11592397478511995
-0.9567560465270308
-0.9908839620703047
-0.2136377659323574
-0.993210780012987
-0.9995426096775722
-0.9981124329935862
-0.37296621961644805
-0.9776263507686495
1.0
-0.984454890254579
-0.9968922820775888
-0.9999192994175576
-0.9961486526051665
-0.9993343164375215
-0.7402988959604819
-0.7547734279561622
-0.8017934456983571
-0.9800544718907096
-0.9998549392017244
-0.9416833548377238
-0.9999599648856455
-0.9340294200205997
0.5093031220199091
-0.9886544760083873
-0.9855074109371015
-0.985002044177026
-0.9865538981408992
-0.9976416435054389
-0.31308021357632443
-0.9983638241728224
-0.9999439726281046
-0.945947259959406
-0.9135424808731072
-0.9999259491130105
-0.9979717857894088
-0.9978013307575396
-0.9633949324410919
-0.9041070612599205
-0.9994162747103692
-0.9988721080740789
-0.9983730359947328
-0.39631666236295005
-0.9971141816536551
-0.9907255016751337
-0.8993551535616374
-0.9997921576296683
-0.9621300160984126
-0.9998384637048123
0.1741828949285249
-0.9998513493025597
-0.991198624141722
-0.7165187013100625
-0.9705234794959774
-0.10092831706726813
-0.9961443259616112
-0.9999743265953223
-0.9956317470974635
-0.8626220382142759
-0.9627975026945337
-0.9999743265953223
-0.9996106803433173
0.9147142694480344
-0.9531972121728145
-0.9760017864620784
-0.9993343164375214
-0.9940262066118437
-0.9999659327073787
-0.995849369837464
0.11359758632725336
-0.9307837712319013
-0.9852277415310899
-0.9537730364882743
-0.9972540593816485
-0.8843727993358336
-0.6624664005005946
-0.9986997235284473
-0.991028029154553
-0.9926991122535378
-0.9931966290781487
-0.9974781725740454
-0.9960194238098863
-0.9989387955483969
-0.964432252270691
-0.998044144404757
-0.9999674687281468
-0.35750210472149757
0.8033656016571611
-0.9528290142570692
-0.9990177791423138
-0.997806653190515
-0.9855074109371015
-1.0
-0.875903054604187
-0.9844450540123877
-0.9980477570702021
0.38878614389723376
-0.5442823712364844
-0.9999553763638293
-0.9993779702857891
-0.9735156005672452
-0.995712554098398
-0.8331552722575232
-0.9859560857342495
-0.9953479471623679
-0.9419788781258045
-0.999665483251026
-0.9478487331866782
-0.9974426787547421
0.93448960469442
-0.996782766369025
-0.9993779702857891
-0.9506987526561744
0.3958880358314425
-0.9999265427877579
-0.9956939254978382
-0.978858813836606
-0.9900079756927938
-0.9949607309450399
-0.994463084425855
-0.9964295186927783
-0.9926607870387042
-0.9991926419832147
0.7381326388087361
-0.9973544573481756
-0.9998872279273237
-0.9993660185752424
-0.8731858046291112
-0.992952726052796
-0.8212468277895766
-0.9998847940916684
-0.9999797610651193
-0.9930176518452238
-0.9952459850712626
-0.9828997141604439
0.9506143436612451
-0.9905296665139275
-0.9837802267284618
-0.9705509754362431
-0.9967430208791503
-0.7286130514669531
-0.935982308765128
-0.9986667009056999
-0.8220904381449121
-0.9739416156092907
-0.9993831194467098
-0.9983615865776944
-0.9869361969730669
-0.9994352207867103
-0.9978653370762511
-0.43383962667478737
-0.7603269550032961
-0.9928249966484228
0.7513702638392392
-0.9959012226695239
-0.9995033234605109
0.7466112839943995
0.6132054249081782
-0.333309629068959
-0.9940152875839895
-0.035874268093817885
-0.9844450540123877
-0.412260921168364
-0.9960194238098863
0.19443622058826993
-0.5375262781203072
-0.6249641600115015
-0.9702621137996206
-0.9455739380563046
-0.8420704524204401
-0.9994241530136013
-0.9877703388371069
-0.964865670954179
-0.9823061452646421
-0.9881591007576377
-0.9567560465270308
-0.9923746585911947
-0.9993639261409386
-0.9988529121454788
-0.08504344006590014
-0.9971141816536551
-0.7007708815270874
-0.99479757616855
-0.9978013307575396
0.4665651776190305
-0.9958619078090896
-0.9878672313544222
-0.9993660185752424
-0.9998899458440363
0.6099362824420349
-0.9700969435309394
-0.9476928607785796
-0.9328816324659116
-0.9999127726375693
-0.966198402161253
0.12003557939407683
-0.9993514569619604
-0.9992859766237733
-0.9882098632305364
-0.9913367860819706
-0.9655509223885502
0.3505627365316344
-0.8940592207137849
-0.997374414815029
-0.9957609390906879
-0.882750579640281
0.024036509429650188
-0.9895115084982471
-0.9979281510750063
-0.9999797610651193
-0.82339782658412
-0.4183755117798367
-0.9989475733900842
-0.2623015675398742
-0.9996935404594935
-0.9981215936689608
-0.666711681986926
-0.999582002643111
0.8246747604572298
-0.9987818669793136
CENT
-0.9927132388444896
-0.5794303108317302
-0.9424911783083841
-0.9041617812944692
-0.6110842803887654
-0.5175892061144327
-0.6931110864628685
-0.27472804602383216
-0.7254629725440294
-0.862721599118657
-0.43029333979557205
-0.46989782480999265
-0.8009258906459298
-0.9490354319990459
-0.17451456820359013
-0.9918007248714058
-0.7715136664974455
-0.672593601222874
-0.8043769945886329
-0.2995358029274915
-0.9630054763928881
0.1791512576089056
-0.5233129154523812
-0.8388197024141987
-0.9989481193550309
-0.6909495416936206
-0.2914750696019289
0.039617344492665296
-0.38529133792574777
-0.7084094459085521
-0.5586049762811363
-0.5605562652612011
-0.4028309126720949
-0.9289455803503358
-0.400226112415741
-0.8522037811305354
-0.34855192017818415
-0.866455678388633
-0.37080520777563153
-0.8545386419790992
-0.5138339817234097
-0.648477067045339
-0.8856364897965406
-0.5920186965434335
-0.7512457409586328
-0.6898707390557317
-0.80716087515993
-0.717155251206423
-0.7073070488055437
-0.6520571137052112
-0.9583055657867589
-0.3247603178587568
-0.4062768168150126
-0.517988083302489
0.1199340379176943
0.2374092014638165
-0.5043844100548839
-0.3823332336201427
-0.9167081111330254
-0.47807868742197146
-0.6838680881038746
-0.561015675944499
-0.9733514500912439
-0.7429017108074776
-0.16972485125549186
-0.4571294944359079
-0.9627745110095375
-0.6822861440580442
-0.9997406321697336
-0.7985125082254765
-0.20598444912743308
-0.8599914022795287
-0.9872369142387357
-0.8011179019738884
-0.354195481592128
-0.7472288979984344
-0.7130609002975012
-0.7573994830086904
-0.9353892024996444
-0.520156488125094
-0.9636160886378684
-0.9234077929400795
-0.9828081059507691
-0.41191209910677773
-0.728943763135915
0.25082097648080337
-0.9021064828609391
-0.9680249682266014
-0.9463431222017707
-1.0
-0.8936542192199862
0.7143980617839047
0.09420850082423216
-0.8001206972524955
-0.8299392293692424
-0.8554823892169083
-0.9904760392949313
0.36272595367151195
-0.835121152439124
-0.6998253398213206
-0.8389736526260638
-0.4046739571106104
-0.4326441379932633
-0.9917626598285842
-0.4581274149762541
-0.951822575657926
-0.8782594141404362
-0.5868342763572807
-0.607011907137293
-0.9832472845167637
-0.6509412593754129
-0.9483989358193639
-0.34123170977381423
-0.21041660311977128
-0.7147558769158704
-0.9915836157356082
-0.9246242100553168
-0.6399895130373903
-0.8668203008823864
-0.7219783550225095
-0.7991656532238505
-0.9464907489197844
0.1601291769911537
-0.8720913627025249
-0.7059305184188613
-0.8472929308065819
-0.5825470373137509
-0.9702514231355027
-0.6334719820936539
-0.1731232261882072
-0.45565677152101725
-0.9704755218843585
-0.5220738028270209
-0.175632894768053
-0.45280126148442656
-0.9704755218843585
-0.866795496620254
-0.7736926520791647
-0.5087543021802945
-0.7768066163351299
-1.0
-0.5699573415657965
-0.9732571931873386
-0.7982982137987936
-0.45424539337957504
-0.6613566757053787
-0.5220582206792757
-0.783268989850755
-0.7066685169803902
-0.9265927304293619
-0.10407009195061978
-0.7717323042242499
0.3637555168048692
-0.6549444682213195
-0.9434734425321452
-0.5274397195102811
-0.9883797202454435
-0.8880896640872326
-0.737249269612025
-0.5779428952237723
-0.9549356017515581
-0.9698811660262449
-0.22051258286972908
1.0
-0.537014309983143
-0.6866842753553764
-0.8389736526260638
-1.0
-0.731616886124868
-0.9881828125135548
-0.6738180529399935
-0.7436806411996926
-0.6166812331928019
-0.8107066028116953
-0.9940678351200137
-0.6971031912476116
0.3017983097689638
-0.08782905872133684
-0.4707598465748084
-0.5810934626200435
-0.5318857473187496
-0.6906515523151839
-0.4122002728282034
-0.6365639246294889
-0.5295768995927971
0.4210378841621323
-0.9940678351200137
-0.9694424697536815
-0.6827415009750954
-0.8954482054761038
-0.8894454175809987
-0.6944440507607863
-0.6593879153703486
-0.6919780092405381
-0.969418659412709
-1.0
-0.879098348453087
-0.8904920149957787
-0.607911037271831
-0.6950385311800704
-0.8884114968183998
-0.8679435930802344
-0.8796993831924089
-0.5255952256246483
-0.2586450273076111
-0.9034627997721993
-0.9997406321697336
-0.12507944286547334
-1.0
-0.11788032838428819
-0.35907795891947847
-0.7715136664974455
-0.7533107175209345
-0.701348897677454
-0.14602939216591926
0.21693206316130365
-0.28038336232924077
-0.5993050280567558
-0.523947914964265
-0.6362914932034387
-0.692194955025102
-0.9918007248714058
-0.7512457409586328
-0.980960230994452
-0.5474597740082936
-0.9927565810850105
0.2266627192733326
-0.6294314733330915
-0.5810704421436266
-0.9806413444172539
-0.5194736678153925
-0.5230984579132023
-0.6931110864628685
-0.8311372645002223
-0.9520306609193093
0.8487838903902285
-0.9881828125135548
-0.8636546702970124
-0.9883797202454435
-0.8052694477758693
-0.9979208527638005
-0.035233887138502396
-0.5706359531032141
-0.24435066830419117
-0.3430084966211253
-0.9627303102176389
0.14664890525358976
-0.9708865228446941
-0.5743496582015316
-0.8500353552236809
-0.7130609002975012
-0.8370894828237849
-0.970737649667216
-0.8757465761469782
0.9444820342782412
-0.8668203008823864
-0.3267174835978982
-0.7201795888461847
-0.9483989358193639
-0.6209810737877359
-0.7014229712723867
-0.5189256138619871
-0.8679435930802344
-0.9284493709302115
-0.5427080194781502
-1.0
-0.5105963326464131
-0.9630054763928881
-0.810534749192416
-0.17687726349494803
-0.9107316704818932
-0.6901713000594827
-0.5584754571547315
-0.7619530330093516
-0.36642104162602673
-0.12506573872687865
-0.7170135774960049
-0.15488821749282422
-0.07480013509638916
-0.9376575822845703
-0.7829458549543423
-0.7311313745780539
-0.9763253431550167
-0.7534801338237378
-0.9997406321697336
0.23988932302641208
-0.9865421594636995
-0.9147661621190959
-0.1910682699245111
-1.0
-0.9471878795190198
-0.8572596018349012
-0.6320488777071878
-0.8363676311016623
-0.7701876358188744
DEGREE_RANK
-0.9183673469387755
-0.44897959183673475
0.17006802721088432
0.48299319727891143
-0.7074829931972789
-0.7006802721088435
0.9387755102040818
0.48979591836734704
0.8435374149659864
-0.44217687074829937
0.3197278911564627
0.3265306122448979
-0.435374149659864
-0.4285714285714286
0.7687074829931975
-0.8367346938775511
-0.4217687074829932
-0.020408163265306145
0.3333333333333335
0.6258503401360545
0.17687074829931992
0.8503401360544216
-0.41496598639455784
-0.013605442176870763
-0.8299319727891157
-0.5850340136054422
0.4965986394557822
0.945578231292517
-0.19727891156462585
-0.9115646258503401
0.6326530612244898
0.639455782312925
-0.40816326530612246
-0.8231292517006803
-0.006802721088435382
-0.4013605442176871
0.5034013605442178
-0.3945578231292517
-0.19047619047619047
-0.8163265306122449
0.34013605442176864
0.18367346938775508
-0.1836734693877552
0.6462585034013606
-1.1102230246251565e-16
-0.5782312925170068
-0.5714285714285714
-0.8095238095238095
0.006802721088435382
0.6530612244897958
-0.8027210884353742
0.7755102040816326
0.6598639455782314
0.013605442176870763
0.9523809523809526
0.510204081632653
0.020408163265306145
0.8571428571428572
-0.3877551020408163
-0.1768707482993198
0.34693877551020424
0.027210884353741527
-0.38095238095238093
-0.6938775510204082
0.5170068027210886
0.7278911564625852
-0.6870748299319729
0.7346938775510203
-0.9047619047619048
0.7823129251700682
0.3537414965986394
-0.17006802721088443
-0.9795918367346939
-0.37414965986394555
0.5238095238095237
0.6666666666666665
0.1904761904761907
-0.16326530612244905
0.5306122448979593
0.03401360544217691
-0.8979591836734694
-0.564625850340136
0.19727891156462585
0.360544217687075
0.9591836734693877
-0.15646258503401367
0.04081632653061229
-0.6802721088435375
-0.6734693877551021
-0.9591836734693877
-0.6666666666666667
0.04761904761904767
0.20408163265306123
0.5374149659863945
0.054421768707483054
0.061224489795918435
-0.891156462585034
0.8639455782312924
0.9115646258503403
0.36734693877551017
0.06802721088435382
0.37414965986394577
0.38095238095238093
-0.7959183673469388
0.2108843537414966
-0.8843537414965986
-0.7891156462585034
0.38775510204081653
0.5442176870748301
-0.782312925170068
0.0748299319727892
-0.6598639455782314
0.7891156462585034
-0.1496598639455783
-0.3673469387755103
-0.7755102040816326
-0.1428571428571429
-0.13605442176870752
-0.3605442176870749
-0.3537414965986395
-0.653061224489796
-0.9523809523809523
0.7414965986394559
-0.945578231292517
0.6734693877551021
-0.34693877551020413
0.217687074829932
-0.7687074829931972
0.6802721088435373
0.7482993197278911
-0.34013605442176875
-0.7619047619047619
0.08163265306122458
0.870748299319728
0.6870748299319729
-0.7551020408163266
-0.5578231292517006
0.9183673469387754
0.3945578231292517
0.22448979591836737
-0.9387755102040817
0.4013605442176871
-0.7482993197278912
-0.7414965986394558
0.795918367346939
0.5510204081632653
0.5578231292517009
-0.6462585034013606
-0.12925170068027214
0.40816326530612246
-0.33333333333333337
0.23129251700680276
0.41496598639455784
-0.326530612244898
-0.5510204081632653
0.08843537414965974
-0.6394557823129252
0.23809523809523814
0.8027210884353742
-0.3197278911564626
-0.7346938775510204
0.4217687074829932
0.9795918367346941
-0.12244897959183676
-0.3129251700680272
0.09523809523809534
0.1020408163265305
-0.9931972789115646
0.8775510204081631
-0.54421768707483
-0.30612244897959184
0.9863945578231292
0.24489795918367352
-0.11564625850340138
-0.8775510204081632
0.7551020408163267
0.4285714285714286
0.435374149659864
0.10884353741496611
-0.2993197278911566
0.11564625850340127
-0.108843537414966
0.564625850340136
0.2517006802721089
0.9931972789115648
-0.5374149659863946
-0.870748299319728
-0.8639455782312926
0.8843537414965987
-0.7278911564625851
-0.2925170068027212
0.5714285714285716
0.693877551020408
-0.10204081632653061
-0.6326530612244898
-1.0
-0.5306122448979592
-0.5238095238095238
0.8911564625850339
-0.5170068027210885
-0.6258503401360545
-0.5102040816326531
-0.8571428571428572
-0.09523809523809534
-0.08843537414965996
-0.08163265306122458
-0.8503401360544218
0.2585034013605443
-0.9319727891156463
0.5782312925170068
1.0
-0.2857142857142858
0.26530612244897966
0.44217687074829937
-0.2789115646258504
0.5850340136054424
0.5918367346938775
0.2721088435374148
0.8095238095238095
-0.27210884353741505
0.2789115646258504
-0.7210884353741497
0.12244897959183687
-0.5034013605442178
0.44897959183673475
0.12925170068027203
-0.0748299319727892
0.13605442176870763
0.8163265306122449
-0.4965986394557824
0.2857142857142856
0.9659863945578233
0.9727891156462585
-0.06802721088435382
-0.48979591836734704
0.7006802721088436
-0.48299319727891166
-0.061224489795918435
-0.6190476190476191
0.925170068027211
-0.26530612244897966
0.4557823129251699
0.7074829931972788
0.4625850340136055
0.9319727891156462
-0.6122448979591837
-0.054421768707483054
-0.9251700680272109
0.46938775510204067
-0.2585034013605443
0.2925170068027212
-0.04761904761904767
-0.2517006802721089
-0.24489795918367352
0.7619047619047619
-0.23809523809523814
0.5986394557823131
-0.4761904761904763
-0.6054421768707483
0.8979591836734695
-0.23129251700680276
-0.22448979591836737
-0.4693877551020409
-0.217687074829932
0.8231292517006801
-0.9727891156462585
-0.4625850340136055
0.29931972789115635
-0.5986394557823129
0.1428571428571428
0.6054421768707483
-0.2108843537414966
0.1496598639455784
0.7142857142857144
0.7210884353741496
0.4761904761904763
0.8299319727891157
0.30612244897959195
-0.20408163265306123
-0.45578231292517013
0.6122448979591837
0.8367346938775508
-0.9863945578231292
-0.04081632653061229
-0.8435374149659864
-0.03401360544217691
0.3129251700680271
0.15646258503401356
0.6190476190476191
-0.9659863945578231
-0.7142857142857143
0.16326530612244916
-0.5918367346938775
0.9047619047619047
-0.027210884353741527
EIGENVECTOR_RANK
-0.6462585034013606
0.5986394557823131
0.5306122448979593
0.7687074829931975
-0.5850340136054422
-0.8027210884353742
0.9183673469387754
-0.1836734693877552
0.9523809523809526
-0.44897959183673475
0.7755102040816326
-0.6326530612244898
-0.108843537414966
0.6530612244897958
0.13605442176870763
-0.5374149659863946
-0.06802721088435382
0.30612244897959195
-0.5306122448979592
0.38775510204081653
0.40816326530612246
0.16326530612244916
-0.8299319727891157
-0.3129251700680272
-0.9863945578231292
0.15646258503401356
0.4761904761904763
0.9727891156462585
0.5034013605442178
-0.8095238095238095
0.5782312925170068
0.44217687074829937
0.2517006802721089
-0.326530612244898
0.18367346938775508
-0.7619047619047619
0.7891156462585034
-0.9183673469387755
-0.2517006802721089
-0.6598639455782314
0.20408163265306123
-0.5714285714285714
0.6666666666666665
0.3265306122448979
-1.1102230246251565e-16
0.2721088435374148
-0.17006802721088443
0.3333333333333335
0.6802721088435373
0.217687074829932
-0.44217687074829937
0.4285714285714286
0.8639455782312924
-0.2585034013605443
0.945578231292517
-0.04761904761904767
-0.4965986394557824
0.8911564625850339
-0.8979591836734694
-0.03401360544217691
0.09523809523809534
0.7074829931972788
-0.8231292517006803
-0.6190476190476191
0.795918367346939
0.1020408163265305
-0.2925170068027212
0.44897959183673475
-0.9931972789115646
0.48299319727891143
0.7619047619047619
-0.08163265306122458
-0.9319727891156463
-0.12925170068027214
0.38095238095238093
0.8299319727891157
0.2857142857142856
-0.09523809523809534
0.7551020408163267
-0.19727891156462585
-0.7687074829931972
-0.5170068027210885
0.7210884353741496
0.12244897959183687
1.0
0.054421768707483054
-0.38095238095238093
-0.8843537414965986
-0.3537414965986395
-0.6734693877551021
0.6054421768707483
0.5918367346938775
0.5714285714285716
0.10884353741496611
-0.8503401360544218
0.37414965986394577
-0.9387755102040817
0.4013605442176871
0.8979591836734695
-0.04081632653061229
0.03401360544217691
0.04761904761904767
0.013605442176870763
-0.435374149659864
0.7414965986394559
-0.5510204081632653
-0.9115646258503401
0.3537414965986394
0.435374149659864
-0.891156462585034
-0.48979591836734704
-0.4625850340136055
0.24489795918367352
0.4557823129251699
-0.7346938775510204
-0.6054421768707483
-0.5578231292517006
0.7142857142857144
-0.3877551020408163
-0.08843537414965996
0.4625850340136055
-0.8163265306122449
0.26530612244897966
-0.8367346938775511
0.8435374149659864
-0.8435374149659864
-0.11564625850340138
0.6190476190476191
0.17687074829931992
0.7823129251700682
-0.34693877551020413
-0.9659863945578231
-0.26530612244897966
0.5238095238095237
0.2585034013605443
-0.9591836734693877
-0.782312925170068
0.9795918367346941
0.29931972789115635
0.12925170068027203
-0.6802721088435375
-0.2108843537414966
-0.945578231292517
-0.2993197278911566
0.8231292517006801
0.4217687074829932
0.04081632653061229
0.2925170068027212
-0.4013605442176871
0.48979591836734704
0.639455782312925
-0.5782312925170068
-0.10204081632653061
-0.1496598639455783
-0.19047619047619047
-0.4285714285714286
-0.34013605442176875
-0.6122448979591837
0.23809523809523814
-0.5034013605442178
-0.9523809523809523
0.7278911564625852
0.9591836734693877
0.3129251700680271
-0.6394557823129252
-0.4693877551020409
0.027210884353741527
-1.0
0.510204081632653
0.061224489795918435
-0.5102040816326531
0.870748299319728
0.6598639455782314
-0.9251700680272109
-0.7142857142857143
0.1496598639455784
-0.2789115646258504
0.5442176870748301
0.020408163265306145
-0.24489795918367352
0.36734693877551017
-0.7891156462585034
0.34013605442176864
-0.4217687074829932
0.9863945578231292
-0.37414965986394555
-0.7210884353741497
0.3197278911564627
0.8775510204081631
-0.9047619047619048
-0.27210884353741505
0.11564625850340127
-0.061224489795918435
-0.23129251700680276
-0.217687074829932
-0.3605442176870749
-0.1428571428571429
-0.653061224489796
0.925170068027211
-0.40816326530612246
-0.8639455782312926
-0.7006802721088435
0.5170068027210886
-0.16326530612244905
0.564625850340136
-0.8571428571428572
-0.9727891156462585
-0.1768707482993198
-0.23809523809523814
0.08163265306122458
0.9931972789115648
-0.0748299319727892
0.0748299319727892
0.17006802721088432
-0.3673469387755103
0.6122448979591837
0.3945578231292517
-0.564625850340136
0.5578231292517009
0.1428571428571428
-0.7278911564625851
-0.54421768707483
0.006802721088435382
-0.7482993197278912
-0.4761904761904763
0.6870748299319729
0.5850340136054424
-0.15646258503401367
0.9387755102040818
-0.3197278911564626
-0.7551020408163266
0.9319727891156462
0.9115646258503403
0.7346938775510203
-0.20408163265306123
0.8095238095238095
0.06802721088435382
0.7006802721088436
-0.33333333333333337
0.8503401360544216
0.6734693877551021
0.6462585034013606
0.1904761904761907
0.360544217687075
0.5374149659863945
-0.7414965986394558
-0.006802721088435382
0.23129251700680276
0.08843537414965974
-0.020408163265306145
0.2789115646258504
-0.13605442176870752
-0.6938775510204082
-0.5986394557823129
0.8027210884353742
-0.3945578231292517
0.6258503401360545
-0.22448979591836737
-0.45578231292517013
0.8843537414965987
-0.30612244897959184
-0.013605442176870763
-0.7074829931972789
-0.870748299319728
0.9047619047619047
0.19727891156462585
0.34693877551020424
0.41496598639455784
-0.8775510204081632
0.2108843537414966
0.8367346938775508
-0.6870748299319729
-0.6666666666666667
-0.027210884353741527
-0.12244897959183676
0.22448979591836737
0.8571428571428572
0.46938775510204067
-0.41496598639455784
-0.2857142857142858
0.4965986394557822
0.8163265306122449
-0.054421768707483054
-0.48299319727891166
-0.9795918367346939
0.5510204081632653
0.693877551020408
-0.6258503401360545
0.7482993197278911
-0.7959183673469388
-0.5238095238095238
0.6326530612244898
-0.7755102040816326
0.9659863945578233
-0.5918367346938775
CENT_RANK
-0.8979591836734694
0.3265306122448979
-0.5986394557823129
-0.5238095238095238
0.26530612244897966
0.4965986394557822
0.0748299319727892
0.7346938775510203
-0.04761904761904767
-0.37414965986394555
0.5918367346938775
0.5442176870748301
-0.22448979591836737
-0.6462585034013606
0.795918367346939
-0.891156462585034
-0.15646258503401367
0.16326530612244916
-0.23809523809523814
0.7142857142857144
-0.7006802721088435
0.9115646258503403
0.44217687074829937
-0.30612244897959184
-0.9319727891156463
0.1020408163265305
0.7210884353741496
0.8775510204081631
0.639455782312925
0.006802721088435382
0.37414965986394577
0.36734693877551017
0.6258503401360545
-0.5782312925170068
0.6326530612244898
-0.34013605442176875
0.6802721088435373
-0.3877551020408163
0.6530612244897958
-0.34693877551020413
0.5034013605442178
0.20408163265306123
-0.4625850340136055
0.2925170068027212
-0.108843537414966
0.12244897959183687
-0.2517006802721089
-0.027210884353741527
0.013605442176870763
0.1904761904761907
-0.6734693877551021
0.7074829931972788
0.6122448979591837
0.48979591836734704
0.8911564625850339
0.9319727891156462
0.5238095238095237
0.6462585034013606
-0.54421768707483
0.5306122448979593
0.13605442176870763
0.360544217687075
-0.782312925170068
-0.08163265306122458
0.8095238095238095
0.5578231292517009
-0.6870748299319729
0.1496598639455784
-0.9523809523809523
-0.20408163265306123
0.7687074829931975
-0.3673469387755103
-0.8299319727891157
-0.23129251700680276
0.6734693877551021
-0.09523809523809534
-0.006802721088435382
-0.12925170068027214
-0.5850340136054422
0.46938775510204067
-0.7074829931972789
-0.5510204081632653
-0.8095238095238095
0.6054421768707483
-0.054421768707483054
0.945578231292517
-0.5102040816326531
-0.7142857142857143
-0.6122448979591837
-1.0
-0.4965986394557824
0.9795918367346941
0.8843537414965987
-0.217687074829932
-0.27210884353741505
-0.3537414965986395
-0.8639455782312926
0.9591836734693877
-0.2857142857142858
0.04761904761904767
-0.3197278911564626
0.6190476190476191
0.5850340136054424
-0.8775510204081632
0.5510204081632653
-0.653061224489796
-0.44217687074829937
0.29931972789115635
0.2789115646258504
-0.8163265306122449
0.19727891156462585
-0.6394557823129252
0.693877551020408
0.7619047619047619
-0.013605442176870763
-0.870748299319728
-0.5578231292517006
0.2108843537414966
-0.40816326530612246
-0.04081632653061229
-0.2108843537414966
-0.6190476190476191
0.9047619047619047
-0.4285714285714286
0.027210884353741527
-0.326530612244898
0.30612244897959195
-0.7414965986394558
0.23129251700680276
0.8027210884353742
0.564625850340136
-0.7551020408163266
0.4557823129251699
0.7891156462585034
0.5782312925170068
-0.7482993197278912
-0.3945578231292517
-0.17006802721088443
0.5170068027210886
-0.1768707482993198
-0.9931972789115646
0.3537414965986394
-0.7755102040816326
-0.19727891156462585
0.5714285714285716
0.17006802721088432
0.4625850340136055
-0.19047619047619047
0.020408163265306145
-0.564625850340136
0.8503401360544216
-0.16326530612244905
0.9659863945578233
0.18367346938775508
-0.6054421768707483
0.4217687074829932
-0.8571428571428572
-0.4693877551020409
-0.0748299319727892
0.3333333333333335
-0.6666666666666667
-0.7346938775510204
0.7551020408163267
1.0
0.4013605442176871
0.12925170068027203
-0.3129251700680272
-0.9863945578231292
-0.06802721088435382
-0.8435374149659864
0.15646258503401356
-0.08843537414965996
0.2585034013605443
-0.26530612244897966
-0.9183673469387755
0.054421768707483054
0.9523809523809526
0.8571428571428572
0.5374149659863945
0.3129251700680271
0.40816326530612246
0.10884353741496611
0.5986394557823131
0.217687074829932
0.41496598639455784
0.9727891156462585
-0.9115646258503401
-0.7278911564625851
0.1428571428571428
-0.5034013605442178
-0.48299319727891166
0.06802721088435382
0.17687074829931992
0.09523809523809534
-0.7210884353741497
-0.9795918367346939
-0.44897959183673475
-0.48979591836734704
0.2721088435374148
0.061224489795918435
-0.4761904761904763
-0.4217687074829932
-0.45578231292517013
0.4285714285714286
0.7414965986394559
-0.5170068027210885
-0.945578231292517
0.8299319727891157
-0.9727891156462585
0.8435374149659864
0.6666666666666665
-0.1496598639455783
-0.11564625850340138
0.04081632653061229
0.8231292517006801
0.9183673469387754
0.7278911564625852
0.2857142857142856
0.435374149659864
0.22448979591836737
0.08843537414965974
-0.8843537414965986
-0.10204081632653061
-0.8027210884353742
0.38775510204081653
-0.9047619047619048
0.925170068027211
0.24489795918367352
0.3197278911564627
-0.7959183673469388
0.4761904761904763
0.44897959183673475
0.08163265306122458
-0.2789115646258504
-0.6598639455782314
0.9863945578231292
-0.8367346938775511
-0.38095238095238093
-0.8503401360544218
-0.24489795918367352
-0.9251700680272109
0.870748299319728
0.34693877551020424
0.7482993197278911
0.6870748299319729
-0.6802721088435375
0.8979591836734695
-0.7687074829931972
0.34013605442176864
-0.33333333333333337
-1.1102230246251565e-16
-0.2993197278911566
-0.7619047619047619
-0.435374149659864
0.9931972789115648
-0.4013605442176871
0.7006802721088436
-0.03401360544217691
-0.6326530612244898
0.2517006802721089
0.03401360544217691
0.48299319727891143
-0.41496598639455784
-0.5714285714285714
0.3945578231292517
-0.9659863945578231
0.510204081632653
-0.6938775510204082
-0.2585034013605443
0.7823129251700682
-0.5306122448979592
0.11564625850340127
0.38095238095238093
-0.13605442176870752
0.6598639455782314
0.8367346938775508
-0.020408163265306145
0.8163265306122449
0.8639455782312924
-0.5918367346938775
-0.1836734693877552
-0.061224489795918435
-0.7891156462585034
-0.12244897959183676
-0.9387755102040817
0.9387755102040818
-0.8231292517006803
-0.5374149659863946
0.7755102040816326
-0.9591836734693877
-0.6258503401360545
-0.3605442176870749
0.23809523809523814
-0.2925170068027212
-0.1428571428571429
RANK
89
140
167
195
208
265
289
68
206
284
24
240
174
186
225
0
15
221
103
115
96
156
238
169
236
72
286
109
82
223
229
282
62
142
247
252
131
135
127
161
187
194
87
80
20
267
66
245
50
160
234
105
13
111
258
290
121
88
154
2
279
78
33
263
149
116
81
58
287
270
3
205
86
189
90
197
190
200
157
42
202
196
106
253
123
201
262
118
255
136
37
237
9
71
291
95
39
35
249
125
100
166
23
251
293
98
233
94
173
268
46
239
18
73
12
93
120
69
143
147
280
139
137
151
16
211
294
273
77
283
212
44
222
75
171
63
158
168
281
84
8
119
257
47
276
114
76
250
29
48
148
124
260
213
99
175
199
191
6
232
220
193
25
181
271
45
165
60
188
67
170
17
145
192
153
49
110
41
117
183
219
128
292
227
259
172
4
198
108
217
43
107
126
179
228
1
159
248
242
141
61
31
30
272
224
264
164
180
184
155
203
218
22
231
132
146
79
230
261
53
5
40
266
138
56
59
178
11
104
65
130
144
134
102
10
182
83
52
101
32
34
28
57
38
274
210
74
36
244
112
256
51
19
26
216
7
204
243
162
113
70
288
269
133
14
129
64
277
214
207
275
209
150
177
278
241
27
92
54
246
122
21
215
226
55
285
85
176
97
152
185
91
235
254
163
