DEGREE
-0.5555555555555556
-0.40740740740740744
0.11111111111111116
-0.40740740740740744
-0.2592592592592593
-0.6296296296296297
-0.2592592592592593
0.40740740740740744
-0.11111111111111116
-0.33333333333333337
-0.11111111111111116
-0.18518518518518523
-0.11111111111111116
0.4814814814814814
-0.2592592592592593
-1.0
0.03703703703703698
-0.40740740740740744
-0.7777777777777778
0.5555555555555556
-0.11111111111111116
0.2592592592592593
-0.2592592592592593
-0.03703703703703709
0.03703703703703698
-0.03703703703703709
-0.5555555555555556
-0.2592592592592593
-0.4814814814814815
0.11111111111111116
-0.2592592592592593
0.4814814814814814
0.03703703703703698
-0.03703703703703709
0.2592592592592593
0.33333333333333326
0.40740740740740744
-0.4814814814814815
-0.03703703703703709
0.40740740740740744
-0.7037037037037037
0.5555555555555556
0.40740740740740744
0.40740740740740744
-0.18518518518518523
-0.03703703703703709
0.33333333333333326
-0.11111111111111116
0.11111111111111116
0.4814814814814814
-0.18518518518518523
-0.03703703703703709
-0.8518518518518519
0.18518518518518512
-0.33333333333333337
-0.33333333333333337
0.7777777777777777
-0.4814814814814815
-0.18518518518518523
0.2592592592592593
0.40740740740740744
0.18518518518518512
-0.11111111111111116
0.5555555555555556
-0.2592592592592593
-0.11111111111111116
0.11111111111111116
0.2592592592592593
0.18518518518518512
-0.11111111111111116
-0.33333333333333337
-0.11111111111111116
0.40740740740740744
0.6296296296296295
0.33333333333333326
-0.18518518518518523
0.4814814814814814
0.2592592592592593
0.2592592592592593
0.03703703703703698
0.40740740740740744
0.40740740740740744
0.9259259259259258
0.03703703703703698
-0.40740740740740744
-0.03703703703703709
-0.4814814814814815
0.11111111111111116
0.2592592592592593
0.03703703703703698
-0.11111111111111116
-0.18518518518518523
0.2592592592592593
-0.11111111111111116
-0.03703703703703709
-0.5555555555555556
-0.33333333333333337
0.18518518518518512
-0.5555555555555556
0.18518518518518512
0.5555555555555556
-0.11111111111111116
-0.11111111111111116
-0.11111111111111116
0.18518518518518512
0.11111111111111116
-0.11111111111111116
-0.11111111111111116
0.40740740740740744
0.40740740740740744
0.11111111111111116
-0.7037037037037037
0.03703703703703698
-0.03703703703703709
0.11111111111111116
0.2592592592592593
0.18518518518518512
0.40740740740740744
-0.03703703703703709
-0.40740740740740744
-0.40740740740740744
0.4814814814814814
-0.4814814814814815
-0.5555555555555556
0.40740740740740744
-0.03703703703703709
0.4814814814814814
-0.18518518518518523
0.40740740740740744
0.33333333333333326
0.11111111111111116
0.11111111111111116
0.11111111111111116
0.03703703703703698
0.18518518518518512
-0.03703703703703709
-0.11111111111111116
0.7037037037037037
0.33333333333333326
-0.11111111111111116
-0.11111111111111116
-0.03703703703703709
-0.40740740740740744
0.33333333333333326
0.11111111111111116
0.2592592592592593
0.18518518518518512
0.2592592592592593
0.11111111111111116
-0.2592592592592593
0.03703703703703698
-0.11111111111111116
0.2592592592592593
-0.40740740740740744
0.5555555555555556
0.40740740740740744
0.4814814814814814
-0.11111111111111116
0.33333333333333326
-0.18518518518518523
0.11111111111111116
-0.11111111111111116
0.03703703703703698
0.33333333333333326
0.18518518518518512
0.18518518518518512
0.18518518518518512
0.18518518518518512
0.2592592592592593
-0.40740740740740744
0.7037037037037037
0.18518518518518512
0.40740740740740744
0.40740740740740744
-0.18518518518518523
0.03703703703703698
0.8518518518518519
-0.6296296296296297
-0.18518518518518523
0.2592592592592593
-0.40740740740740744
0.2592592592592593
0.33333333333333326
-0.18518518518518523
0.40740740740740744
-1.0
0.03703703703703698
-0.5555555555555556
-0.2592592592592593
0.11111111111111116
0.33333333333333326
-0.11111111111111116
0.40740740740740744
0.11111111111111116
-0.4814814814814815
0.11111111111111116
0.33333333333333326
0.11111111111111116
-0.7037037037037037
0.11111111111111116
0.03703703703703698
-0.40740740740740744
0.2592592592592593
0.11111111111111116
0.11111111111111116
0.5555555555555556
0.4814814814814814
0.2592592592592593
-1.0
-0.40740740740740744
0.4814814814814814
0.6296296296296295
0.03703703703703698
0.33333333333333326
-0.11111111111111116
-0.2592592592592593
0.03703703703703698
0.4814814814814814
0.2592592592592593
-0.11111111111111116
0.5555555555555556
0.18518518518518512
0.11111111111111116
-0.18518518518518523
-0.03703703703703709
-0.11111111111111116
-0.03703703703703709
0.03703703703703698
-0.40740740740740744
0.6296296296296295
-0.33333333333333337
-0.2592592592592593
-0.18518518518518523
-0.4814814814814815
-0.40740740740740744
0.03703703703703698
-0.2592592592592593
-0.11111111111111116
-0.18518518518518523
0.03703703703703698
-0.33333333333333337
0.2592592592592593
0.11111111111111116
0.18518518518518512
-0.2592592592592593
-0.8518518518518519
-0.5555555555555556
-0.03703703703703709
0.4814814814814814
-0.4814814814814815
0.03703703703703698
0.9259259259259258
-0.18518518518518523
0.7037037037037037
-0.11111111111111116
-0.11111111111111116
0.11111111111111116
-0.11111111111111116
-0.11111111111111116
-0.33333333333333337
0.03703703703703698
-0.11111111111111116
0.11111111111111116
-0.18518518518518523
0.2592592592592593
0.03703703703703698
0.40740740740740744
-0.2592592592592593
-0.2592592592592593
-0.18518518518518523
-0.03703703703703709
0.33333333333333326
-0.4814814814814815
0.11111111111111116
-0.2592592592592593
0.2592592592592593
-0.18518518518518523
0.40740740740740744
-0.03703703703703709
0.33333333333333326
-0.18518518518518523
0.18518518518518512
-0.2592592592592593
-0.03703703703703709
0.11111111111111116
0.2592592592592593
-0.11111111111111116
-0.6296296296296297
0.40740740740740744
0.18518518518518512
0.11111111111111116
-0.2592592592592593
0.11111111111111116
-0.5555555555555556
0.40740740740740744
0.5555555555555556
0.18518518518518512
0.7777777777777777
0.2592592592592593
0.40740740740740744
0.7037037037037037
0.2592592592592593
-0.7037037037037037
0.03703703703703698
0.18518518518518512
-0.18518518518518523
0.2592592592592593
-0.18518518518518523
0.18518518518518512
0.5555555555555556
0.4814814814814814
0.18518518518518512
0.18518518518518512
-0.4814814814814815
-0.11111111111111116
-0.18518518518518523
0.33333333333333326
-0.33333333333333337
-0.2592592592592593
-0.40740740740740744
0.18518518518518512
0.03703703703703698
0.03703703703703698
-0.33333333333333337
0.03703703703703698
0.4814814814814814
-0.03703703703703709
0.18518518518518512
0.4814814814814814
0.03703703703703698
-0.2592592592592593
0.03703703703703698
-0.18518518518518523
0.03703703703703698
0.18518518518518512
0.03703703703703698
-0.40740740740740744
-0.18518518518518523
-0.33333333333333337
0.11111111111111116
0.03703703703703698
-0.40740740740740744
0.4814814814814814
-0.03703703703703709
0.5555555555555556
0.11111111111111116
-0.2592592592592593
0.5555555555555556
-0.2592592592592593
0.8518518518518519
0.40740740740740744
-0.2592592592592593
-0.18518518518518523
0.2592592592592593
0.11111111111111116
0.2592592592592593
0.11111111111111116
0.33333333333333326
0.40740740740740744
0.5555555555555556
0.18518518518518512
0.18518518518518512
0.33333333333333326
0.18518518518518512
-0.11111111111111116
0.40740740740740744
0.33333333333333326
0.2592592592592593
0.18518518518518512
0.33333333333333326
0.4814814814814814
0.18518518518518512
-0.40740740740740744
0.2592592592592593
1.0
0.2592592592592593
-0.7777777777777778
-0.40740740740740744
-0.33333333333333337
-0.40740740740740744
0.18518518518518512
-0.40740740740740744
0.40740740740740744
0.18518518518518512
0.40740740740740744
0.11111111111111116
-0.2592592592592593
0.2592592592592593
0.7037037037037037
-0.40740740740740744
-0.4814814814814815
-0.40740740740740744
0.33333333333333326
-0.40740740740740744
0.03703703703703698
0.2592592592592593
-0.2592592592592593
-0.11111111111111116
0.2592592592592593
0.11111111111111116
0.18518518518518512
-0.8518518518518519
0.33333333333333326
-0.2592592592592593
-0.7037037037037037
-0.18518518518518523
-0.03703703703703709
0.03703703703703698
-0.2592592592592593
0.7037037037037037
-0.5555555555555556
-0.18518518518518523
-0.11111111111111116
-0.03703703703703709
-0.5555555555555556
-0.18518518518518523
0.18518518518518512
0.11111111111111116
0.11111111111111116
-0.11111111111111116
0.2592592592592593
0.11111111111111116
0.8518518518518519
0.18518518518518512
-0.4814814814814815
-0.2592592592592593
-0.03703703703703709
0.33333333333333326
0.2592592592592593
-0.33333333333333337
0.40740740740740744
0.2592592592592593
0.5555555555555556
-0.2592592592592593
0.33333333333333326
-0.2592592592592593
0.03703703703703698
-0.40740740740740744
-0.8518518518518519
0.40740740740740744
-0.8518518518518519
-0.11111111111111116
0.5555555555555556
0.4814814814814814
-0.40740740740740744
0.33333333333333326
0.7037037037037037
0.2592592592592593
0.11111111111111116
0.40740740740740744
0.33333333333333326
-0.03703703703703709
0.40740740740740744
0.11111111111111116
0.40740740740740744
-0.2592592592592593
0.18518518518518512
0.33333333333333326
-0.40740740740740744
0.33333333333333326
0.18518518518518512
0.7777777777777777
0.33333333333333326
-0.33333333333333337
0.40740740740740744
-0.33333333333333337
0.03703703703703698
-0.5555555555555556
-0.5555555555555556
-0.11111111111111116
-0.40740740740740744
0.40740740740740744
0.11111111111111116
-0.11111111111111116
0.33333333333333326
-0.40740740740740744
0.11111111111111116
0.18518518518518512
-0.4814814814814815
-0.18518518518518523
0.11111111111111116
-0.40740740740740744
-0.33333333333333337
-0.33333333333333337
0.18518518518518512
-0.2592592592592593
0.4814814814814814
0.11111111111111116
-0.18518518518518523
0.03703703703703698
0.11111111111111116
-0.33333333333333337
0.11111111111111116
EIGENVECTOR
-0.9991926492299382
-0.9989246871639894
-0.9936819615294059
-0.9994040873810683
-0.994394513440531
-0.996449854498371
-0.9936888585817442
-0.9783790271541162
-0.9690883611246126
-0.9992886841153183
-0.9980548768692076
-0.9839303372998873
-0.9850524036364462
-0.9835140893198092
-0.9342124025672308
-0.9999999999999999
-0.6970397005165154
-0.9947055427481659
-0.9999522956125263
-0.9925412405585484
-0.9831888626757208
-0.9655742027976671
-0.48718923072837184
-0.9695634671686844
-0.9297359499674693
-0.7189901703949066
-0.9993845638456194
-0.9933223967111449
-0.9223273099737667
0.0709321583464777
-0.9988313804425364
-0.9917889962549681
-0.9901160645429055
-0.9980785540489808
-0.8501686333071019
-0.9366042175828694
-0.9494842791645661
-0.9989066445621668
-0.9019249085211394
-0.9915179945666762
-0.999765594394312
-0.9963495057862428
-0.359036922063779
-0.9458999220255164
-0.9907245929179466
-0.9966732738861352
-0.9953801934233196
0.014828803719734607
-0.9789854343987877
-0.9803139793981653
-0.9984142667318867
-0.9806686964308219
-0.9998627078990517
-0.9907057516998927
-0.9039311315585157
-0.9976631969371883
0.8353530496153501
-0.9993616439457413
-0.7284994186499852
-0.9879211327706868
-0.9957035063194523
-0.6465464666691645
-0.8693437022452435
-0.992049630593586
-0.9847100114280948
-0.758261847417928
-0.9565335935774768
-0.9903465072127152
-0.977760082892366
-0.9226047592976016
-0.9840550162197224
-0.9994632038944138
0.3982262847023521
-0.920898751895477
-0.9861730488384095
-0.8921404632546046
-0.8722670842800038
-0.9957569595316902
-0.9654927345208636
-0.9954204244481232
-0.9937356290309703
-0.985270277006447
0.9577122849866291
-0.9846380317294589
-0.9978979903379709
-0.9922868859369414
-0.9980129996442837
-0.9817721441189036
-0.9728704325760815
-0.9527499842341286
-0.9967795775688192
-0.9996401385852371
-0.04125467932955307
-0.9915290902041535
-0.9968155712012379
-0.9993768035275996
-0.9948164454826353
-0.9522491337040966
-0.9993768035275999
-0.9953131366412652
-0.9916898636070652
-0.9907672500965335
-0.9514490190158519
-0.9996278495440457
-0.8665375496830804
-0.9693126345933926
-0.9985393625292813
-0.9968020625414346
-0.9952939419959862
-0.988911974644589
-0.9785428037523287
-0.9988406568450379
-0.7111460121792185
-0.9138365574313032
-0.9944308797775036
-0.9953935096060134
-0.9695550030431684
-0.9852195141137055
-0.9965675504610769
-0.9969032082996955
-0.9995689959584989
-0.9917700074062714
-0.9996863395585481
-0.9991926492299381
-0.9553195927910679
-0.7785088380828081
0.4597933182759848
-0.9971409342349944
-0.9456504388847802
-0.9890188178484545
-0.9725540858560029
-0.8839800707378791
-0.014260347100146897
-0.9957961859191974
-0.9838143733875658
-0.9909014151958327
-0.8270702190306889
0.7310129484289991
-0.9795589896391071
-0.999539618677509
-0.9996278495440457
-0.9794532241189383
-0.9992332389740698
-0.9827054723007231
-0.9790353255927241
-0.9879628769471354
-0.987135903480128
-0.26304283922375693
-0.9102800982187385
-0.995359029231247
-0.9827361019661002
-0.9928842671179731
-0.9905876204353294
-0.9883429814808312
-0.9931470729525217
-0.9904691389537342
-0.9951764836118387
-0.9892608651673588
-0.8112896890527981
-0.9819792440572928
-0.9070658900630307
-0.9974269747059341
-0.985522591095485
0.17356962263166253
-0.8512072652536192
-0.9987875225561348
-0.9707922892712824
-0.9883996270989422
-0.9945460349024635
-0.9989563705421062
-0.9644254714963267
-0.9728344840617916
-0.04578363443906863
-0.9937356290309702
-0.9977653971633677
-0.9974429117454277
0.848198828025849
-0.9998995164877733
-0.9952012650434718
-0.8971050928538278
-0.9982339521469977
-0.7467991484179726
-0.9854427072686895
-0.9964150145921055
-0.9938670209907156
-0.999818700158075
-0.9629420140851527
-0.9077442275549757
-0.9994849678611482
-0.9772948895236321
-0.9928958471077842
-0.19977888028726565
-0.014759087790425562
-0.9933313844544613
-0.9996794702036808
-0.49799034344560655
-0.9817718941211028
-0.9829641309129875
-0.998479134248382
-0.9689029240048723
-0.9788903670418724
-0.9948607314901472
-0.9728704325760813
-0.6024465940488379
-0.9792431978093686
-0.9957344555097969
-0.9469778441292402
-0.38834794159879993
-1.0
-0.9994040873810682
-0.9939153321981725
-0.991270467661135
-0.9882045725307624
0.3849458882052572
-0.9981115474904921
-0.9908395718814591
-0.5048924480973165
-0.9410083138353025
-0.9677630954623355
-0.9984064291474264
0.5974561198599446
-0.9077486094613179
-0.9894601438765995
-0.9996406266270318
-0.9333113642266473
-0.9994975028810467
-0.9635908042122588
-0.9721202068398753
-0.9993465670771892
0.32235745337971267
-0.9206893932252804
-0.796303176351862
-0.9662123332051384
-0.9980129996442838
-0.9400158765163596
-0.9846656053091183
-0.9982303611961639
-0.9704847774017321
-0.989285739268891
-0.9959702505009267
-0.9972812036630441
-0.5333471105159016
-0.9988986399053369
-0.9908708700086739
-0.9981577833382377
-0.9999761491569515
-0.9986864045759457
-0.9940419552411628
0.5212030105183574
-0.9991211581012043
-0.974012798329348
0.8904651477425065
-0.9899331716404194
0.7092566902453632
-0.9642382726142938
-0.9989297759785926
-0.9751091157294073
-0.9889881580132748
-0.7503768029829707
-0.9981371025001854
-0.9977489271700238
-0.9923752154306262
-0.19980426178972677
-0.9638425852193715
-0.95049780910959
-0.8618131458538327
-0.9745228349629271
-0.991340780701608
-0.9315001191840605
-0.9936692453299671
-0.8633758765140414
-0.9869462887159263
-0.9996794702036809
-0.19254830936060652
-0.9989069077212703
-0.9912901972409995
-0.9987369408613562
-0.885835548562303
-0.7384324546954586
-0.9918924061548369
-0.9007538313361453
-0.9186501661236715
-0.9947145568906621
-0.9647257072983357
-0.9953349233616287
-0.9671405196298841
-0.9943967760343719
-0.9988607522401242
-0.9942962529338785
-0.7665632706210315
-0.9810427366743839
-0.8171659353688836
-0.9617392557782667
-0.999737894002879
-0.9489929083339285
-0.9915569800955416
-0.3639514544917759
-0.9922958779416202
0.22514914654877982
-0.9418687063606898
0.7227987521066581
-0.9499776971107619
-0.9993016962734304
-0.9868093999542014
-0.9610848197482428
-0.9954574521927326
-0.31061675818615697
-0.9904081795568241
-0.9035658338404973
-0.9934164845495568
-0.991131809591788
-0.981790588649502
-0.9970804928791067
-0.9991042792930677
-0.9834988552592877
-0.9980264055949928
-0.9817121252976752
-0.9997609575649969
-0.9847100114280949
-0.9982114873779525
-0.974299196745709
-0.9930897130026868
-0.8993219745623295
-0.985878932948218
-0.9957315051873004
-0.990882165405021
-0.996353685661272
0.21534977668312605
0.13134342509377528
-0.9785946340443752
-0.9990474179407033
-0.9958133251530505
-0.9892857392688911
-0.9621387921009315
-0.9870072628829797
-0.9976811010109888
-0.9934856014464586
-0.9662123332051381
-0.997387746949988
-0.9731560557420628
-0.8082226066185906
-0.9993413786123911
-0.9654997448435478
-0.8897588257496611
0.268314134837337
-0.9178517867027537
-0.9985493287065653
0.6075772514321736
-0.9908494461467915
0.8664062666556926
-0.9954086193099546
-0.9981670455035492
-0.9991846250445963
-0.9860219465721686
-0.865901950674193
-0.9890759421741825
-0.9001538478958969
-0.9541035355961118
-0.9754249359363503
-0.9943699012575552
-0.9908708700086741
-0.9908191803442798
-0.9953081483496852
-0.9576647053914289
-0.9692848267222289
-0.993914496494837
-0.9736125207195514
-0.9606333702828702
-0.994329571519025
0.36603005280241807
-0.9936426355225527
-0.9971341860248845
-0.999809204078119
-0.9958464960071515
1.0
-0.9165973045672164
-0.9988778623084393
-0.9969032082996955
-0.9988736414847349
-0.9985887139467077
-0.9956844730055531
-0.9996677949053326
-0.981508641402762
-0.5502129970909132
-0.9800043403481473
0.08931130743959526
-0.9716267009338986
-0.9870158820539148
-0.9938498008908251
-0.996521853780792
-0.9989066445621668
-0.9983480638375772
-0.9525179626171352
-0.9991519895745368
-0.9960620135625041
-0.974616862197515
-0.997732339514138
-0.9844570577191181
-0.9788591566358678
-0.9617392557782667
-0.7498142062410449
-0.999301594007067
-0.9955765311575845
-0.9944252731705103
-0.9998115816271607
-0.9892397022282418
-0.998334850550984
-0.9869426110293594
-0.999712884993942
0.7255706307385426
-0.9997511617385821
-0.9976760524718752
-0.9909965970690894
-0.97737980195631
-0.9991926492299383
-0.9586427258456051
-0.7532776546907728
-0.9921636110276659
-0.9723699412235778
-0.9804698898027849
-0.9509185333813205
-0.8391259227014869
0.8998125657829186
-0.7660952243014797
-0.9960151500125937
-0.9958015967249074
-0.9977169547051657
-0.9665795496949527
-0.9834657907312668
-0.9979531398492919
-0.9667367491412553
-0.9363224436539644
-0.9934732993042608
-0.9997128849939417
0.3311781090369541
-0.970613116265519
-0.9312620913402588
-0.9812659956133509
-0.9999761491569514
-0.9800043403481473
-0.9997483009439594
-0.9970258804454873
-0.9115869752691608
-0.6980457854264372
-0.9998137969190766
-0.895569874944456
0.7774989091829183
-0.9950664408725557
-0.9952287988281581
-0.8948612655790507
-0.9864523413962913
-0.9695634671686846
-0.9456504388847801
-0.972463657561421
-0.9951824037194431
-0.999712884993942
-0.9610848197482426
-0.99891947839378
-0.9995168926832363
-0.9817718941211029
-0.9431699871647905
0.843714348400463
-0.9462734732852724
-0.9987908992834866
-0.891587877528231
-0.9978991118764783
-0.9796182153187386
-0.999751161738582
-0.9990545975940497
-0.9846468993441959
-0.9991057937972483
-0.9907564232027506
-0.9911552988455111
-0.992884267117973
-0.9926097855264301
-0.9989246871639894
-0.9913618673650494
-0.930475891896403
-0.9969403352494405
-0.9726177051161691
-0.8212841246464114
-0.9997327812881301
-0.9940719068192545
-0.998873641484735
-0.9815372293795374
-0.9950534190684145
-0.9941527151898346
-0.9930685034305861
-0.9976993388816094
-0.9892916046876022
-0.9737433196488
-0.9658305115692118
-0.9615321918242297
CENT
-0.9949986929579495
-0.936721941476306
-0.9623374218418188
-0.9373392736830476
-0.39684626797950273
-0.9768569109708465
-0.9762325790203775
-0.8129175658157173
-0.6846177876326647
-0.9083837019879705
-0.8127877055998014
-0.8546094435301563
-0.9538625885357738
-0.7133392709379717
-0.6242165642875661
-1.0
-0.45061915962829024
-0.9478996599109365
-0.9998962327280335
-0.8301331693730233
-0.546882931191131
-0.6426474830429645
-0.18808778935163684
-0.7675801608507569
-0.7965523011972426
-0.885085461438488
-0.9798837033812988
-0.9942776802132202
-0.8668872378399604
-0.23524336833899195
-0.9497411759533423
-0.65389195916985
-0.9459672630553828
-0.6898017324260952
-0.7105309600324281
-0.12180110427662871
-0.6940221685209231
-0.9982253081253535
0.517864863499166
-0.7433875964493413
-0.8802395283172462
-0.8888746365965132
-0.1194822900890421
-0.4718114432401662
-0.9078068731990268
-0.7686761158180206
-0.8238225732414797
-0.9978809194234988
-0.7812498831307726
-0.6555103413381317
-0.9324404602687105
-0.832833224872899
-0.9152945479766916
-0.40743278769148505
-0.8521305566508447
-0.9844780553401135
-0.7319506077253516
-0.9398964649670096
-0.699913711965648
-0.874198796649437
-0.7005601343066795
-0.7370049186744001
-0.09564400832805897
-0.7713719906594968
-0.9547335187635713
-0.31887624752684496
-0.7561698785865238
-0.511641446884983
-0.8975559986184737
-0.9246591662630015
-0.48031911670461713
-0.9258201835968167
-0.39418720506284777
-0.10386581022070374
-0.8943832870998311
-0.6600596843863884
0.35927144359916574
-0.924338681455836
-0.7588663022371418
-0.882827054499555
-0.963256808653323
-0.8938013737854158
-0.6834424380517773
-0.7124216680809341
-0.9847243493949013
-0.9754633571167172
-0.9331950594341127
0.3587113410576488
-0.8609809308803965
-0.9333477331603417
-0.9217942719936977
-0.9822525491217247
-0.7834860574946839
-0.8369544077929401
-0.9227074502175364
-0.9888985584949374
-0.9927740409740239
-0.6110843719324018
-0.9888985584949374
-0.9318871837682703
-0.7944696098511304
-0.446643604756631
-0.8390602879271303
-0.9749838715441632
-0.3336127983648922
-0.9199967158490496
-0.6687799162561323
-0.7694339910947565
-0.8702527193560688
-0.15996276881920468
-0.7972500588295123
-0.9979708382600581
-0.82785687916157
-0.4961459634168759
-0.45643460106959843
-0.7693604880399515
-0.4696001416161152
-0.9315329731448617
-0.9194469346200392
-0.8656328730794673
-0.9855747085784081
-0.8933304560131597
-0.9671822363058028
-0.9949986929579495
-0.6406050272849431
-0.7876026615900172
-0.25137349971861445
-0.9338149931872813
-0.6726452081779233
-0.7399134186305785
-0.9663464955928159
0.2007418131965537
0.3592475860434834
-0.8598035054944149
-0.5692311428358539
-0.9622440129460523
-0.7168688387183604
-0.6857380919388665
-0.4665453832508162
-0.9048790609894619
-0.9749838715441632
-0.62688000663372
-0.9801771979120869
-0.8236162601699353
-0.8316169280628215
-0.14977687617023794
-0.668765944714077
-0.42189295106965496
-0.7582766744468403
-0.9275521894344649
-0.43543327381048647
-0.9582813608417102
-0.8724843126794285
-0.9812111947326925
-0.7134600928199043
-0.41516092440745456
-0.8532151744738545
-0.9879548555570341
-0.3372427238677742
-0.863282536650415
-0.5609640377243157
-0.9600389867865479
-0.271768352426359
-0.7189449951106384
-0.7994434513143681
-0.8393324900719278
-0.7009697530378767
-0.9764802174392908
-0.6113691970487631
-0.966597480806738
-0.5964345533165603
-0.553901272629822
-0.29212796686412257
-0.963256808653323
-0.6315178520327813
-0.9810757239004875
-0.6625142767757352
-0.9802460612710433
-0.8012342517219901
-0.5626556799410175
-0.99820116653222
-0.7289174459327405
-0.9517314665818276
-0.7449196470210291
-0.9021367156691995
-0.985734794393736
-0.6649401526287464
-0.09668059673226848
-0.9257136878698033
-0.7002473253601067
-0.8984305456223052
-0.15580358530918426
-0.45864243149443074
-0.867638633701008
-0.9467548235690858
-0.8857742643847629
-0.7789283354778258
-0.8180230192835637
-0.9653950926024236
-0.7043700952024851
-0.8078681260107637
-0.9501841140370926
-0.8609809308803965
-0.7707788094801523
-0.8426431122757478
-0.770686691369159
-0.7312978656325706
-0.3995014434428046
-1.0
-0.9373392736830476
-0.8172986790128051
-0.5705474553437659
-0.9837491584889465
-0.8172540796500665
-0.7535179374219354
-0.8469731828824194
-0.9571055362225874
-0.6830460663789357
-0.3157125975047881
-0.764336000727416
-0.615342453323529
-0.6968370444617995
-0.3444499801547556
-0.9802180150839683
-0.6459070205764379
-0.8055876110499156
-0.5757447016586419
-0.6167201019561276
-0.9105451121682984
-0.5931985319147615
-0.6393131802935366
-0.818975384472995
-0.9388159379526188
-0.9331950594341127
-0.6959113186816562
-0.5678979615891819
-0.9799923551746793
-0.8163231717980515
-0.9716099923733172
-0.9220969100853751
-0.8875574391399441
-0.5724926549583393
-0.7684240700901606
-0.9010998711877972
-0.8649668782495125
-1.0
-0.9489642305311108
-0.6618558963669854
-0.631976608137113
-0.935325224304984
-0.820234173905124
-0.6150993828993797
-0.7357145727253152
-0.8184201823326891
-0.6656705911216411
-0.7971647170458412
-0.654489602059431
-0.937648163688741
-0.8242404599055221
-0.9967892641682482
-0.9539548436269525
-0.9675935068138644
0.5738315783429877
-0.46031991362936364
-0.5333325219533611
-0.2981105549559375
-0.7033948488495592
-0.770995185640426
-0.1411595494349498
-0.9560623927612206
-0.6685115060274645
-0.8548457473431509
-0.9467548235690858
-0.6720103426848247
-0.9837208530458406
-0.721877287906598
-0.8965652044501373
-0.5174264120545593
-0.9178021112373385
-0.8281838551526912
-0.5708545109330911
-0.7760614348793871
-0.756984910374577
-0.37903081935855576
-0.8822086078880802
-0.8380238539158911
-0.7877451608148469
-0.9922700112790354
-0.9478227217593762
-0.22346513946368185
-0.467239283545857
-0.7939104328426712
-0.6215296087413076
-0.9994610031416143
-0.8477318874208385
-0.8181874408334503
0.585711019954525
-0.7281423888952804
-0.48538853659052694
-0.5535007401874235
-0.5522240828711618
-0.341225279308483
-0.9158223273105675
-0.40423966728435257
-0.8701913615303256
-0.7576345377133956
-0.1227386199452718
-0.8159067543774301
-0.6366701537554336
-0.787816669676864
-0.7848641475512365
-0.7534944898003212
-0.9250210924648716
-0.9693692524642514
-0.754062322029393
-0.8813982375987301
-0.6918769004575043
-0.9994713080225403
-0.9547335187635713
-0.9912061209023693
-0.6488760939529095
-0.42356513757675196
-0.8042357228819168
-0.8426484642587896
-0.9067877863576582
-0.8204338222250285
-0.5260717036315001
-0.9227449027331736
-0.6885408140999061
-0.9363832359510094
-0.892529097888298
-0.9121381910439705
-0.9716099923733172
-0.8856369018945697
-0.7755537412428315
-0.9623252183738157
-0.7243254204706833
-0.9388159379526188
-0.7010256124483669
-0.9179641381213071
-0.3829536224157519
-0.9358296851824246
-0.6530961665735074
-0.3192192862143798
-0.47440615226014415
-0.2718292418333187
-0.8580885311342135
-0.8759095622363925
-0.9543684880038322
-0.8255116793728874
-0.9209260112972685
-0.9705772141862349
-0.9472789241744601
-0.8725166733177893
-0.40073195036142173
-0.7661842240627788
-0.5430535583217586
-0.6151988631581997
-0.6830620082610757
-0.7757218952018768
-0.9010998711877972
-0.5440106228960205
-0.9378652435245372
-0.2353721482110025
-0.7233007858110551
-0.9579713878330702
-0.548863496256377
-0.5568393292976294
-0.889439455519509
-0.74964772612709
-0.9563785901766446
-0.9505421309032203
-0.9269667846490487
-0.7750918713077839
-0.15109451626160053
-0.3638068191641354
-0.9979414969479117
-0.8656328730794673
-0.8792355022146242
-0.9660003150621785
-0.7615864596316729
-0.9587286728404778
-0.7958845128408788
-0.5672345645930527
-0.6855217515579399
-0.6494291597804595
-0.9208623762481302
-0.9550771858820963
-0.7276069579785382
-0.7586661438948389
-0.9982253081253535
-0.7012498646422056
-0.8320120858258271
-0.9645592438201975
-0.8637076881646996
0.16961307150776883
-0.919544963507073
-0.4349537463907299
-0.19631494460869714
-0.6215296087413076
-0.786006034359976
-0.9912871047915109
-0.9138071843179515
-0.7169391864029604
-1.0
-0.7144317546350707
-0.8921484300758591
-0.8627518187674573
-0.9965766901094417
-0.9185178173993371
-0.9996715899178893
-0.6640837513668942
-0.802134331891359
-0.6498972596353084
-0.9949986929579495
-0.6417186600661375
-0.6909197941408362
-0.6777906666243625
-0.7160065711050427
-0.923739804516381
-0.8123139322310031
-0.395585021856386
-0.6956765698565622
-0.7852866719976266
-0.8856879254854653
-0.950880809530218
-0.709356605188458
-0.7987735933006335
-0.7185558667475358
-0.9969991007117116
-0.06833065493153379
-0.3489724519101457
-0.9232976138348913
-0.9965766901094417
-0.7680163043531372
-0.45276001071744454
-0.5461758364107978
-0.877327563299474
-1.0
-0.6855217515579399
-0.9917058467321268
-0.9422764014343147
-0.3395132599569022
1.0
-0.9995461800985806
-0.4224544866806228
-0.7673886654637002
-0.8986626777044879
-0.6847135418559759
-0.6022554592920131
-0.5606402685501446
-0.7675801608507569
-0.6726452081779233
-0.7272368750666693
-0.8042945525604382
-0.9965766901094417
-0.8701913615303256
-0.8255241687480457
-0.9638727209923786
-0.7789283354778258
-0.8111860094307509
-0.8817722384467074
-0.7525188052695404
-0.9043719020813444
-0.7540469220965618
-0.9589773861490568
-0.7073707449564328
-0.9996715899178893
-0.952124191698172
-0.8802010214749392
-0.9795343313969975
-0.8634905009627689
-0.9158966307111853
-0.9582813608417102
-0.9415291478026173
-0.936721941476306
-0.8858816968437778
-0.3816854411007621
-0.9630922666775444
-0.7929441722202066
-0.7547014114515982
-0.9858713324471756
-0.9711423382499293
-0.8792355022146242
-0.23315697658621415
-0.7588502012956702
-0.8986020009677178
-0.8253254313689695
-0.9623983126372071
-0.6510336917961572
-0.8447892156345091
-0.9442373833421405
-0.8440407053164234
DEGREE_RANK
-0.926829268292683
-0.8252032520325203
0.03252032520325221
-0.8211382113821138
-0.6300813008130082
-0.9390243902439024
-0.6260162601626016
0.6504065040650406
-0.3780487804878049
-0.7032520325203252
-0.3739837398373984
-0.5
-0.36991869918699194
0.7967479674796747
-0.6219512195121951
-1.0
-0.10975609756097571
-0.8170731707317074
-0.967479674796748
0.8699186991869918
-0.36585365853658536
0.38211382113821135
-0.6178861788617886
-0.21138211382113836
-0.10569105691056913
-0.20731707317073178
-0.9227642276422764
-0.6138211382113822
-0.8780487804878049
0.03658536585365857
-0.6097560975609757
0.8008130081300815
-0.10162601626016265
-0.2032520325203252
0.38617886178861793
0.532520325203252
0.6544715447154472
-0.8739837398373984
-0.19918699186991873
0.6585365853658536
-0.959349593495935
0.8739837398373982
0.6626016260162602
0.6666666666666665
-0.49593495934959353
-0.19512195121951226
0.5365853658536586
-0.3617886178861789
0.04065040650406493
0.8048780487804879
-0.49186991869918695
-0.1910569105691058
-0.9878048780487805
0.2195121951219512
-0.6991869918699187
-0.6951219512195123
0.967479674796748
-0.8699186991869918
-0.4878048780487806
0.3902439024390245
0.6707317073170733
0.22357723577235777
-0.3577235772357724
0.878048780487805
-0.6056910569105691
-0.35365853658536595
0.04471544715447173
0.3943089430894309
0.22764227642276436
-0.34959349593495936
-0.6910569105691058
-0.3455284552845529
0.6747967479674797
0.9268292682926829
0.5406504065040652
-0.483739837398374
0.8089430894308942
0.39837398373983723
0.40243902439024404
-0.09756097560975618
0.678861788617886
0.6829268292682928
0.9918699186991868
-0.09349593495934971
-0.8130081300813008
-0.1869918699186992
-0.8658536585365854
0.04878048780487809
0.4065040650406504
-0.08943089430894313
-0.3414634146341464
-0.47967479674796754
0.410569105691057
-0.33739837398373995
-0.18292682926829273
-0.9186991869918699
-0.6869918699186992
0.23170731707317072
-0.9146341463414634
0.23577235772357708
0.8821138211382114
-0.33333333333333337
-0.3292682926829268
-0.32520325203252043
0.23983739837398388
0.052845528455284674
-0.32113821138211385
-0.3170731707317074
0.6869918699186992
0.6910569105691056
0.05691056910569103
-0.9552845528455285
-0.08536585365853666
-0.17886178861788626
0.060975609756097615
0.41463414634146334
0.24390243902439024
0.6951219512195121
-0.1747967479674798
-0.8089430894308943
-0.8048780487804879
0.8130081300813008
-0.8617886178861789
-0.9105691056910569
0.6991869918699187
-0.1707317073170732
0.8170731707317074
-0.47560975609756095
0.7032520325203253
0.5447154471544715
0.0650406504065042
0.06910569105691056
0.07317073170731692
-0.08130081300813019
0.24796747967479682
-0.16666666666666674
-0.3130081300813008
0.9390243902439024
0.5487804878048781
-0.30894308943089444
-0.30487804878048785
-0.16260162601626027
-0.8008130081300813
0.5528455284552847
0.07723577235772372
0.4186991869918699
0.2520325203252034
0.4227642276422765
0.08130081300813008
-0.6016260162601625
-0.07723577235772361
-0.3008130081300814
0.42682926829268286
-0.7967479674796748
0.8861788617886177
0.7073170731707317
0.8211382113821137
-0.2967479674796748
0.556910569105691
-0.4715447154471546
0.08536585365853666
-0.29268292682926844
-0.07317073170731714
0.5609756097560974
0.25609756097560976
0.26016260162601634
0.2642276422764227
0.2682926829268293
0.43089430894308944
-0.7926829268292683
0.943089430894309
0.27235772357723587
0.7113821138211383
0.7154471544715448
-0.467479674796748
-0.06910569105691056
0.9796747967479675
-0.9349593495934959
-0.46341463414634154
0.434959349593496
-0.7886178861788617
0.4390243902439024
0.5650406504065042
-0.45934959349593496
0.7195121951219512
-0.9959349593495935
-0.0650406504065042
-0.9065040650406504
-0.5975609756097562
0.08943089430894324
0.5691056910569106
-0.28861788617886186
0.7235772357723576
0.0934959349593496
-0.8577235772357723
0.09756097560975618
0.5731707317073171
0.10162601626016254
-0.9512195121951219
0.10569105691056913
-0.060975609756097615
-0.7845528455284553
0.44308943089430897
0.10975609756097571
0.11382113821138207
0.8902439024390245
0.8252032520325203
0.44715447154471555
-0.991869918699187
-0.7804878048780488
0.8292682926829267
0.9308943089430894
-0.056910569105691144
0.5772357723577235
-0.2845528455284553
-0.5934959349593496
-0.05284552845528456
0.8333333333333335
0.4512195121951219
-0.2804878048780488
0.8943089430894309
0.2764227642276422
0.11788617886178865
-0.4552845528455285
-0.1585365853658537
-0.27642276422764234
-0.15447154471544722
-0.0487804878048782
-0.7764227642276422
0.934959349593496
-0.6829268292682926
-0.589430894308943
-0.451219512195122
-0.8536585365853658
-0.7723577235772358
-0.04471544715447162
-0.5853658536585366
-0.27235772357723587
-0.44715447154471544
-0.04065040650406504
-0.6788617886178863
0.4552845528455285
0.12195121951219523
0.2804878048780488
-0.5813008130081301
-0.983739837398374
-0.9024390243902439
-0.15040650406504064
0.8373983739837398
-0.8495934959349594
-0.03658536585365857
0.9959349593495936
-0.44308943089430897
0.9471544715447153
-0.2682926829268293
-0.2642276422764228
0.1260162601626016
-0.26016260162601634
-0.2560975609756099
-0.6747967479674797
-0.0325203252032521
-0.2520325203252033
0.13008130081300817
-0.4390243902439025
0.45934959349593507
-0.028455284552845628
0.7276422764227644
-0.5772357723577236
-0.5731707317073171
-0.434959349593496
-0.14634146341463428
0.5813008130081301
-0.8455284552845529
0.13414634146341475
-0.5691056910569106
0.46341463414634143
-0.43089430894308944
0.7317073170731707
-0.1422764227642277
0.5853658536585367
-0.426829268292683
0.2845528455284554
-0.5650406504065042
-0.13821138211382122
0.1382113821138211
0.467479674796748
-0.2479674796747967
-0.9308943089430894
0.7357723577235773
0.28861788617886175
0.1422764227642277
-0.5609756097560976
0.14634146341463405
-0.8983739837398375
0.7398373983739837
0.8983739837398375
0.29268292682926833
0.9715447154471544
0.4715447154471544
0.7439024390243902
0.9512195121951219
0.4756097560975612
-0.9471544715447154
-0.024390243902439046
0.2967479674796749
-0.4227642276422765
0.47967479674796754
-0.41869918699187003
0.30081300813008127
0.9024390243902438
0.8414634146341462
0.30487804878048785
0.3089430894308942
-0.8414634146341463
-0.24390243902439035
-0.41463414634146345
0.589430894308943
-0.6707317073170731
-0.556910569105691
-0.7682926829268293
0.313008130081301
-0.020325203252032575
-0.016260162601626105
-0.6666666666666666
-0.012195121951219634
0.845528455284553
-0.13414634146341464
0.3170731707317074
0.8495934959349594
-0.008130081300813052
-0.5528455284552845
-0.004065040650406582
-0.41056910569105687
0.0
0.32113821138211374
0.004065040650406582
-0.7642276422764228
-0.4065040650406505
-0.6626016260162602
0.15040650406504086
0.008130081300812941
-0.7601626016260162
0.8536585365853657
-0.13008130081300828
0.9065040650406504
0.15447154471544722
-0.5487804878048781
0.910569105691057
-0.5447154471544715
0.9837398373983739
0.7479674796747968
-0.540650406504065
-0.4024390243902439
0.4837398373983739
0.15853658536585358
0.4878048780487805
0.16260162601626016
0.5934959349593496
0.7520325203252032
0.9146341463414633
0.3252032520325203
0.3292682926829269
0.5975609756097562
0.33333333333333326
-0.23983739837398377
0.7560975609756098
0.6016260162601625
0.49186991869918706
0.33739837398373984
0.6056910569105691
0.8577235772357723
0.3414634146341464
-0.7560975609756098
0.4959349593495934
1.0
0.5
-0.9634146341463414
-0.7520325203252033
-0.6585365853658537
-0.7479674796747967
0.345528455284553
-0.7439024390243902
0.7601626016260163
0.34959349593495936
0.7642276422764227
0.16666666666666674
-0.5365853658536586
0.5040650406504066
0.9552845528455285
-0.7398373983739838
-0.8373983739837398
-0.7357723577235773
0.6097560975609757
-0.7317073170731707
0.012195121951219523
0.5081300813008132
-0.5325203252032521
-0.2357723577235773
0.5121951219512195
0.1707317073170731
0.3536585365853657
-0.9796747967479675
0.6138211382113821
-0.5284552845528456
-0.943089430894309
-0.39837398373983746
-0.1260162601626017
0.016260162601626105
-0.524390243902439
0.9593495934959348
-0.8943089430894309
-0.3943089430894309
-0.23170731707317072
-0.12195121951219512
-0.8902439024390244
-0.3902439024390245
0.3577235772357725
0.17479674796747968
0.17886178861788626
-0.22764227642276436
0.5162601626016259
0.18292682926829285
0.9878048780487805
0.3617886178861789
-0.8333333333333334
-0.5203252032520325
-0.11788617886178865
0.6178861788617886
0.5203252032520327
-0.6544715447154472
0.7682926829268293
0.524390243902439
0.9186991869918699
-0.5162601626016261
0.621951219512195
-0.5121951219512195
0.020325203252032686
-0.7276422764227642
-0.975609756097561
0.7723577235772359
-0.9715447154471545
-0.22357723577235777
0.9227642276422765
0.8617886178861789
-0.7235772357723578
0.6260162601626016
0.9634146341463417
0.5284552845528454
0.1869918699186992
0.7764227642276422
0.6300813008130082
-0.11382113821138218
0.7804878048780488
0.19105691056910556
0.7845528455284552
-0.5081300813008129
0.36585365853658525
0.6341463414634145
-0.7195121951219512
0.6382113821138213
0.36991869918699183
0.975609756097561
0.6422764227642277
-0.6504065040650406
0.7886178861788617
-0.6463414634146343
0.024390243902439046
-0.8861788617886179
-0.8821138211382114
-0.2195121951219513
-0.7154471544715446
0.7926829268292683
0.19512195121951237
-0.21544715447154472
0.646341463414634
-0.7113821138211383
0.19918699186991873
0.3739837398373984
-0.8292682926829269
-0.38617886178861793
0.2032520325203251
-0.7073170731707317
-0.6422764227642277
-0.6382113821138211
0.378048780487805
-0.5040650406504065
0.8658536585365855
0.20731707317073167
-0.38211382113821146
0.028455284552845406
0.21138211382113825
-0.6341463414634145
0.21544715447154483
EIGENVECTOR_RANK
-0.8089430894308943
-0.7601626016260162
-0.27235772357723587
-0.8536585365853658
-0.3292682926829268
-0.49593495934959353
-0.27642276422764234
0.22764227642276436
0.34959349593495936
-0.8170731707317074
-0.6260162601626016
0.08943089430894324
0.05691056910569103
0.09756097560975618
0.5528455284552847
-0.9959349593495935
0.8008130081300815
-0.34959349593495936
-0.983739837398374
-0.21138211382113836
0.10975609756097571
0.38617886178861793
0.8292682926829267
0.33333333333333326
0.5731707317073171
0.7886178861788617
-0.8495934959349594
-0.24390243902439035
0.5813008130081301
0.8861788617886177
-0.7113821138211383
-0.18292682926829273
-0.06910569105691056
-0.6300813008130082
0.7154471544715448
0.5447154471544715
0.5
-0.7398373983739838
0.6382113821138213
-0.16260162601626027
-0.9552845528455285
-0.483739837398374
0.8414634146341462
0.5162601626016259
-0.09349593495934971
-0.5081300813008129
-0.41056910569105687
0.8821138211382114
0.20731707317073167
0.17479674796747968
-0.6747967479674797
0.16666666666666674
-0.975609756097561
-0.08943089430894313
0.6300813008130082
-0.5691056910569106
0.9715447154471544
-0.8373983739837398
0.7845528455284552
-0.004065040650406582
-0.4390243902439025
0.8048780487804879
0.6910569105691056
-0.1910569105691058
0.0650406504065042
0.7601626016260163
0.45934959349593507
-0.07317073170731714
0.23170731707317072
0.5772357723577235
0.08536585365853666
-0.8617886178861789
0.9308943089430894
0.5853658536585367
0.028455284552845406
0.6666666666666665
0.6869918699186992
-0.451219512195122
0.3943089430894309
-0.4227642276422765
-0.2845528455284553
0.04878048780487809
0.9959349593495936
0.07723577235772372
-0.6016260162601625
-0.19918699186991873
-0.6178861788617886
0.13414634146341475
0.2845528455284554
0.4715447154471544
-0.5121951219512195
-0.8943089430894309
0.8699186991869918
-0.16666666666666674
-0.5203252032520325
-0.8455284552845529
-0.3577235772357724
0.47967479674796754
-0.8414634146341463
-0.39837398373983746
-0.1747967479674798
-0.10162601626016265
0.4837398373983739
-0.8902439024390244
0.6951219512195121
0.3414634146341464
-0.6829268292682926
-0.5162601626016261
-0.3902439024390245
-0.024390243902439046
0.22357723577235777
-0.7154471544715446
0.7926829268292683
0.6056910569105691
-0.3414634146341464
-0.41463414634146345
0.33739837398373984
0.052845528455284674
-0.5040650406504065
-0.5284552845528456
-0.8821138211382114
-0.17886178861788626
-0.9146341463414634
-0.8048780487804879
0.46341463414634143
0.7479674796747968
0.934959349593496
-0.5487804878048781
0.524390243902439
-0.0325203252032521
0.2967479674796749
0.6829268292682928
0.878048780487805
-0.4552845528455285
0.0934959349593496
-0.13008130081300828
0.7235772357723576
0.9634146341463417
0.19105691056910556
-0.8780487804878049
-0.8861788617886179
0.19512195121951237
-0.8130081300813008
0.12195121951219523
0.2032520325203251
-0.008130081300813052
0.0
0.8495934959349594
0.6138211382113821
-0.4065040650406505
0.11788617886178865
-0.22357723577235777
-0.08536585365853666
-0.016260162601626105
-0.23983739837398377
-0.08130081300813019
-0.3739837398373984
-0.04471544715447162
0.7357723577235773
0.1260162601626016
0.6260162601626016
-0.5609756097560976
0.04065040650406493
0.8983739837398375
0.7113821138211383
-0.7032520325203252
0.3170731707317074
-0.020325203252032575
-0.3455284552845529
-0.7682926829268293
0.40243902439024404
0.28861788617886175
0.8658536585365855
-0.2804878048780488
-0.5975609756097562
-0.5650406504065042
0.9796747967479675
-0.9796747967479675
-0.38211382113821146
0.6544715447154472
-0.6585365853658537
0.7764227642276422
0.04471544715447173
-0.49186991869918695
-0.29268292682926844
-0.9715447154471545
0.4186991869918699
0.621951219512195
-0.8658536585365854
0.23983739837398388
-0.22764227642276436
0.8577235772357723
0.8739837398373982
-0.2479674796747967
-0.9065040650406504
0.8252032520325203
0.1422764227642277
0.11382113821138207
-0.6788617886178863
0.3536585365853657
0.21138211382113825
-0.3617886178861789
0.2804878048780488
0.8089430894308942
0.19918699186991873
-0.44715447154471544
0.5081300813008132
0.8333333333333335
-1.0
-0.8577235772357723
-0.3008130081300814
-0.14634146341463428
-0.012195121951219634
0.9268292682926829
-0.6341463414634145
-0.10975609756097571
0.8211382113821137
0.5365853658536586
0.3577235772357725
-0.6707317073170731
0.943089430894309
0.6178861788617886
-0.060975609756097615
-0.8983739837398375
0.556910569105691
-0.8699186991869918
0.41463414634146334
0.3089430894308942
-0.8333333333333334
0.9146341463414633
0.589430894308943
0.7439024390243902
0.378048780487805
-0.6138211382113822
0.5406504065040652
0.06910569105691056
-0.6544715447154472
0.3252032520325203
-0.0487804878048782
-0.4715447154471546
-0.5528455284552845
0.8170731707317074
-0.7357723577235773
-0.12195121951219512
-0.6422764227642277
-0.9878048780487805
-0.6951219512195123
-0.30487804878048785
0.9390243902439024
-0.7886178861788617
0.2642276422764227
0.9878048780487805
-0.0650406504065042
0.9512195121951219
0.4065040650406504
-0.7642276422764228
0.24796747967479682
-0.028455284552845628
0.7682926829268293
-0.6382113821138211
-0.5934959349593496
-0.20731707317073178
0.8536585365853657
0.410569105691057
0.49186991869918706
0.7073170731707317
0.25609756097560976
-0.15447154471544722
0.5609756097560974
-0.2682926829268293
0.7032520325203253
0.012195121951219523
-0.9105691056910569
0.8617886178861789
-0.7479674796747967
-0.15040650406504064
-0.6991869918699187
0.678861788617886
0.7804878048780488
-0.1869918699186992
0.6422764227642277
0.5934959349593496
-0.35365853658536595
0.39837398373983723
-0.4024390243902439
0.3617886178861789
-0.33333333333333337
-0.7195121951219512
-0.3170731707317074
0.7520325203252032
0.16260162601626016
0.7317073170731707
0.42682926829268286
-0.9349593495934959
0.5040650406504066
-0.1707317073170732
0.8373983739837398
-0.2032520325203252
0.9065040650406504
0.532520325203252
0.9552845528455285
0.4959349593495934
-0.8252032520325203
0.020325203252032686
0.4390243902439024
-0.426829268292683
0.845528455284553
-0.07723577235772361
0.6341463414634145
-0.2520325203252033
-0.13821138211382122
0.13008130081300817
-0.540650406504065
-0.7804878048780488
0.10162601626016254
-0.6219512195121951
0.14634146341463405
-0.9512195121951219
0.060975609756097615
-0.6504065040650406
0.26016260162601634
-0.2357723577235773
0.6504065040650406
0.03658536585365857
-0.44308943089430897
-0.1260162601626017
-0.4878048780487806
0.9024390243902438
0.8943089430894309
0.2195121951219512
-0.7723577235772358
-0.46341463414634154
-0.05284552845528456
0.4227642276422765
0.008130081300812941
-0.5772357723577236
-0.26016260162601634
0.3739837398373984
-0.556910569105691
0.2764227642276422
0.7398373983739837
-0.8292682926829269
0.3902439024390245
0.6747967479674797
0.910569105691057
0.5975609756097562
-0.6869918699186992
0.9471544715447153
-0.11382113821138218
0.9837398373983739
-0.41869918699187003
-0.6463414634146343
-0.7967479674796748
0.03252032520325221
0.6991869918699187
-0.03658536585365857
0.646341463414634
0.467479674796748
0.24390243902439024
-0.32520325203252043
-0.11788617886178865
-0.10569105691056913
-0.3943089430894309
0.4552845528455285
0.345528455284553
-0.2967479674796748
0.27235772357723587
0.44715447154471555
-0.32113821138211385
0.9227642276422765
-0.2642276422764228
-0.5447154471544715
-0.959349593495935
-0.467479674796748
1.0
0.6016260162601625
-0.7317073170731707
-0.524390243902439
-0.7276422764227642
-0.6910569105691058
-0.434959349593496
-0.9024390243902439
0.15447154471544722
0.8130081300813008
0.18292682926829285
0.8902439024390245
0.313008130081301
0.004065040650406582
-0.28861788617886186
-0.5
-0.7439024390243902
-0.6666666666666666
0.4756097560975612
-0.7926829268292683
-0.47967479674796754
0.2520325203252034
-0.589430894308943
0.08130081300813008
0.21544715447154483
0.43089430894308944
0.7723577235772359
-0.8211382113821138
-0.43089430894308944
-0.33739837398373995
-0.9634146341463414
-0.04065040650406504
-0.6626016260162602
0.016260162601626105
-0.9186991869918699
0.9593495934959348
-0.943089430894309
-0.5731707317073171
-0.13414634146341464
0.23577235772357708
-0.8008130081300813
0.4512195121951219
0.7642276422764227
-0.19512195121951226
0.30487804878048785
0.1707317073170731
0.4878048780487805
0.7195121951219512
0.9918699186991868
0.7560975609756098
-0.47560975609756095
-0.45934959349593496
-0.5853658536585366
0.36991869918699183
0.10569105691056913
-0.6097560975609757
0.36585365853658525
0.5487804878048781
-0.2560975609756099
-0.9227642276422764
0.9186991869918699
0.32113821138211374
0.5650406504065042
0.15853658536585358
-0.991869918699187
0.17886178861788626
-0.9390243902439024
-0.5365853658536586
0.6097560975609757
0.7967479674796747
-0.967479674796748
0.6585365853658536
0.967479674796748
-0.36991869918699194
-0.38617886178861793
0.6626016260162602
0.024390243902439046
0.3292682926829269
0.5203252032520327
0.30081300813008127
-0.3780487804878049
-0.926829268292683
0.44308943089430897
-0.7520325203252033
-0.8739837398373984
0.1382113821138211
0.5284552845528454
0.975609756097561
0.5121951219512195
-0.7073170731707317
0.6707317073170733
-0.6056910569105691
0.1869918699186992
-0.9471544715447154
-0.7764227642276422
0.07317073170731692
-0.7845528455284553
-0.09756097560975618
-0.1422764227642277
-0.2195121951219513
-0.21544715447154472
-0.7560975609756098
-0.1585365853658537
0.5691056910569106
-0.5325203252032521
0.29268292682926833
0.7276422764227644
-0.9308943089430894
-0.30894308943089444
-0.7235772357723578
0.15040650406504086
-0.36585365853658536
-0.3130081300813008
-0.23170731707317072
-0.5813008130081301
-0.056910569105691144
0.2682926829268293
0.38211382113821135
0.434959349593496
CENT_RANK
-0.9105691056910569
-0.5365853658536586
-0.7032520325203252
-0.5447154471544715
0.8089430894308942
-0.7967479674796748
-0.7886178861788617
-0.008130081300813052
0.43089430894308944
-0.3780487804878049
-0.004065040650406582
-0.15040650406504064
-0.6341463414634145
0.3292682926829269
0.5691056910569106
-1.0
0.7601626016260163
-0.6016260162601625
-0.9796747967479675
-0.08536585365853666
0.678861788617886
0.5365853658536586
0.9146341463414633
0.16260162601626016
0.04878048780487809
-0.27642276422764234
-0.8048780487804879
-0.8983739837398375
-0.2032520325203252
0.8983739837398375
-0.6097560975609757
0.5081300813008132
-0.5813008130081301
0.4065040650406504
0.33739837398373984
0.943089430894309
0.3943089430894309
-0.9552845528455285
0.9878048780487805
0.24796747967479682
-0.2560975609756099
-0.3008130081300814
0.9471544715447153
0.7276422764227644
-0.3739837398373984
0.15040650406504086
-0.056910569105691144
-0.9349593495934959
0.09756097560975618
0.5
-0.5
-0.09756097560975618
-0.3943089430894309
0.7926829268292683
-0.1422764227642277
-0.8455284552845529
0.2642276422764227
-0.5650406504065042
0.378048780487805
-0.23170731707317072
0.36991869918699183
0.25609756097560976
0.9593495934959348
0.1260162601626016
-0.6504065040650406
0.8658536585365855
0.21138211382113825
0.7073170731707317
-0.33333333333333337
-0.467479674796748
0.7195121951219512
-0.47967479674796754
0.8170731707317074
0.9512195121951219
-0.32520325203252043
0.4959349593495934
0.9837398373983739
-0.46341463414634154
0.1869918699186992
-0.27235772357723587
-0.7195121951219512
-0.32113821138211385
0.434959349593496
0.33333333333333326
-0.8495934959349594
-0.7845528455284553
-0.5081300813008129
0.975609756097561
-0.1707317073170732
-0.5121951219512195
-0.4390243902439025
-0.8333333333333334
0.0934959349593496
-0.10162601626016265
-0.44715447154471544
-0.8739837398373984
-0.8943089430894309
0.6016260162601625
-0.8699186991869918
-0.49593495934959353
0.05691056910569103
0.7642276422764227
-0.10975609756097571
-0.7804878048780488
0.8577235772357723
-0.426829268292683
0.46341463414634143
0.1422764227642277
-0.2195121951219513
0.9186991869918699
0.04065040650406493
-0.943089430894309
-0.07723577235772361
0.7113821138211383
0.7520325203252032
0.14634146341463405
0.7317073170731707
-0.49186991869918695
-0.41869918699187003
-0.19918699186991873
-0.8536585365853658
-0.3170731707317074
-0.7479674796747967
-0.9065040650406504
0.5447154471544715
0.07723577235772372
0.8902439024390245
-0.5162601626016261
0.4512195121951219
0.2520325203252034
-0.7398373983739838
0.9715447154471544
0.9796747967479675
-0.16260162601626027
0.6341463414634145
-0.6951219512195123
0.313008130081301
0.41463414634146334
0.7398373983739837
-0.36585365853658536
-0.7764227642276422
0.5650406504065042
-0.8130081300813008
-0.05284552845528456
-0.08943089430894313
0.9308943089430894
0.467479674796748
0.7845528455284552
0.19918699186991873
-0.4878048780487806
0.7682926829268293
-0.6788617886178863
-0.22357723577235777
-0.8292682926829269
0.3252032520325203
0.7886178861788617
-0.14634146341463428
-0.8658536585365854
0.8536585365853657
-0.17886178861788626
0.6504065040650406
-0.6910569105691058
0.8861788617886177
0.30081300813008127
0.03252032520325221
-0.11382113821138218
0.36585365853658525
-0.7926829268292683
0.5975609756097562
-0.7439024390243902
0.6097560975609757
0.6626016260162602
0.878048780487805
-0.7154471544715446
0.5609756097560974
-0.8252032520325203
0.4878048780487805
-0.8211382113821138
0.028455284552845406
0.646341463414634
-0.9471544715447154
0.27235772357723587
-0.6260162601626016
0.24390243902439024
-0.3577235772357724
-0.8577235772357723
0.47967479674796754
0.9552845528455285
-0.47560975609756095
0.3739837398373984
-0.33739837398373995
0.9227642276422765
0.7479674796747968
-0.20731707317073178
-0.589430894308943
-0.28861788617886186
0.10162601626016254
-0.028455284552845628
-0.7317073170731707
0.34959349593495936
0.008130081300812941
-0.6138211382113822
-0.16666666666666674
0.13414634146341475
-0.11788617886178865
0.1382113821138211
0.2682926829268293
0.8048780487804879
-0.9959349593495935
-0.540650406504065
-0.024390243902439046
0.6300813008130082
-0.8414634146341463
-0.020325203252032575
0.22764227642276436
-0.13414634146341464
-0.6666666666666666
0.44308943089430897
0.8699186991869918
0.17886178861788626
0.5853658536585367
0.38211382113821135
0.8414634146341462
-0.8170731707317074
0.532520325203252
0.012195121951219523
0.6178861788617886
0.5813008130081301
-0.38211382113821146
0.6138211382113821
0.5487804878048781
-0.04065040650406504
-0.5609756097560976
-0.5040650406504065
0.38617886178861793
0.6382113821138213
-0.8089430894308943
-0.016260162601626105
-0.7723577235772358
-0.44308943089430897
-0.2967479674796748
0.621951219512195
0.15447154471544722
-0.35365853658536595
-0.1910569105691058
-0.991869918699187
-0.6056910569105691
0.49186991869918706
0.556910569105691
-0.5203252032520325
-0.04471544715447162
0.5934959349593496
0.26016260162601634
-0.03658536585365857
0.4756097560975612
0.04471544715447173
0.5040650406504066
-0.5487804878048781
-0.060975609756097615
-0.926829268292683
-0.6382113821138211
-0.7520325203252033
0.9918699186991868
0.7439024390243902
0.6951219512195121
0.8739837398373982
0.3536585365853657
0.13008130081300817
0.934959349593496
-0.6585365853658537
0.4715447154471544
-0.15447154471544722
-0.5853658536585366
0.45934959349593507
-0.8373983739837398
0.2967479674796749
-0.3292682926829268
0.7032520325203253
-0.4065040650406505
-0.08130081300813019
0.6260162601626016
0.10975609756097571
0.20731707317073167
0.8292682926829267
-0.2682926829268293
-0.10569105691056913
0.07317073170731692
-0.8902439024390244
-0.5975609756097562
0.9065040650406504
0.7357723577235773
0.060975609756097615
0.5731707317073171
-0.959349593495935
-0.13821138211382122
-0.0325203252032521
0.9959349593495936
0.2764227642276422
0.7154471544715448
0.6666666666666665
0.6707317073170733
0.845528455284553
-0.39837398373983746
0.7967479674796747
-0.21544715447154472
0.2032520325203251
0.9390243902439024
-0.012195121951219634
0.5528455284552847
0.06910569105691056
0.08943089430894324
0.23170731707317072
-0.4715447154471546
-0.7560975609756098
0.2195121951219512
-0.26016260162601634
0.39837398373983723
-0.9634146341463414
-0.6463414634146343
-0.8780487804878049
0.5284552845528454
0.7764227642276422
0.020325203252032686
-0.12195121951219512
-0.36991869918699194
-0.0487804878048782
0.6991869918699187
-0.451219512195122
0.410569105691057
-0.5284552845528456
-0.3130081300813008
-0.38617886178861793
-0.7682926829268293
-0.2804878048780488
0.11788617886178865
-0.6991869918699187
0.28861788617886175
-0.556910569105691
0.3617886178861789
-0.41056910569105687
0.8211382113821137
-0.524390243902439
0.5121951219512195
0.8617886178861789
0.7235772357723576
0.8821138211382114
-0.1585365853658537
-0.2357723577235773
-0.6422764227642277
-0.06910569105691056
-0.434959349593496
-0.7601626016260162
-0.5934959349593496
-0.22764227642276436
0.8008130081300815
0.17479674796747968
0.6910569105691056
0.589430894308943
0.4390243902439024
0.11382113821138207
-0.34959349593495936
0.6869918699186992
-0.5528455284552845
0.8943089430894309
0.29268292682926833
-0.6707317073170731
0.6747967479674797
0.6585365853658536
-0.30487804878048785
0.23983739837398388
-0.6626016260162602
-0.6178861788617886
-0.483739837398374
0.12195121951219523
0.9268292682926829
0.8333333333333335
-0.9390243902439024
-0.19512195121951226
-0.2479674796747967
-0.7357723577235773
0.18292682926829285
-0.6829268292682926
0.052845528455284674
0.6422764227642277
0.4186991869918699
0.524390243902439
-0.43089430894308944
-0.6544715447154472
0.2804878048780488
0.19512195121951237
-0.9512195121951219
0.3577235772357725
-0.09349593495934971
-0.7276422764227642
-0.1869918699186992
0.967479674796748
-0.4227642276422765
0.7723577235772359
0.910569105691057
0.5772357723577235
0.08130081300813008
-0.8821138211382114
-0.3902439024390245
0.3089430894308942
-0.9878048780487805
0.32113821138211374
-0.30894308943089444
-0.1747967479674798
-0.9227642276422764
-0.41463414634146345
-0.975609756097561
0.4837398373983739
0.024390243902439046
0.5203252032520327
-0.9024390243902439
0.5406504065040652
0.40243902439024404
0.44715447154471555
0.3170731707317074
-0.45934959349593496
0.0
0.8130081300813008
0.3902439024390245
0.08536585365853666
-0.2845528455284553
-0.6219512195121951
0.3414634146341464
0.03658536585365857
0.30487804878048785
-0.9308943089430894
0.9634146341463417
0.8373983739837398
-0.4552845528455285
-0.9186991869918699
0.15853658536585358
0.7560975609756098
0.6829268292682928
-0.23983739837398377
-0.983739837398374
0.4227642276422765
-0.8861788617886179
-0.5731707317073171
0.8495934959349594
1.0
-0.967479674796748
0.7804878048780488
0.1707317073170731
-0.3455284552845529
0.42682926829268286
0.6056910569105691
0.6544715447154472
0.16666666666666674
0.4552845528455285
0.2845528455284554
0.016260162601626105
-0.9146341463414634
-0.21138211382113836
-0.07317073170731714
-0.7235772357723578
0.10569105691056913
0.004065040650406582
-0.2642276422764228
0.23577235772357708
-0.3617886178861789
0.22357723577235777
-0.6869918699186992
0.345528455284553
-0.9715447154471545
-0.6300813008130082
-0.2520325203252033
-0.8008130081300813
-0.18292682926829273
-0.4024390243902439
-0.6747967479674797
-0.5691056910569106
-0.5325203252032521
-0.29268292682926844
0.8252032520325203
-0.7113821138211383
0.0650406504065042
0.21544715447154483
-0.8617886178861789
-0.7642276422764228
-0.24390243902439035
0.9024390243902438
0.19105691056910556
-0.3414634146341464
-0.0650406504065042
-0.7073170731707317
0.5162601626016259
-0.13008130081300828
-0.5772357723577236
-0.1260162601626017
RANK
15
208
245
404
438
18
410
467
444
317
293
37
390
180
111
376
47
429
259
408
433
455
0
123
414
27
96
287
440
401
319
95
98
157
481
185
120
84
55
212
274
91
153
175
177
223
142
236
26
470
5
167
6
85
103
140
238
332
482
351
313
261
122
169
130
379
198
393
458
80
173
478
488
2
335
135
161
465
381
151
473
365
216
370
269
387
64
318
348
260
12
468
182
425
371
201
30
246
17
288
352
194
272
32
491
441
474
57
232
337
362
257
3
209
1
475
329
341
249
127
89
86
233
50
99
117
149
372
71
188
312
69
77
419
432
327
94
239
90
350
386
105
396
118
409
339
278
472
302
52
402
331
228
9
44
324
139
463
184
243
360
447
486
190
68
276
74
81
121
330
406
368
41
240
476
195
424
333
25
79
284
461
315
40
469
378
483
437
347
59
353
152
108
304
456
193
28
119
377
244
394
471
159
407
88
202
133
346
271
11
156
54
294
215
490
492
323
204
165
102
285
93
51
392
144
19
279
112
457
349
487
258
46
143
325
250
231
253
295
197
210
213
237
307
7
10
420
460
200
225
454
322
412
178
164
427
110
255
24
382
100
291
479
309
286
125
400
423
310
92
48
196
459
281
359
334
373
63
267
203
205
107
115
45
242
434
23
451
446
355
219
380
78
485
389
148
305
282
66
480
314
464
214
311
462
369
183
39
129
61
252
56
206
181
297
388
453
336
364
275
163
428
403
136
418
405
154
13
83
34
426
466
199
266
391
338
166
60
189
58
221
234
422
36
316
416
33
328
137
384
439
448
8
82
358
217
417
128
452
273
106
146
270
254
186
411
176
247
75
49
256
31
342
489
413
385
320
224
21
415
124
230
308
248
174
141
14
292
399
227
220
357
251
168
97
449
170
229
226
241
280
211
134
235
383
179
160
450
367
171
299
300
366
20
436
361
356
264
326
277
67
113
298
70
344
43
116
290
138
263
192
114
435
16
101
150
397
321
445
147
155
53
303
354
207
4
421
72
340
477
283
375
431
222
301
442
158
104
343
65
218
265
172
345
162
126
363
29
484
289
398
22
109
191
374
145
268
306
35
42
73
187
62
430
395
131
87
132
76
38
262
296
443
