DEGREE
-0.29032258064516125
0.5483870967741935
-0.4193548387096774
-0.22580645161290325
0.6129032258064515
0.35483870967741926
-0.4193548387096774
-0.5483870967741935
-0.3548387096774194
-0.22580645161290325
-0.032258064516129004
0.6774193548387097
-0.09677419354838712
-1.0
0.29032258064516125
0.35483870967741926
-0.4838709677419355
-0.6129032258064516
0.7419354838709677
-0.09677419354838712
-0.8064516129032258
0.8064516129032258
-0.6774193548387097
-0.6129032258064516
0.8064516129032258
-0.09677419354838712
-0.7419354838709677
0.6774193548387097
-0.22580645161290325
-0.6129032258064516
0.032258064516129004
0.5483870967741935
-0.4838709677419355
0.35483870967741926
-0.032258064516129004
-0.22580645161290325
0.935483870967742
0.4838709677419355
0.35483870967741926
-0.3548387096774194
-0.29032258064516125
-0.3548387096774194
0.16129032258064524
0.032258064516129004
0.032258064516129004
-0.09677419354838712
-0.7419354838709677
-0.3548387096774194
-0.3548387096774194
-0.3548387096774194
-0.032258064516129004
-0.22580645161290325
-0.22580645161290325
-0.16129032258064513
0.16129032258064524
-0.4838709677419355
0.29032258064516125
-0.29032258064516125
0.8064516129032258
0.5483870967741935
-0.6129032258064516
-0.16129032258064513
0.09677419354838701
0.5483870967741935
1.0
-0.16129032258064513
-0.09677419354838712
0.4838709677419355
-0.09677419354838712
-0.6774193548387097
-0.09677419354838712
-0.22580645161290325
-0.4193548387096774
-0.29032258064516125
-0.8064516129032258
-0.6129032258064516
0.6774193548387097
0.8709677419354838
-0.6774193548387097
-0.6129032258064516
0.5483870967741935
-0.032258064516129004
0.8709677419354838
-0.4193548387096774
-0.09677419354838712
-0.032258064516129004
-0.29032258064516125
0.22580645161290325
0.35483870967741926
-0.29032258064516125
-0.22580645161290325
-0.5483870967741935
0.22580645161290325
-0.09677419354838712
0.22580645161290325
-0.4193548387096774
-0.032258064516129004
0.5483870967741935
0.4838709677419355
0.6774193548387097
-0.3548387096774194
0.22580645161290325
-0.22580645161290325
0.22580645161290325
-0.4838709677419355
-0.16129032258064513
-0.09677419354838712
-0.6129032258064516
0.6129032258064515
-0.6129032258064516
-0.4193548387096774
-0.8064516129032258
0.4193548387096775
-0.16129032258064513
0.4193548387096775
-0.5483870967741935
0.22580645161290325
-0.09677419354838712
0.16129032258064524
-0.4193548387096774
0.8064516129032258
-0.6129032258064516
-0.3548387096774194
-0.29032258064516125
-0.3548387096774194
-0.09677419354838712
-0.16129032258064513
-0.16129032258064513
-0.16129032258064513
-0.22580645161290325
0.6129032258064515
0.6129032258064515
-0.4193548387096774
0.29032258064516125
0.6129032258064515
-0.22580645161290325
0.7419354838709677
0.16129032258064524
0.22580645161290325
-0.8064516129032258
0.5483870967741935
-0.6774193548387097
0.09677419354838701
0.032258064516129004
1.0
-0.09677419354838712
-0.29032258064516125
0.16129032258064524
-0.5483870967741935
0.4838709677419355
-0.5483870967741935
-0.16129032258064513
-0.032258064516129004
0.6774193548387097
-0.4838709677419355
-0.16129032258064513
0.22580645161290325
-0.22580645161290325
-0.16129032258064513
-0.22580645161290325
0.09677419354838701
0.5483870967741935
-0.6774193548387097
0.22580645161290325
-0.8709677419354839
0.7419354838709677
-0.032258064516129004
-0.29032258064516125
0.5483870967741935
0.4193548387096775
-0.22580645161290325
-0.8709677419354839
0.29032258064516125
-0.09677419354838712
-0.032258064516129004
0.8709677419354838
-0.16129032258064513
-0.16129032258064513
-0.8064516129032258
0.6129032258064515
-0.6129032258064516
-0.22580645161290325
-0.16129032258064513
-0.16129032258064513
-0.032258064516129004
0.09677419354838701
-0.09677419354838712
-0.6774193548387097
-0.4838709677419355
0.7419354838709677
-0.09677419354838712
0.4838709677419355
0.5483870967741935
-0.032258064516129004
-0.29032258064516125
0.8709677419354838
-0.09677419354838712
-0.3548387096774194
-0.6129032258064516
0.6129032258064515
-0.16129032258064513
-0.29032258064516125
0.4193548387096775
0.8064516129032258
-0.8064516129032258
0.22580645161290325
0.6774193548387097
-0.032258064516129004
0.032258064516129004
0.35483870967741926
-0.8064516129032258
-0.6774193548387097
0.22580645161290325
0.7419354838709677
-0.22580645161290325
0.4193548387096775
0.8709677419354838
-0.6774193548387097
-0.5483870967741935
-0.6774193548387097
0.6774193548387097
-0.032258064516129004
0.8064516129032258
0.032258064516129004
0.16129032258064524
-0.22580645161290325
-0.5483870967741935
-0.5483870967741935
-0.6129032258064516
0.09677419354838701
-0.16129032258064513
-0.22580645161290325
-0.4838709677419355
1.0
-0.16129032258064513
-0.032258064516129004
-0.4193548387096774
-0.4838709677419355
0.7419354838709677
-0.3548387096774194
-0.22580645161290325
0.8064516129032258
-0.032258064516129004
0.22580645161290325
0.4193548387096775
-0.8064516129032258
-0.7419354838709677
-0.16129032258064513
-0.8064516129032258
0.4838709677419355
-0.032258064516129004
0.6774193548387097
0.4193548387096775
0.6774193548387097
-0.5483870967741935
-0.4838709677419355
0.4838709677419355
-0.29032258064516125
-0.032258064516129004
0.4193548387096775
0.7419354838709677
0.09677419354838701
-0.4193548387096774
-0.09677419354838712
-0.22580645161290325
-0.22580645161290325
-0.032258064516129004
-0.22580645161290325
0.8064516129032258
0.35483870967741926
-0.09677419354838712
-0.22580645161290325
-0.29032258064516125
0.032258064516129004
0.4193548387096775
-0.4193548387096774
-0.8709677419354839
-0.6129032258064516
-0.032258064516129004
-0.4838709677419355
-0.4838709677419355
0.4193548387096775
-0.4193548387096774
0.4838709677419355
-0.3548387096774194
0.032258064516129004
-0.935483870967742
-0.032258064516129004
-0.22580645161290325
EIGENVECTOR
-0.9899156539950377
0.5073854663935251
-0.9854392935506571
-0.9944257145527742
0.5412046313512715
-0.3046456461269078
-0.9634563407035978
-0.9893065417955688
-0.9491817708836143
-0.9996217433615747
-0.9933591322776196
0.5425604618144038
-0.9615751614925828
-0.9582561138489855
-0.23821661993757437
-0.27897614791422176
-0.9781976827523755
-0.9985511299577442
-0.03206345386184861
-0.6588959743423415
-0.8493121538640254
0.6475134871469557
-0.9964030737144232
-0.9984119044761703
0.885485011090742
-0.9395816029517854
-0.920132318773503
0.6907952447015222
-0.9898652265584448
-0.9535099078858554
-0.06954607291953818
-0.12035803304464088
-0.9969778423130681
0.12949860147935133
-0.8872679272346461
-0.9996702505902061
0.8363137713750985
-0.18576955305957943
-0.21274540326064317
-0.999776228543528
-0.9818262068723769
-0.9997811155746673
-0.9984970438814909
-0.7047354220499278
-0.3679665517361068
-0.9874116306022379
-0.8202239499892093
-0.9483633536869732
-0.9985475463900388
-0.9883840704497903
-0.9856050575537013
-0.9944257145527741
-0.8657047909636035
-0.558628610319498
-0.293267048231197
-0.9765218942941013
-0.0322125537418676
-0.6321711696022556
0.7743184854421385
-0.08180971770299683
-0.9898930298762963
-0.5586286103194982
-0.464021426283291
0.09961641994688719
1.0
-0.9664477202767299
-0.9706996920244325
-0.1490515542040476
-0.8069458995455236
-0.681972324646275
-0.9939008489611154
-0.40243868741558386
-0.9963571675016301
-0.9353672845060459
-0.8941048755540434
-0.9784142732573176
0.1742780220584481
0.7170608933037514
-0.8574759790821902
-0.9940578919206327
0.7041375477744163
-0.9960662660152233
0.5859155266323868
-0.9559640825196807
-0.969037183136806
-0.9911361935458234
-0.9994512257347014
-0.9981093270456873
-0.46441758897015595
-0.5152543791746204
-0.9912190773067828
-0.9977193527427546
-0.3872589623581695
-0.47551142667895485
-0.6465417432653782
-0.9873774517396994
-0.995066113334286
-0.1454312735883312
0.025685509991156596
0.25792037482030583
-0.9152717391893894
-0.5035286646598126
-0.5349218318143736
-0.3753404288474581
-0.9999204077334459
-0.9982219382250034
-0.18058266123197886
-0.9993027297615734
0.7085899410752285
-0.9865714843075416
-0.990957490117817
-0.7796159741919361
0.06449778049809196
-0.9785886984068243
0.33647672954459207
-0.7403134674200578
-0.9760759747098885
-0.3128553523949479
-0.39637032426550867
-0.9499701940218089
0.6585938243988512
-0.691529660355054
-0.9529581401471966
-0.7257769199288928
-0.9482793068909783
-0.3693913513262109
-0.9791170998751125
-0.990865145806846
-0.9929751847469066
-0.9633056644146604
0.05076895708772189
0.07837143979312478
-0.5258650777981555
-0.9980337225347266
0.7346333572894572
-0.741974853964551
0.3889093363748901
-0.9975970948859526
-0.9981093270456873
-0.9940586606220463
0.3122325415754068
-0.9980379431248564
-0.9777470444265196
-0.3726483623771276
0.9657406607783763
-0.987411630602238
-0.9818262068723769
-0.4682468940167476
-0.9853477495158699
0.03276045855811449
-0.9789707554748343
-0.6465625969343411
-0.918007975124347
-0.10462247849759576
-0.9520645824742271
-0.9995946460792453
0.09755804587939254
-0.8802567837902099
-0.9893583595285211
-0.6500687018307679
-0.6513755891071207
0.44947342713044125
-0.9873652292085493
-0.5927809787169849
-0.9212856858677401
0.4973590396452672
-0.8057138897700427
-0.9570826396554512
-0.04272523178060039
0.32021617982762396
-0.5938607810622791
-0.9992073136683924
-0.5888191304475592
-0.09300354109598108
-0.30600380532908567
0.5083952456691763
-0.9995166929357074
-0.992331326100356
-0.9895209498876926
0.6952854296283928
-0.9880372380612207
-0.9912361832557485
-0.7237850902410918
-0.9978906272680093
-0.9907867702390527
-0.9074744783744112
-0.910539226098449
-0.8722581803906178
-0.9926145373285777
0.15324386133117573
-0.4776657345686217
0.3169776532201847
-0.07314393411368825
-0.7546287906842226
-0.9525921966749386
0.34148978080168924
-0.6217076045285116
-0.9696199686404421
-0.9865714843075416
0.39077569021343983
-0.9995946460792454
-0.9315345744445996
-0.1916216009337246
0.09924510147617394
-0.9940586606220462
-0.634348771474935
0.0020715541180129637
-0.5466068222653852
-0.7567035480014288
0.12431174620439256
-0.9940586606220462
-0.9873652292085493
-0.35985461083557446
0.6426880097792329
-0.9898652265584449
-0.2585870642331619
0.8175253875916071
-0.9980379431248564
-0.9983431090607453
-0.9628354554931272
0.06991456427817377
-0.9935478952772188
0.8874243887948428
-0.8571380371317866
-0.3920264743352886
-0.7833732067808516
-0.9776035832626734
-0.9893065417955687
-0.9955946535138246
-0.15142223862903426
-0.1034909691900252
-0.9956103849217351
-0.9462978969412773
0.36728663800281214
-0.8430151765116032
-0.9966931902835993
-0.9953280472267639
-0.9973425222031731
0.1714484593923884
-0.4355721184557756
-0.7432854002411434
0.8204989534567735
-0.6881310466455799
-0.469757983938083
-0.026617704754862692
-0.8396153958267265
-0.9990360185067604
-0.6710223680618361
-0.9173466385296114
0.5410882885082813
-0.4652266833147056
0.08076413237528657
0.33647672954459185
0.4100152418241112
-1.0
-0.9999608638226753
0.08730358123743165
-0.9167824196240556
-0.9125197263584032
-0.24269399587873042
0.769711914992804
-0.013859792473733812
-0.9828195425671451
-0.9690371831368062
-0.8843384081628491
-0.9913848774350369
-0.993591354150086
-0.42974178674830354
0.7555708140212798
-0.2881213595338674
-0.8266551331230165
-0.2158293056277003
-0.9632048993400448
-0.9168826872118432
0.2656092623349513
-0.5160065419115385
-0.9996958654241539
-0.9908576877758535
-0.6652052910964457
-0.9536709903675633
-0.9999608638226752
-0.20814570510246277
-0.9642534547515069
0.2313751782755542
-0.9370008999822208
-0.4194854811980757
-0.9211727956318803
-0.8545401370427785
-0.9909041320885854
CENT
-0.718571276916243
-0.42224912436649953
-0.9000623080682438
-0.8824230411565525
-0.6947629931120818
-0.5621661961082751
-0.7714953710317269
-0.9126474832595035
-0.9439677952317939
-0.9911757271117642
-0.7995010870399538
-0.4110739891070051
-0.44749108061723064
-0.9995370757380916
-0.6856739257101407
-0.7059179445959294
-0.9226500412417298
-0.9862451055798728
0.29010401348992776
-0.4797200304037752
-0.9978256762784568
-0.09871995357144914
-0.9977843456208624
-0.949806907344435
-0.6556082767131151
-0.2510553050661386
-0.8954727819826885
-0.5308999900729312
-0.9145215929610072
-0.6075807064185081
-0.8757470384316586
-0.8216096446846061
-0.9342395619297894
-0.4719137523777065
-0.45628873853758767
-0.9921328336101151
-0.6894669531502939
-0.20289273202271996
-0.6372276377732079
-0.9933692813345496
-0.8623956862710576
-0.9937919183095975
-0.7753892900573667
1.0
-0.6287793431961416
-0.8816870602326103
-0.9846307924544597
-0.3155130994788359
-0.9224583546431735
-0.3049722371698811
-0.5024215718976381
-0.8824230411565525
-0.7158039667218787
-0.9177738434521839
-0.3345692807319923
-0.8627793710876288
-0.6991715171585305
-0.3645616901053056
-0.8732314750142715
-0.7904119164353831
-0.9851202937321051
-0.9177738434521839
-0.4043959680618695
-0.7237489840715281
-0.6025030037589054
-0.48753833795868673
-0.6788571200809723
-0.06972693146621878
-0.5852033124443488
-0.9743882669955416
-0.9176724569103367
-0.888683412998685
-0.9677056695847814
-0.5276132181927851
-0.9616162049926181
-0.9547942900493793
-0.6456012880289921
-0.6892301880037344
-0.9586987281054604
-0.36668747592241047
-0.7319073680424869
-0.6783512591460776
-0.186516900318782
-0.9159687186099852
-0.7732523985292662
-0.15404745498665628
-0.8369495356272388
-0.6454710564867137
-0.2848787968541755
-0.637198238975549
-0.4717341094233878
-0.984247193465223
-0.7316671292320936
-0.42555478834436933
-0.035270400733276586
-0.46150852875823745
-0.507407281654684
-0.8594978959025223
-0.5126770865490808
-0.33095093934675013
-0.9305259940375311
-0.15772757218914157
-0.6307204233363028
-0.4190832192516616
-0.9964148303153971
-0.7469394666743419
-0.960929103674298
-0.966123465075968
-0.6825446862926619
-0.9961112178127681
-0.8829634555096686
-0.9819166066450662
-0.8427603552384372
-0.4109423719038867
-0.6828734739245763
-0.9732096285952091
-0.006813298814275837
-0.835681747574528
-0.7780260510095477
-0.2316053922451068
0.0032579625861570705
-0.9502047930328048
-0.8951714326048905
-0.3736295778028119
-0.5932089982904908
-0.6600042366175003
-0.80449987146261
-0.8246820809383251
-0.8091873801675311
0.540214986121152
-0.6557332939091308
-0.7631644794697484
-0.9673843565298454
-0.6342289951172329
-0.675423202980211
-0.48821781076549553
-0.160626438742976
-0.5664819925741088
-0.6454710564867137
-1.0
-0.625792156565583
-0.9703689655543388
-0.5339233463064671
-0.9182924952613395
-0.5033152355556241
-0.8816870602326103
-0.8623956862710576
-0.2859515922220843
-0.9843670637479663
-0.4995944130810783
-0.523955904928487
-0.8602820847891162
-0.7065462116408223
-0.40139103633393747
-0.3759944855624403
-0.9904715292489638
-0.8923847898742866
-0.8279838464999894
-0.28581767544524506
-0.8733042187445387
-0.35714725387928803
-0.8739766084231757
-0.999626136742628
-0.5133302060353948
-0.9752621443851158
-0.4234672355922232
-0.3628222999677625
-0.7551316003062614
-0.7665039860386195
-0.8424109088352881
-0.9235715061039534
-0.9998177584121771
-0.43928133974573524
-0.9624181242338125
-0.6624076286131968
-0.14664065815736071
-0.9571438360511705
-0.7675771567482288
-1.0
-0.4031045367970013
-0.9792206740278505
-0.6150669452277211
-0.40341489083852766
-0.799492286593115
-0.7261157131337246
-0.38708168778767016
0.21549061524508106
-0.9772513603119957
-0.8905323485083643
-0.6023278748231775
-0.8769728747826069
-0.6674162348059196
-0.8621146887025573
-0.042274971869099565
-0.878163250742864
-0.4238670428524567
-0.17783009504583314
-0.9054827556190872
-0.9961112178127681
-0.8632163508372077
-0.9904715292489638
-0.8408660134641165
-0.8525040008915039
-0.7056405001571502
-1.0
0.06162611608313018
0.16112402795405845
-0.8498963354752188
-0.15080649763540954
-0.43828885210644364
-1.0
-0.999626136742628
-0.1501244627244488
-0.8752101029121125
-0.9145215929610072
-0.6591695214189179
-0.8495047688120887
-0.9703689655543388
-0.940674625240704
0.09393873840758893
-0.5856759989178013
-0.7622179968229077
-0.6178497948843558
-0.47622200669401515
-0.6745371322813642
0.7083732619502838
-0.9319832979181264
-0.9126474832595035
-0.9955197541938023
-0.637233625457349
-0.9872621707874704
-0.8777966602224219
-0.39889629921416425
-0.2908788321121254
-0.8360483373179611
-0.7120906188223334
-0.9589273630707572
-0.9790823245982034
-0.5580625249602408
-0.9542893892355294
-0.8694637263970632
-0.7098050026700196
-0.18867119181807146
-0.7184826754051171
-0.31275794879978924
-0.9715997010897162
-0.9989812235808125
-0.5958129384724757
-0.9930560226888907
-0.6917730906672201
-0.3353257828042423
-0.611139110684602
-0.6828734739245763
-0.31267679609513266
-1.0
-0.9984238612128883
-0.7054557556949584
-0.17431500299823155
-0.32737049014181097
-0.13961134237134254
-0.7620239648834488
-0.9304862760601327
-0.6925171003709196
-0.7732523985292662
-0.6708452831515024
-0.8271345380297677
-0.8419502160283937
-0.6181379422483487
-0.8198545222285116
-0.5586798599219224
-0.677696221922919
-0.9624956808609247
-0.7318557380447985
-0.48687461917042296
-0.8621559925262062
-0.8800639001076366
-0.961511891577695
-0.6992875914010527
0.0788015874134047
-0.15076741771874347
-0.9984238612128883
-0.8227981446400197
-0.8184990893533924
-0.7413192553130461
0.7455191036257061
-0.9511818969410774
-0.9876902440485774
0.10414577106069123
-0.48662042646899495
DEGREE_RANK
-0.42361111111111105
0.6597222222222221
-0.5902777777777778
-0.33333333333333337
0.7291666666666667
0.48611111111111094
-0.5833333333333333
-0.7291666666666666
-0.5069444444444444
-0.32638888888888884
0.0972222222222221
0.7777777777777777
-0.03472222222222221
-1.0
0.45833333333333326
0.4930555555555556
-0.6666666666666667
-0.8194444444444444
0.8402777777777777
-0.02777777777777779
-0.9652777777777778
0.8888888888888891
-0.8819444444444444
-0.8125
0.8958333333333333
-0.02083333333333337
-0.9027777777777778
0.7847222222222223
-0.3194444444444444
-0.8055555555555556
0.23611111111111116
0.6666666666666667
-0.6597222222222222
0.4999999999999998
0.10416666666666674
-0.3125
0.9791666666666665
0.6041666666666665
0.5069444444444444
-0.5
-0.41666666666666663
-0.4930555555555556
0.33333333333333326
0.24305555555555558
0.25
-0.01388888888888884
-0.8958333333333333
-0.48611111111111116
-0.47916666666666663
-0.4722222222222222
0.11111111111111094
-0.30555555555555547
-0.29861111111111105
-0.16666666666666663
0.3402777777777777
-0.6527777777777777
0.4652777777777779
-0.4097222222222222
0.9027777777777779
0.6736111111111109
-0.7986111111111112
-0.1597222222222222
0.29166666666666674
0.6805555555555556
0.9861111111111112
-0.15277777777777768
-0.00694444444444442
0.6111111111111112
2.220446049250313e-16
-0.875
0.00694444444444442
-0.29166666666666663
-0.5763888888888888
-0.4027777777777777
-0.9583333333333334
-0.7916666666666666
0.7916666666666665
0.9444444444444444
-0.8680555555555556
-0.7847222222222222
0.6874999999999998
0.11805555555555558
0.9513888888888888
-0.5694444444444444
0.01388888888888884
0.125
-0.39583333333333326
0.375
0.5138888888888888
-0.38888888888888884
-0.2847222222222221
-0.7222222222222222
0.3819444444444442
0.02083333333333326
0.38888888888888884
-0.5625
0.13194444444444442
0.6944444444444444
0.6180555555555556
0.7986111111111112
-0.4652777777777777
0.3958333333333335
-0.2777777777777777
0.4027777777777777
-0.6458333333333333
-0.14583333333333326
0.02777777777777768
-0.7777777777777778
0.7361111111111112
-0.7708333333333333
-0.5555555555555556
-0.9513888888888888
0.5347222222222221
-0.13888888888888884
0.5416666666666667
-0.7152777777777777
0.4097222222222223
0.0347222222222221
0.3472222222222223
-0.5486111111111112
0.9097222222222221
-0.7638888888888888
-0.45833333333333326
-0.3819444444444444
-0.45138888888888884
0.04166666666666674
-0.1319444444444443
-0.12499999999999989
-0.11805555555555547
-0.27083333333333326
0.7430555555555556
0.75
-0.5416666666666666
0.4722222222222221
0.7569444444444444
-0.26388888888888884
0.8472222222222223
0.3541666666666665
0.4166666666666665
-0.9444444444444444
0.7013888888888891
-0.8611111111111112
0.29861111111111094
0.2569444444444444
0.9930555555555554
0.04861111111111094
-0.375
0.36111111111111116
-0.7083333333333333
0.625
-0.7013888888888888
-0.11111111111111105
0.13888888888888884
0.8055555555555554
-0.6388888888888888
-0.10416666666666663
0.42361111111111116
-0.2569444444444444
-0.09722222222222221
-0.2499999999999999
0.3055555555555556
0.7083333333333333
-0.8541666666666666
0.4305555555555556
-0.9861111111111112
0.8541666666666667
0.14583333333333326
-0.3680555555555556
0.7152777777777779
0.5486111111111112
-0.24305555555555547
-0.9791666666666666
0.47916666666666674
0.05555555555555558
0.15277777777777768
0.9583333333333333
-0.09027777777777768
-0.08333333333333326
-0.9375
0.7638888888888888
-0.7569444444444444
-0.23611111111111105
-0.07638888888888884
-0.06944444444444442
0.15972222222222232
0.3125
0.06249999999999978
-0.8472222222222222
-0.6319444444444444
0.8611111111111112
0.06944444444444442
0.6319444444444444
0.7222222222222221
0.16666666666666652
-0.36111111111111105
0.9652777777777777
0.07638888888888884
-0.4444444444444444
-0.75
0.7708333333333335
-0.0625
-0.35416666666666663
0.5555555555555556
0.9166666666666667
-0.9305555555555556
0.4375
0.8125
0.17361111111111116
0.26388888888888884
0.5208333333333333
-0.9236111111111112
-0.8402777777777778
0.4444444444444444
0.8680555555555556
-0.22916666666666663
0.5625
0.9722222222222223
-0.8333333333333334
-0.6944444444444444
-0.8263888888888888
0.8194444444444444
0.18055555555555536
0.9236111111111112
0.27083333333333326
0.36805555555555536
-0.2222222222222222
-0.6875
-0.6805555555555556
-0.7430555555555556
0.3194444444444444
-0.05555555555555547
-0.2152777777777778
-0.625
1.0
-0.04861111111111105
0.1875
-0.5347222222222222
-0.6180555555555556
0.875
-0.4374999999999999
-0.20833333333333326
0.9305555555555556
0.19444444444444442
0.45138888888888884
0.5694444444444444
-0.9166666666666666
-0.8888888888888888
-0.04166666666666663
-0.9097222222222222
0.6388888888888888
0.20138888888888884
0.8263888888888888
0.5763888888888888
0.8333333333333333
-0.6736111111111112
-0.6111111111111112
0.6458333333333333
-0.3472222222222222
0.20833333333333326
0.5833333333333335
0.8819444444444444
0.32638888888888884
-0.5277777777777777
0.08333333333333326
-0.20138888888888884
-0.19444444444444442
0.21527777777777768
-0.1875
0.9375
0.5277777777777777
0.0902777777777779
-0.18055555555555558
-0.3402777777777778
0.2777777777777779
0.5902777777777777
-0.5208333333333333
-0.9722222222222222
-0.736111111111111
0.2222222222222221
-0.6041666666666666
-0.5972222222222222
0.5972222222222223
-0.5138888888888888
0.6527777777777777
-0.43055555555555547
0.2847222222222221
-0.9930555555555556
0.22916666666666652
-0.17361111111111116
EIGENVECTOR_RANK
-0.5694444444444444
0.8333333333333333
-0.4444444444444444
-0.7152777777777777
0.8541666666666667
0.4166666666666665
-0.30555555555555547
-0.5208333333333333
-0.20833333333333326
-0.9444444444444444
-0.6597222222222222
0.8611111111111112
-0.2777777777777777
-0.27083333333333326
0.45833333333333326
0.4375
-0.3819444444444444
-0.8888888888888888
0.5902777777777777
0.13888888888888884
-0.01388888888888884
0.8819444444444444
-0.7708333333333333
-0.8680555555555556
0.9791666666666665
-0.18055555555555558
-0.13888888888888884
0.8958333333333333
-0.5486111111111112
-0.24305555555555547
0.5694444444444444
0.5277777777777777
-0.7847222222222222
0.7013888888888891
-0.06944444444444442
-0.9513888888888888
0.9722222222222223
0.4930555555555556
0.4722222222222221
-0.9652777777777778
-0.42361111111111105
-0.9722222222222222
-0.875
0.0972222222222221
0.38888888888888884
-0.4930555555555556
0.01388888888888884
-0.20138888888888884
-0.8819444444444444
-0.5138888888888888
-0.45138888888888884
-0.7222222222222222
-0.04166666666666663
0.2222222222222221
0.42361111111111116
-0.36111111111111105
0.5833333333333335
0.18055555555555536
0.9513888888888888
0.5555555555555556
-0.5625
0.21527777777777768
0.3125
0.6874999999999998
1.0
-0.3194444444444444
-0.3472222222222222
0.5138888888888888
0.02083333333333326
0.11805555555555558
-0.6805555555555556
0.3402777777777777
-0.7638888888888888
-0.16666666666666663
-0.07638888888888884
-0.38888888888888884
0.7222222222222221
0.9236111111111112
-0.03472222222222221
-0.6875
0.9097222222222221
-0.7569444444444444
0.8680555555555556
-0.2569444444444444
-0.32638888888888884
-0.6111111111111112
-0.9166666666666666
-0.8402777777777778
0.3055555555555556
0.2569444444444444
-0.6180555555555556
-0.8055555555555556
0.36111111111111116
0.2777777777777779
0.16666666666666652
-0.48611111111111116
-0.7291666666666666
0.5208333333333333
0.6180555555555556
0.7361111111111112
-0.10416666666666663
0.26388888888888884
0.23611111111111116
0.36805555555555536
-0.9791666666666666
-0.8541666666666666
0.4999999999999998
-0.9097222222222222
0.9166666666666667
-0.4652777777777777
-0.6041666666666666
0.04166666666666674
0.6388888888888888
-0.39583333333333326
0.7708333333333335
0.07638888888888884
-0.35416666666666663
0.4027777777777777
0.3472222222222223
-0.2152777777777778
0.8888888888888891
0.10416666666666674
-0.23611111111111105
0.08333333333333326
-0.19444444444444442
0.3819444444444442
-0.4097222222222222
-0.5902777777777778
-0.6527777777777777
-0.29861111111111105
0.6319444444444444
0.6527777777777777
0.24305555555555558
-0.8194444444444444
0.9305555555555556
0.06944444444444442
0.7986111111111112
-0.7986111111111112
-0.8472222222222222
-0.6944444444444444
0.75
-0.8333333333333334
-0.375
0.375
0.9930555555555554
-0.5
-0.41666666666666663
0.29166666666666674
-0.4374999999999999
0.625
-0.4027777777777777
0.15972222222222232
-0.1319444444444443
0.5347222222222221
-0.2222222222222222
-0.9305555555555556
0.6736111111111109
-0.05555555555555547
-0.5347222222222222
0.15277777777777768
0.14583333333333326
0.8194444444444444
-0.47916666666666663
0.20138888888888884
-0.15277777777777768
0.8263888888888888
0.02777777777777768
-0.26388888888888884
0.5763888888888888
0.7638888888888888
0.19444444444444442
-0.9027777777777778
0.20833333333333326
0.5486111111111112
0.4097222222222223
0.8402777777777777
-0.9236111111111112
-0.6388888888888888
-0.5416666666666666
0.9027777777777779
-0.5069444444444444
-0.625
0.0902777777777779
-0.8125
-0.5763888888888888
-0.08333333333333326
-0.09027777777777768
-0.04861111111111105
-0.6458333333333333
0.7083333333333333
0.27083333333333326
0.7569444444444444
0.5625
0.05555555555555558
-0.22916666666666663
0.7847222222222223
0.1875
-0.3402777777777778
-0.45833333333333326
0.8055555555555554
-0.9375
-0.1597222222222222
0.48611111111111094
0.6805555555555556
-0.7013888888888888
0.17361111111111116
0.6111111111111112
0.22916666666666652
0.04861111111111094
0.6944444444444444
-0.7083333333333333
-0.4722222222222222
0.3958333333333335
0.875
-0.5555555555555556
0.4444444444444444
0.9583333333333333
-0.8263888888888888
-0.8611111111111112
-0.2847222222222221
0.6458333333333333
-0.6666666666666667
0.9861111111111112
-0.02777777777777779
0.3541666666666665
0.0347222222222221
-0.3680555555555556
-0.5277777777777777
-0.7430555555555556
0.5069444444444444
0.5416666666666667
-0.75
-0.1875
0.7916666666666665
-0.00694444444444442
-0.7777777777777778
-0.736111111111111
-0.7916666666666666
0.7152777777777779
0.3194444444444444
0.06249999999999978
0.9652777777777777
0.11111111111111094
0.2847222222222221
0.5972222222222223
2.220446049250313e-16
-0.8958333333333333
0.125
-0.12499999999999989
0.8472222222222223
0.29861111111111094
0.6597222222222221
0.7777777777777777
0.8125
-1.0
-0.9861111111111112
0.6666666666666667
-0.11111111111111105
-0.09722222222222221
0.45138888888888884
0.9444444444444444
0.6041666666666665
-0.43055555555555547
-0.33333333333333337
-0.0625
-0.6319444444444444
-0.6736111111111112
0.32638888888888884
0.9375
0.4305555555555556
0.00694444444444442
0.4652777777777779
-0.29166666666666663
-0.11805555555555547
0.7430555555555556
0.25
-0.9583333333333334
-0.5833333333333333
0.13194444444444442
-0.2499999999999999
-0.9930555555555556
0.47916666666666674
-0.3125
0.7291666666666667
-0.17361111111111116
0.33333333333333326
-0.14583333333333326
-0.02083333333333337
-0.5972222222222222
CENT_RANK
0.01388888888888884
0.5902777777777777
-0.4652777777777777
-0.41666666666666663
0.0902777777777779
0.38888888888888884
-0.08333333333333326
-0.48611111111111116
-0.5972222222222222
-0.8472222222222222
-0.1319444444444443
0.6041666666666665
0.5486111111111112
-0.9444444444444444
0.125
0.05555555555555558
-0.5486111111111112
-0.8125
0.9722222222222223
0.5069444444444444
-0.9166666666666666
0.8888888888888891
-0.9097222222222222
-0.6041666666666666
0.22916666666666652
0.7847222222222223
-0.45833333333333326
0.4166666666666665
-0.5
0.33333333333333326
-0.36111111111111105
-0.16666666666666663
-0.5833333333333333
0.5208333333333333
0.5416666666666667
-0.8541666666666666
0.11111111111111094
0.7986111111111112
0.26388888888888884
-0.8680555555555556
-0.30555555555555547
-0.875
-0.10416666666666663
1.0
0.29166666666666674
-0.4027777777777777
-0.7986111111111112
0.7291666666666667
-0.5416666666666666
0.75
0.4652777777777779
-0.4097222222222222
0.02777777777777768
-0.5277777777777777
0.7083333333333333
-0.3125
0.08333333333333326
0.6805555555555556
-0.33333333333333337
-0.11805555555555547
-0.8055555555555556
-0.5208333333333333
0.6180555555555556
0.00694444444444442
0.3402777777777777
0.48611111111111094
0.15277777777777768
0.8958333333333333
0.375
-0.7430555555555556
-0.5138888888888888
-0.43055555555555547
-0.7083333333333333
0.42361111111111116
-0.6736111111111112
-0.6319444444444444
0.23611111111111116
0.11805555555555558
-0.6458333333333333
0.6736111111111109
-0.02083333333333337
0.15972222222222232
0.8125
-0.5069444444444444
-0.09722222222222221
0.8472222222222223
-0.2152777777777778
0.24305555555555558
0.7777777777777777
0.27083333333333326
0.5277777777777777
-0.7847222222222222
-0.00694444444444442
0.5694444444444444
0.9097222222222221
0.5347222222222221
0.45138888888888884
-0.27083333333333326
0.4444444444444444
0.7152777777777779
-0.5694444444444444
0.8402777777777777
0.2847222222222221
0.5972222222222223
-0.9027777777777778
-0.03472222222222221
-0.6597222222222222
-0.6944444444444444
0.14583333333333326
-0.8958333333333333
-0.42361111111111105
-0.7777777777777778
-0.24305555555555547
0.6111111111111112
0.13194444444444442
-0.736111111111111
0.9166666666666667
-0.20138888888888884
-0.11111111111111105
0.7916666666666665
0.9236111111111112
-0.6111111111111112
-0.45138888888888884
0.6666666666666667
0.36111111111111116
0.20833333333333326
-0.13888888888888884
-0.18055555555555558
-0.14583333333333326
0.9791666666666665
0.2222222222222221
-0.0625
-0.7013888888888888
0.2777777777777779
0.17361111111111116
0.47916666666666674
0.8333333333333333
0.3819444444444442
0.25
-1.0
0.29861111111111094
-0.7222222222222222
0.4097222222222223
-0.5347222222222222
0.45833333333333326
-0.39583333333333326
-0.29861111111111105
0.7638888888888888
-0.7916666666666666
0.4722222222222221
0.4305555555555556
-0.2777777777777777
0.04861111111111094
0.6388888888888888
0.6597222222222221
-0.8402777777777778
-0.4444444444444444
-0.19444444444444442
0.7708333333333335
-0.3402777777777778
0.6944444444444444
-0.3472222222222222
-0.9583333333333334
0.4375
-0.75
0.5833333333333335
0.6874999999999998
-0.04166666666666663
-0.06944444444444442
-0.23611111111111105
-0.5555555555555556
-0.9652777777777778
0.5555555555555556
-0.6805555555555556
0.20138888888888884
0.875
-0.6388888888888888
-0.07638888888888884
-0.9930555555555556
0.6319444444444444
-0.7708333333333333
0.3194444444444444
0.625
-0.12499999999999989
2.220446049250313e-16
0.6527777777777777
0.9652777777777777
-0.7569444444444444
-0.4374999999999999
0.3472222222222223
-0.3680555555555556
0.19444444444444442
-0.2847222222222221
0.9027777777777779
-0.3819444444444444
0.5763888888888888
0.8194444444444444
-0.4722222222222222
-0.8888888888888888
-0.3194444444444444
-0.8333333333333334
-0.2222222222222222
-0.26388888888888884
0.06249999999999978
-0.9861111111111112
0.9305555555555556
0.9583333333333333
-0.2569444444444444
0.8541666666666667
0.5625
-0.9791666666666666
-0.9513888888888888
0.8680555555555556
-0.35416666666666663
-0.4930555555555556
0.21527777777777768
-0.2499999999999999
-0.7152777777777777
-0.5902777777777778
0.9444444444444444
0.36805555555555536
-0.05555555555555547
0.3125
0.5138888888888888
0.18055555555555536
0.9861111111111112
-0.5763888888888888
-0.47916666666666663
-0.8819444444444444
0.2569444444444444
-0.8194444444444444
-0.375
0.6458333333333333
0.7569444444444444
-0.20833333333333326
0.0347222222222221
-0.6527777777777777
-0.7638888888888888
0.4027777777777777
-0.625
-0.32638888888888884
0.04166666666666674
0.8055555555555554
0.02083333333333326
0.7361111111111112
-0.7291666666666666
-0.9375
0.3541666666666665
-0.8611111111111112
0.10416666666666674
0.7013888888888891
0.32638888888888884
0.13888888888888884
0.7430555555555556
-0.9722222222222222
-0.9305555555555556
0.06944444444444442
0.8263888888888888
0.7222222222222221
0.8819444444444444
-0.04861111111111105
-0.5625
0.0972222222222221
-0.09027777777777768
0.1875
-0.1875
-0.22916666666666663
0.3055555555555556
-0.1597222222222222
0.3958333333333335
0.16666666666666652
-0.6875
-0.01388888888888884
0.4930555555555556
-0.29166666666666663
-0.38888888888888884
-0.6666666666666667
0.07638888888888884
0.9375
0.8611111111111112
-0.9236111111111112
-0.17361111111111116
-0.15277777777777768
-0.02777777777777779
0.9930555555555554
-0.6180555555555556
-0.8263888888888888
0.9513888888888888
0.4999999999999998
RANK
139
178
204
210
254
171
162
211
13
246
255
280
20
22
104
109
198
228
41
39
248
35
9
155
200
286
230
17
60
46
148
91
111
180
237
187
164
69
115
245
141
217
72
132
107
271
173
74
276
106
236
78
176
75
239
285
121
23
8
218
32
226
100
261
170
16
48
143
53
61
70
83
28
214
7
227
197
2
26
122
156
188
71
110
3
51
45
145
275
194
231
190
30
213
161
159
58
240
199
55
40
146
274
192
151
97
202
207
216
112
169
266
201
86
234
117
157
265
127
281
31
268
282
128
126
10
183
59
118
42
84
263
6
177
168
131
221
260
167
105
283
80
272
92
184
63
0
243
52
235
241
152
15
203
256
277
56
4
262
249
36
77
14
114
252
108
66
81
270
134
224
264
191
174
125
215
130
24
76
87
138
229
38
89
133
102
44
140
267
222
181
251
29
64
189
247
124
220
68
137
5
269
238
142
27
73
150
163
98
96
144
50
149
135
65
273
288
19
223
33
90
95
34
12
172
209
93
195
165
1
103
11
113
62
182
179
153
232
185
154
123
79
57
166
160
250
54
99
258
47
244
253
49
233
147
158
88
25
119
37
242
82
196
257
136
101
85
208
279
212
175
259
21
67
193
94
116
120
205
278
219
287
206
186
18
129
225
284
43
