DEGREE
-0.06666666666666665
0.19999999999999996
0.33333333333333326
0.19999999999999996
-0.4666666666666667
-0.33333333333333337
0.33333333333333326
-0.7333333333333334
-0.19999999999999996
-0.33333333333333337
0.06666666666666665
-0.4666666666666667
0.8666666666666667
-0.19999999999999996
-0.4666666666666667
-0.4666666666666667
-0.33333333333333337
-0.8666666666666667
-0.19999999999999996
-0.33333333333333337
-0.7333333333333334
-0.4666666666666667
-0.06666666666666665
0.33333333333333326
-0.6
-0.7333333333333334
0.33333333333333326
-0.4666666666666667
0.7333333333333334
-0.19999999999999996
-0.6
-0.4666666666666667
-0.19999999999999996
0.7333333333333334
-0.33333333333333337
0.06666666666666665
-0.4666666666666667
-0.4666666666666667
0.33333333333333326
-0.4666666666666667
-0.19999999999999996
-0.6
-0.7333333333333334
-0.4666666666666667
-0.4666666666666667
0.33333333333333326
-0.06666666666666665
0.06666666666666665
-0.6
-0.19999999999999996
-0.6
-0.19999999999999996
-0.33333333333333337
-0.06666666666666665
-0.06666666666666665
-0.19999999999999996
-0.7333333333333334
-0.06666666666666665
-0.6
-0.4666666666666667
-0.8666666666666667
-0.19999999999999996
-0.4666666666666667
-0.19999999999999996
-0.06666666666666665
0.06666666666666665
-0.33333333333333337
0.19999999999999996
-0.33333333333333337
-0.19999999999999996
-0.7333333333333334
-0.6
-0.7333333333333334
-0.06666666666666665
0.7333333333333334
-0.06666666666666665
0.19999999999999996
-0.4666666666666667
0.06666666666666665
-0.33333333333333337
-0.4666666666666667
0.19999999999999996
0.6000000000000001
-0.33333333333333337
0.19999999999999996
-0.19999999999999996
-0.06666666666666665
0.46666666666666656
-0.7333333333333334
-0.8666666666666667
0.19999999999999996
-0.4666666666666667
-0.06666666666666665
0.19999999999999996
-0.6
-0.4666666666666667
0.46666666666666656
0.06666666666666665
0.33333333333333326
0.7333333333333334
0.06666666666666665
-0.6
-0.19999999999999996
-0.4666666666666667
-0.4666666666666667
0.06666666666666665
0.33333333333333326
-0.33333333333333337
-0.6
-0.33333333333333337
-0.7333333333333334
-0.6
-0.7333333333333334
0.19999999999999996
1.0
0.19999999999999996
0.06666666666666665
-0.06666666666666665
-0.06666666666666665
-0.6
-0.19999999999999996
-0.19999999999999996
-0.33333333333333337
-0.7333333333333334
-0.4666666666666667
0.06666666666666665
-0.19999999999999996
-0.33333333333333337
0.19999999999999996
0.19999999999999996
0.19999999999999996
-0.33333333333333337
-0.19999999999999996
-0.33333333333333337
-0.4666666666666667
-0.19999999999999996
0.8666666666666667
-0.19999999999999996
0.06666666666666665
-0.33333333333333337
0.7333333333333334
-0.4666666666666667
0.06666666666666665
-0.4666666666666667
-0.7333333333333334
-0.19999999999999996
-0.7333333333333334
-0.33333333333333337
-0.7333333333333334
-0.8666666666666667
0.33333333333333326
-0.6
-0.6
-0.06666666666666665
0.19999999999999996
-1.0
-0.7333333333333334
-0.33333333333333337
-0.4666666666666667
-0.4666666666666667
0.46666666666666656
0.06666666666666665
EIGENVECTOR
-0.9999290346364925
-0.9995197965536186
-0.9999995660912177
-0.9993026883899132
-0.9999997962312407
-0.9999999135184575
0.5793023055566191
-0.9999998596052696
-0.18286557692244
-0.9999304826670921
-0.9999840447360617
-0.9993726355623663
0.9249053881101437
-0.9717927210844642
-0.998844113596494
-0.9999998498727442
-0.9999357717081462
-0.9999954548922939
-0.9999904436143068
-0.9999995273083062
-0.9999943141317463
-0.9999530720162815
-0.9908218220404347
-0.999999181769412
-0.9999957008244038
-0.9996210706971902
-0.8142690899315822
-0.9967566662816384
0.8869760931333679
-0.999999876336916
-0.9999999416602032
-0.997765575296616
-0.9999996012884691
0.8869760931333688
-0.9996144790754172
-0.9957108802917464
-0.9968602308065072
-0.9958667163393495
-0.7340593689553854
-0.9958667163393495
-0.9997546901268369
-0.9960848599325349
-0.9999964053332135
-0.9999998877613678
-0.6031142957944629
-0.9999982514851222
-0.8969994862236619
-0.9999995564754077
-0.9999960682485777
-0.965853758752911
-0.9999797568098048
-0.9999999052733297
-0.9833006516918166
-0.9999996848507334
-0.999717464757342
-0.8426196709962016
-0.9996210706971903
-0.9908218220404347
-0.9999797568098048
-0.999995328800734
-0.9999954548922939
-0.9465420492065707
-0.9528556828182756
-0.9397747209321763
-0.9912375952165442
-0.9999997862332208
-0.9922225384794172
-0.9999997585249724
-0.9999998930876965
-0.9465420492065707
-0.9996210706971903
-0.9999993980474777
-0.9995378144121437
-0.8969994862236619
0.7314291852709796
-0.9912375952165442
-0.9449663831525181
-0.9999999852627796
-0.9999997101427336
-0.9929022068958693
-0.9992684441589684
-0.9993026883899132
0.7593469718582346
-0.9999956095572721
-0.9986600463163235
-0.9999995226246038
-0.999995990297875
0.6219495073856056
-0.999999919842313
-1.0
-0.999999482726592
-0.9999542826884393
-0.999717464757342
-0.8178053006962376
-0.9999955155816852
-0.999995780817249
0.5831988919410993
-0.9951564241839181
0.11649044631060579
0.4021797055095895
-0.9999842273807501
-0.999999985172532
-0.31031362500612647
-0.9999987610190357
-0.99999542866581
-0.9995457085856332
-0.4943313166513599
-0.9999972397220055
-0.9913202217197212
-0.844735448737282
-0.9993525832786305
-0.9999999854555429
-0.9999999971498269
0.4494309301208932
1.0
-0.9999994827265921
-0.9989030665120435
-0.9999961511479658
-0.9999995307456833
-0.999999959643855
-0.9999904436143068
-0.9999909467392365
-0.9999993209183838
-0.9999992030104552
-0.9947710141171815
-0.9999998206154911
-0.9996545535305847
-0.9999991382321433
0.41151735924862254
-0.9995197965536186
-0.9999997585249724
-0.9999539191895603
-0.9999989546130805
-0.9999999471100233
-0.9958667163393495
-0.9955748767459052
0.9162540682591482
-0.999999876336916
-0.6532061145223698
-0.9999907736500036
0.8869760931333683
-0.9999361989113711
-0.7495111352480148
-0.9958667163393495
-0.9999997280831746
-0.8068061537605054
-0.9999483967028724
-0.9999859626684722
-0.9994313803472942
-0.9996845044948172
-0.8142690899315822
-0.9997780534873145
-0.9999952607018625
-0.8817469791276404
-0.8178053006962376
-0.9999999588387175
-0.999999992658888
-0.9999993841556208
-0.9999960973502159
-0.9999960973502159
-0.999998777709666
-0.9906542211642287
CENT
-0.2788557894562077
-0.8892693052433612
-0.7982559330967095
-0.44178717825526437
-0.8653584948403245
-0.9131115809078564
-0.9990585872951564
-0.6206447369394053
-0.9753204245546385
0.13681682480237
-0.7811368747770051
-0.6202543478290918
-0.7774819834232475
0.5897114751094645
-0.968704632273208
-0.9333976515927559
-0.41278678697878735
-1.0
-0.9462075657421675
-0.8318741295773724
-0.47516273513945684
0.3978490035522195
-0.851005201845998
-0.1766823257632354
0.1440564101585935
-1.0
-0.700418011072111
-0.5719474136345765
-0.957149418346729
-0.9805315995829876
-0.9195345972981505
-0.43801950345772656
-0.9632317661348333
-0.957149418346729
0.1716194916013305
0.35852738025810615
0.8801737957790139
-1.0
-0.7902706873479399
-1.0
-0.8153108332587575
-0.6481474848361208
-1.0
-0.37176523776909165
-0.25956911811301797
-0.2588435410676374
-0.9757390810421099
-0.8198465317415271
-0.7426865413869563
-0.30340918063993116
-0.8859594600613823
-0.8867511230656061
-0.8314374363269783
-0.8186933951901508
-0.36448928835595606
-0.23507958782815597
-1.0
-0.851005201845998
-0.8859594600613823
-0.1558329097959481
-1.0
-0.9160298314204958
-0.5338325326520758
0.17847722472161887
-0.7111109294510651
-0.8987151265774852
-0.4141066808045937
-0.8573451621493595
-1.0
-0.9160298314204958
-1.0
-0.9494914793474339
-0.629961289620907
-0.9757390810421099
-0.38954113006900715
-0.7111109294510651
1.0
-0.9025009045344937
-0.9201026136302585
0.7380535089058247
0.8866768649616641
-0.44178717825526437
-0.9962472548285399
-0.8963691650787482
-0.3517894698089601
-0.5839619995539373
-0.6230144071595681
-0.9112340822230336
-0.9721666597753187
-1.0
-0.7923699329249099
-0.3983437857191432
-0.36448928835595606
-0.9600887103635551
-0.6514387922382465
-0.4346387157375591
-0.8829778939368597
-0.7978531370143451
-0.6352771172689237
0.4878538115708828
-0.5244267120078419
-0.9923991072783471
0.15994228415195044
-0.37409659886862223
-0.8164145308551949
-0.8950354235411419
0.0679187168235229
-0.7755238854999198
-0.8594903750799353
-0.7003343165748407
-0.998515390231376
-0.951781259172616
-1.0
-0.9993556381212569
-0.5090811047204549
-0.7923699329249099
-0.7972760056038776
-0.6249986489921895
-0.26177842577649435
-0.954834081288402
-0.9462075657421675
-0.19090720892454438
-0.6223873683873968
-0.9491933545848689
-0.5827344443536424
-0.9076372018714312
-0.961832478061328
-0.8264733229392957
-0.9978253707109392
-0.8892693052433612
-0.8573451621493595
-0.510021421191867
-0.7513545908975132
-0.5774227636004812
-1.0
-0.9113713742606644
-0.809984672364545
-0.9805315995829876
-0.8076056416686995
-0.9734857974134814
-0.957149418346729
-0.9634792870111878
-0.9381471953386477
-1.0
-0.9865732167453384
0.10740989818427149
-0.7639470467887899
-0.8228685251644152
-1.0
-1.0
-0.700418011072111
-0.6520126251295734
-0.6857869426008745
-0.9997525650385627
-0.9600887103635551
-1.0
-1.0
-0.7907989618224832
-1.0
-1.0
-0.5641646122360122
-0.5258438493372358
DEGREE_RANK
0.2422360248447204
0.5776397515527949
0.7515527950310559
0.5900621118012421
-0.5776397515527951
-0.25465838509316774
0.7639751552795031
-0.937888198757764
-0.018633540372670843
-0.2422360248447205
0.4161490683229814
-0.5652173913043479
0.9751552795031055
-0.006211180124223614
-0.5527950310559007
-0.5403726708074534
-0.22981366459627317
-0.9875776397515528
0.006211180124223725
-0.21739130434782616
-0.9254658385093167
-0.5279503105590062
0.2546583850931676
0.7763975155279501
-0.7515527950310559
-0.9130434782608696
0.7888198757763976
-0.515527950310559
0.9130434782608696
0.018633540372670954
-0.7391304347826086
-0.5031055900621118
0.03105590062111796
0.9254658385093166
-0.20496894409937894
0.4285714285714284
-0.4906832298136645
-0.4782608695652173
0.8012422360248448
-0.4658385093167703
0.04347826086956519
-0.7267080745341614
-0.9006211180124224
-0.45341614906832295
-0.4409937888198757
0.813664596273292
0.2670807453416151
0.44099378881987583
-0.7142857142857143
0.05590062111801242
-0.7018633540372671
0.06832298136645965
-0.1925465838509316
0.2795031055900621
0.2919254658385093
0.08074534161490665
-0.8881987577639752
0.30434782608695654
-0.68944099378882
-0.4285714285714285
-0.9751552795031055
0.0931677018633541
-0.4161490683229815
0.10559006211180133
0.31677018633540377
0.45341614906832306
-0.18012422360248437
0.6024844720496894
-0.16770186335403736
0.11801242236024856
-0.8757763975155279
-0.6770186335403727
-0.8633540372670807
0.3291925465838508
0.9378881987577639
0.341614906832298
0.6149068322981368
-0.40372670807453415
0.4658385093167703
-0.15527950310559013
-0.3913043478260869
0.6273291925465838
0.9006211180124224
-0.1428571428571428
0.639751552795031
0.13043478260869557
0.35403726708074545
0.8633540372670807
-0.8509316770186335
-0.9627329192546584
0.6521739130434783
-0.3788819875776397
0.3664596273291927
0.6645962732919255
-0.6645962732919255
-0.36645962732919257
0.8757763975155279
0.4782608695652173
0.826086956521739
0.9503105590062111
0.4906832298136645
-0.6521739130434783
0.1428571428571428
-0.35403726708074534
-0.3416149068322981
0.5031055900621118
0.8385093167701863
-0.13043478260869557
-0.639751552795031
-0.11801242236024856
-0.8385093167701864
-0.6273291925465838
-0.8260869565217391
0.6770186335403725
1.0
0.6894409937888197
0.515527950310559
0.3788819875776397
0.3913043478260869
-0.6149068322981366
0.15527950310559002
0.16770186335403725
-0.10559006211180122
-0.8136645962732919
-0.3291925465838509
0.5279503105590062
0.18012422360248448
-0.09316770186335399
0.7018633540372672
0.7142857142857144
0.7267080745341614
-0.08074534161490676
0.1925465838509317
-0.06832298136645976
-0.31677018633540377
0.20496894409937894
0.9875776397515528
0.21739130434782616
0.5403726708074534
-0.05590062111801242
0.9627329192546585
-0.30434782608695654
0.5527950310559007
-0.2919254658385093
-0.8012422360248448
0.22981366459627317
-0.7888198757763976
-0.04347826086956519
-0.7763975155279503
-0.9503105590062112
0.8509316770186335
-0.6024844720496895
-0.5900621118012422
0.40372670807453415
0.7391304347826086
-1.0
-0.7639751552795031
-0.03105590062111796
-0.279503105590062
-0.26708074534161497
0.8881987577639752
0.5652173913043479
EIGENVECTOR_RANK
-0.03105590062111796
0.1428571428571428
-0.6521739130434783
0.1925465838509317
-0.7515527950310559
-0.8633540372670807
0.8757763975155279
-0.7888198757763976
0.813664596273292
-0.04347826086956519
-0.15527950310559013
0.16770186335403725
0.9875776397515528
0.5279503105590062
0.2422360248447204
-0.7763975155279503
-0.05590062111801242
-0.30434782608695654
-0.1925465838509316
-0.6149068322981366
-0.2422360248447205
-0.09316770186335399
0.4782608695652173
-0.515527950310559
-0.3416149068322981
0.06832298136645965
0.7142857142857144
0.2919254658385093
0.9378881987577639
-0.8012422360248448
-0.8881987577639752
0.2670807453416151
-0.6645962732919255
0.9627329192546585
0.0931677018633541
0.3664596273291927
0.2795031055900621
0.31677018633540377
0.7515527950310559
0.341614906832298
-0.006211180124223614
0.30434782608695654
-0.4285714285714285
-0.8260869565217391
0.7763975155279501
-0.45341614906832295
0.6273291925465838
-0.639751552795031
-0.3788819875776397
0.5403726708074534
-0.1428571428571428
-0.8509316770186335
0.515527950310559
-0.6770186335403727
0.018633540372670954
0.6645962732919255
0.05590062111801242
0.4906832298136645
-0.13043478260869557
-0.26708074534161497
-0.2919254658385093
0.5776397515527949
0.5527950310559007
0.6024844720496894
0.45341614906832306
-0.7391304347826086
0.4285714285714284
-0.7142857142857143
-0.8385093167701864
0.5652173913043479
0.08074534161490665
-0.5652173913043479
0.11801242236024856
0.6149068322981368
0.9130434782608696
0.4658385093167703
0.5900621118012421
-0.9503105590062112
-0.68944099378882
0.4161490683229814
0.21739130434782616
0.20496894409937894
0.9254658385093166
-0.3291925465838509
0.2546583850931676
-0.6024844720496895
-0.36645962732919257
0.9006211180124224
-0.8757763975155279
-1.0
-0.5776397515527951
-0.11801242236024856
0.006211180124223725
0.6770186335403725
-0.31677018633540377
-0.35403726708074534
0.8881987577639752
0.3913043478260869
0.826086956521739
0.8385093167701863
-0.16770186335403736
-0.937888198757764
0.8012422360248448
-0.4658385093167703
-0.279503105590062
0.10559006211180133
0.7888198757763976
-0.4409937888198757
0.44099378881987583
0.6521739130434783
0.18012422360248448
-0.9627329192546584
-0.9875776397515528
0.8633540372670807
1.0
-0.5900621118012422
0.22981366459627317
-0.4161490683229815
-0.6273291925465838
-0.9254658385093167
-0.20496894409937894
-0.22981366459627317
-0.5403726708074534
-0.5279503105590062
0.40372670807453415
-0.7639751552795031
0.04347826086956519
-0.5031055900621118
0.8509316770186335
0.13043478260869557
-0.7267080745341614
-0.10559006211180122
-0.4906832298136645
-0.9006211180124224
0.3291925465838508
0.3788819875776397
0.9751552795031055
-0.8136645962732919
0.7639751552795031
-0.21739130434782616
0.9503105590062111
-0.06832298136645976
0.7391304347826086
0.35403726708074545
-0.7018633540372671
0.7267080745341614
-0.08074534161490676
-0.18012422360248437
0.15527950310559002
0.03105590062111796
0.7018633540372672
-0.018633540372670843
-0.25465838509316774
0.639751552795031
0.6894409937888197
-0.9130434782608696
-0.9751552795031055
-0.5527950310559007
-0.3913043478260869
-0.40372670807453415
-0.4782608695652173
0.5031055900621118
CENT_RANK
0.7267080745341614
-0.21739130434782616
0.05590062111801242
0.5527950310559007
-0.1428571428571428
-0.31677018633540377
-0.7391304347826086
0.3913043478260869
-0.6149068322981366
0.8509316770186335
0.1428571428571428
0.40372670807453415
0.15527950310559002
0.9503105590062111
-0.5776397515527951
-0.3788819875776397
0.6149068322981368
-1.0
-0.4161490683229815
-0.06832298136645976
0.5403726708074534
0.9254658385093166
-0.09316770186335399
0.8012422360248448
0.8633540372670807
-0.9875776397515528
0.2422360248447204
0.45341614906832306
-0.5031055900621118
-0.6645962732919255
-0.35403726708074534
0.5776397515527949
-0.5527950310559007
-0.4906832298136645
0.8881987577639752
0.9130434782608696
0.9751552795031055
-0.9751552795031055
0.13043478260869557
-0.9627329192546584
0.018633540372670954
0.31677018633540377
-0.9503105590062112
0.6645962732919255
0.7515527950310559
0.7639751552795031
-0.639751552795031
-0.018633540372670843
0.20496894409937894
0.7142857142857144
-0.18012422360248437
-0.1925465838509316
-0.05590062111801242
-0.006211180124223614
0.6770186335403725
0.7763975155279501
-0.937888198757764
-0.08074534161490676
-0.16770186335403736
0.813664596273292
-0.9254658385093167
-0.3416149068322981
0.4782608695652173
0.9006211180124224
0.21739130434782616
-0.25465838509316774
0.6024844720496894
-0.11801242236024856
-0.9130434782608696
-0.3291925465838509
-0.9006211180124224
-0.4409937888198757
0.341614906832298
-0.6273291925465838
0.639751552795031
0.22981366459627317
1.0
-0.26708074534161497
-0.36645962732919257
0.9627329192546585
0.9875776397515528
0.5652173913043479
-0.7018633540372671
-0.2422360248447205
0.7018633540372672
0.4161490683229814
0.3664596273291927
-0.2919254658385093
-0.5900621118012422
-0.8881987577639752
0.0931677018633541
0.6273291925465838
0.6894409937888197
-0.5279503105590062
0.30434782608695654
0.5900621118012421
-0.15527950310559013
0.06832298136645965
0.3291925465838508
0.9378881987577639
0.5031055900621118
-0.68944099378882
0.8757763975155279
0.6521739130434783
0.006211180124223725
-0.22981366459627317
0.826086956521739
0.16770186335403725
-0.13043478260869557
0.2670807453416151
-0.7267080745341614
-0.45341614906832295
-0.8757763975155279
-0.7515527950310559
0.5279503105590062
0.10559006211180133
0.08074534161490665
0.35403726708074545
0.7391304347826086
-0.4658385093167703
-0.40372670807453415
0.7888198757763976
0.3788819875776397
-0.4285714285714285
0.4285714285714284
-0.279503105590062
-0.5403726708074534
-0.04347826086956519
-0.7142857142857143
-0.20496894409937894
-0.10559006211180122
0.515527950310559
0.1925465838509317
0.44099378881987583
-0.8633540372670807
-0.30434782608695654
0.03105590062111796
-0.6521739130434783
0.04347826086956519
-0.6024844720496895
-0.4782608695652173
-0.5652173913043479
-0.3913043478260869
-0.8509316770186335
-0.6770186335403727
0.8385093167701863
0.18012422360248448
-0.03105590062111796
-0.8385093167701864
-0.8260869565217391
0.2546583850931676
0.2919254658385093
0.2795031055900621
-0.7639751552795031
-0.515527950310559
-0.8136645962732919
-0.8012422360248448
0.11801242236024856
-0.7888198757763976
-0.7763975155279503
0.4658385093167703
0.4906832298136645
RANK
17
25
37
39
42
56
60
68
70
89
112
134
143
148
149
155
156
158
159
153
113
6
110
128
82
101
144
29
137
46
73
8
139
88
14
141
32
126
93
154
28
33
140
119
111
71
123
18
120
142
15
78
30
61
69
5
135
87
125
77
65
83
105
1
129
51
50
58
96
4
108
67
130
22
57
19
52
127
147
47
53
104
40
136
138
2
97
116
90
115
157
38
10
12
107
146
132
48
64
75
26
150
109
152
151
94
41
98
72
117
86
122
7
11
85
124
133
27
160
62
161
100
131
114
20
3
81
31
95
66
16
91
74
103
43
54
92
84
49
0
118
44
45
55
121
23
59
106
145
9
24
102
34
63
35
21
99
13
79
36
80
76
