DEGREE
0.6000000000000001
0.19999999999999996
-0.19999999999999996
-0.040000000000000036
0.19999999999999996
-0.28
0.76
-0.19999999999999996
0.52
-0.36
-0.6
-0.12
-0.43999999999999995
0.040000000000000036
0.3600000000000001
-0.040000000000000036
-0.19999999999999996
0.19999999999999996
0.3600000000000001
-0.12
-0.36
-0.6799999999999999
-0.52
-0.28
0.28
0.28
-0.12
-0.12
0.3600000000000001
-0.43999999999999995
-0.12
0.040000000000000036
-0.52
0.52
-0.36
0.43999999999999995
0.8400000000000001
-0.52
0.76
-0.36
-0.12
0.1200000000000001
-0.36
-0.28
-0.6799999999999999
0.6000000000000001
-0.28
0.6000000000000001
-0.28
-0.19999999999999996
0.6000000000000001
-0.6799999999999999
-0.040000000000000036
0.19999999999999996
-0.6
-0.36
0.43999999999999995
-0.19999999999999996
0.43999999999999995
0.43999999999999995
-0.28
-0.28
0.6000000000000001
0.28
-0.52
-0.76
-0.28
0.52
0.6799999999999999
0.040000000000000036
0.3600000000000001
-0.43999999999999995
-0.84
-0.52
0.040000000000000036
-0.040000000000000036
-0.6
0.43999999999999995
0.28
-0.76
-0.12
0.9199999999999999
0.1200000000000001
-0.28
0.52
-0.28
0.1200000000000001
0.43999999999999995
0.6000000000000001
-0.36
-0.12
-0.19999999999999996
0.3600000000000001
-0.92
-0.36
-0.36
0.52
-0.28
0.3600000000000001
0.1200000000000001
-0.43999999999999995
0.6000000000000001
0.76
-0.19999999999999996
0.040000000000000036
0.19999999999999996
-0.52
-0.43999999999999995
-0.12
-0.52
-0.19999999999999996
-0.52
0.19999999999999996
-0.43999999999999995
0.6000000000000001
-0.36
-0.36
0.040000000000000036
0.28
0.040000000000000036
0.28
-0.28
-0.43999999999999995
-0.040000000000000036
-0.6
0.040000000000000036
0.3600000000000001
-0.36
0.19999999999999996
0.43999999999999995
0.19999999999999996
0.1200000000000001
0.28
0.52
0.19999999999999996
-0.43999999999999995
0.6799999999999999
0.1200000000000001
0.19999999999999996
-0.28
0.28
0.43999999999999995
-0.52
-0.28
0.28
-0.36
-0.12
0.3600000000000001
0.3600000000000001
0.43999999999999995
0.28
0.6000000000000001
0.3600000000000001
-0.19999999999999996
-0.6799999999999999
0.19999999999999996
-0.19999999999999996
-0.36
-0.28
0.3600000000000001
0.28
0.040000000000000036
0.43999999999999995
0.3600000000000001
-0.76
-0.84
0.1200000000000001
-0.19999999999999996
-0.36
0.1200000000000001
0.28
0.19999999999999996
-0.6
0.52
-0.36
0.1200000000000001
0.19999999999999996
-0.6
-0.52
-0.12
0.52
0.28
-0.36
0.52
0.28
0.19999999999999996
-0.19999999999999996
-0.76
0.1200000000000001
0.19999999999999996
0.040000000000000036
-0.36
-0.43999999999999995
0.040000000000000036
0.52
0.040000000000000036
0.76
0.040000000000000036
-0.28
0.19999999999999996
0.52
-0.36
-0.12
-0.36
0.3600000000000001
0.19999999999999996
-0.6799999999999999
0.8400000000000001
0.1200000000000001
-0.6799999999999999
-0.36
-0.040000000000000036
-0.040000000000000036
-0.36
-0.76
0.1200000000000001
-0.36
-0.6799999999999999
-0.36
0.76
-0.19999999999999996
0.19999999999999996
-0.6799999999999999
-0.43999999999999995
-0.28
0.28
0.6000000000000001
0.040000000000000036
0.040000000000000036
-0.12
-0.28
-0.52
-0.52
0.6000000000000001
-0.12
-0.040000000000000036
-0.040000000000000036
-0.76
-0.52
-0.28
-0.19999999999999996
0.1200000000000001
-0.040000000000000036
0.76
-0.28
0.19999999999999996
-0.76
0.76
-0.43999999999999995
-0.12
-0.52
0.28
-0.28
0.040000000000000036
0.1200000000000001
0.19999999999999996
0.040000000000000036
0.040000000000000036
-0.19999999999999996
-0.6799999999999999
-0.36
0.76
0.28
0.9199999999999999
0.28
-0.28
0.28
0.6000000000000001
0.43999999999999995
0.040000000000000036
-0.28
0.76
-0.52
-0.040000000000000036
-0.12
0.19999999999999996
-0.19999999999999996
0.1200000000000001
-1.0
-0.36
-0.19999999999999996
-0.28
-0.28
0.6000000000000001
-0.19999999999999996
-0.28
-0.12
0.28
-0.28
-0.6
-0.43999999999999995
0.3600000000000001
-0.12
0.8400000000000001
0.76
0.1200000000000001
0.28
0.43999999999999995
0.040000000000000036
0.040000000000000036
-0.12
-0.12
-0.52
0.6000000000000001
-0.36
-0.36
-0.040000000000000036
-0.19999999999999996
0.43999999999999995
0.19999999999999996
-0.12
0.1200000000000001
0.1200000000000001
-0.19999999999999996
-0.19999999999999996
-0.28
0.43999999999999995
-0.6799999999999999
0.1200000000000001
0.6000000000000001
-0.36
0.28
-0.6
-0.19999999999999996
0.3600000000000001
-0.12
-0.28
0.6799999999999999
-0.040000000000000036
0.43999999999999995
0.28
-0.6799999999999999
-0.36
-0.12
0.28
0.43999999999999995
0.040000000000000036
-0.36
-0.36
0.040000000000000036
0.9199999999999999
-0.19999999999999996
0.43999999999999995
0.28
0.43999999999999995
-0.6799999999999999
-0.12
-0.19999999999999996
-0.19999999999999996
0.040000000000000036
-0.52
-0.19999999999999996
1.0
0.3600000000000001
-0.6
0.6799999999999999
-0.6799999999999999
-0.36
0.9199999999999999
0.43999999999999995
0.19999999999999996
0.1200000000000001
-0.43999999999999995
0.52
0.43999999999999995
0.3600000000000001
0.43999999999999995
0.3600000000000001
0.3600000000000001
0.76
-0.36
0.3600000000000001
0.040000000000000036
0.76
-0.28
0.6000000000000001
0.040000000000000036
-0.040000000000000036
0.6799999999999999
EIGENVECTOR
-0.9996855821249242
-0.5451721385950097
-0.9998745019539148
-0.9975369992133168
-0.992503548692484
-0.9232381415670842
0.9036678152841005
-0.9997292439345904
0.7351004842422175
-0.9997158617987826
-0.9999566920678349
-0.9660271163556179
-0.9977003059831929
-0.999699356664445
0.20843912001794873
-0.9992684713645985
-0.9999528445775334
-0.9931112377622565
-0.999469342756324
-0.999954858288907
-0.9409086631539951
-0.9967321054862063
-0.9986659118156951
-0.9997217661503266
-0.9986242320627439
-0.996895936336631
-0.9998400670699904
-0.9975845227034597
-0.9988845366782845
-0.8193905570521693
-0.9998748346186215
-0.9998664602283811
-0.9999634328781086
-0.9991940481079798
-0.9898814737981727
-0.9997293201557595
0.004172351968398491
-0.999868431659994
-0.3073547399415666
-0.8073286830212845
-0.9368523804399151
-0.9978758021556672
-0.7535159047031285
-0.8740028364621472
-0.9993918562220633
-0.3293382512338532
-0.9995297752705663
-0.083490171736472
-0.9999926940184753
-0.9895220023146665
-0.17183832718362324
-0.9994719558762378
-0.6800782539543568
-0.9995842433744924
-0.9875789029925639
-0.9912128545557664
-0.4513247435955753
-0.9896500799740705
-0.9997185148704791
-0.999108619756095
-0.9876437418255066
-0.7110122997598294
0.7368720256597767
-0.9993618801398879
-0.9828834469902236
-0.9996024584331991
-0.9999973236752104
-0.9940523012562708
0.8365372455439593
-0.9847163087862709
-0.9996954808105385
-0.981166616279454
-0.9999984504162089
-0.9987109270740318
-0.9597514279613767
-0.7834393635507435
-0.9964460393884749
-0.9991943109226569
-0.9986844148743086
-0.9999922948963996
-0.8247338361779529
0.9404556733978646
-0.267852172224021
-0.9904989563340075
0.2997216183166085
-0.9999973236752105
-0.9897431531339012
-0.98778310452997
0.7375169102937651
-0.9899139124315083
-0.9999923276257536
-0.9994316733857646
-0.999469342756324
-0.9986994866465173
-0.9968300575118435
-0.9990971928636185
-0.9997148503580358
-0.9056311539487358
-0.9997276003659452
-0.9980477051481164
-0.966207757800164
-0.29763773909832547
0.8314716196886198
-0.999989510721725
-0.9969938083488733
-0.9999872560719615
-0.9999917289207929
-0.9991028738170457
-0.9986048565125353
-0.9986659118156952
-0.9999967128449448
-0.9950045968228409
-0.46043843085427905
-0.9992185517233234
-0.2289268792036505
-0.9987958996535252
-0.9952312824578099
-0.9999747544426513
-0.99920705614031
-0.8154045814321554
-0.9992690683695554
-0.9987172549012842
-0.9989284393285008
-0.9882706772413969
-0.9999842875586887
-0.5116977909570481
-0.9988103543072462
-0.9982262614874214
-0.9992219200248077
-0.9996457732191002
-0.9984661642679595
-0.5616302670269777
-0.9992119262368507
-0.9996042703933831
-0.9988089700844629
-0.9998394708696573
-0.1510102268975827
-0.9932845276319319
-0.9987547617518809
-0.37540166739127245
0.44881147814769395
-0.1493079763305597
-0.9998791769666721
-0.9997824192082242
0.42149232718170504
-0.980923396739447
-0.6606231890397649
-0.9986257004312056
-0.9881320714947316
-0.9924849747166838
-0.9978230346681635
0.7431479619854489
-0.9875310096560841
-0.9999269879036576
-0.999981217574742
-0.9991893919099641
-0.9914169579886478
-0.8471426511971283
-0.9394107003640056
-0.9920607314297717
0.44881147814769395
-0.9975563815038889
-0.9905610418251181
-0.6773820393547099
-0.999666353162716
-0.9028008123116358
-0.8877621242166325
-0.7906200038933754
-0.7344077931127257
-0.9936161053800899
-0.9991763339149637
-0.9997593920449657
-0.997792650857375
-0.012638497369586332
-0.998688673495466
-0.9999935103719395
-0.9999901006162216
-0.9999485440592749
-0.9988026199101379
-0.9950071743820103
-0.9992908906721341
-0.9989744723461298
-0.9998475511838387
-0.9997148503580358
-0.25392152534784485
-0.9994697697139221
-0.9878058650425461
-0.9999968634463403
-0.9953154182857229
-0.9997428711501319
-0.21234977147765366
-0.8687031032828791
-0.9752933396748804
-0.9996195509798418
-0.998927390163938
-0.7473936649089847
-0.04575322889331268
-0.7392590588249159
-0.9984192346223975
-0.9998301174613606
-0.2584104269028592
-0.1276493507246873
-0.8247338361779529
-0.9968300575118435
-0.997391213033238
-0.9990561666630496
-0.9999995087114464
-0.023517842953660217
-0.9968392135932261
-0.9996204944567817
-0.9495655392815785
-0.6174230122253632
-0.9999921613330676
-0.9987889815902584
-0.9999905498143821
-0.9944127670725961
-0.9998315812954285
-0.9999956725746335
-0.9913694210513052
0.5109883336354868
-0.6197151933755436
-0.9344865849160657
-0.9998739014215083
-0.9997101590057481
-0.9945818095195426
-0.9998151042908846
0.7375169102937653
-0.9970570234191554
-0.9990286067545556
-0.9938213028672648
-0.9996670250249119
-0.8558445567023673
-0.9993580094615658
-0.996500677051824
-0.997936037065591
-0.9981570772523572
0.0594146518162717
-0.99999641181321
-0.9999539197425279
-0.9346442598369407
-0.9368635134709209
-0.018945852339596114
-0.9998563550208114
-0.12455419001596435
-0.9998163931737744
-0.9748971583416076
-1.0
0.34862546862652155
-0.9999640701544426
-0.9897865591062868
-0.6920417762356914
-0.9997355559437536
-0.37540166739127245
-0.9946608466717776
-0.9996115954020335
-0.9995204446528574
-0.9954372086815328
-0.9989264854399056
-0.9492130486332649
-0.9999785987333045
-0.9999644129455905
0.8253761606163912
-0.9998079391538317
0.11291514619876164
-0.9983848387209554
-0.974550428536952
-0.9992481657456033
0.47371857023476327
-0.9905438388719593
-0.9998529843290285
-0.9994923141271458
-0.07479880181275445
-0.9999949067163701
-0.9996999248058241
-0.9999902143169778
-0.9978000305604348
-0.9999196441939215
-0.9981907227609602
-0.9673975426567555
-0.6806387120203579
-0.9993087395736581
-0.9999726523713391
-0.893786733151245
-0.14396630331123528
-0.47091762138660165
-0.9876437418255067
-0.9997812018700979
-0.9986844148743086
-0.9999458485256694
-0.9999485440592749
-0.7583083229951623
-0.28739553563217557
-0.9998573369104157
0.8568950075644741
0.8993972727406561
-0.9983181419562478
-0.9998079391538316
-0.9988581414814229
-0.995064160836737
-0.9993303597185582
-0.8881814615451817
-0.9991870544725467
-0.9999656571243113
-0.3087753907420677
-0.9583249115490525
-0.9898814737981726
-0.9907837765002085
-0.9998594522556653
-0.9881328532162615
0.0558432509261102
-0.989930573378236
-0.9838480431617566
-0.9999929020579185
-0.9773557493083197
-0.9996229489483056
-0.999915706055505
-0.9987768452497497
-0.9998739014215082
-0.6092303022739181
0.20225341919645756
-0.9999900917683496
-0.9995643862909728
-0.8885852373760483
-0.9648826709456757
-0.25333726978808513
-0.9970197781965646
-0.9527968327709089
0.6844783873397737
-0.3447176253163541
0.5018082482317232
-0.3785858576607578
-0.9999956725746335
-0.9879982464392157
-0.9998890082064249
-0.9997355559437534
-0.9980569385846065
-0.999974819046528
-0.9999977199729505
-0.9999537919393348
-0.9892931673997469
0.027151652022481487
-0.9998213399854412
-0.9985124679042382
-0.9961836344641439
-0.999718514870479
-0.8534572862421382
-0.999398869647164
-0.7251686114610552
-0.9942994647618635
-0.7399255931996809
-0.9997704226195
-0.9454058402459335
1.0
-0.9926174444175828
-0.9993324981379954
0.8664585216205978
-0.9980317970314594
-0.9661024283464167
0.9912651085247901
-0.9935309270098045
-0.9992573307996004
-0.4645844318211745
-0.9396125331375482
-0.9994324618674885
-0.9994427937941587
0.5495550162780505
-0.9989263594459419
-0.9984622122139711
-0.9995942269685301
-0.17924693224636767
-0.9996119988693386
-0.9988892770987693
-0.6229525489900496
-0.09672716295998329
-0.533777648583299
0.197857274130816
-0.7999981443022556
-0.9997501884126138
0.5686283447680738
CENT
-0.7980710271334466
-0.8789568180189022
-0.9190078695945206
-0.21445160912302552
-0.5763053070629081
-0.8442480005213269
-0.8710552765373445
-0.46707518587054564
-0.9673200257384158
-0.8885749755282815
-0.9817303732201592
-0.13551619281187854
-0.6660246809828205
-0.9105336460238024
-0.9198413127799329
-0.6732887813145706
-0.7941626715201688
0.24777010601770244
-0.8421200421334148
-0.5343525523267834
-0.9604930442388228
-0.874105029004003
-0.9609128487706351
-0.7508976076366509
0.1604681961030987
-0.32087012050606656
-0.713905007537367
-0.5337294199785347
0.011999147637197005
-0.5286578246197795
-0.9957294542619017
-0.9512876118338665
-0.6958569204265397
-0.6914002253470306
-0.8379160178995411
-0.9605604516689812
-0.8791851132659159
-0.8326961108926418
-0.5961747235448416
-0.9694415244928588
0.16870297507607357
-0.585221187346567
0.08850235887527336
-0.9296975613491775
-0.9177874231287318
-0.825731432074315
-0.9196345827329888
-0.7470050273577833
-0.98600363754207
-0.5615031174010046
-0.9453009412494238
-1.0
-0.949525365048823
-0.49844832066586087
-0.7578407821640892
-0.12283301367972621
-0.47113187594093786
-0.648914552979911
-0.9243426764914943
-0.6261487488609601
-0.6637408620631917
-0.9637907708961215
-0.9675549175321297
-0.672934921436684
-0.9910553313808796
-0.9246725026415534
-0.9852033068561735
-0.3720405466348219
-0.9633194123199963
-0.5311338763958092
-0.7706656030551313
-0.9907823333914781
-0.9709984410122057
-0.6274926419370455
-0.3576704609022333
-0.6407135278049129
-0.8977656701371446
-0.5088093127592407
-0.7933014580015413
-0.970712727879379
-0.9446008338859551
-0.8853703258145569
-0.7251908689184874
-0.9311489506567837
-0.6952263530481031
-0.9852033068561735
-0.8129471464728668
-0.5951699863521781
-0.9273717010223439
-0.6709784225227551
-0.9647400691026016
-0.4311164523474109
-0.8421200421334148
-0.9946483151552076
-0.9563428510768115
-0.8063307555287097
-0.9042390726564076
-0.7993291679816241
-0.9648494030273655
-0.5865047037283555
-0.9134828472979108
-0.07875152195212409
-0.955139883445511
-0.9580138305774892
-0.550941598548343
-0.8121748582348977
-0.9900928457900101
-0.9022290621252353
-0.7696154242000832
-0.9609128487706351
-0.985029510735234
-0.8880202953098435
-0.941667171938447
-0.9967222603194996
-0.434677274731765
-0.3431072201623143
-0.5521726858178633
-0.6797518268035436
-0.5632895507354598
-0.19481864239554458
-0.5810723700270097
-0.8928930443946997
-0.976650981445715
-0.7179133392202708
-0.968752313237434
-0.10687194841527525
-0.7147386110013385
-0.6939111018206946
-0.8435365119864231
-0.8874220227699313
-0.7963859742835242
-0.13775589859496118
-0.8655325903944312
-0.7477867893883654
-0.8081919481369144
-0.31860075285306777
-0.8629763341149511
-0.19147268114834426
-0.8143417380490585
-0.9921344227357145
-0.9843199292419617
-0.5291959594971233
-0.5208141969495631
-0.9346337254418632
-0.9728073519865073
-0.9465141597539125
-0.9420175768988847
0.2540913134629206
-0.8309851008464729
-0.4961756819061536
-0.6622914142428842
-0.9640683501023048
-0.7932696924235013
-0.4934720856518625
-0.9545803012125057
-0.8504442015662491
-0.44601487811856433
-0.9753380650979454
-0.5912266448228545
-0.30715820457000054
-0.9843199292419617
-0.6747221033353412
-0.5077046470113096
-0.2816252436683945
-0.9858535113051553
-0.9957907694456142
0.5222181557659151
0.011730760293607867
-0.4486831765674243
-0.8903797083874117
-0.6272241229161093
-0.9847900386953713
-0.9921663831655412
-0.3106284863653086
-0.9635197420609452
-0.9387102395209366
-0.8009977833637627
-0.9996470246530198
-0.9734906493269893
-0.5858153962087651
0.3588168549449615
-0.8101157229800576
-0.9857838723229817
-0.9042390726564076
-0.9339331230385894
-0.5226135915293112
-0.7925776473948509
-0.8826072723087881
-0.27775409762525227
-0.9909079360261224
-0.8669773984821922
-0.7069322245767682
-0.9207544821134441
-0.821985034236374
-0.6196488502223847
-0.7116058437447083
-0.8244897668926572
-0.9133109545788903
-0.7870219163239442
-0.9876883215306557
-0.448929228393498
-0.9996980309350899
-0.9446008338859551
-0.9563428510768115
-0.4777894677637926
-0.7511058041269965
-0.9965634440529704
-0.7238136769150514
-0.7985795109907177
-0.9812902794812486
-0.8509123951859967
-0.9173451112947425
-0.9494151749813757
-0.9758819955656207
-0.8690655017613444
-0.7466063941355051
-0.707854174526571
-0.9707364921442665
-0.5156637998461865
-0.8172555945791604
-0.6718534431377027
-0.46916271531955434
-0.9527021323456957
-0.7785466909331845
-0.38714261797099636
-0.7169400381859752
-0.9273717010223439
-0.423577199530224
-0.7018927861531441
1.0
-0.07408947647747999
0.5643529888872185
-0.9972377134615676
0.29065681565400103
-0.7518336423947882
-0.7665967440346854
-0.9428510224229127
-0.9761746720782506
-0.9439515682599156
-0.14659933396401714
-0.80756972891225
-0.5870155694073451
-0.9079896972981083
-0.9253234842111434
-0.7438171241526857
0.2692323875915983
-1.0
-0.6944128109055338
-0.9094098011824957
-0.9855243656032011
-0.9907034679084255
-0.9830870618252963
-0.9921344227357145
-0.5981027431922161
-0.6744183180197237
-0.7213195508707675
-0.6881518042137323
-0.6491567819488238
-0.350625519985988
-0.9919872036782849
-0.4602087893455159
-0.9102069056510106
-0.9599355274591613
-0.1717949223787416
-0.7385707786649811
-0.6982004479154839
-0.7520503127115681
-0.5205263730496192
-0.5054396345895344
-0.6879987546952094
-0.8633098551549611
-0.9100668714916453
-0.9107722015292409
-0.2999874267452346
-0.7978779439160506
-0.2157492112578996
-0.8688129387570265
-0.5470867293855322
-1.0
-0.4412955945540098
-0.790452795303858
-0.8514392311255047
-0.7763991241289703
-0.5694058759212941
-0.947520132083549
-0.6637408620631917
-0.8236316712776608
-0.7933014580015413
-0.5792506563103949
-0.9996470246530198
-0.8942568602381373
-0.9631509327317667
-0.9308923328797744
-0.8735242447363336
-0.8852740117963053
-0.8098102207127261
-0.9599355274591613
-0.7920365783563789
-0.6449510611625604
-0.9003687583151121
-0.8526098620934666
-0.5285692464707414
-0.9937265128672107
-0.8435459191741987
-0.8405925556262052
-0.8379160178995411
-0.461926084094871
-0.5923768461004346
-0.15073100430679132
-0.5682358835708428
-0.6549007326956438
0.1702607725389096
-0.9134841896821342
-0.5477024051442932
0.002217992231899446
-0.9666160200129125
-0.49742155404836685
-0.9527021323456957
-0.9340191954235266
-0.3801517519016242
-0.9837508687913152
-0.6230496731613218
-0.9875088090011562
0.9435522788511244
-0.9247196247875072
-0.6153312322529797
-0.7572325321797384
-0.6443975203218607
-0.8757587226401533
-0.8989892257380456
-0.9280524809592319
-0.9707364921442665
-0.977280028935174
-0.8991841377423148
-0.9830870618252963
-0.6810483028704511
-0.6812767141146975
-0.9858263596876444
-0.6640134214220084
-0.8950986293239754
-0.593605816562608
-0.8652559960332938
-0.25581791184597336
-0.16530496411148055
-0.9243426764914943
-0.991596156310882
-0.7129777250566424
-0.9193573905205165
-0.7201215869835533
-0.6122185720969007
-0.9524134384982337
-0.6647044011196197
-0.8030966973027951
-0.6983021880136973
-0.9998322466796946
-0.9105934746089094
-0.7900855820155023
-0.23397596916996521
-0.6765574272480943
-0.5027509298959918
-0.9828245630358213
-0.966011115205715
-0.9886472331004099
-0.5911667387385893
-0.651532164563371
-0.988050541142203
-0.48327534845968956
-0.6217663085478428
-0.3593561033344814
-0.6359868008777481
-0.43446527184210815
-0.8020424625730801
-0.6777570714524441
-0.7701792510931557
-0.9831491871167778
-0.780454211375077
-0.772675646240117
-0.27604804624027146
-0.4518002535407173
DEGREE_RANK
0.7883597883597884
0.25396825396825395
-0.328042328042328
-0.06349206349206338
0.2592592592592593
-0.48677248677248675
0.8994708994708993
-0.3227513227513227
0.7248677248677247
-0.6666666666666667
-0.873015873015873
-0.19047619047619035
-0.7354497354497355
0.010582010582010692
0.5079365079365079
-0.05820105820105814
-0.31746031746031733
0.26455026455026465
0.5132275132275133
-0.18518518518518512
-0.6613756613756614
-0.9417989417989417
-0.8253968253968254
-0.4814814814814814
0.3756613756613758
0.38095238095238093
-0.17989417989417988
-0.17460317460317454
0.5185185185185184
-0.7301587301587302
-0.1693121693121693
0.015873015873015817
-0.8201058201058201
0.7301587301587302
-0.656084656084656
0.6137566137566137
0.9629629629629628
-0.8148148148148149
0.9047619047619047
-0.6507936507936508
-0.16402116402116396
0.14814814814814814
-0.6455026455026456
-0.47619047619047616
-0.9365079365079365
0.7936507936507937
-0.47089947089947093
0.7989417989417991
-0.46560846560846547
-0.3121693121693121
0.8042328042328042
-0.9312169312169312
-0.05291005291005291
0.26984126984126977
-0.8677248677248677
-0.6402116402116402
0.6190476190476191
-0.30687830687830675
0.6243386243386244
0.6296296296296295
-0.46031746031746024
-0.455026455026455
0.8095238095238095
0.3862433862433863
-0.8095238095238095
-0.9788359788359788
-0.44973544973544965
0.7354497354497356
0.873015873015873
0.021164021164021163
0.5238095238095237
-0.7248677248677249
-0.9894179894179894
-0.8042328042328042
0.02645502645502651
-0.04761904761904756
-0.8624338624338624
0.6349206349206349
0.3915343915343916
-0.9735449735449735
-0.1587301587301586
0.9788359788359788
0.1534391534391535
-0.4444444444444444
0.7407407407407407
-0.4391534391534391
0.1587301587301586
0.6402116402116402
0.8148148148148149
-0.6349206349206349
-0.15343915343915338
-0.3015873015873015
0.5291005291005291
-0.9947089947089947
-0.6296296296296297
-0.6243386243386244
0.746031746031746
-0.4338624338624337
0.5343915343915342
0.16402116402116396
-0.7195767195767195
0.82010582010582
0.9100529100529102
-0.2962962962962963
0.03174603174603163
0.2751322751322751
-0.798941798941799
-0.7142857142857143
-0.14814814814814814
-0.7936507936507936
-0.29100529100529093
-0.7883597883597884
0.28042328042328046
-0.7089947089947091
0.8253968253968254
-0.6190476190476191
-0.6137566137566137
0.03703703703703698
0.39682539682539675
0.042328042328042326
0.4021164021164021
-0.4285714285714285
-0.7037037037037037
-0.042328042328042215
-0.8571428571428571
0.04761904761904745
0.5396825396825395
-0.6084656084656085
0.2857142857142856
0.6455026455026454
0.29100529100529093
0.1693121693121693
0.40740740740740744
0.7513227513227514
0.2962962962962963
-0.6984126984126984
0.8783068783068784
0.17460317460317443
0.3015873015873014
-0.42328042328042326
0.41269841269841256
0.6507936507936507
-0.783068783068783
-0.4179894179894179
0.4179894179894179
-0.6031746031746033
-0.1428571428571428
0.5449735449735449
0.5502645502645502
0.656084656084656
0.42328042328042326
0.8306878306878307
0.5555555555555556
-0.2857142857142856
-0.9259259259259259
0.306878306878307
-0.28042328042328035
-0.5978835978835979
-0.4126984126984127
0.5608465608465609
0.4285714285714286
0.052910052910052796
0.6613756613756612
0.566137566137566
-0.9682539682539683
-0.9841269841269841
0.17989417989417977
-0.275132275132275
-0.5925925925925926
0.18518518518518534
0.43386243386243395
0.3121693121693123
-0.8518518518518519
0.7566137566137565
-0.5873015873015873
0.19047619047619047
0.31746031746031744
-0.8465608465608465
-0.7777777777777778
-0.13756613756613756
0.7619047619047619
0.4391534391534393
-0.582010582010582
0.7671957671957672
0.4444444444444444
0.3227513227513228
-0.26984126984126977
-0.9629629629629629
0.1957671957671958
0.32804232804232814
0.05820105820105814
-0.5767195767195767
-0.6931216931216931
0.06349206349206349
0.7724867724867723
0.06878306878306883
0.9153439153439153
0.07407407407407418
-0.40740740740740733
0.33333333333333326
0.7777777777777777
-0.5714285714285714
-0.1322751322751322
-0.566137566137566
0.5714285714285714
0.3386243386243386
-0.9206349206349207
0.9682539682539681
0.20105820105820116
-0.9153439153439153
-0.5608465608465609
-0.03703703703703698
-0.03174603174603163
-0.5555555555555556
-0.9576719576719577
0.20634920634920628
-0.5502645502645502
-0.91005291005291
-0.544973544973545
0.9206349206349207
-0.26455026455026454
0.34391534391534395
-0.9047619047619048
-0.6878306878306878
-0.402116402116402
0.44973544973544977
0.8359788359788358
0.0793650793650793
0.08465608465608465
-0.12698412698412687
-0.39682539682539675
-0.7724867724867724
-0.7671957671957672
0.8412698412698412
-0.12169312169312163
-0.026455026455026398
-0.021164021164021163
-0.9523809523809523
-0.7619047619047619
-0.3915343915343915
-0.2592592592592592
0.21164021164021163
-0.015873015873015817
0.925925925925926
-0.38624338624338617
0.3492063492063491
-0.9470899470899471
0.9312169312169312
-0.6825396825396826
-0.1164021164021164
-0.7566137566137566
0.4550264550264551
-0.38095238095238093
0.08994708994709
0.21693121693121697
0.3544973544973544
0.09523809523809512
0.10052910052910047
-0.25396825396825384
-0.8994708994708994
-0.5396825396825398
0.9365079365079365
0.46031746031746024
0.9841269841269842
0.4656084656084656
-0.3756613756613756
0.47089947089947093
0.8465608465608465
0.6666666666666665
0.10582010582010581
-0.37037037037037024
0.9417989417989419
-0.7513227513227513
-0.01058201058201047
-0.11111111111111105
0.35978835978835977
-0.2486772486772486
0.2222222222222221
-1.0
-0.5343915343915344
-0.24338624338624337
-0.365079365079365
-0.35978835978835977
0.8518518518518519
-0.23809523809523803
-0.3544973544973544
-0.1058201058201057
0.47619047619047605
-0.3492063492063492
-0.8412698412698413
-0.6772486772486772
0.5767195767195767
-0.10052910052910047
0.9735449735449737
0.947089947089947
0.22751322751322745
0.4814814814814814
0.6719576719576721
0.11111111111111094
0.11640211640211628
-0.09523809523809512
-0.08994708994708989
-0.746031746031746
0.8571428571428572
-0.5291005291005291
-0.5238095238095238
-0.005291005291005235
-0.2328042328042328
0.6772486772486772
0.3650793650793651
-0.08465608465608465
0.2328042328042328
0.23809523809523792
-0.22751322751322756
-0.2222222222222221
-0.34391534391534384
0.6825396825396826
-0.8941798941798942
0.24338624338624348
0.8624338624338626
-0.5185185185185185
0.48677248677248697
-0.8359788359788359
-0.21693121693121686
0.5820105820105819
-0.0793650793650793
-0.3386243386243385
0.8835978835978835
0.0
0.6878306878306879
0.4920634920634921
-0.8888888888888888
-0.5132275132275133
-0.07407407407407396
0.49735449735449744
0.693121693121693
0.12169312169312185
-0.5079365079365079
-0.5026455026455027
0.12698412698412698
0.9894179894179895
-0.21164021164021163
0.6984126984126984
0.5026455026455026
0.7037037037037037
-0.8835978835978836
-0.06878306878306872
-0.20634920634920628
-0.20105820105820105
0.13227513227513232
-0.7407407407407407
-0.1957671957671957
1.0
0.5873015873015872
-0.8306878306878307
0.8888888888888888
-0.8783068783068783
-0.4973544973544972
0.9947089947089947
0.7089947089947088
0.37037037037037046
0.24867724867724883
-0.6719576719576719
0.783068783068783
0.7142857142857142
0.5925925925925926
0.7195767195767195
0.5978835978835977
0.603174603174603
0.9523809523809523
-0.492063492063492
0.6084656084656086
0.13756613756613767
0.9576719576719577
-0.33333333333333326
0.8677248677248677
0.1428571428571428
0.005291005291005346
0.8941798941798942
EIGENVECTOR_RANK
-0.5291005291005291
0.6349206349206349
-0.7407407407407407
-0.021164021164021163
0.13756613756613767
0.43386243386243395
0.9841269841269842
-0.5925925925925926
0.925925925925926
-0.566137566137566
-0.8148148148148149
0.3544973544973544
-0.03703703703703698
-0.5396825396825398
0.8624338624338626
-0.3544973544973544
-0.7936507936507936
0.12698412698412698
-0.42328042328042326
-0.8095238095238095
0.39682539682539675
0.02645502645502651
-0.15343915343915338
-0.582010582010582
-0.13756613756613756
0.005291005291005346
-0.6878306878306878
-0.03174603174603163
-0.2328042328042328
0.5079365079365079
-0.746031746031746
-0.7195767195767195
-0.8201058201058201
-0.3121693121693121
0.20105820105820116
-0.5978835978835979
0.8253968253968254
-0.7248677248677249
0.7037037037037037
0.5185185185185184
0.4179894179894179
-0.05820105820105814
0.5449735449735449
0.47089947089947093
-0.39682539682539675
0.693121693121693
-0.455026455026455
0.7936507936507937
-0.9259259259259259
0.22751322751322745
0.7566137566137565
-0.4391534391534391
0.5925925925925926
-0.46560846560846547
0.28042328042328046
0.16402116402116396
0.6666666666666665
0.2222222222222221
-0.5767195767195767
-0.29100529100529093
0.26984126984126977
0.5767195767195767
0.9312169312169312
-0.3915343915343915
0.3015873015873014
-0.47619047619047616
-0.9735449735449735
0.10052910052910047
0.9629629629629628
0.29100529100529093
-0.5343915343915344
0.306878306878307
-0.9894179894179894
-0.17989417989417988
0.3650793650793651
0.5343915343915342
0.03703703703703698
-0.31746031746031733
-0.16402116402116396
-0.9153439153439153
0.49735449735449744
0.9894179894179895
0.7195767195767195
0.18518518518518534
0.8677248677248677
-0.9788359788359788
0.21693121693121697
0.26455026455026465
0.9365079365079365
0.1957671957671958
-0.9206349206349207
-0.40740740740740733
-0.4285714285714285
-0.17460317460317454
0.015873015873015817
-0.28042328042328035
-0.5555555555555556
0.4391534391534393
-0.5873015873015873
-0.07407407407407396
0.34391534391534395
0.7089947089947088
0.9576719576719577
-0.8783068783068783
0.0
-0.873015873015873
-0.9047619047619048
-0.2857142857142856
-0.1322751322751322
-0.14814814814814814
-0.9629629629629629
0.07407407407407418
0.6613756613756612
-0.33333333333333326
0.7407407407407407
-0.20634920634920628
0.05820105820105814
-0.8465608465608465
-0.3227513227513227
0.5132275132275133
-0.35978835978835977
-0.18518518518518512
-0.2592592592592592
0.23809523809523792
-0.8677248677248677
0.6455026455026454
-0.2222222222222221
-0.09523809523809512
-0.3386243386243385
-0.5132275132275133
-0.12169312169312163
0.6296296296296295
-0.328042328042328
-0.4814814814814814
-0.21693121693121686
-0.6825396825396826
0.7619047619047619
0.12169312169312185
-0.19047619047619035
0.6825396825396826
0.8835978835978835
0.7671957671957672
-0.7513227513227513
-0.6402116402116402
0.8783068783068784
0.3121693121693123
0.603174603174603
-0.1428571428571428
0.24867724867724883
0.1428571428571428
-0.05291005291005291
0.947089947089947
0.2857142857142856
-0.7724867724867724
-0.8624338624338624
-0.30687830687830675
0.1534391534391535
0.4920634920634921
0.40740740740740744
0.14814814814814814
0.8888888888888888
-0.026455026455026398
0.17460317460317443
0.5978835978835977
-0.5185185185185185
0.4444444444444444
0.4656084656084656
0.5291005291005291
0.566137566137566
0.11111111111111094
-0.2962962962962963
-0.6243386243386244
-0.042328042328042215
0.82010582010582
-0.1693121693121693
-0.9365079365079365
-0.8888888888888888
-0.783068783068783
-0.21164021164021163
0.06878306878306883
-0.365079365079365
-0.26455026455026454
-0.6931216931216931
-0.5608465608465609
0.7301587301587302
-0.4338624338624337
0.2592592592592593
-0.9682539682539683
0.052910052910052796
-0.6137566137566137
0.746031746031746
0.47619047619047605
0.3227513227513228
-0.4973544973544972
-0.25396825396825384
0.5502645502645502
0.8042328042328042
0.5608465608465609
-0.11111111111111105
-0.6719576719576719
0.7248677248677247
0.7777777777777777
0.5026455026455026
0.021164021164021163
-0.015873015873015817
-0.275132275132275
-0.9947089947089947
0.8095238095238095
0.010582010582010692
-0.5026455026455027
0.38095238095238093
0.6190476190476191
-0.91005291005291
-0.20105820105820105
-0.8994708994708994
0.08994708994709
-0.6772486772486772
-0.9470899470899471
0.1587301587301586
0.9047619047619047
0.6137566137566137
0.4285714285714286
-0.7301587301587302
-0.5502645502645502
0.08465608465608465
-0.656084656084656
0.9417989417989419
-0.01058201058201047
-0.26984126984126977
0.10582010582010581
-0.5238095238095238
0.4814814814814814
-0.38624338624338617
0.03174603174603163
-0.06349206349206338
-0.08465608465608465
0.8412698412698412
-0.9576719576719577
-0.8042328042328042
0.42328042328042326
0.41269841269841256
0.8148148148148149
-0.7037037037037037
0.783068783068783
-0.6613756613756614
0.32804232804232814
-1.0
0.873015873015873
-0.8253968253968254
0.21164021164021163
0.5820105820105819
-0.6084656084656085
0.6772486772486772
0.0793650793650793
-0.48677248677248675
-0.44973544973544965
0.04761904761904745
-0.2486772486772486
0.3862433862433863
-0.8571428571428571
-0.8306878306878307
0.9523809523809523
-0.6455026455026456
0.8465608465608465
-0.1058201058201057
0.33333333333333326
-0.34391534391534384
0.8941798941798942
0.17989417989417977
-0.6984126984126984
-0.4444444444444444
0.7989417989417991
-0.9417989417989417
-0.544973544973545
-0.8941798941798942
-0.04761904761904756
-0.7671957671957672
-0.08994708994708989
0.3386243386243386
0.5873015873015872
-0.37037037037037024
-0.8412698412698413
0.44973544973544977
0.7724867724867723
0.6507936507936507
0.2751322751322751
-0.6349206349206349
-0.1587301587301586
-0.7777777777777778
-0.7883597883597884
0.5396825396825395
0.7142857142857142
-0.7089947089947091
0.9682539682539681
0.9788359788359788
-0.10052910052910047
-0.6507936507936508
-0.22751322751322756
0.06349206349206349
-0.3756613756613756
0.46031746031746024
-0.3015873015873015
-0.8359788359788359
0.6984126984126984
0.37037037037037046
0.20634920634920628
0.1693121693121693
-0.7142857142857143
0.24338624338624348
0.8359788359788358
0.19047619047619047
0.2962962962962963
-0.9312169312169312
0.31746031746031744
-0.5079365079365079
-0.7619047619047619
-0.1957671957671957
-0.7354497354497355
0.6243386243386244
0.8571428571428572
-0.8835978835978836
-0.46031746031746024
0.4550264550264551
0.35978835978835977
0.7354497354497356
-0.005291005291005235
0.3756613756613758
0.9206349206349207
0.6878306878306879
0.8994708994708993
0.6719576719576721
-0.9523809523809523
0.25396825396825395
-0.7566137566137566
-0.6031746031746033
-0.0793650793650793
-0.8518518518518519
-0.9841269841269841
-0.798941798941799
0.2328042328042328
0.8306878306878307
-0.6666666666666667
-0.12698412698412687
0.042328042328042326
-0.5714285714285714
0.48677248677248697
-0.402116402116402
0.5714285714285714
0.09523809523809512
0.5555555555555556
-0.6296296296296297
0.3915343915343916
1.0
0.13227513227513232
-0.38095238095238093
0.9735449735449737
-0.06878306878306872
0.3492063492063491
0.9947089947089947
0.11640211640211628
-0.3492063492063492
0.656084656084656
0.4021164021164021
-0.4126984126984127
-0.4179894179894179
0.9100529100529102
-0.24338624338624337
-0.1164021164021164
-0.47089947089947093
0.7513227513227514
-0.492063492063492
-0.23809523809523803
0.6084656084656086
0.7883597883597884
0.6402116402116402
0.8518518518518519
0.5238095238095237
-0.6190476190476191
0.9153439153439153
CENT_RANK
0.005291005291005346
-0.22751322751322756
-0.3915343915343915
0.8518518518518519
0.5291005291005291
-0.1428571428571428
-0.20634920634920628
0.693121693121693
-0.6825396825396826
-0.26455026455026454
-0.7671957671957672
0.8941798941798942
0.34391534391534395
-0.3492063492063492
-0.40740740740740733
0.3227513227513228
0.021164021164021163
0.9576719576719577
-0.12698412698412687
0.5767195767195767
-0.6137566137566137
-0.21693121693121686
-0.6296296296296297
0.13756613756613767
0.9417989417989419
0.7936507936507937
0.20634920634920628
0.5820105820105819
0.9312169312169312
0.5978835978835977
-0.9417989417989417
-0.5555555555555556
0.24867724867724883
0.26984126984126977
-0.11111111111111105
-0.6190476190476191
-0.2328042328042328
-0.10052910052910047
0.4656084656084656
-0.6984126984126984
0.947089947089947
0.5132275132275133
0.9365079365079365
-0.46031746031746024
-0.38624338624338617
-0.08994708994708989
-0.402116402116402
0.14814814814814814
-0.8518518518518519
0.5502645502645502
-0.5291005291005291
-1.0
-0.5502645502645502
0.6507936507936507
0.11111111111111094
0.8994708994708993
0.6825396825396826
0.3915343915343916
-0.42328042328042326
0.4285714285714286
0.35978835978835977
-0.6507936507936508
-0.6878306878306878
0.32804232804232814
-0.8994708994708994
-0.4285714285714285
-0.8253968253968254
0.7671957671957672
-0.6402116402116402
0.5873015873015872
0.08994708994709
-0.8888888888888888
-0.7195767195767195
0.4179894179894179
0.7777777777777777
0.40740740740740744
-0.29100529100529093
0.6296296296296295
0.02645502645502651
-0.7037037037037037
-0.5238095238095238
-0.2486772486772486
0.1693121693121693
-0.47089947089947093
0.25396825396825395
-0.8201058201058201
-0.05820105820105814
0.47089947089947093
-0.44973544973544965
0.3386243386243386
-0.6613756613756614
0.746031746031746
-0.12169312169312163
-0.9365079365079365
-0.5925925925925926
-0.026455026455026398
-0.3227513227513227
-0.005291005291005235
-0.6666666666666667
0.5026455026455026
-0.37037037037037024
0.9100529100529102
-0.582010582010582
-0.5978835978835979
0.5608465608465609
-0.05291005291005291
-0.8783068783068783
-0.3121693121693121
0.10052910052910047
-0.6243386243386244
-0.8148148148148149
-0.2592592592592592
-0.4973544973544972
-0.9576719576719577
0.7354497354497356
0.7883597883597884
0.5555555555555556
0.2962962962962963
0.5449735449735449
0.8571428571428572
0.5185185185185184
-0.275132275132275
-0.7513227513227513
0.19047619047619047
-0.6931216931216931
0.9047619047619047
0.20105820105820116
0.26455026455026465
-0.1322751322751322
-0.25396825396825384
0.015873015873015817
0.8888888888888888
-0.18518518518518512
0.1428571428571428
-0.03703703703703698
0.7989417989417991
-0.1693121693121693
0.8624338624338626
-0.06349206349206338
-0.9206349206349207
-0.8042328042328042
0.5925925925925926
0.6137566137566137
-0.48677248677248675
-0.7248677248677249
-0.5343915343915344
-0.5026455026455027
0.9629629629629628
-0.09523809523809512
0.6613756613756612
0.37037037037037046
-0.656084656084656
0.03703703703703698
0.6666666666666665
-0.5767195767195767
-0.14814814814814814
0.7248677248677247
-0.7354497354497355
0.48677248677248697
0.8095238095238095
-0.798941798941799
0.3121693121693123
0.6349206349206349
0.82010582010582
-0.8465608465608465
-0.9470899470899471
0.9841269841269842
0.925925925925926
0.7195767195767195
-0.26984126984126977
0.42328042328042326
-0.8095238095238095
-0.9259259259259259
0.8042328042328042
-0.6455026455026456
-0.492063492063492
-0.01058201058201047
-0.9735449735449735
-0.7301587301587302
0.5079365079365079
0.9788359788359788
-0.04761904761904756
-0.8359788359788359
-0.31746031746031733
-0.47619047619047616
0.6084656084656086
0.042328042328042326
-0.23809523809523803
0.8253968253968254
-0.8941798941798942
-0.19047619047619035
0.22751322751322745
-0.4126984126984127
-0.07407407407407396
0.4444444444444444
0.21693121693121697
-0.08465608465608465
-0.365079365079365
0.06349206349206349
-0.8624338624338624
0.7142857142857142
-0.9788359788359788
-0.5185185185185185
-0.5873015873015873
0.6772486772486772
0.13227513227513232
-0.9523809523809523
0.17460317460317443
0.0
-0.7619047619047619
-0.15343915343915338
-0.38095238095238093
-0.544973544973545
-0.7407407407407407
-0.20105820105820105
0.1534391534391535
0.2222222222222221
-0.7142857142857143
0.6243386243386244
-0.06878306878306872
0.33333333333333326
0.6878306878306879
-0.5714285714285714
0.07407407407407418
0.7566137566137565
0.1957671957671958
-0.4444444444444444
0.7513227513227514
0.2328042328042328
1.0
0.9153439153439153
0.9894179894179895
-0.9629629629629629
0.9735449735449737
0.12698412698412698
0.10582010582010581
-0.5079365079365079
-0.746031746031746
-0.5132275132275133
0.8835978835978835
-0.03174603174603163
0.49735449735449744
-0.328042328042328
-0.4391534391534391
0.1587301587301586
0.9682539682539681
-0.9947089947089947
0.2592592592592593
-0.33333333333333326
-0.8306878306878307
-0.8835978835978836
-0.783068783068783
-0.9153439153439153
0.46031746031746024
0.31746031746031744
0.17989417989417977
0.2751322751322751
0.3862433862433863
0.783068783068783
-0.91005291005291
0.7037037037037037
-0.34391534391534384
-0.6084656084656085
0.8677248677248677
0.16402116402116396
0.24338624338624348
0.12169312169312185
0.6190476190476191
0.6402116402116402
0.28042328042328046
-0.17460317460317454
-0.3386243386243385
-0.35978835978835977
0.8148148148148149
0.010582010582010692
0.8465608465608465
-0.1957671957671957
0.5714285714285714
-0.9894179894179894
0.7301587301587302
0.052910052910052796
-0.1587301587301586
0.0793650793650793
0.5343915343915342
-0.5396825396825398
0.3650793650793651
-0.0793650793650793
0.03174603174603163
0.5238095238095237
-0.9682539682539683
-0.28042328042328035
-0.6349206349206349
-0.46560846560846547
-0.21164021164021163
-0.24338624338624337
-0.042328042328042215
-0.6031746031746033
0.04761904761904745
0.39682539682539675
-0.30687830687830675
-0.16402116402116396
0.603174603174603
-0.9312169312169312
-0.13756613756613756
-0.1164021164021164
-0.1058201058201057
0.6984126984126984
0.4814814814814814
0.8783068783068784
0.5396825396825395
0.3756613756613758
0.9523809523809523
-0.3756613756613756
0.566137566137566
0.9206349206349207
-0.6772486772486772
0.656084656084656
-0.566137566137566
-0.4814814814814814
0.7619047619047619
-0.7936507936507936
0.43386243386243395
-0.8571428571428571
0.9947089947089947
-0.4338624338624337
0.44973544973544977
0.11640211640211628
0.4021164021164021
-0.2222222222222221
-0.2962962962962963
-0.455026455026455
-0.7089947089947091
-0.7566137566137566
-0.3015873015873015
-0.7777777777777778
0.29100529100529093
0.2857142857142856
-0.8412698412698413
0.3544973544973544
-0.2857142857142856
0.47619047619047605
-0.17989417989417988
0.8359788359788358
0.873015873015873
-0.4179894179894179
-0.9047619047619048
0.21164021164021163
-0.39682539682539675
0.18518518518518534
0.4550264550264551
-0.5608465608465609
0.3492063492063491
-0.021164021164021163
0.23809523809523792
-0.9841269841269841
-0.3544973544973544
0.05820105820105814
0.8412698412698412
0.306878306878307
0.6455026455026454
-0.7724867724867724
-0.6719576719576719
-0.873015873015873
0.4920634920634921
0.38095238095238093
-0.8677248677248677
0.6719576719576721
0.4391534391534393
0.7724867724867723
0.41269841269841256
0.7407407407407407
-0.015873015873015817
0.3015873015873014
0.09523809523809512
-0.7883597883597884
0.06878306878306883
0.08465608465608465
0.8306878306878307
0.7089947089947088
RANK
51
246
278
354
201
177
289
232
113
206
165
30
93
302
172
139
252
259
345
64
189
71
250
106
362
365
199
322
48
164
337
182
249
66
85
110
171
140
160
320
374
251
334
360
10
209
332
122
237
213
157
178
144
72
217
331
79
39
124
62
8
315
361
98
90
151
61
174
68
291
22
109
35
20
262
296
103
94
203
102
154
222
317
350
31
52
212
284
145
50
80
202
238
236
146
112
175
143
318
184
83
292
43
330
88
226
243
324
65
58
344
192
14
46
347
2
44
211
312
100
197
272
355
13
261
271
248
242
96
183
107
299
333
329
76
339
290
121
169
9
111
129
81
294
187
36
1
328
21
293
6
214
276
190
132
341
270
136
300
281
210
155
5
303
128
18
92
304
34
305
37
148
45
196
286
193
219
138
86
105
181
295
134
240
95
352
371
176
97
208
0
274
130
16
78
287
152
186
297
280
356
198
375
223
282
376
70
373
108
235
54
326
266
234
205
23
133
47
215
244
264
82
207
255
348
123
225
126
26
346
195
216
191
228
353
265
32
84
247
127
33
256
269
336
335
117
372
358
161
254
15
63
220
89
12
351
338
60
285
150
310
364
257
57
298
327
75
369
73
170
59
321
367
194
325
349
253
38
87
340
307
158
363
241
99
179
41
120
288
4
283
309
118
49
116
104
313
277
19
27
69
141
29
301
185
142
267
218
77
162
268
359
53
316
149
153
366
204
56
221
7
306
260
378
200
168
156
279
114
370
91
227
224
319
67
368
74
258
115
25
135
173
159
273
163
188
377
342
357
275
3
119
137
263
343
308
239
131
11
55
125
101
230
314
167
28
42
24
40
311
17
147
245
233
180
166
231
323
229
