DEGREE
0.18918918918918926
0.18918918918918926
0.3513513513513513
-0.8378378378378378
0.6216216216216217
-0.08108108108108103
0.3513513513513513
0.5135135135135136
-0.18918918918918914
-0.2432432432432432
0.18918918918918926
-0.7297297297297297
0.1351351351351351
0.2432432432432432
0.08108108108108114
-0.6216216216216216
-0.45945945945945943
0.29729729729729737
-0.2432432432432432
-0.1351351351351351
0.3513513513513513
-0.3513513513513513
0.29729729729729737
-0.5675675675675675
0.1351351351351351
-0.29729729729729726
-0.2432432432432432
-0.5135135135135135
-0.1351351351351351
-0.2432432432432432
0.18918918918918926
0.7837837837837838
-0.1351351351351351
-0.4054054054054054
0.8918918918918919
0.027027027027026973
0.45945945945945943
0.1351351351351351
-0.29729729729729726
0.18918918918918926
0.027027027027026973
-0.8378378378378378
-0.08108108108108103
0.7297297297297298
0.18918918918918926
-0.8378378378378378
0.3513513513513513
0.3513513513513513
0.5135135135135136
-0.29729729729729726
-0.08108108108108103
-0.08108108108108103
-0.7297297297297297
-0.6756756756756757
0.29729729729729737
0.08108108108108114
0.5135135135135136
-0.4054054054054054
0.1351351351351351
0.45945945945945943
0.29729729729729737
-0.5135135135135135
0.027027027027026973
0.2432432432432432
0.2432432432432432
0.1351351351351351
0.08108108108108114
0.4054054054054055
0.5675675675675675
0.3513513513513513
-0.6756756756756757
-0.2432432432432432
0.08108108108108114
0.5675675675675675
0.1351351351351351
-0.5135135135135135
0.18918918918918926
0.1351351351351351
-0.08108108108108103
0.1351351351351351
0.18918918918918926
0.4054054054054055
-0.08108108108108103
0.2432432432432432
0.6756756756756757
-0.027027027027026973
0.2432432432432432
0.3513513513513513
-0.6216216216216216
0.08108108108108114
0.3513513513513513
0.18918918918918926
-0.45945945945945943
0.18918918918918926
-0.1351351351351351
0.3513513513513513
0.2432432432432432
-0.7837837837837838
0.5135135135135136
-0.5675675675675675
0.3513513513513513
0.2432432432432432
0.18918918918918926
0.29729729729729737
0.027027027027026973
0.2432432432432432
-0.4054054054054054
0.2432432432432432
0.08108108108108114
-0.4054054054054054
0.027027027027026973
0.29729729729729737
-0.8918918918918919
0.8378378378378379
-0.08108108108108103
-0.6756756756756757
0.08108108108108114
0.3513513513513513
-0.3513513513513513
-0.7297297297297297
0.5675675675675675
-0.5675675675675675
0.2432432432432432
-1.0
-0.3513513513513513
0.45945945945945943
0.2432432432432432
0.1351351351351351
-0.5135135135135135
0.6216216216216217
-0.4054054054054054
-0.6756756756756757
0.1351351351351351
0.29729729729729737
-0.027027027027026973
0.08108108108108114
-0.027027027027026973
-0.29729729729729726
0.5675675675675675
0.4054054054054055
0.2432432432432432
0.027027027027026973
-0.9459459459459459
0.3513513513513513
-0.2432432432432432
0.2432432432432432
0.3513513513513513
0.29729729729729737
0.027027027027026973
-0.027027027027026973
-0.3513513513513513
-0.18918918918918914
0.027027027027026973
0.18918918918918926
0.027027027027026973
-1.0
0.4054054054054055
0.5135135135135136
0.08108108108108114
0.08108108108108114
-0.4054054054054054
-0.3513513513513513
0.29729729729729737
0.1351351351351351
-0.7837837837837838
-0.29729729729729726
0.18918918918918926
0.29729729729729737
0.3513513513513513
0.5135135135135136
-0.3513513513513513
0.2432432432432432
0.18918918918918926
-0.6756756756756757
-0.45945945945945943
0.8378378378378379
-0.027027027027026973
0.3513513513513513
0.08108108108108114
-0.1351351351351351
0.45945945945945943
0.29729729729729737
0.6756756756756757
0.2432432432432432
-0.6216216216216216
-0.18918918918918914
-0.1351351351351351
-0.18918918918918914
-0.4054054054054054
0.4054054054054055
0.4054054054054055
-0.08108108108108103
0.1351351351351351
0.5675675675675675
-0.6216216216216216
0.1351351351351351
0.027027027027026973
-0.3513513513513513
0.08108108108108114
0.1351351351351351
0.18918918918918926
-0.2432432432432432
0.3513513513513513
0.18918918918918926
-0.5135135135135135
-0.2432432432432432
-0.45945945945945943
0.18918918918918926
0.6216216216216217
-0.7297297297297297
-0.5675675675675675
0.18918918918918926
-0.027027027027026973
-0.45945945945945943
0.4054054054054055
0.5135135135135136
0.4054054054054055
0.3513513513513513
-0.5135135135135135
0.29729729729729737
0.6756756756756757
-0.027027027027026973
-0.2432432432432432
-0.18918918918918914
-0.18918918918918914
0.08108108108108114
-0.3513513513513513
0.29729729729729737
0.1351351351351351
0.08108108108108114
-0.5675675675675675
0.5135135135135136
0.29729729729729737
0.29729729729729737
-0.5675675675675675
0.5675675675675675
0.6216216216216217
0.4054054054054055
-0.6216216216216216
-0.08108108108108103
-0.1351351351351351
0.18918918918918926
0.2432432432432432
-0.18918918918918914
-0.5135135135135135
-0.4054054054054054
0.29729729729729737
0.08108108108108114
-0.3513513513513513
0.18918918918918926
0.2432432432432432
0.027027027027026973
0.7837837837837838
-0.5675675675675675
0.29729729729729737
0.5675675675675675
0.18918918918918926
-0.29729729729729726
-0.18918918918918914
-0.5675675675675675
-0.5675675675675675
-0.29729729729729726
-0.6216216216216216
-0.45945945945945943
-0.4054054054054054
0.08108108108108114
-0.08108108108108103
-0.08108108108108103
0.3513513513513513
0.027027027027026973
-0.2432432432432432
0.3513513513513513
0.3513513513513513
-0.5675675675675675
0.08108108108108114
0.3513513513513513
1.0
0.29729729729729737
-0.027027027027026973
0.08108108108108114
-0.08108108108108103
-0.027027027027026973
0.1351351351351351
-0.45945945945945943
-0.18918918918918914
0.2432432432432432
0.08108108108108114
-0.3513513513513513
-0.027027027027026973
0.29729729729729737
-0.45945945945945943
0.027027027027026973
-0.18918918918918914
-0.08108108108108103
-0.3513513513513513
-0.027027027027026973
-0.08108108108108103
0.29729729729729737
0.18918918918918926
-0.4054054054054054
-0.08108108108108103
0.18918918918918926
-0.027027027027026973
-0.9459459459459459
0.29729729729729737
0.1351351351351351
-0.29729729729729726
0.5675675675675675
-0.6216216216216216
0.2432432432432432
0.45945945945945943
0.027027027027026973
0.18918918918918926
0.08108108108108114
0.45945945945945943
0.2432432432432432
-0.18918918918918914
0.08108108108108114
-0.3513513513513513
0.2432432432432432
0.027027027027026973
0.1351351351351351
0.45945945945945943
0.2432432432432432
0.1351351351351351
0.027027027027026973
-0.8378378378378378
-0.027027027027026973
0.1351351351351351
0.29729729729729737
0.29729729729729737
-0.2432432432432432
0.08108108108108114
0.3513513513513513
0.45945945945945943
0.7297297297297298
-0.6756756756756757
0.18918918918918926
0.29729729729729737
0.2432432432432432
-0.6756756756756757
0.5675675675675675
0.18918918918918926
-0.5135135135135135
0.18918918918918926
0.4054054054054055
0.4054054054054055
0.2432432432432432
0.29729729729729737
-0.1351351351351351
0.29729729729729737
0.4054054054054055
0.18918918918918926
-0.29729729729729726
0.8378378378378379
-0.08108108108108103
-0.29729729729729726
-0.2432432432432432
0.5675675675675675
0.18918918918918926
-0.08108108108108103
-0.7297297297297297
-0.18918918918918914
0.4054054054054055
0.29729729729729737
0.18918918918918926
-0.8918918918918919
0.18918918918918926
-0.3513513513513513
0.027027027027026973
-0.1351351351351351
-0.29729729729729726
-0.29729729729729726
0.08108108108108114
0.18918918918918926
-0.1351351351351351
-0.2432432432432432
-0.027027027027026973
-1.0
0.027027027027026973
0.2432432432432432
-0.08108108108108103
0.1351351351351351
0.29729729729729737
0.08108108108108114
-0.027027027027026973
0.027027027027026973
-0.08108108108108103
0.7837837837837838
0.2432432432432432
0.18918918918918926
0.18918918918918926
0.18918918918918926
0.29729729729729737
0.2432432432432432
0.027027027027026973
-0.1351351351351351
-0.08108108108108103
-0.29729729729729726
-0.3513513513513513
-0.08108108108108103
0.08108108108108114
0.027027027027026973
-0.5135135135135135
0.2432432432432432
-0.5135135135135135
-0.18918918918918914
-0.2432432432432432
0.027027027027026973
-0.5135135135135135
0.08108108108108114
0.1351351351351351
-0.2432432432432432
0.5135135135135136
0.29729729729729737
0.5135135135135136
0.6216216216216217
EIGENVECTOR
0.0505897451952837
-0.7587458682872501
0.23207264559042673
-0.9993255353422863
0.5728884103447851
-0.9945288358790005
0.48886889687831525
-0.9816527885336259
-0.702294714481405
-0.995863163891301
-0.9155590585883466
-0.9759150268716817
-0.8870938106040731
-0.015692667503184987
-0.9868849957687683
-0.9995049562379311
-0.9854769936164613
-0.9832336436678367
-0.9550023595411573
-0.8642917261857518
-0.9595749979960254
-0.9619793516550448
-0.9802905094183976
-0.9877742638032591
-0.9763461729469232
-0.9672946520953746
-0.9541991887978599
-0.9967497235499979
-0.9982678971787632
-0.9742407606645848
-0.7076584179751157
0.8376194686019309
-0.7842576618534991
-0.9924818246417305
0.9518481704680484
-0.9575407183747395
-0.9656319385986645
-0.9522367049226924
-0.32775804508868245
-0.958549482568558
-0.9445763072269214
-0.9900622203790855
-0.32146036026699176
0.7057485916219002
-0.7906191593559914
-0.980397029103922
-0.8897105853792187
-0.9402772971142862
-0.9000929265356341
-0.7758025316075405
-0.9882158205732988
-0.9639232395370603
-0.9977491768443916
-0.9851531411710999
-0.9854878687689619
-0.9833954849170489
0.407045684573786
-0.9701526201898957
-0.9550918991830935
-0.47815925758216493
-0.9834048143744495
-0.9993000035300427
-0.6312137520673313
-0.9648541781264003
-0.6823287212447501
-0.9740654784920808
-0.9951386972635407
0.30785316443991584
0.5517353875235571
-0.9810502201210262
-0.9851531411710999
-0.7379912034695573
-0.871929522374494
-0.38490507938037155
-0.6498613114000856
-0.999672109301853
-0.3831691626515965
-0.9435699477300247
-0.5464888867361639
-0.7303063545065477
-0.942370385247207
-0.9803070216411661
-0.8573336154896413
-0.6531560453976698
0.43123643194648986
-0.9694902673967196
-0.7725796803230155
-0.9393983662851496
-0.9808482128602893
-0.8685222335783069
-0.9773865373330752
-0.9451310774119389
-0.8085155985252098
-0.9497380289012466
-0.940657429249087
-0.9221526609548296
-0.9767625504367786
-0.9994607146595332
-0.4189365339783203
-0.9631856750013026
-0.05873924239331241
-0.7943025972946139
-0.7322364870411546
-0.9682072740141163
-0.9894833825914051
-0.989956467056898
-0.9933594133848349
-0.9170390707712865
-0.9884569733409674
-0.9585162333850795
-0.9935164375248855
0.059475046041236546
-0.9999800356182409
0.9323149378496978
-0.9900000809535207
-0.9974118473065803
-0.9927087512243853
-0.9551724417078944
-0.9556522471406919
-0.997978182897622
0.5645557514815942
-0.9766657319631942
-0.8957368694679004
-0.9977039749093405
-0.9442228181622833
-0.9710098332410417
-0.8755157799097705
-0.18803100916213356
-0.9918543558393373
-0.07639987352549549
-0.8578285883854235
-0.9980430692413541
-0.9580098491010157
-0.9845694886057652
-0.6465264912531385
-0.964898402982792
0.05295636003401949
-0.9918860075348304
-0.9707346812857438
-0.819830829754771
-0.9503150734381145
-0.9693202627562237
-0.9997916394482727
0.06845380214866648
-0.9624200884970062
-0.9906974606454844
-0.9783831162853441
-0.7605066507404799
-0.9531292176168605
-0.3870537615369245
-0.9994221713882447
-0.8613280584784117
-0.08974476793252384
-0.7319548995541795
-0.9798933668366401
-0.9977039749093405
-0.9005639227666815
0.4790147053553404
-0.9637500074466259
-0.9836793580396912
-0.9979295362141383
-0.9625584860893351
-0.5004014053543371
-0.7341426075976637
-0.9993706149097413
-0.9924977383383112
-0.880466145961464
-0.9053745112266472
-0.981479505096078
-0.3962448056938208
-0.9934411935466742
-0.991302736308054
-0.06650193657697845
-0.9824834214536736
-0.8788813523389143
0.8220977702416579
-0.99468909289337
-0.9801258124831473
-0.8294716719000101
-0.9912923774385275
0.5664500120098355
-0.9826116029988816
0.41528733814715557
-0.3094814203700543
-0.9973536917796244
-0.9645074770113875
-0.9586234675464238
-0.9918155371578087
-0.9581678424293993
-0.44470429493280383
0.35542207579679275
-0.7962158730838218
-0.8809118903045638
0.6889756838983931
-0.8402377137503146
-0.9377117665380812
-0.9648231256025741
-0.8261889124694315
-0.6173050655392366
-0.9623635732432855
-0.9504937164332236
-0.9291269903783207
0.029637509166685172
-0.917187646201877
-0.9818734579215974
-0.9726746627521122
-0.9961417450890891
-0.9428527131344636
0.5642726097913462
-0.9871958902812507
-0.8466180915423843
-0.9795883226522888
-0.4745514461238939
-0.9594633876353428
-0.9209078036681551
-0.9695331754679432
-0.9032386592566422
-0.034664231695644254
-0.972821210844712
-0.6013073787485004
0.7498840821168391
-0.9903318428003662
-0.9526998547989586
-0.7424769801218059
-0.4737437455682346
-0.9705312502437372
-0.9920348264075128
-0.8555202157204025
-0.9579208098628624
-0.7921485290042247
-0.9771664984901869
-0.9713386243476338
-0.2938403764580032
-0.9912250272669284
-0.9997804978142474
0.6372809469956642
-0.9168199217586934
-0.9769140263357378
-0.9998044530842969
-0.6728688868723082
-0.9311809836287209
-0.4148400328537587
-0.6932125451838286
-0.9346302379837543
-0.969439572359788
-0.4747479100798401
-0.7473695476324913
-0.8050781917183939
-0.9989002349823007
-0.840522326027745
0.13137005040929717
-0.9576979394331355
0.831149127602508
-0.9992492292082691
-0.9295768075534961
0.5259024868768494
-0.6996955838976435
-0.9919350759728283
-0.965493018004834
-0.998992751948303
-0.996761116544493
-0.9707895668833678
-0.867142406966163
-0.9982230875772049
-0.9944891700662477
-0.8131032244028819
-0.594893556678762
-0.5687179151685764
-0.9461215150843462
-0.9505067447117546
-0.9906835937429439
-0.9880064286325244
-0.0011630020228292626
-0.9982218106041434
-0.9802541922544646
-0.9402772971142863
1.0
-0.9508918195307252
-0.9873176842600329
-0.9687012126213328
-0.8798089333137842
-0.7571060251950928
-0.8202378496647854
-0.9938095262189324
-0.6715691502696479
0.10739888858578328
-0.9709128458957407
-0.38829929969877075
-0.7796753506869472
-0.9826116029988816
-0.3987337447439683
-0.8054875922159402
-0.9953005480435128
-0.9864958268149743
-0.9788122538844903
-0.9938656837129195
-0.9606856331420813
-0.9901084868263964
-0.9633021865603322
-0.9800029841946936
-0.99244882787623
-0.9504937164332236
-0.995752667207792
-1.0
-0.7458145099083662
-0.9744111011048603
-0.7189216915340828
-0.33849493699950917
-0.993697863082407
0.02974194438752642
-0.9317866009570575
-0.6360378581279154
-0.9874934673853045
-0.9685653771481405
-0.3395680108561192
-0.9449846868365674
-0.9787016977977054
0.01896278167844856
-0.8721092334564544
-0.9833355096904696
-0.9472741066476307
-0.7054283113594765
-0.05484632992694982
-0.9245156723545583
-0.9740062027719858
-0.8416044582430526
-0.9803970291039221
-0.9893981130172611
-0.9848117741673807
-0.9606683275348902
-0.883799816655495
-0.9624200884970062
-0.9426077917424223
-0.9818514475158
0.5560741319034321
0.8140467183427176
-0.9834668809365747
-0.7322364870411544
-0.9150387382641921
-0.7271659975504172
-0.999066490555236
0.6377617103646849
-0.9357741262368297
-0.999672109301853
-0.9573942605093613
0.5051724521779362
-0.6105800343791838
0.25607737429319677
0.04872449760163389
-0.9958300845893332
-0.7210179370313614
0.2570315459254229
-0.7201907937464789
-0.9974159328915804
0.9297603450896923
-0.9456633300945311
-0.9938209515822459
-0.9291269903783206
0.6414209960081567
-0.9459484051963425
-0.9286704905173662
-0.9824192360691566
-0.8959867754481408
-0.5445554388239822
-0.9834048143744496
-0.5900466096217055
-0.999656846266476
-0.9747216395193662
-0.7802313759720094
-0.9778298675031041
-0.9934158801095734
-0.8051867640767751
-0.8988545944659359
-0.9628122405054572
-0.43941446806491335
-0.7334048951706824
-0.7707398775333988
-0.8805966340716833
-0.9977039749093406
-0.9891148427581654
-0.9182672858170079
-0.944214654603015
-0.9920341128244936
-0.3230678860044133
-0.9504001754679113
-0.989398113017261
-0.8021213472457536
-0.9683181674673419
0.7567456618964139
-0.716765558018174
-0.9541489178411681
-0.9899183852246889
-0.401292935027711
-0.9827626499581575
-0.8841969525249987
-0.9877771640973833
-0.959572301182719
-0.9889074906088746
-0.843113842093461
-0.7618316936820716
-0.9705637787739839
-0.2660134466035269
-0.8833867821282135
-0.9991803123180483
-0.9815710583629872
-0.9991803123180482
-0.7059207472811284
-0.9969366070375337
-0.9664147158987654
-0.4739634788539183
-0.9927600792405961
-0.9216042136721401
-0.7888832087771549
-0.9720102847039576
-0.09017496303050399
0.5208443728250864
0.4022743194807181
CENT
-0.9396356293238427
-0.8167337725633441
-0.7439203381842334
-0.9374900601438438
-0.8112110307377778
-0.8263855474512227
-0.9129436007322396
-0.585561931942429
-0.6612365886875766
-0.921845386661988
-0.36965410908713836
-0.9711842127672152
0.2743463627288101
-0.8699012016324981
-0.9466450370212343
-0.8213724182432518
-0.8460311080324898
-0.706057125128736
-0.9178335425757108
-0.7969457237822937
-0.4376456063006121
-0.9372656910250043
-0.3360215295247512
-0.7547905936528444
-0.7618359532522356
-0.9833879857779374
-0.1617506381361602
-0.9227661870846208
-0.5700891344965258
-0.6811459219361623
-0.8782766544927919
-0.7743041996733883
-0.44529688619580265
-0.928709668112204
-0.6910008352546445
-0.9709243505816898
-0.32189624381724014
-0.9609033579045707
-0.954450849883355
-0.35400461875861067
-0.30804930285938803
-0.9998880678112391
-0.6140133988506461
-0.699335181861455
-0.8004458101439135
-0.8483894436284187
-0.6664891670618126
-0.3646904944765188
-0.2366589143299329
-0.5821291471064622
-0.9472768346244901
-0.9708273958394705
-0.943871873108172
-0.9996163685834445
-0.6476652085107109
-0.6253752396715377
-0.39240392544542546
-0.9688673707463901
-0.8467098709120306
0.07259422216607159
-0.8373755814283389
-0.9143816794781381
-0.5949054140264289
-0.5397520594900386
-0.5862493879870494
-0.9227878316346703
-0.8195908300130252
-0.6587325435894321
-0.6957890714828954
-0.6452878282596859
-0.9996163685834445
-0.4788317599352119
0.6828941932487578
-0.7612720846938579
-0.5948982784824103
-0.9503016136736032
-0.4375607554081473
-0.6898724531737616
-0.46881029302953203
-0.7717719469488944
-0.5840995287242917
-0.5322024948734968
-0.7190031591049921
-0.4370204155705917
0.16155078502616593
-0.8268288413243606
-0.412398108491426
-0.8955249820292582
-0.9933347983954637
-0.9020241702289502
-0.584852717853455
-0.6371352833624291
-0.9979010670487954
-0.8539070001336735
0.08489459663833299
-0.49807589178594536
-0.27032369883672536
-0.9916135708675273
-0.26882421904040177
-0.9524692257898276
0.2844230424549652
-0.40286103789518946
-0.798178266176873
-0.5540283049297642
-0.9115658794962351
-0.5761894008385755
-0.4299974400803104
-0.288343579151792
-0.8867792771376111
-0.11488141852689926
-0.7757795983347863
-0.11349291864225575
-0.9914685731888945
-0.6433988623579792
-0.8939315256931945
-0.9974389304574487
-0.8729307337263976
0.029034329025682926
0.006066817186112683
-0.9829389644169348
-0.8108734144925636
-0.9153529701272538
-0.6072008776841269
-1.0
-0.9390199153552168
-0.7626490646353095
-0.4638489159433886
-0.3997687730182634
-0.325840139511546
-0.5266947063134456
-0.9340125320103829
-0.9485115768151439
-0.7815235149975651
-0.5654769526261345
0.33691169164100354
0.5223044747458832
-0.92961948542865
-0.7623822805541984
-0.6681915189193428
0.6381333983926636
-0.8661427064691551
-0.8878323718439514
-0.9999344227070406
0.05565317077800702
-0.9987754547404816
-0.5684119008275995
-0.9012703200749006
-0.6692158063570628
-0.6252575844963258
-0.912426374404073
-0.8521605214380356
-0.6111169552607549
-0.6101598908026018
0.08998975462974412
-0.46163422540636956
-1.0
-0.6258160564011832
-0.32542067808720476
0.16231341533273014
-0.8262347832365904
-0.9289502357790833
-0.40445585371516
-0.5960889188129617
-0.023538378792302472
-0.9914557853502559
-0.9196319098894847
-0.6039168194116442
-0.1595831790497091
-0.8816838956922662
-0.23924702619715243
-0.8199268657344336
-0.7683742956273054
0.1755285493848897
-0.9952797235797046
-0.9394729299432839
-0.657009623621521
-0.43681413066895347
-0.9177437745464445
-0.8635940369358875
-0.7903503220729696
-0.8210890698490583
-0.8097794812911653
-0.3477552723072146
-0.1890608253290199
-0.9807784186835526
-0.9799797810274316
-0.5695745070891198
-0.9344894247619623
-0.8954313511244388
-0.2561896988268767
-0.8829278149233871
-0.6790755671958619
-0.651350133024932
-0.6768274761175068
-0.9703477917614557
-0.8038124823463431
-0.6348858650849072
-0.7620833256066648
-0.3936433665130872
-0.3634295048955699
-0.8655701020674502
-0.8605390143754492
-0.6043293289309488
-0.7177797548355862
-0.8855376363822215
0.4168286122932454
-0.9157168468910517
0.06408747174962204
-0.7505905211218276
-0.8095410040012472
-0.9998134671141733
-0.4947385704069439
1.0
-0.8145660227706228
-0.8611245363236998
-0.5654116569621488
-0.5533447944259196
-0.8056809685123294
-0.5948410465642209
0.1874735619732566
-0.4110812131308521
-0.7233879500397045
-0.8488662516065878
-0.9739637735392263
-0.8982992537823724
-0.8282039749443835
-0.7913266394042991
-0.3735053459474973
-0.43838555795996503
-0.3467119050653993
-0.9196197853671659
-0.6977287574376823
-0.08723220331291404
-0.8190928539894067
-0.9761766778118133
-0.857026910178688
-0.738072097894257
-0.72094380871196
-0.9819795698052982
-0.9547419259124162
-0.7342444367768809
-0.48506022859062503
-0.8602406231833131
-0.911156888383768
-0.9850413385010438
-0.8217510694373376
-0.1352189210097675
-0.1659936992221619
-0.8615920876329305
0.38735440552531775
-0.5935877577101987
-0.5292275284190455
-0.612280007887054
-0.7111127847630555
-0.5031246711961723
-0.2169838939870442
-0.7231709736736684
-0.9905806059682168
-0.9847011402719824
-0.9300481616315529
-0.21518470887442787
-0.9894642771212321
-0.9998874157676377
-0.9251619491544553
-0.9371619507134399
-0.5466577097261789
-0.9391592673290876
-0.11865663978777308
-0.2508980621685327
-0.6383607911912469
-0.9854304714727982
-0.6147856722599714
-0.8412939025059681
-0.8403072613612915
-0.6676486113994171
-0.3646904944765188
-0.5983058787661011
-0.49127417615275115
-0.6949008659366858
-0.49879663182204836
-0.6537863447083738
-0.646364290574908
-0.5265821914374934
-0.8728637429969659
-0.9854205970301275
-0.8977092523882951
-0.8525890979509809
-0.9872395776243975
-0.36473128069939187
-0.8097794812911653
-0.9807914835449352
-0.5777836926342304
-0.8332758131343224
-0.4671064353949159
-0.9327780306137918
-0.9000216669905289
-0.6659595573459145
-0.7350150030514186
-0.5488990492954859
-0.8882327185232395
-0.8439368565278573
-0.8655701020674502
-0.763979882760641
-0.9993977377114776
-0.1498224049239576
-0.594641993229853
-0.9866596366100828
-0.7101315136008479
-0.639173197475789
-0.5320879115116861
-0.8010096652574078
-0.4647737126922127
-0.6730012848686362
-0.11450604575290002
-0.6085099903707221
-0.8064699225003953
-0.8741169634909617
-0.7942426799844846
-0.8847406920612149
-0.8685670661897349
-0.9089095316087877
-0.7165831350532265
-0.6511825982674476
-0.22815853348253246
-0.1921039770270514
-0.009479713534041201
-0.8483894436284187
-0.7627038141699914
-0.9357197774267093
-0.46179448584782223
0.2019207921702897
-0.9987754547404816
-0.9458263094687556
-0.5877357702357351
-0.8836544656752762
-0.5238442835256709
-0.9421488690438026
-0.798178266176873
-0.790698474298308
-0.40915256024493796
-0.9656825342643598
-0.6921026594133193
-0.8639482355059083
-0.9503016136736032
-0.7118424137315147
-0.7990997628575535
-0.6418350953822118
-0.8853503058887071
-0.3951824204471678
-0.8835170887647797
0.23620907032044558
-0.7779376165800428
-0.8755854817549977
-0.779114872300196
-0.7980619940750381
-0.27454293314322487
-0.8321532993815429
-0.8605390143754492
-0.8893905723204736
-0.621556833801892
-0.1824476152593143
-0.8705084044245166
0.15361031904549605
-0.7503984419259357
-0.8373755814283389
-0.9101888486611321
-0.9972958189905105
-0.11264241409543851
-0.6917761552638386
-0.7051084326153736
-0.7910521908402026
-0.89624787967266
-0.5228800803528173
-0.9192199897290096
-0.5853317689863715
-0.9721261657785321
-0.882545316414843
-0.7556859875733759
-1.0
-0.9492389104237101
-0.7683394077042391
-0.7723660824715387
-0.8722879516266644
-0.3637982293572012
-0.8838253858601326
-0.7627038141699914
-0.9015483968396457
-0.8973303810058858
-0.45881061201486983
-0.5495223826929277
-0.7976768145833109
-0.850358800888299
-0.830770645195842
-0.8596715918603542
-0.32174300748736184
-0.9531425644499554
-0.8512423407173152
-0.8102490509631628
-0.9186720417109439
-0.9929913193477854
-0.8663174060642426
-0.6525901369067355
-0.7547229459709619
-0.9677545343359334
-0.7291209900989308
-0.9677545343359334
-0.266792077548032
-0.7100821053649693
-0.7825097596754982
-0.9660674051549132
-0.8977745473359393
0.8122040765117369
-0.7393779603793891
-0.5769021698121573
-0.28840887655625547
-0.861655219307694
-0.11474753868841037
DEGREE_RANK
0.16826923076923084
0.17307692307692313
0.6153846153846154
-0.9663461538461539
0.9182692307692308
-0.34134615384615385
0.6201923076923077
0.8221153846153846
-0.45673076923076916
-0.528846153846154
0.17788461538461542
-0.9375
0.0625
0.33653846153846145
-0.06249999999999989
-0.8798076923076923
-0.7451923076923077
0.47115384615384603
-0.5240384615384616
-0.3942307692307693
0.6250000000000002
-0.6586538461538461
0.4759615384615383
-0.8461538461538461
0.06730769230769229
-0.591346153846154
-0.5192307692307693
-0.7980769230769231
-0.389423076923077
-0.5144230769230769
0.1826923076923077
0.9663461538461537
-0.3846153846153846
-0.7067307692307693
0.9951923076923077
-0.16826923076923073
0.7836538461538463
0.07211538461538458
-0.5865384615384616
0.1875
-0.16346153846153844
-0.9615384615384616
-0.33653846153846156
0.9567307692307694
0.1923076923076923
-0.9567307692307693
0.6298076923076923
0.6346153846153846
0.8269230769230769
-0.5817307692307693
-0.33173076923076916
-0.32692307692307687
-0.9326923076923077
-0.9134615384615384
0.4807692307692306
-0.05769230769230771
0.8317307692307692
-0.7019230769230769
0.07692307692307687
0.7884615384615385
0.48557692307692313
-0.7932692307692308
-0.15865384615384615
0.34134615384615397
0.34615384615384626
0.08173076923076916
-0.05288461538461542
0.721153846153846
0.8701923076923077
0.6394230769230769
-0.9086538461538461
-0.5096153846153847
-0.04807692307692313
0.8750000000000002
0.08653846153846145
-0.7884615384615384
0.1971153846153848
0.09134615384615397
-0.3221153846153846
0.09615384615384626
0.2019230769230771
0.7259615384615383
-0.3173076923076923
0.35096153846153855
0.9423076923076923
-0.2403846153846153
0.35576923076923084
0.6442307692307692
-0.875
-0.043269230769230727
0.6490384615384615
0.20673076923076938
-0.7403846153846154
0.21153846153846145
-0.3798076923076923
0.6538461538461537
0.36057692307692313
-0.9471153846153846
0.8365384615384615
-0.8413461538461539
0.658653846153846
0.3653846153846154
0.21634615384615374
0.4903846153846154
-0.15384615384615374
0.3701923076923077
-0.6971153846153847
0.3750000000000002
-0.038461538461538436
-0.6923076923076923
-0.14903846153846145
0.4951923076923077
-0.9759615384615384
0.9807692307692306
-0.3124999999999999
-0.9038461538461539
-0.033653846153846145
0.6634615384615385
-0.653846153846154
-0.9278846153846154
0.8798076923076923
-0.8365384615384616
0.3798076923076923
-1.0
-0.6490384615384616
0.7932692307692306
0.3846153846153846
0.10096153846153855
-0.7836538461538461
0.9230769230769231
-0.6875
-0.8990384615384616
0.10576923076923084
0.5
-0.23557692307692302
-0.028846153846153744
-0.23076923076923073
-0.5769230769230769
0.8846153846153846
0.7307692307692306
0.38942307692307687
-0.14423076923076927
-0.9855769230769231
0.6682692307692308
-0.5048076923076923
0.39423076923076916
0.6730769230769231
0.5048076923076923
-0.13942307692307698
-0.22596153846153844
-0.6442307692307693
-0.45192307692307687
-0.13461538461538458
0.22115384615384603
-0.1298076923076923
-0.9951923076923077
0.7355769230769231
0.841346153846154
-0.024038461538461453
-0.019230769230769273
-0.6826923076923077
-0.6394230769230769
0.5096153846153846
0.11057692307692313
-0.9423076923076923
-0.5721153846153847
0.22596153846153832
0.5144230769230769
0.6778846153846154
0.8461538461538463
-0.6346153846153847
0.39903846153846145
0.23076923076923084
-0.8942307692307693
-0.7355769230769231
0.9855769230769231
-0.22115384615384615
0.6826923076923077
-0.014423076923076983
-0.375
0.7980769230769229
0.5192307692307694
0.9471153846153848
0.40384615384615374
-0.8701923076923077
-0.4471153846153846
-0.3701923076923077
-0.4423076923076923
-0.6778846153846154
0.7403846153846154
0.7451923076923077
-0.3076923076923077
0.11538461538461542
0.8894230769230769
-0.8653846153846154
0.12019230769230771
-0.125
-0.6298076923076923
-0.009615384615384581
0.12500000000000022
0.23557692307692313
-0.5
0.6875
0.24038461538461542
-0.7788461538461539
-0.4951923076923077
-0.7307692307692308
0.2451923076923077
0.9278846153846154
-0.9230769230769231
-0.8317307692307692
0.25
-0.21634615384615385
-0.7259615384615385
0.75
0.8509615384615385
0.7548076923076923
0.6923076923076923
-0.7740384615384616
0.5240384615384617
0.9519230769230771
-0.21153846153846156
-0.4903846153846153
-0.4374999999999999
-0.4326923076923077
-0.004807692307692291
-0.625
0.528846153846154
0.1298076923076923
0.0
-0.8269230769230769
0.8557692307692308
0.5336538461538463
0.5384615384615385
-0.8221153846153846
0.8942307692307692
0.9326923076923077
0.7596153846153846
-0.8605769230769231
-0.3028846153846154
-0.3653846153846153
0.2548076923076923
0.40865384615384603
-0.4278846153846154
-0.7692307692307692
-0.6730769230769231
0.5432692307692306
0.004807692307692291
-0.6201923076923077
0.2596153846153846
0.41346153846153855
-0.12019230769230771
0.971153846153846
-0.8173076923076923
0.5480769230769229
0.8990384615384615
0.26442307692307687
-0.5673076923076923
-0.42307692307692313
-0.8125
-0.8076923076923077
-0.5625
-0.8557692307692308
-0.7211538461538461
-0.6682692307692308
0.009615384615384581
-0.29807692307692313
-0.2932692307692307
0.6971153846153848
-0.11538461538461531
-0.485576923076923
0.7019230769230771
0.7067307692307694
-0.8028846153846154
0.014423076923076872
0.7115384615384615
1.0
0.5528846153846154
-0.20673076923076916
0.019230769230769384
-0.28846153846153844
-0.20192307692307687
0.13461538461538458
-0.716346153846154
-0.4182692307692307
0.41826923076923084
0.024038461538461675
-0.6153846153846154
-0.19711538461538458
0.5576923076923077
-0.7115384615384616
-0.11057692307692302
-0.41346153846153844
-0.28365384615384615
-0.6105769230769231
-0.1923076923076923
-0.27884615384615374
0.5625
0.2692307692307694
-0.6634615384615385
-0.27403846153846145
0.2740384615384617
-0.1874999999999999
-0.9807692307692307
0.5673076923076923
0.13942307692307687
-0.5576923076923077
0.9038461538461537
-0.8509615384615384
0.42307692307692313
0.8028846153846152
-0.10576923076923073
0.27884615384615397
0.028846153846153966
0.8076923076923077
0.4278846153846154
-0.40865384615384615
0.033653846153846256
-0.6057692307692308
0.4326923076923077
-0.10096153846153855
0.14423076923076916
0.8125
0.4375
0.14903846153846145
-0.09615384615384615
-0.9519230769230769
-0.1826923076923077
0.15384615384615374
0.5721153846153846
0.5769230769230769
-0.4807692307692307
0.03846153846153855
0.7163461538461537
0.8173076923076923
0.9615384615384615
-0.8894230769230769
0.28365384615384626
0.5817307692307692
0.4423076923076923
-0.8846153846153846
0.908653846153846
0.28846153846153855
-0.7644230769230769
0.2932692307692306
0.7644230769230769
0.7692307692307694
0.4471153846153848
0.5865384615384615
-0.360576923076923
0.591346153846154
0.7740384615384617
0.2980769230769229
-0.5528846153846154
0.9903846153846154
-0.2692307692307693
-0.5480769230769231
-0.47596153846153844
0.9134615384615385
0.3028846153846154
-0.264423076923077
-0.9182692307692307
-0.40384615384615374
0.778846153846154
0.5961538461538463
0.3076923076923077
-0.9711538461538461
0.3125
-0.6009615384615385
-0.09134615384615385
-0.3557692307692307
-0.5432692307692308
-0.5384615384615385
0.043269230769230616
0.3173076923076923
-0.35096153846153844
-0.47115384615384615
-0.17788461538461542
-0.9903846153846154
-0.08653846153846156
0.4519230769230771
-0.2596153846153846
0.15865384615384603
0.6009615384615385
0.048076923076922906
-0.17307692307692313
-0.08173076923076916
-0.2548076923076923
0.9759615384615383
0.4567307692307694
0.3221153846153846
0.32692307692307687
0.33173076923076916
0.6057692307692308
0.46153846153846145
-0.07692307692307687
-0.34615384615384615
-0.25
-0.5336538461538461
-0.5961538461538461
-0.2451923076923077
0.05288461538461542
-0.07211538461538458
-0.7596153846153846
0.46634615384615374
-0.7548076923076923
-0.39903846153846145
-0.46634615384615385
-0.06730769230769229
-0.75
0.05769230769230771
0.16346153846153855
-0.46153846153846156
0.8605769230769231
0.6105769230769231
0.8653846153846154
0.9375
EIGENVECTOR_RANK
0.8076923076923077
0.4326923076923077
0.8365384615384615
-0.9423076923076923
0.9278846153846154
-0.7932692307692308
0.8846153846153846
-0.47115384615384615
0.528846153846154
-0.8221153846153846
0.15865384615384603
-0.3557692307692307
0.20673076923076938
0.778846153846154
-0.5769230769230769
-0.9615384615384616
-0.5625
-0.5096153846153847
-0.06730769230769229
0.2740384615384617
-0.13942307692307698
-0.15384615384615374
-0.4326923076923077
-0.5961538461538461
-0.360576923076923
-0.23557692307692302
-0.06249999999999989
-0.8317307692307692
-0.9038461538461539
-0.34134615384615385
0.5144230769230769
0.9807692307692306
0.39423076923076916
-0.7307692307692308
0.9951923076923077
-0.09134615384615385
-0.22596153846153844
-0.043269230769230727
0.7115384615384615
-0.12019230769230771
0.024038461538461675
-0.6586538461538461
0.721153846153846
0.9519230769230771
0.3846153846153846
-0.4471153846153846
0.2019230769230771
0.06730769230769229
0.1826923076923077
0.40865384615384603
-0.6105769230769231
-0.19711538461538458
-0.875
-0.5528846153846154
-0.5673076923076923
-0.5192307692307693
0.8653846153846154
-0.27884615384615374
-0.07211538461538458
0.6250000000000002
-0.5240384615384616
-0.9375
0.5769230769230769
-0.21153846153846156
0.5432692307692306
-0.33653846153846156
-0.8028846153846154
0.8509615384615385
0.9038461538461537
-0.45673076923076916
-0.5576923076923077
0.4567307692307694
0.2596153846153846
0.6923076923076923
0.5625
-0.9711538461538461
0.6971153846153848
0.03846153846153855
0.6105769230769231
0.48557692307692313
0.05288461538461542
-0.4374999999999999
0.28846153846153855
0.5576923076923077
0.8750000000000002
-0.2692307692307693
0.41346153846153855
0.07211538461538458
-0.45192307692307687
0.26442307692307687
-0.3846153846153846
0.014423076923076872
0.34615384615384626
-0.009615384615384581
0.05769230769230771
0.12500000000000022
-0.3701923076923077
-0.9567307692307693
0.658653846153846
-0.1826923076923077
0.7644230769230769
0.3750000000000002
0.47115384615384603
-0.2403846153846153
-0.6394230769230769
-0.6490384615384616
-0.75
0.14903846153846145
-0.6153846153846154
-0.11538461538461531
-0.7644230769230769
0.8173076923076923
-0.9951923076923077
0.9903846153846154
-0.653846153846154
-0.8509615384615384
-0.7403846153846154
-0.07692307692307687
-0.08173076923076916
-0.8846153846153846
0.9182692307692308
-0.3653846153846153
0.1971153846153848
-0.8605769230769231
0.028846153846153966
-0.3076923076923077
0.25
0.7403846153846154
-0.7019230769230769
0.7548076923076923
0.28365384615384626
-0.8894230769230769
-0.10576923076923073
-0.5432692307692308
0.5673076923076923
-0.21634615384615385
0.8125
-0.7067307692307693
-0.2932692307692307
0.33653846153846145
-0.014423076923076983
-0.2596153846153846
-0.9855769230769231
0.8221153846153846
-0.16826923076923073
-0.6778846153846154
-0.3942307692307693
0.4278846153846154
-0.05288461538461542
0.6875
-0.9519230769230769
0.27884615384615397
0.75
0.4807692307692306
-0.41346153846153844
-0.8653846153846154
0.17788461538461542
0.8798076923076923
-0.1923076923076923
-0.5384615384615385
-0.8798076923076923
-0.17307692307692313
0.6201923076923077
0.46153846153846145
-0.9471153846153846
-0.7355769230769231
0.23557692307692313
0.16826923076923084
-0.46153846153846156
0.6778846153846154
-0.7596153846153846
-0.6923076923076923
0.7596153846153846
-0.4903846153846153
0.2451923076923077
0.971153846153846
-0.7980769230769231
-0.42307692307692313
0.3221153846153846
-0.6875
0.9230769230769231
-0.5
0.8701923076923077
0.7259615384615383
-0.8461538461538461
-0.20192307692307687
-0.125
-0.6971153846153847
-0.11057692307692302
0.6490384615384615
0.8557692307692308
0.3701923076923077
0.22596153846153832
0.9471153846153848
0.3173076923076923
0.07692307692307687
-0.20673076923076916
0.32692307692307687
0.5817307692307692
-0.15865384615384615
-0.028846153846153744
0.10576923076923084
0.7932692307692306
0.14423076923076916
-0.4807692307692307
-0.3221153846153846
-0.8269230769230769
0.043269230769230616
0.9134615384615385
-0.5817307692307693
0.2980769230769229
-0.40865384615384615
0.6346153846153846
-0.1298076923076923
0.13461538461538458
-0.27403846153846145
0.17307692307692313
0.7740384615384617
-0.32692307692307687
0.591346153846154
0.9567307692307694
-0.6682692307692308
-0.04807692307692313
0.4519230769230771
0.6442307692307692
-0.28365384615384615
-0.7211538461538461
0.2932692307692306
-0.10096153846153855
0.3798076923076923
-0.3798076923076923
-0.3124999999999999
0.7307692307692306
-0.6826923076923077
-0.9807692307692307
0.9326923076923077
0.15384615384615374
-0.375
-0.9903846153846154
0.5480769230769229
0.09615384615384626
0.6634615384615385
0.5384615384615385
0.08653846153846145
-0.264423076923077
0.6298076923076923
0.4423076923076923
0.36057692307692313
-0.9086538461538461
0.3125
0.8317307692307692
-0.09615384615384615
0.9759615384615383
-0.9326923076923077
0.10096153846153855
0.8990384615384615
0.5336538461538463
-0.7115384615384616
-0.22115384615384615
-0.9134615384615384
-0.8365384615384616
-0.29807692307692313
0.2692307692307694
-0.8990384615384616
-0.7884615384615384
0.34134615384615397
0.5961538461538463
0.6057692307692308
0.0
-0.033653846153846145
-0.6730769230769231
-0.6057692307692308
0.7836538461538463
-0.8942307692307693
-0.4278846153846154
0.0625
1.0
-0.038461538461538436
-0.5865384615384616
-0.2548076923076923
0.24038461538461542
0.4375
0.33173076923076916
-0.7740384615384616
0.5528846153846154
0.8269230769230769
-0.3028846153846154
0.6826923076923077
0.40384615384615374
-0.4951923076923077
0.6730769230769231
0.35096153846153855
-0.8076923076923077
-0.5721153846153847
-0.40384615384615374
-0.7836538461538461
-0.14903846153846145
-0.6634615384615385
-0.1874999999999999
-0.4182692307692307
-0.7259615384615385
-0.024038461538461453
-0.8125
-1.0
0.4471153846153848
-0.34615384615384615
0.5048076923076923
0.7067307692307694
-0.7692307692307692
0.7980769230769229
0.09134615384615397
0.5721153846153846
-0.591346153846154
-0.25
0.7019230769230771
0.019230769230769384
-0.39903846153846145
0.7884615384615385
0.2548076923076923
-0.5144230769230769
-0.004807692307692291
0.5240384615384617
0.7692307692307694
0.12019230769230771
-0.33173076923076916
0.3076923076923077
-0.4423076923076923
-0.6346153846153847
-0.5480769230769231
-0.14423076923076927
0.21634615384615374
-0.16346153846153844
0.048076923076922906
-0.47596153846153844
0.908653846153846
0.9663461538461537
-0.5336538461538461
0.4759615384615383
0.16346153846153855
0.4903846153846154
-0.9182692307692307
0.9375
0.08173076923076916
-0.9759615384615384
-0.08653846153846156
0.8894230769230769
0.5865384615384615
0.841346153846154
0.8028846153846152
-0.8173076923076923
0.4951923076923077
0.8461538461538463
0.5
-0.8557692307692308
0.9855769230769231
0.009615384615384581
-0.7788461538461539
0.11057692307692313
0.9423076923076923
0.004807692307692291
0.11538461538461542
-0.485576923076923
0.1923076923076923
0.6153846153846154
-0.528846153846154
0.6009615384615385
-0.9663461538461539
-0.35096153846153844
0.39903846153846145
-0.389423076923077
-0.7548076923076923
0.35576923076923084
0.1875
-0.17788461538461542
0.6538461538461537
0.46634615384615374
0.41826923076923084
0.23076923076923084
-0.8701923076923077
-0.625
0.13942307692307687
0.033653846153846256
-0.716346153846154
0.7163461538461537
-0.019230769230769273
-0.6298076923076923
0.3653846153846154
-0.2451923076923077
0.9615384615384615
0.5096153846153846
-0.05769230769230771
-0.6442307692307693
0.6682692307692308
-0.5048076923076923
0.21153846153846145
-0.6009615384615385
-0.13461538461538458
-0.6201923076923077
0.3028846153846154
0.42307692307692313
-0.28846153846153844
0.7355769230769231
0.22115384615384603
-0.9278846153846154
-0.46634615384615385
-0.9230769230769231
0.5192307692307694
-0.8413461538461539
-0.23076923076923073
0.6394230769230769
-0.7451923076923077
0.1298076923076923
0.38942307692307687
-0.3173076923076923
0.7451923076923077
0.8942307692307692
0.8605769230769231
CENT_RANK
-0.7067307692307693
-0.17788461538461542
0.048076923076922906
-0.6875
-0.16826923076923073
-0.21634615384615385
-0.5721153846153847
0.39903846153846145
0.21634615384615374
-0.6201923076923077
0.6730769230769231
-0.8173076923076923
0.9567307692307694
-0.389423076923077
-0.7259615384615385
-0.20192307692307687
-0.2692307692307693
0.12500000000000022
-0.5961538461538461
-0.09134615384615385
0.6009615384615385
-0.6826923076923077
0.7163461538461537
0.028846153846153966
0.014423076923076872
-0.8605769230769231
0.8269230769230769
-0.625
0.4375
0.17307692307692313
-0.42307692307692313
-0.038461538461538436
0.591346153846154
-0.6394230769230769
0.16346153846153855
-0.8125
0.7307692307692306
-0.7740384615384616
-0.7644230769230769
0.7019230769230771
0.7403846153846154
-0.9807692307692307
0.3173076923076923
0.13461538461538458
-0.12019230769230771
-0.28365384615384615
0.20673076923076938
0.6826923076923077
0.7884615384615385
0.41826923076923084
-0.7307692307692308
-0.8076923076923077
-0.716346153846154
-0.9663461538461539
0.25
0.2980769230769229
0.6634615384615385
-0.7980769230769231
-0.27403846153846145
0.908653846153846
-0.25
-0.5769230769230769
0.3653846153846154
0.48557692307692313
0.39423076923076916
-0.6298076923076923
-0.1874999999999999
0.22115384615384603
0.14423076923076916
0.2596153846153846
-0.9615384615384616
0.5528846153846154
0.9903846153846154
0.019230769230769384
0.3701923076923077
-0.75
0.6057692307692308
0.16826923076923084
0.5576923076923077
-0.028846153846153744
0.41346153846153855
0.4903846153846154
0.09134615384615397
0.6105769230769231
0.9278846153846154
-0.22115384615384615
0.6250000000000002
-0.5
-0.9230769230769231
-0.5432692307692308
0.40865384615384603
0.28365384615384626
-0.9423076923076923
-0.3124999999999999
0.9134615384615385
0.5336538461538463
0.7596153846153846
-0.9134615384615384
0.7644230769230769
-0.7548076923076923
0.9615384615384615
0.6442307692307692
-0.11057692307692302
0.46153846153846145
-0.5625
0.4326923076923077
0.6201923076923077
0.75
-0.47115384615384615
0.8509615384615385
-0.043269230769230727
0.8653846153846154
-0.9086538461538461
0.26442307692307687
-0.4903846153846153
-0.9375
-0.40865384615384615
0.8942307692307692
0.8894230769230769
-0.8557692307692308
-0.16346153846153844
-0.5817307692307693
0.34134615384615397
-1.0
-0.6923076923076923
0.0
0.5721153846153846
0.6490384615384615
0.721153846153846
0.5048076923076923
-0.6634615384615385
-0.7355769230769231
-0.05769230769230771
0.4519230769230771
0.9663461538461537
0.9807692307692306
-0.6490384615384616
0.004807692307692291
0.1971153846153848
0.9855769230769231
-0.375
-0.47596153846153844
-0.9855769230769231
0.8990384615384615
-0.9519230769230769
0.4471153846153848
-0.5336538461538461
0.1923076923076923
0.3028846153846154
-0.5673076923076923
-0.3028846153846154
0.32692307692307687
0.33173076923076916
0.9182692307692308
0.5817307692307692
-0.9951923076923077
0.2932692307692306
0.7259615384615383
0.9326923076923077
-0.21153846153846156
-0.6442307692307693
0.6394230769230769
0.36057692307692313
0.8798076923076923
-0.9038461538461539
-0.6153846153846154
0.35096153846153855
0.8317307692307692
-0.4278846153846154
0.7836538461538463
-0.1923076923076923
-0.024038461538461453
0.9375
-0.9278846153846154
-0.7019230769230769
0.22596153846153832
0.6153846153846154
-0.591346153846154
-0.3557692307692307
-0.06730769230769229
-0.19711538461538458
-0.15384615384615374
0.7067307692307694
0.8125
-0.8413461538461539
-0.8365384615384616
0.4423076923076923
-0.6682692307692308
-0.4951923076923077
0.7740384615384617
-0.4374999999999999
0.17788461538461542
0.24038461538461542
0.1826923076923077
-0.8028846153846154
-0.1298076923076923
0.28846153846153855
0.009615384615384581
0.658653846153846
0.6971153846153848
-0.3701923076923077
-0.33653846153846156
0.34615384615384626
0.09615384615384626
-0.46634615384615385
0.9759615384615383
-0.5865384615384616
0.9038461538461537
0.03846153846153855
-0.14423076923076927
-0.9711538461538461
0.5384615384615385
1.0
-0.17307692307692313
-0.34134615384615385
0.4567307692307694
0.46634615384615374
-0.13461538461538458
0.3750000000000002
0.9423076923076923
0.6298076923076923
0.07692307692307687
-0.28846153846153844
-0.8269230769230769
-0.5240384615384616
-0.22596153846153844
-0.08173076923076916
0.6682692307692308
0.5961538461538463
0.7115384615384615
-0.6105769230769231
0.13942307692307687
0.8750000000000002
-0.1826923076923077
-0.8317307692307692
-0.3173076923076923
0.05769230769230771
0.08653846153846145
-0.8509615384615384
-0.7692307692307692
0.06730769230769229
0.5480769230769229
-0.32692307692307687
-0.5576923076923077
-0.8701923076923077
-0.20673076923076916
0.841346153846154
0.8221153846153846
-0.34615384615384615
0.971153846153846
0.3846153846153846
0.5
0.3221153846153846
0.11057692307692313
0.5240384615384617
0.7980769230769229
0.08173076923076916
-0.8990384615384616
-0.8653846153846154
-0.653846153846154
0.8028846153846152
-0.8942307692307693
-0.9759615384615384
-0.6346153846153847
-0.6778846153846154
0.4807692307692306
-0.6971153846153847
0.8461538461538463
0.778846153846154
0.27884615384615397
-0.8798076923076923
0.3125
-0.2596153846153846
-0.2548076923076923
0.2019230769230771
0.6875
0.35576923076923084
0.5432692307692306
0.14903846153846145
0.528846153846154
0.23076923076923084
0.2548076923076923
0.5096153846153846
-0.40384615384615374
-0.875
-0.5144230769230769
-0.3076923076923077
-0.8894230769230769
0.6778846153846154
-0.14903846153846145
-0.8461538461538461
0.42307692307692313
-0.2403846153846153
0.5625
-0.6586538461538461
-0.528846153846154
0.21153846153846145
0.0625
0.4759615384615383
-0.4807692307692307
-0.264423076923077
-0.3653846153846153
-0.014423076923076983
-0.9567307692307693
0.8365384615384615
0.3798076923076923
-0.8846153846153846
0.11538461538461542
0.2740384615384617
0.4951923076923077
-0.125
0.5673076923076923
0.1875
0.8605769230769231
0.33653846153846145
-0.13942307692307698
-0.41346153846153844
-0.08653846153846156
-0.45673076923076916
-0.3846153846153846
-0.5480769230769231
0.10096153846153855
0.2451923076923077
0.7932692307692306
0.8076923076923077
0.8846153846153846
-0.27884615384615374
-0.009615384615384581
-0.6730769230769231
0.5769230769230769
0.9471153846153848
-0.9471153846153846
-0.7211538461538461
0.38942307692307687
-0.4471153846153846
0.5144230769230769
-0.7115384615384616
-0.10576923076923073
-0.07211538461538458
0.6346153846153846
-0.7788461538461539
0.15384615384615374
-0.360576923076923
-0.7451923076923077
0.10576923076923084
-0.11538461538461531
0.2692307692307694
-0.46153846153846156
0.6538461538461537
-0.4423076923076923
0.9519230769230771
-0.04807692307692313
-0.4182692307692307
-0.05288461538461542
-0.10096153846153855
0.7548076923076923
-0.23557692307692302
-0.33173076923076916
-0.485576923076923
0.3076923076923077
0.8173076923076923
-0.3942307692307693
0.9230769230769231
0.043269230769230616
-0.2451923076923077
-0.5528846153846154
-0.9326923076923077
0.8701923076923077
0.15865384615384603
0.1298076923076923
-0.07692307692307687
-0.5048076923076923
0.5192307692307694
-0.6057692307692308
0.40384615384615374
-0.8221153846153846
-0.4326923076923077
0.024038461538461675
-0.9903846153846154
-0.7403846153846154
-0.019230769230769273
-0.033653846153846145
-0.39903846153846145
0.6923076923076923
-0.45192307692307687
-0.004807692307692291
-0.5384615384615385
-0.5096153846153847
0.5865384615384615
0.47115384615384603
-0.09615384615384615
-0.2932692307692307
-0.23076923076923073
-0.3221153846153846
0.7355769230769231
-0.7596153846153846
-0.29807692307692313
-0.15865384615384615
-0.6009615384615385
-0.9182692307692307
-0.3798076923076923
0.23557692307692313
0.033653846153846256
-0.7932692307692308
0.07211538461538458
-0.7884615384615384
0.7692307692307694
0.12019230769230771
-0.06249999999999989
-0.7836538461538461
-0.5192307692307693
0.9951923076923077
0.05288461538461542
0.4278846153846154
0.7451923076923077
-0.35096153846153844
0.8557692307692308
RANK
123
155
378
142
41
262
210
53
70
303
144
331
92
115
366
173
88
399
97
112
164
257
261
287
306
270
284
244
258
25
119
238
290
184
185
234
223
375
11
35
51
194
57
403
405
409
340
37
239
38
395
99
75
343
379
131
50
14
332
52
336
0
174
266
124
3
21
264
328
187
130
294
259
136
160
33
263
65
27
9
165
230
373
398
18
177
206
121
61
6
149
104
243
365
320
89
386
146
295
224
410
285
387
371
87
188
114
358
299
141
108
204
347
318
384
334
349
190
376
168
30
352
316
116
283
382
361
13
319
400
140
200
301
342
178
415
248
214
201
357
242
393
235
93
286
150
396
391
222
45
326
58
16
300
272
273
60
364
292
356
392
225
85
5
159
245
15
180
170
66
233
1
213
4
120
397
181
289
209
315
217
195
310
44
345
102
337
354
390
19
317
226
370
338
179
408
132
353
351
110
31
381
79
171
380
302
327
385
125
137
197
24
73
377
23
402
208
363
2
412
236
297
240
404
221
256
237
82
203
321
344
253
307
407
17
369
43
231
68
278
341
368
34
77
29
191
193
312
147
138
274
46
296
8
67
175
280
401
192
322
54
281
69
113
346
308
269
91
196
156
55
148
359
271
42
252
151
152
314
122
202
166
276
162
62
74
218
305
250
333
64
7
374
90
80
49
291
413
105
28
186
145
133
215
103
216
389
298
265
63
81
309
251
129
282
335
372
254
279
95
211
277
241
71
78
293
311
126
329
154
388
32
228
20
76
83
176
106
86
220
339
161
101
127
348
198
56
227
10
288
47
275
383
199
39
182
229
22
128
157
36
394
40
414
107
355
96
98
406
189
268
169
48
323
255
260
324
183
360
247
26
167
304
246
267
109
416
313
111
367
232
163
325
118
117
143
207
59
94
153
362
84
158
172
219
330
350
12
100
134
249
205
135
139
72
411
212
