DEGREE
0.06666666666666665
-0.33333333333333337
-0.33333333333333337
0.06666666666666665
0.19999999999999996
0.06666666666666665
-0.19999999999999996
-0.06666666666666665
-0.4666666666666667
-0.4666666666666667
0.06666666666666665
0.7333333333333334
0.19999999999999996
-0.19999999999999996
-0.4666666666666667
-0.33333333333333337
0.46666666666666656
0.6000000000000001
0.7333333333333334
0.33333333333333326
-0.33333333333333337
0.19999999999999996
0.19999999999999996
0.19999999999999996
0.33333333333333326
0.33333333333333326
0.19999999999999996
0.06666666666666665
0.46666666666666656
0.06666666666666665
-0.6
0.19999999999999996
-0.06666666666666665
0.7333333333333334
0.33333333333333326
0.06666666666666665
-0.6
-0.19999999999999996
-0.06666666666666665
0.06666666666666665
0.6000000000000001
0.33333333333333326
0.6000000000000001
-0.4666666666666667
0.6000000000000001
0.6000000000000001
0.46666666666666656
0.33333333333333326
-1.0
-0.7333333333333334
0.19999999999999996
0.19999999999999996
-0.33333333333333337
0.33333333333333326
-0.19999999999999996
-0.06666666666666665
-0.4666666666666667
-0.6
-0.06666666666666665
0.19999999999999996
0.6000000000000001
0.06666666666666665
0.6000000000000001
-0.06666666666666665
-0.4666666666666667
-0.33333333333333337
-0.33333333333333337
0.06666666666666665
0.19999999999999996
-0.06666666666666665
-0.6
-0.19999999999999996
0.06666666666666665
-0.19999999999999996
0.19999999999999996
0.33333333333333326
0.6000000000000001
0.6000000000000001
0.46666666666666656
1.0
-0.19999999999999996
0.46666666666666656
-0.4666666666666667
0.33333333333333326
-0.06666666666666665
0.06666666666666665
-0.6
-0.19999999999999996
0.33333333333333326
0.19999999999999996
0.19999999999999996
0.7333333333333334
-0.4666666666666667
-0.33333333333333337
-0.19999999999999996
0.33333333333333326
-0.06666666666666665
-0.06666666666666665
-0.06666666666666665
-0.06666666666666665
-0.8666666666666667
0.7333333333333334
0.33333333333333326
0.19999999999999996
0.19999999999999996
-0.19999999999999996
0.19999999999999996
-0.33333333333333337
0.06666666666666665
-0.4666666666666667
-0.19999999999999996
-0.33333333333333337
-0.33333333333333337
0.19999999999999996
0.19999999999999996
0.46666666666666656
0.46666666666666656
0.33333333333333326
-0.33333333333333337
0.06666666666666665
EIGENVECTOR
-0.5633725855764135
-0.9999999999999999
-0.994868868422109
-0.7174050628673361
-0.6189008293736841
-0.6836407146427077
-0.9336385765287711
-0.654170451558179
-0.9144512089800245
-0.998241947994
-0.7174050628673363
0.9624694774545057
-0.6685639484213758
-0.7676452582726118
-0.9533134007311279
-0.8690140178287866
-0.6174067244120587
0.47235960708737856
0.7098508145495519
0.19577435266689025
-0.9999999999999999
-0.8436657581225543
-0.2777955960719133
-0.9234536660262137
-0.23178381737071518
-0.23684801322554216
-0.28984846015613586
-0.7653352738056648
0.6292051210748419
-0.09851504301654901
-0.9379448196644157
-0.5949022330872704
-0.30930282815643717
0.9961587345361864
-0.2317838173707153
-0.814483171479905
-0.9862346457555163
-0.8417732043940479
-0.7330158662817895
-0.9402313260288414
0.1996896115438751
-0.8411195648538322
-0.7289697473035395
-0.9395465307886878
-0.5885522048664942
0.18701773101054697
0.38579187580757424
-0.8602637477696455
-1.0
-0.9990144609204171
-0.6789704662383269
-0.6056164196584863
-0.9999999999999999
-0.7182503205639068
-0.9635862319249187
-0.8218033135110215
-0.9984166491086565
-0.9988622067536804
-0.7988144249232683
-0.7569329954379764
0.6021171485765544
-0.7653352738056647
0.7875462572161185
-0.9512384068794977
-0.998241947994
-1.0
-0.9999999999999997
-0.24537002297303323
-0.9592485877035873
-0.927356999755061
-0.9032263999441954
-0.9613133841897773
-0.28003547076968394
-0.9947830682911355
-0.6029028605147038
-0.047104566731822506
-0.07293058738464941
-0.35138257662634964
0.5419856844521747
1.0
-0.8966416447747922
0.21042179470569744
-0.9982419479939999
0.205584343054811
-0.8283151568644074
-0.7579163025367287
-0.9802639636220146
-0.8853587834772427
-0.572705384455782
-0.8275830505293046
-0.6029028605147038
-0.1745454044742627
-0.9982419479939998
-0.9730972438017206
-0.7794424879758977
-0.5322227795943812
-0.668130896516885
-0.947588883707718
-0.9273569997550609
-0.832461841268466
-0.9963108002509358
0.7969617067248729
-0.12371593197018638
0.027243303190233714
-0.753169963478076
-0.9564418129757839
-0.10978402022471101
-0.9868384281754637
-0.7301417703294584
-0.9693474949301492
-0.6302107858880044
-0.9444751588522134
-0.9948821235306259
-0.5359180437524838
-0.4359996668246052
0.41421333504737534
0.43434722369212886
0.1291885530220369
-0.9999999999999997
-0.6784254525196185
CENT
-0.7200963364804396
-1.0
-0.7958004228650948
-0.7780013116955982
-0.5809670684917978
-0.3339128758376636
-0.8412912233367791
-0.6105295844274651
-0.9958940982428537
-1.0
-0.7780013116955982
-0.321451775078465
-0.36938333902578635
-0.7595154554188552
-0.9992394801596466
0.22063434376730662
-0.7640022492838845
-0.09960791884700848
0.8939022080127854
-0.3365043680886822
-1.0
0.21983898589167672
-0.7370014746057508
-0.4835686008286497
-0.6172899970968287
-0.6501858324586991
-0.6978540994317086
-0.7996457663082096
-0.4501733395182387
-0.7020118798049766
-1.0
-0.7434966296731929
-0.01741678135835467
-0.257018427835376
-0.6172899970968287
-0.8342348105999446
-0.9925135536007039
-0.7780342396350743
-0.8114948113599123
-0.3303261973729782
0.08915717096498721
-0.4905812824905432
-0.18864125619161376
-0.9336529034328278
-0.5528028178200814
0.6561912047463938
-0.4357613425215512
-0.31273027286056476
-1.0
-1.0
-0.8533635301143698
-0.8932568624514154
-1.0
-0.540925242879742
-0.9276980152791343
-0.9108450909339391
-0.9992394801596466
-1.0
-0.9813502809487594
-0.7938215778140904
-0.3303243782492561
-0.7996457663082096
-0.11084136162866287
-0.9107532804519303
-1.0
-1.0
-1.0
-0.5822472954584148
0.4716200376583606
-0.9160485001238854
-0.9844457395793995
-0.7138962329995995
0.10041905182345201
-0.6691738694462441
-0.8658493019188087
-0.16945291122695139
-0.34659764918558855
1.0
-0.6553628170108081
-0.10119807257896873
-0.9373919117916168
-0.5415816617103757
-1.0
-0.693831143817896
-0.9183090753395112
-0.5892557431868126
-1.0
-0.7151892764273071
-0.17806435043008795
0.14056463524975094
-0.8658493019188087
-0.24411401743940286
-1.0
-0.9840290833525773
-0.9346887365691139
0.10434983637940332
-0.9867013492581262
-0.878599600193318
-0.9160485001238854
-0.5567076402174469
-1.0
-0.07242977436581322
-0.68815243740262
-0.40144153646694103
-0.387993386047245
-0.9744785737833238
-0.7080890277370208
-0.014366286901913106
-0.8342303744350557
-1.0
-0.42616125782686987
-0.8669412108814618
-0.794279383184388
-0.29395886630706314
-0.0034075636037749213
-0.4162378627475811
-0.4360894254531852
-0.2599173846813294
-1.0
0.2717890269671692
DEGREE_RANK
-0.12605042016806733
-0.7142857142857143
-0.6974789915966386
-0.10924369747899165
0.10924369747899165
-0.09243697478991608
-0.5126050420168067
-0.32773109243697485
-0.865546218487395
-0.8487394957983193
-0.0756302521008404
0.9159663865546219
0.12605042016806722
-0.4957983193277311
-0.8319327731092437
-0.680672268907563
0.6470588235294117
0.7647058823529411
0.9327731092436975
0.4285714285714286
-0.6638655462184875
0.1428571428571428
0.1596638655462186
0.17647058823529416
0.4453781512605042
0.46218487394957974
0.19327731092436973
-0.05882352941176483
0.6638655462184875
-0.04201680672268915
-0.9495798319327731
0.2100840336134453
-0.3109243697478993
0.9495798319327731
0.47899159663865554
-0.025210084033613578
-0.9327731092436975
-0.47899159663865554
-0.2941176470588236
-0.008403361344537896
0.7815126050420169
0.4957983193277311
0.7983193277310925
-0.8151260504201681
0.8151260504201681
0.8319327731092436
0.680672268907563
0.5126050420168067
-1.0
-0.9663865546218487
0.2268907563025211
0.24369747899159666
-0.6470588235294118
0.5294117647058825
-0.46218487394957986
-0.277310924369748
-0.7983193277310925
-0.9159663865546218
-0.26050420168067234
0.26050420168067223
0.8487394957983194
0.008403361344537563
0.865546218487395
-0.24369747899159666
-0.7815126050420168
-0.6302521008403361
-0.6134453781512605
0.025210084033613578
0.277310924369748
-0.2268907563025211
-0.8991596638655462
-0.4453781512605043
0.04201680672268915
-0.4285714285714286
0.2941176470588236
0.546218487394958
0.8823529411764706
0.8991596638655461
0.6974789915966386
1.0
-0.41176470588235303
0.7142857142857142
-0.7647058823529411
0.5630252100840336
-0.2100840336134454
0.05882352941176472
-0.8823529411764706
-0.39495798319327735
0.5798319327731092
0.31092436974789917
0.32773109243697474
0.9663865546218486
-0.7478991596638656
-0.5966386554621849
-0.3781512605042018
0.596638655462185
-0.19327731092436984
-0.17647058823529416
-0.1596638655462186
-0.1428571428571429
-0.9831932773109243
0.9831932773109244
0.6134453781512605
0.34453781512605053
0.3613445378151261
-0.3613445378151261
0.37815126050420167
-0.5798319327731092
0.07563025210084029
-0.73109243697479
-0.34453781512605053
-0.5630252100840336
-0.546218487394958
0.39495798319327724
0.41176470588235303
0.73109243697479
0.7478991596638656
0.6302521008403361
-0.5294117647058824
0.09243697478991608
EIGENVECTOR_RANK
0.3613445378151261
-0.9159663865546218
-0.73109243697479
0.07563025210084029
0.2268907563025211
0.10924369747899165
-0.4285714285714286
0.19327731092436973
-0.3613445378151261
-0.7983193277310925
0.09243697478991608
0.9663865546218486
0.1596638655462186
-0.09243697478991608
-0.546218487394958
-0.2941176470588236
0.24369747899159666
0.8487394957983194
0.9159663865546219
0.73109243697479
-0.8991596638655462
-0.26050420168067234
0.4957983193277311
-0.3781512605042018
0.5630252100840336
0.5294117647058825
0.46218487394957974
-0.0756302521008404
0.8991596638655461
0.6302521008403361
-0.4453781512605043
0.31092436974789917
0.4453781512605042
0.9831932773109244
0.546218487394958
-0.1428571428571429
-0.680672268907563
-0.24369747899159666
0.008403361344537563
-0.47899159663865554
0.7478991596638656
-0.2268907563025211
0.04201680672268915
-0.46218487394957986
0.32773109243697474
0.7142857142857142
0.7983193277310925
-0.277310924369748
-0.9495798319327731
-0.8823529411764706
0.12605042016806722
0.26050420168067223
-0.9831932773109243
0.05882352941176472
-0.6134453781512605
-0.1596638655462186
-0.8487394957983193
-0.865546218487395
-0.12605042016806733
-0.025210084033613578
0.8823529411764706
-0.05882352941176483
0.9327731092436975
-0.5294117647058824
-0.8151260504201681
-0.9327731092436975
-1.0
0.5126050420168067
-0.5798319327731092
-0.41176470588235303
-0.34453781512605053
-0.5966386554621849
0.47899159663865554
-0.7142857142857143
0.277310924369748
0.6638655462184875
0.6470588235294117
0.4285714285714286
0.865546218487395
1.0
-0.32773109243697485
0.7815126050420169
-0.8319327731092437
0.7647058823529411
-0.19327731092436984
-0.04201680672268915
-0.6638655462184875
-0.3109243697478993
0.34453781512605053
-0.17647058823529416
0.2941176470588236
0.5798319327731092
-0.7815126050420168
-0.6470588235294118
-0.10924369747899165
0.39495798319327724
0.17647058823529416
-0.5126050420168067
-0.39495798319327735
-0.2100840336134454
-0.7647058823529411
0.9495798319327731
0.596638655462185
0.680672268907563
-0.008403361344537896
-0.5630252100840336
0.6134453781512605
-0.6974789915966386
0.025210084033613578
-0.6302521008403361
0.2100840336134453
-0.4957983193277311
-0.7478991596638656
0.37815126050420167
0.41176470588235303
0.8151260504201681
0.8319327731092436
0.6974789915966386
-0.9663865546218487
0.1428571428571428
CENT_RANK
-0.04201680672268915
-1.0
-0.2100840336134454
-0.1428571428571429
0.2268907563025211
0.5126050420168067
-0.3109243697478993
0.17647058823529416
-0.680672268907563
-0.9831932773109243
-0.12605042016806733
0.5630252100840336
0.46218487394957974
-0.09243697478991608
-0.7142857142857143
0.9159663865546219
-0.10924369747899165
0.7478991596638656
0.9831932773109244
0.4957983193277311
-0.9663865546218487
0.8991596638655461
-0.05882352941176483
0.32773109243697474
0.1428571428571428
0.12605042016806722
0.04201680672268915
-0.24369747899159666
0.34453781512605053
0.025210084033613578
-0.9495798319327731
-0.0756302521008404
0.7815126050420169
0.6302521008403361
0.1596638655462186
-0.2941176470588236
-0.6638655462184875
-0.1596638655462186
-0.26050420168067234
0.5294117647058825
0.8319327731092436
0.31092436974789917
0.6638655462184875
-0.5294117647058824
0.26050420168067223
0.9663865546218486
0.37815126050420167
0.5798319327731092
-0.9327731092436975
-0.9159663865546218
-0.32773109243697485
-0.41176470588235303
-0.8991596638655462
0.2941176470588236
-0.5126050420168067
-0.4453781512605043
-0.6974789915966386
-0.8823529411764706
-0.5966386554621849
-0.17647058823529416
0.546218487394958
-0.2268907563025211
0.7142857142857142
-0.4285714285714286
-0.865546218487395
-0.8487394957983193
-0.8319327731092437
0.2100840336134453
0.9495798319327731
-0.47899159663865554
-0.6302521008403361
-0.008403361344537896
0.8487394957983194
0.09243697478991608
-0.3613445378151261
0.6974789915966386
0.47899159663865554
1.0
0.10924369747899165
0.73109243697479
-0.5630252100840336
0.277310924369748
-0.8151260504201681
0.05882352941176472
-0.4957983193277311
0.19327731092436973
-0.7983193277310925
-0.025210084033613578
0.680672268907563
0.8823529411764706
-0.34453781512605053
0.6470588235294117
-0.7815126050420168
-0.6134453781512605
-0.546218487394958
0.865546218487395
-0.6470588235294118
-0.39495798319327735
-0.46218487394957986
0.24369747899159666
-0.7647058823529411
0.7647058823529411
0.07563025210084029
0.4285714285714286
0.4453781512605042
-0.5798319327731092
0.008403361344537563
0.7983193277310925
-0.277310924369748
-0.7478991596638656
0.39495798319327724
-0.3781512605042018
-0.19327731092436984
0.596638655462185
0.8151260504201681
0.41176470588235303
0.3613445378151261
0.6134453781512605
-0.73109243697479
0.9327731092436975
RANK
1
9
20
30
48
49
52
57
64
65
66
82
86
92
100
109
118
14
56
8
36
96
70
93
58
105
80
94
43
54
84
69
98
55
63
51
97
111
74
90
50
6
35
108
38
27
61
2
112
59
37
3
10
16
13
31
22
0
87
71
106
29
26
83
102
73
78
25
24
34
7
85
67
4
99
44
81
53
41
23
28
116
46
110
115
103
104
12
76
19
5
39
60
11
47
113
117
33
91
42
88
75
62
79
17
101
32
107
114
40
72
95
89
21
15
119
68
45
18
77
