DEGREE
0.032258064516129004
-0.16129032258064513
-0.032258064516129004
-0.4838709677419355
0.8064516129032258
-0.29032258064516125
0.29032258064516125
0.4838709677419355
-0.29032258064516125
-0.09677419354838712
0.35483870967741926
-0.3548387096774194
-0.22580645161290325
0.35483870967741926
-0.22580645161290325
-0.4193548387096774
0.4838709677419355
0.09677419354838701
0.35483870967741926
0.4193548387096775
0.032258064516129004
0.6129032258064515
-0.032258064516129004
-0.22580645161290325
-0.5483870967741935
0.4838709677419355
0.7419354838709677
0.35483870967741926
0.4193548387096775
-0.6129032258064516
-0.09677419354838712
0.7419354838709677
0.16129032258064524
0.16129032258064524
0.7419354838709677
0.29032258064516125
0.29032258064516125
0.5483870967741935
0.29032258064516125
0.4838709677419355
0.4193548387096775
0.8709677419354838
-0.8709677419354839
0.29032258064516125
0.032258064516129004
0.4838709677419355
0.032258064516129004
0.22580645161290325
-0.032258064516129004
-0.032258064516129004
-0.29032258064516125
-0.7419354838709677
0.4838709677419355
-0.16129032258064513
0.8064516129032258
0.16129032258064524
0.22580645161290325
0.35483870967741926
-0.3548387096774194
0.22580645161290325
0.5483870967741935
-0.09677419354838712
0.4838709677419355
-0.032258064516129004
-0.09677419354838712
0.09677419354838701
-0.29032258064516125
0.032258064516129004
0.6774193548387097
-0.09677419354838712
-0.4838709677419355
0.22580645161290325
0.8064516129032258
0.4193548387096775
0.032258064516129004
-0.09677419354838712
-0.5483870967741935
-0.4193548387096774
0.4838709677419355
0.6129032258064515
0.35483870967741926
0.4193548387096775
-0.032258064516129004
0.09677419354838701
0.4193548387096775
0.35483870967741926
-0.22580645161290325
0.22580645161290325
0.4193548387096775
0.35483870967741926
0.4838709677419355
0.22580645161290325
0.09677419354838701
-0.8064516129032258
0.6129032258064515
-0.22580645161290325
-0.032258064516129004
0.29032258064516125
0.4838709677419355
0.29032258064516125
0.5483870967741935
0.35483870967741926
-0.16129032258064513
0.7419354838709677
0.35483870967741926
-0.09677419354838712
0.4838709677419355
0.22580645161290325
-0.6129032258064516
-0.09677419354838712
0.5483870967741935
-0.16129032258064513
0.4193548387096775
-0.16129032258064513
0.29032258064516125
-0.5483870967741935
0.29032258064516125
0.7419354838709677
0.4838709677419355
0.032258064516129004
-0.16129032258064513
0.22580645161290325
0.4193548387096775
-0.032258064516129004
0.4193548387096775
0.7419354838709677
-0.29032258064516125
-0.09677419354838712
-0.4838709677419355
-0.09677419354838712
0.4193548387096775
-0.16129032258064513
-0.032258064516129004
0.09677419354838701
0.09677419354838701
0.29032258064516125
-0.29032258064516125
-0.16129032258064513
0.6129032258064515
-0.4193548387096774
0.09677419354838701
0.22580645161290325
0.16129032258064524
0.22580645161290325
0.22580645161290325
0.6129032258064515
0.6129032258064515
0.8064516129032258
-0.09677419354838712
0.6774193548387097
0.4838709677419355
0.8064516129032258
0.16129032258064524
-0.5483870967741935
0.09677419354838701
-0.032258064516129004
0.29032258064516125
0.35483870967741926
0.6129032258064515
-0.09677419354838712
0.032258064516129004
0.09677419354838701
0.09677419354838701
0.09677419354838701
0.22580645161290325
-0.22580645161290325
0.09677419354838701
0.7419354838709677
0.032258064516129004
0.4838709677419355
0.6129032258064515
0.8064516129032258
-0.032258064516129004
0.4193548387096775
0.032258064516129004
-0.09677419354838712
0.35483870967741926
0.5483870967741935
-0.09677419354838712
0.6129032258064515
0.16129032258064524
0.6129032258064515
0.4838709677419355
0.09677419354838701
0.22580645161290325
-0.032258064516129004
-0.032258064516129004
-0.16129032258064513
0.35483870967741926
0.35483870967741926
0.6774193548387097
0.4838709677419355
0.032258064516129004
0.5483870967741935
-0.032258064516129004
0.4193548387096775
0.6129032258064515
-0.032258064516129004
0.22580645161290325
0.4838709677419355
0.5483870967741935
0.29032258064516125
-0.3548387096774194
0.6774193548387097
0.4193548387096775
-1.0
0.16129032258064524
-0.8064516129032258
0.6774193548387097
0.4193548387096775
0.8064516129032258
0.16129032258064524
0.4838709677419355
-0.5483870967741935
0.22580645161290325
0.29032258064516125
-0.16129032258064513
0.22580645161290325
-0.4193548387096774
-0.09677419354838712
0.29032258064516125
0.4193548387096775
0.22580645161290325
-0.4193548387096774
0.09677419354838701
0.4193548387096775
0.16129032258064524
0.35483870967741926
-0.22580645161290325
0.16129032258064524
0.22580645161290325
-0.4193548387096774
-0.5483870967741935
0.22580645161290325
-0.16129032258064513
0.4838709677419355
0.7419354838709677
0.35483870967741926
0.4838709677419355
0.29032258064516125
0.4838709677419355
-0.032258064516129004
-0.09677419354838712
0.22580645161290325
0.935483870967742
0.09677419354838701
0.09677419354838701
-0.8064516129032258
-0.7419354838709677
0.22580645161290325
0.4193548387096775
0.5483870967741935
0.35483870967741926
-0.22580645161290325
0.4193548387096775
0.09677419354838701
-0.6774193548387097
0.5483870967741935
0.4838709677419355
0.22580645161290325
0.16129032258064524
0.22580645161290325
0.4193548387096775
-0.7419354838709677
0.032258064516129004
0.4838709677419355
0.35483870967741926
0.22580645161290325
0.09677419354838701
-0.09677419354838712
0.032258064516129004
0.35483870967741926
0.4838709677419355
0.09677419354838701
0.6129032258064515
0.032258064516129004
0.16129032258064524
0.16129032258064524
0.22580645161290325
0.16129032258064524
-0.3548387096774194
0.8064516129032258
-0.032258064516129004
0.16129032258064524
-0.032258064516129004
0.16129032258064524
0.16129032258064524
-0.4193548387096774
0.935483870967742
0.4193548387096775
0.4193548387096775
0.7419354838709677
-0.09677419354838712
0.09677419354838701
0.35483870967741926
0.16129032258064524
-0.3548387096774194
0.22580645161290325
0.6129032258064515
0.6774193548387097
-0.3548387096774194
0.16129032258064524
0.29032258064516125
-0.16129032258064513
0.22580645161290325
0.4193548387096775
0.09677419354838701
0.29032258064516125
0.16129032258064524
0.29032258064516125
0.4193548387096775
-0.032258064516129004
0.35483870967741926
0.09677419354838701
0.29032258064516125
0.4193548387096775
-0.4838709677419355
-0.09677419354838712
-0.09677419354838712
-0.22580645161290325
-0.29032258064516125
0.7419354838709677
0.35483870967741926
0.935483870967742
0.4193548387096775
0.7419354838709677
0.22580645161290325
-0.032258064516129004
0.7419354838709677
-0.032258064516129004
0.22580645161290325
0.09677419354838701
0.16129032258064524
-0.16129032258064513
0.22580645161290325
0.5483870967741935
0.35483870967741926
-0.16129032258064513
0.29032258064516125
0.8064516129032258
0.6129032258064515
0.4193548387096775
0.032258064516129004
0.29032258064516125
0.22580645161290325
0.4838709677419355
1.0
0.7419354838709677
-0.16129032258064513
0.5483870967741935
0.35483870967741926
0.35483870967741926
-0.16129032258064513
0.7419354838709677
0.5483870967741935
0.35483870967741926
0.09677419354838701
0.35483870967741926
0.22580645161290325
0.35483870967741926
0.032258064516129004
0.16129032258064524
0.35483870967741926
0.6774193548387097
-0.29032258064516125
0.35483870967741926
-0.032258064516129004
-0.16129032258064513
0.09677419354838701
0.16129032258064524
-0.5483870967741935
-0.16129032258064513
0.29032258064516125
0.5483870967741935
0.4193548387096775
0.35483870967741926
0.09677419354838701
-0.032258064516129004
0.35483870967741926
-0.09677419354838712
0.5483870967741935
0.29032258064516125
0.4838709677419355
0.6774193548387097
0.6129032258064515
0.4838709677419355
0.29032258064516125
-0.032258064516129004
0.16129032258064524
0.4193548387096775
0.22580645161290325
0.032258064516129004
0.16129032258064524
0.4838709677419355
0.22580645161290325
0.6129032258064515
-0.6774193548387097
-0.3548387096774194
-0.032258064516129004
0.09677419354838701
0.35483870967741926
-0.6129032258064516
0.35483870967741926
-0.09677419354838712
0.22580645161290325
-0.6774193548387097
0.4193548387096775
0.032258064516129004
0.16129032258064524
0.22580645161290325
0.09677419354838701
-0.5483870967741935
0.09677419354838701
0.7419354838709677
0.5483870967741935
-0.5483870967741935
0.16129032258064524
0.29032258064516125
0.5483870967741935
EIGENVECTOR
-0.4963827233899122
-0.33308981763074497
-0.9294393636432814
-0.903096788838086
0.8620439954331787
-0.9904436653462687
-0.9094610732821056
-0.987037153489535
-0.8235093129871875
-0.6358536652049582
-0.9170109111705949
-0.9958447879134781
-0.9874152870770342
-0.9015301778638214
-0.893532382746931
-0.816170084048288
-0.02320363619788346
-0.7732306603761081
-0.948039701498096
0.3346532493275487
-0.9870268980465263
0.6424764636135945
-0.964750893464362
-0.22481732816681366
-0.8676403972484528
-0.9577831739959598
-0.914891513240134
-0.3242766021764246
-0.7773739642079072
-0.9937523381942436
-0.9886149564408859
-0.9198281399772723
-0.8727643397822803
-0.6045222016338034
-0.9855190377257309
-0.9477329127056897
-0.9428279098063159
-0.7430765179252583
-0.9584640886262906
0.023423300142834558
0.18882644723947073
-0.918067850549009
-0.8959511328127766
-0.4251858372071483
-0.9488519911622959
-0.9408801093938313
-0.992967558406094
-0.9326649012559597
-0.989933082818749
-0.9540195431284131
-0.9932038609987771
-0.9883152999719881
-0.014898932155719802
-0.9943194395416541
0.13667286282727664
-0.8983473361164922
-0.8916360984504976
-0.8408207268332264
-0.8749789824076359
-0.9516014445331379
-0.7769316624545373
-0.9607185966685758
-0.6070229009286874
-0.9928909963016894
-0.9609472866833035
-0.9528084996663628
-0.9950387122742042
-0.9906654904603178
-0.9872577349864182
-0.9865700581586442
-0.8331202930312798
-0.9906772330388266
0.6176004188182014
-0.9215076427466244
-0.8310985776261561
-0.9937460679587139
-0.9809333373888761
-0.9366647317732381
-0.9840490211174332
-0.9871937170436038
0.03019632634366709
-0.6092733142910456
-0.8995908919096305
-0.9433606451097238
-0.6990170745362368
0.11301011195093236
-0.9903987264548257
0.32748661691869696
-0.6779281264375419
-0.5258350922821269
-0.9723017960720002
-0.95027610523298
-0.7752544417206151
-0.9914826907156551
-0.9875760283778935
-0.9918545522058292
-0.6444509095925246
-0.7274195095415062
-0.34055723636366964
-0.923614432037976
0.5109209405022559
-0.4082287114672447
-0.6027296026056317
-0.986457135947206
-0.9391263478204146
-0.9509645250759631
0.17760324978273512
-0.9678940818140823
-0.9984258641890643
-0.9876039179221607
-0.9882679628922302
-0.983961624327632
-0.8194519398325231
-0.9671571482473148
-0.9231850806868539
-0.9935662491575588
-0.9161179251433168
-0.98365180529979
-0.6513832766539938
-0.9856038269456111
-0.5150541048602807
-0.9519576073856425
-0.9266531255675063
-0.9872749482071649
-0.7641092934464172
-0.919828139977273
-0.9770486341276037
-0.9632802610974145
-0.9299842172223491
-0.9292170129090237
-0.9883732111892063
-0.9586287961591952
-0.9862302868169274
0.22132261996886604
-0.9016624779060666
-0.8858583604205476
-0.9959824410338302
-0.9745953223739782
-0.9414740499942228
-0.9938857767183444
-0.9027082792647729
-0.5832381637187736
-0.8350606337719924
-0.9097354974619971
-0.9004760217485259
-0.9871937170436038
0.006805192202586463
0.8030976154647562
-0.9937460679587139
0.7253900093474956
-0.6358114826296193
-0.9593310683972598
-0.7439275644927548
-0.9886011132897449
-0.939768534118022
-0.9622921905467
-0.9217636066224688
-0.9583596557304239
0.20644673136806913
-0.8088537285968519
0.04138912630839209
-0.909888661395327
-0.9245093260144079
-0.5543373236708935
-0.951957607385643
-0.3294469763861495
-0.943589001998428
-0.9139657703138624
-0.9031037930161195
-0.9610899752424152
0.6749880308171146
0.8590042810726461
-0.8611816974145509
-0.7349737441200175
-0.747813938364241
-0.8630034117582563
-0.9783362574093856
-0.9346797648399157
-0.9691091073501146
0.6749880308171134
-0.9050328963172484
-0.011408670368021623
-0.8172519360780303
-0.5449729749506513
-0.9311519025341394
-0.9926165009310595
-0.9872567811190546
-0.9882236656522672
-0.9261166473385258
-0.941633321302293
0.7070024701532842
-0.9335773454448949
-0.5327337155088949
-0.7001626673787051
-0.7830814420524342
-0.9339198899317405
-0.9175756910477499
-0.892081442834342
-0.9911897915022498
0.5580751121178393
0.23296194301093287
-0.786340232596843
-0.9825467806194538
0.7370499245882298
-0.9742342378851708
-0.9405833288386506
-0.8977890236709001
-0.6448152941834258
-0.9847367100472252
-0.7767240795385323
0.666924085309164
-0.9313567658032341
-0.9874483075237785
-0.9956703137246382
-0.7554501732686981
-0.5354308050567396
-0.8929473442333258
-0.6326888742490039
-0.9921285430351989
-0.7752795032266053
-0.3631780972008406
-0.92377404261431
-0.9101221266734915
-0.9227087627927476
-0.7052724726209844
-0.46406110826622904
-0.9755218527916288
-0.8080925238181471
-0.9708800986072156
-0.8778384833081105
-0.8846590304062603
-0.9915053388489399
-0.9879774941365135
-0.951957607385643
-0.9672862847939889
-0.7871207511037666
-0.9864834605996825
-0.7838576193601589
-0.7926439969102682
-0.7030352502886661
0.08801920925084317
-0.8995908919096306
-0.992979802585248
-0.4839813759620707
0.9677061309215143
-0.4463110560462019
-0.9494999263055529
-0.9959557488456736
-1.0
0.15257998516679572
-0.8516908941522121
-0.954829957654291
-0.7974874707062132
-0.9695392896371737
-0.7623149761873704
-0.7321100589510958
-0.9915936503140692
-0.9382863505819091
-0.6137965414895789
-0.9535888154806879
-0.7632681105915163
0.31434122495127004
-0.46305029022709876
-0.988315299971988
-0.9823561988455182
-0.03938591771696753
-0.9402994631245777
-0.4029910717031775
-0.9459428017510498
-0.9935399437345188
-0.9867585858675386
-0.9341803463663999
0.08523076410634856
-0.9692393088592568
0.6650767770528716
-0.9716681317184629
-0.6453373353555304
-0.8116211904775804
-0.9046668520009319
-0.9296214239112208
-0.9904545452025914
0.6510442612274383
-0.9587636351380309
-0.9594168299921436
-0.9672432257016619
-0.5705983962673766
-0.5352198914766111
-0.26738638847081164
0.9721416054624825
-0.9378377741447879
-0.9859841061737443
-0.9865790540193029
-0.8205313459383072
-0.9254382064821268
-0.3853322413402732
-0.8841983386180419
-0.8749789824076359
-0.4125656827392835
-0.004326858239354414
-0.9295738020971597
-0.9874950288862097
0.256232030264665
-0.9341280044600342
-0.9884969635282922
-0.4843165548019408
-0.9238885376468118
-0.4581726235547221
-0.8548617603054838
-0.5413580204162466
-0.6802448518035693
-0.7799576455077496
-0.9311699519692228
-0.942631863902832
-0.9832511051749312
-0.9299551898924129
0.4773021645667348
-0.9827768650192693
-0.9872809562265825
-0.86731632734752
-0.9627699535793421
-0.9091123037914901
-0.9854140131184738
-0.8696283062819892
0.9637682919913817
-0.7773739642079073
-0.9043507034713771
0.27352297445401996
-0.9606239632283489
0.7881606204610161
-0.5226511607853936
-0.9799727191487938
-0.5543373236708935
-0.9410605273888644
-0.9296729079491782
-0.9317439769623526
-0.9382863505819086
-0.7615352953300321
-0.911251436409104
-0.6309150880034852
-0.9183678559190845
-0.9636287871854409
-0.6907890964387661
-0.9498007368206179
-0.912554458164883
-0.9435617732051527
0.5061844965842732
1.0
-0.9865790540193029
-0.8736896766601158
-0.12214677855394296
-0.8304548179179321
-0.3124560447070953
-0.9882236656522672
0.7165930809409176
-0.8635834516279505
-0.8458724058991512
-0.4265089347639568
-0.2930509159451542
-0.9709043170943797
-0.9189050126817409
-0.9922771750133663
-0.9105337369452893
-0.263124556358184
-0.9255259065523956
-0.97230493444137
-0.7743156978297487
-0.9391081005457923
-0.9894298764877124
0.22063376632916798
-0.7395395944595399
-0.9906490761063144
-0.9888634965307009
-0.9464731456719931
-0.9874614074136372
-0.8027731343927834
-0.9731287698294064
-0.3525560961331914
-0.9928990168329476
-0.8501701505393089
-0.9160192778117112
-0.9878443565835084
-0.9906253604006156
-0.9649544729537601
0.43723558275532004
-0.9412448894589931
-0.912039974280076
0.3765154277149225
-0.9929103115053152
-0.44339196656864455
-0.9403517832194228
-0.8114265492510624
-0.9836936398088714
-0.9212462778945243
-0.9884865127142777
-0.8950997702593669
-0.9020301182213293
-0.9851836998436012
-0.9923618472842028
-0.9575152727996102
-0.9528084996663628
-0.9186266090845767
-0.9883386222126253
0.3865384768592244
-0.9820342264756902
-0.8215705846820929
-0.8371706304122439
-0.32554580017053525
-0.9759720185144447
-0.8320820809891176
-0.7635138284582205
-0.9576439323015082
-0.9958290837370041
-0.8911251912931295
0.6442313643131854
-0.9411176133691761
-0.9978956737636817
-0.9342428512943636
0.28144083306531353
-0.9704348486126912
CENT
-0.6978156310331616
-0.7304418540657558
-0.5871360603685754
-0.9601568822584025
-0.6887410148738244
-0.8050543759875042
-0.7378541630019173
-0.5671390136117258
-0.9600061173562068
-0.6916804868881833
-0.4445423036888104
-0.9468641505480515
-0.9228154679704172
-0.6821357091441977
-0.9451875058127968
-0.9344044820227166
-0.797803576555367
-0.9235658908088772
-0.6467327027981731
-0.821251258108754
-0.3323443119720687
-0.9277336121938609
-0.2558375633472565
-0.9222024622055892
-0.9707431064617953
-0.3503005777790116
-0.536333104638113
0.5531580170824195
-0.6091948521631004
-0.9818350954768005
-0.7953053419280168
-0.7659624853432421
0.5439041744084101
-0.20866796896331907
-0.7008472905276475
-0.2563795173784673
-0.13079464225789394
0.11677439604234263
-0.6357341053347778
-0.8240920006523982
-0.33057176716791603
-0.5799031409694679
-0.9911244232808363
-0.1744713219207713
-0.8985026061600645
-0.94597617579487
-0.9880456430392589
-0.5012985643064125
-0.6661416767176698
-0.1538574034917074
-0.7880438020702306
-0.9978465259611244
-0.43287438985485527
-0.9991185560087054
-0.013773355618146077
-0.19303542727783818
-0.3765545633788998
-0.6902195005698266
-0.9927642108640191
-0.9739244897316833
-0.5213668047318465
-0.7273028046256573
0.7182472027537139
-0.9693010603024073
-0.8105620544522677
-0.5365330105017201
-0.8834218451458815
-0.11639886613546713
-0.9523877047415676
-0.964317415966273
-0.9585194075976594
-0.9641242179074663
-0.4040848609390595
-0.6301464302541818
-0.1348648986069555
-0.7953844551146049
-1.0
-0.7115510165192255
-0.18641565141895122
-0.946429899832435
-0.5757815178834662
0.22324599565397563
-0.9543612209782135
-0.9211230008921643
-0.3327562472513883
-0.7244192115543211
-0.5910852907905548
-0.9300295138671851
-0.0006187766443992437
0.4825653683786637
-0.7984404674171619
-0.9740209901006577
-0.12872214310275454
-0.9999572311948766
-0.8949691402172173
-0.8544905179317974
0.6570232570155969
-0.3763627537235277
0.835579252538879
-0.5837754203847373
-0.7332339732623165
-0.4260700989125177
-0.8439695013927639
-0.8737336787387951
-0.5452102426548846
-0.21452054702350387
-0.5343061155793274
0.24786245475481916
-0.947326277531297
-0.8155626468709584
-0.9042547045808866
-0.419011873862535
-0.5697231783456618
-0.993551483590799
-0.8662182943650181
-0.7907975789346017
-0.6377322730430643
-0.1803097708826068
-0.5558027038580428
-0.900212022416084
-0.623865517803605
-0.9880393551307498
-0.7535382970352611
-0.6788567557570866
-0.525969351864328
-0.7659624853432421
-0.8047946057420773
-0.7683561952972509
-0.9747986719248085
-0.8283323049466891
-0.9126397394545734
-0.9651442124566232
-0.904591229026664
-0.9813800041725499
-0.4864804124520149
-0.900021058936606
-0.6788288667518496
-0.7393163992541316
-0.015019156670343259
-0.8876246335912277
-0.30861546711939525
-0.7283473049854572
-0.8580208314791262
-0.48540012191470305
-0.8818863837844485
-0.946429899832435
-0.18218374739539311
-0.7729927291467198
-0.7953844551146049
-0.8769501181649407
-0.04774596189443214
-0.3692464960541034
-0.7898992949898398
-0.9370162918810813
-0.4820574266715846
-0.9899869243912672
-0.2047687220057356
-0.6217054189634108
-0.22366464897856841
-0.9765169250129798
-0.9673439752152332
-0.029783028807542244
-0.36887180717756785
-0.8525423661756273
-0.9880393551307498
-0.9092913120154285
-0.8928769668687899
-0.5168930519907653
-0.2940557296236618
-0.533313979772884
-0.9024868456794201
-0.46011531109409587
-0.8740942276396912
-0.48542139588979405
-0.8091437128918996
-0.9732551345165322
-0.4414916382102507
-0.9688800028520547
-0.22424571316612507
-0.9024868456794201
0.45477343942120196
-0.1807183576081155
0.2197795575733168
-0.4911163987133015
-0.5019395635679577
-0.980434240417223
-0.8645056533929405
-0.9705025364354658
-0.8901176101794164
-0.22350973343275538
-0.033405818153770084
-0.9242988218134625
-0.7688246279776596
-0.1975012550836338
-0.7297908511244615
-0.6207238848550853
-0.7736231026764058
-0.6151650576957498
-0.9267008184766651
-0.9625223580779315
-0.009362564550012498
-0.8019869107601465
-0.8401971505307326
-0.8765053253386172
-0.8599772637157712
-0.9990108415995651
-0.22424053941899902
-0.9168337538268818
-0.6187525682136531
-0.6286656640612235
-0.2761179513076485
-0.8500321809599631
-0.8413319249036291
-0.7810272004143692
-0.8028202369852409
-0.5738287882638131
-0.5194440813394736
-0.26998393712516655
-0.8281376167458426
-0.5537459497811539
-0.6674233837267127
-0.8573594747017391
-0.43670917990846925
-0.9709144567969809
0.36424702984106316
0.664814965463008
0.07261924923436469
-0.18232133570111708
-0.7324953974702323
-0.5890660158566584
-0.3698632948977424
-0.9628951252638078
-0.8567627909642753
-0.9880393551307498
-0.9904352326995659
-0.7222408985640398
-0.9075082311563696
-0.7833961918597405
-0.5136612293936492
-0.6748041059639942
-0.36187212362543597
-0.9543612209782135
-0.8142631335623697
-0.4811462501340541
-0.729109729031687
-0.6284967587947858
-0.11511033593720466
-0.8878488578240717
-0.9943020541683294
-0.7178295152903719
0.10311158523434938
-0.1224394855403016
-0.8654754058910298
-0.9060012618765921
-0.6976731538764485
-0.766028550677565
-0.8152559379741057
-0.9332491700878327
-0.4006386514945335
-0.8216675693212259
1.0
-0.9806931526529798
-0.1223125094192975
-0.9978465259611244
-0.18914054758430332
-0.6653599922091757
-0.9445272459401387
-0.7508691268878462
-0.7143903678094359
-0.9986577812140099
-0.5961277242250778
-0.09687471361814726
-0.2715721762940547
-0.6575191394491109
-0.8548064000504654
-0.28005385610482747
0.4862636402567362
0.23147225930165072
-0.41144685590720076
-0.8905309712115754
-0.9465185493392568
-0.46656537263978204
-0.5820074165173322
-0.8045135192669068
0.09783207376391512
0.06696327992772044
-0.6442695459286083
-0.9693131601718883
-0.7761798120707034
-0.17357684552085273
-0.6042436972916959
-0.9308038108281038
-0.08536558707063913
-0.6705869837453813
-0.29530656409602507
-0.3885952298543822
-0.9927642108640191
-0.5265754158560021
-0.08546752600797924
-0.8421175928132315
-0.7557523459370008
-0.9088134050024506
0.04211884110587083
-0.9108350130058968
-0.5187364549247264
-0.5754597458830206
-0.7421765265999788
-0.6492916865840855
-0.7082892475974398
-0.1755130092419298
-0.531584887416602
-0.6320083595262214
-0.47201994112628487
-0.9427324260212873
-0.4667624597807708
-0.8955608587156433
-0.9633990540664142
-0.746300284823896
-0.9093180320188597
-0.9674726357337178
-0.9864812858564506
-0.6335710868292945
-0.26299375795888
-0.8335244565011944
-0.6091948521631004
-0.3876720944442975
-0.8910461097616735
-0.9914875252143384
-0.6423296840210013
-0.8484019097544703
-0.9033916122352366
-0.8525423661756273
-0.20786119642864898
-0.6411820717098833
-0.5643658991736475
-0.9332491700878327
-0.5746547879444283
-0.6665181752796483
-0.3965679647055539
-0.6847216997870662
-0.592577106899902
-0.3628206282384153
-0.972605701452984
-0.4813848022743008
-0.51810707695639
-0.7329666938812082
-0.7406765913170927
-0.9308038108281038
-0.20008913298691722
-0.4178276469296961
-0.634608405184133
-0.29581575547070604
-0.9705025364354658
-0.752033437774694
0.850914658804786
-0.5160590462322769
-0.7745314101485457
-0.4122778273223895
-0.3775570939388545
-0.6829940853328569
-0.9913815014612444
-0.9197300993874166
-0.6575110063612253
-0.7721165127365077
-0.9949685100565254
-0.7434748585595929
-0.4126428681338711
-0.8961067127866571
-0.9611276086877805
-0.6160812129750628
-0.5956126924971972
-0.9557669737045681
-0.4310063565412936
-0.8609541534416728
-0.6619327518471191
-0.44158113517204745
-0.47659903969280326
-0.9225705319240337
-0.2943413449578961
-0.4815607790253398
-0.9343528206436487
-0.9785909405248235
-0.5032736918663785
-0.3160625919254414
-0.4604047969980969
-0.11091433774324833
-0.9733131220451079
-0.9946768456097037
-0.7996874060367922
-0.10190473455239235
-0.8431540422941303
-0.9545987249171602
-0.3097343590314965
-0.9652576916648339
-0.9326931177125604
-0.40654984325946586
-0.997436042716869
-0.5742515783681696
-0.7345314334467636
-0.5365330105017201
-0.5800761748726055
-0.9730566880990014
-0.38790876267493934
-0.7505391683070555
0.6044617172067179
-0.9864468281647983
-0.03908394516774616
-0.7508006881642824
-0.8652739316025655
0.25765588969049324
-0.3482616414109021
-0.9065644060529023
-0.9568049331384316
-0.5803070162616507
-0.5188271896827155
-0.913240746988746
-0.5562575357198245
-0.9052434691367244
-0.5272391906776006
DEGREE_RANK
-0.4114832535885168
-0.7224880382775118
-0.5311004784688995
-0.8899521531100478
0.937799043062201
-0.8038277511961722
0.11483253588516762
0.5406698564593302
-0.7990430622009569
-0.6363636363636362
0.23444976076555002
-0.8373205741626795
-0.7655502392344498
0.23923444976076547
-0.7607655502392344
-0.8708133971291866
0.5454545454545454
-0.3253588516746412
0.2440191387559809
0.3971291866028708
-0.40669856459330145
0.7511961722488039
-0.5263157894736842
-0.7559808612440191
-0.9330143540669856
0.5502392344497609
0.8660287081339713
0.24880382775119614
0.4019138755980862
-0.9473684210526315
-0.631578947368421
0.8708133971291865
-0.1866028708133971
-0.18181818181818177
0.8755980861244019
0.11961722488038262
0.12440191387559807
0.6746411483253587
0.1291866028708133
0.5550239234449761
0.4066985645933012
0.9808612440191389
-0.9952153110047847
0.13397129186602874
-0.401913875598086
0.5598086124401913
-0.3971291866028708
-0.0574162679425837
-0.5215311004784688
-0.5167464114832536
-0.7942583732057416
-0.9760765550239234
0.5645933014354068
-0.7177033492822966
0.9425837320574162
-0.17703349282296643
-0.05263157894736836
0.2535885167464116
-0.8325358851674641
-0.04784688995215314
0.6794258373205742
-0.6267942583732058
0.569377990430622
-0.5119617224880382
-0.6220095693779903
-0.32057416267942584
-0.7894736842105263
-0.39234449760765544
0.8277511961722488
-0.6172248803827751
-0.8851674641148325
-0.04306220095693769
0.9473684210526316
0.4114832535885167
-0.3875598086124401
-0.6124401913875597
-0.9282296650717703
-0.8660287081339713
0.5741626794258374
0.7559808612440191
0.2583732057416268
0.4162679425837319
-0.507177033492823
-0.3157894736842105
0.42105263157894735
0.26315789473684204
-0.7511961722488039
-0.038277511961722355
0.4258373205741628
0.26794258373205726
0.5789473684210527
-0.03349282296650713
-0.3110047846889952
-0.9904306220095693
0.7607655502392343
-0.7464114832535884
-0.5023923444976077
0.13875598086124397
0.5837320574162679
0.1435406698564594
0.6842105263157894
0.2727272727272727
-0.7129186602870814
0.8803827751196172
0.27751196172248793
-0.6076555023923444
0.5885167464114831
-0.028708133971291794
-0.9425837320574163
-0.6028708133971292
0.6889952153110048
-0.708133971291866
0.430622009569378
-0.7033492822966507
0.14832535885167442
-0.9234449760765551
0.15311004784688986
0.8851674641148326
0.5933014354066986
-0.3827751196172249
-0.6985645933014354
-0.023923444976076458
0.43540669856459324
-0.4976076555023924
0.44019138755980847
0.8899521531100478
-0.784688995215311
-0.5980861244019138
-0.8803827751196173
-0.5933014354066986
0.4449760765550239
-0.69377990430622
-0.49282296650717705
-0.30622009569377984
-0.3014354066985645
0.1578947368421053
-0.7799043062200957
-0.6889952153110048
0.7655502392344498
-0.8612440191387559
-0.2966507177033493
-0.019138755980861233
-0.1722488038277511
-0.014354066985645897
-0.009569377990430561
0.770334928229665
0.7751196172248804
0.9521531100478469
-0.5885167464114832
0.8325358851674642
0.5980861244019138
0.9569377990430621
-0.16746411483253576
-0.9186602870813397
-0.29186602870813394
-0.4880382775119616
0.16267942583732053
0.2822966507177034
0.7799043062200959
-0.5837320574162679
-0.37799043062200954
-0.2870813397129186
-0.2822966507177034
-0.27751196172248804
-0.004784688995215336
-0.7416267942583732
-0.2727272727272727
0.8947368421052633
-0.3732057416267942
0.6028708133971292
0.7846889952153109
0.9617224880382775
-0.4832535885167464
0.44976076555023914
-0.368421052631579
-0.5789473684210527
0.2870813397129186
0.6937799043062203
-0.5741626794258373
0.7894736842105263
-0.16267942583732053
0.7942583732057416
0.6076555023923447
-0.26794258373205737
0.0
-0.47846889952153104
-0.4736842105263157
-0.6842105263157895
0.29186602870813383
0.2966507177033493
0.8373205741626795
0.6124401913875597
-0.36363636363636365
0.6985645933014353
-0.4688995215311005
0.4545454545454546
0.799043062200957
-0.46411483253588515
0.004784688995215225
0.6172248803827751
0.7033492822966507
0.16746411483253598
-0.8277511961722488
0.8421052631578947
0.4593301435406698
-1.0
-0.1578947368421052
-0.9856459330143541
0.8468899521531099
0.46411483253588504
0.9665071770334928
-0.15311004784688986
0.6220095693779903
-0.9138755980861244
0.00956937799043045
0.1722488038277512
-0.6794258373205742
0.014354066985645897
-0.8564593301435407
-0.569377990430622
0.17703349282296643
0.4688995215311005
0.019138755980861122
-0.8516746411483254
-0.26315789473684204
0.4736842105263157
-0.14832535885167464
0.3014354066985645
-0.7368421052631579
-0.1435406698564593
0.02392344497607657
-0.84688995215311
-0.9090909090909091
0.028708133971292016
-0.6746411483253588
0.6267942583732058
0.8995215311004783
0.30622009569377995
0.631578947368421
0.18181818181818166
0.6363636363636365
-0.4593301435406698
-0.5645933014354066
0.03349282296650702
0.9856459330143539
-0.2583732057416267
-0.2535885167464115
-0.9808612440191388
-0.9712918660287081
0.038277511961722466
0.47846889952153115
0.708133971291866
0.3110047846889952
-0.7320574162679425
0.4832535885167464
-0.24880382775119614
-0.9617224880382775
0.7129186602870814
0.6411483253588515
0.04306220095693769
-0.13875598086124397
0.04784688995215314
0.4880382775119618
-0.9665071770334929
-0.3588516746411483
0.6459330143540669
0.3157894736842106
0.05263157894736836
-0.2440191387559808
-0.5598086124401913
-0.354066985645933
0.3205741626794256
0.6507177033492824
-0.23923444976076547
0.8038277511961722
-0.34928229665071764
-0.13397129186602863
-0.1291866028708133
0.05741626794258381
-0.12440191387559796
-0.8229665071770335
0.9712918660287082
-0.4545454545454546
-0.11961722488038273
-0.44976076555023925
-0.1148325358851674
-0.11004784688995206
-0.8421052631578947
0.9904306220095693
0.49282296650717683
0.4976076555023923
0.9043062200956937
-0.5550239234449761
-0.23444976076555024
0.32535885167464107
-0.10526315789473684
-0.8181818181818181
0.06220095693779881
0.8086124401913877
0.8516746411483254
-0.8133971291866029
-0.1004784688995215
0.1866028708133971
-0.6698564593301435
0.06698564593301426
0.5023923444976075
-0.2296650717703349
0.19138755980861233
-0.09569377990430616
0.19617224880382778
0.507177033492823
-0.4449760765550238
0.3301435406698563
-0.22488038277511946
0.20095693779904322
0.5119617224880384
-0.8755980861244019
-0.5502392344497608
-0.5454545454545454
-0.7272727272727273
-0.7751196172248803
0.909090909090909
0.33492822966507174
0.9952153110047846
0.5167464114832536
0.9138755980861244
0.0717703349282297
-0.4401913875598086
0.9186602870813398
-0.43540669856459324
0.07655502392344493
-0.22009569377990423
-0.09090909090909083
-0.6650717703349283
0.08133971291866038
0.7177033492822966
0.3397129186602872
-0.6602870813397129
0.20574162679425823
0.9760765550239234
0.8133971291866027
0.5215311004784691
-0.3444976076555023
0.21052631578947367
0.0861244019138756
0.6555023923444976
1.0
0.9234449760765551
-0.6555023923444976
0.7224880382775121
0.3444976076555024
0.34928229665071764
-0.6507177033492823
0.9282296650717703
0.7272727272727271
0.35406698564593286
-0.2153110047846889
0.3588516746411483
0.09090909090909083
0.36363636363636354
-0.3397129186602871
-0.08612440191387549
0.368421052631579
0.8564593301435406
-0.770334928229665
0.3732057416267942
-0.4306220095693779
-0.6459330143540669
-0.21052631578947356
-0.08133971291866016
-0.9043062200956937
-0.6411483253588517
0.2153110047846889
0.7320574162679425
0.5263157894736841
0.37799043062200943
-0.20574162679425834
-0.4258373205741627
0.3827751196172249
-0.5406698564593301
0.736842105263158
0.22009569377990434
0.660287081339713
0.861244019138756
0.8181818181818181
0.6650717703349283
0.22488038277511957
-0.42105263157894735
-0.07655502392344493
0.5311004784688995
0.09569377990430605
-0.33492822966507174
-0.0717703349282296
0.6698564593301435
0.1004784688995215
0.8229665071770336
-0.9569377990430622
-0.8086124401913876
-0.416267942583732
-0.200956937799043
0.3875598086124401
-0.937799043062201
0.39234449760765555
-0.5358851674641147
0.10526315789473673
-0.9521531100478469
0.5358851674641147
-0.3301435406698564
-0.06698564593301426
0.11004784688995217
-0.19617224880382766
-0.8995215311004785
-0.19138755980861244
0.9330143540669855
0.7416267942583732
-0.8947368421052632
-0.062200956937799035
0.22966507177033502
0.7464114832535886
EIGENVECTOR_RANK
0.6220095693779903
0.7033492822966507
-0.11004784688995206
0.08133971291866038
0.9808612440191389
-0.8277511961722488
0.05263157894736836
-0.6842105263157895
0.2822966507177034
0.5215311004784691
-0.004784688995215336
-0.9760765550239234
-0.7177033492822966
0.1004784688995215
0.13875598086124397
0.30622009569377995
0.7559808612440191
0.4019138755980862
-0.30622009569377984
0.8708133971291865
-0.6794258373205742
0.9138755980861244
-0.4593301435406698
0.7416267942583732
0.20574162679425823
-0.3875598086124401
0.00956937799043045
0.7177033492822966
0.368421052631579
-0.9473684210526315
-0.8038277511961722
-0.03349282296650713
0.19617224880382778
0.5550239234449761
-0.631578947368421
-0.3014354066985645
-0.2727272727272727
0.4449760765550239
-0.3971291866028708
0.7799043062200959
0.8229665071770336
-0.014354066985645897
0.1291866028708133
0.6650717703349283
-0.3110047846889952
-0.23923444976076547
-0.9138755980861244
-0.1578947368421052
-0.8181818181818181
-0.368421052631579
-0.9234449760765551
-0.770334928229665
0.7607655502392343
-0.9569377990430622
0.8086124401913877
0.11961722488038262
0.15311004784688986
0.24880382775119614
0.18181818181818166
-0.33492822966507174
0.37799043062200943
-0.4258373205741627
0.5502392344497609
-0.8995215311004785
-0.4306220095693779
-0.354066985645933
-0.9617224880382775
-0.84688995215311
-0.7033492822966507
-0.6602870813397129
0.26315789473684204
-0.8516746411483254
0.909090909090909
-0.04784688995215314
0.2727272727272727
-0.9425837320574163
-0.569377990430622
-0.19138755980861244
-0.6124401913875597
-0.69377990430622
0.7846889952153109
0.5454545454545454
0.11004784688995217
-0.27751196172248804
0.4832535885167464
0.8038277511961722
-0.8229665071770335
0.8660287081339713
0.4976076555023923
0.6076555023923447
-0.5215311004784688
-0.3253588516746412
0.39234449760765555
-0.8612440191387559
-0.7368421052631579
-0.8755980861244019
0.5167464114832536
0.46411483253588504
0.6985645933014353
-0.06698564593301426
0.8995215311004783
0.6746411483253587
0.5598086124401913
-0.6507177033492823
-0.2153110047846889
-0.3301435406698564
0.8181818181818181
-0.4832535885167464
-0.9952153110047847
-0.7416267942583732
-0.7655502392344498
-0.6076555023923444
0.2966507177033493
-0.4688995215311005
-0.062200956937799035
-0.9330143540669856
0.0
-0.5980861244019138
0.5023923444976075
-0.6363636363636362
0.6172248803827751
-0.3444976076555023
-0.1004784688995215
-0.708133971291866
0.4066985645933012
-0.038277511961722355
-0.5550239234449761
-0.44976076555023925
-0.13397129186602863
-0.10526315789473684
-0.784688995215311
-0.401913875598086
-0.6459330143540669
0.8373205741626795
0.09569377990430605
0.16267942583732053
-0.9856459330143541
-0.5406698564593301
-0.2583732057416267
-0.9521531100478469
0.0861244019138756
0.5645933014354068
0.2583732057416268
0.04784688995215314
0.10526315789473673
-0.6889952153110048
0.7751196172248804
0.9712918660287082
-0.937799043062201
0.9569377990430621
0.5263157894736841
-0.4114832535885168
0.44019138755980847
-0.7990430622009569
-0.22009569377990423
-0.4401913875598086
-0.05263157894736836
-0.39234449760765544
0.8277511961722488
0.3205741626794256
0.7894736842105263
0.04306220095693769
-0.08133971291866016
0.5741626794258374
-0.34928229665071764
0.708133971291866
-0.2870813397129186
0.014354066985645897
0.07655502392344493
-0.43540669856459324
0.937799043062201
0.9760765550239234
0.22488038277511957
0.4545454545454546
0.43540669856459324
0.22009569377990434
-0.5598086124401913
-0.1866028708133971
-0.4880382775119616
0.9425837320574162
0.06220095693779881
0.7655502392344498
0.3014354066985645
0.5837320574162679
-0.13875598086124397
-0.8947368421052632
-0.6985645933014354
-0.7607655502392344
-0.09569377990430616
-0.26315789473684204
0.9473684210526316
-0.16267942583732053
0.6028708133971292
0.47846889952153115
0.3588516746411483
-0.16746411483253576
-0.009569377990430561
0.14832535885167442
-0.8564593301435407
0.9043062200956937
0.8421052631578947
0.34928229665071764
-0.5837320574162679
0.9617224880382775
-0.5358851674641147
-0.23444976076555024
0.12440191387559807
0.5119617224880384
-0.6172248803827751
0.3827751196172249
0.9330143540669855
-0.14832535885167464
-0.7224880382775118
-0.9665071770334929
0.430622009569378
0.5933014354066986
0.1435406698564594
0.5311004784688995
-0.8803827751196173
0.3875598086124401
0.6889952153110048
-0.0717703349282296
0.038277511961722466
-0.0574162679425837
0.4688995215311005
0.6363636363636365
-0.5454545454545454
0.32535885167464107
-0.507177033492823
0.17703349282296643
0.16746411483253598
-0.8660287081339713
-0.7511961722488039
-0.3397129186602871
-0.47846889952153104
0.3444976076555024
-0.6555023923444976
0.35406698564593286
0.3397129186602872
0.4736842105263157
0.799043062200957
0.11483253588516762
-0.9186602870813397
0.631578947368421
0.9904306220095693
0.6507177033492824
-0.3157894736842105
-0.9808612440191388
-1.0
0.8133971291866027
0.23444976076555002
-0.3732057416267942
0.33492822966507174
-0.4976076555023924
0.42105263157894735
0.4593301435406698
-0.8708133971291866
-0.200956937799043
0.5406698564593302
-0.36363636363636365
0.4162679425837319
0.861244019138756
0.6411483253588515
-0.7751196172248803
-0.5789473684210527
0.7511961722488039
-0.22488038277511946
0.6794258373205742
-0.29186602870813394
-0.9282296650717703
-0.6746411483253588
-0.17703349282296643
0.7942583732057416
-0.49282296650717705
0.9282296650717703
-0.5167464114832536
0.507177033492823
0.3110047846889952
0.06698564593301426
-0.11961722488038273
-0.8325358851674641
0.9234449760765551
-0.40669856459330145
-0.416267942583732
-0.4736842105263157
0.569377990430622
0.5980861244019138
0.7320574162679425
0.9952153110047846
-0.19617224880382766
-0.6411483253588517
-0.6698564593301435
0.29186602870813383
-0.08612440191387549
0.6842105263157894
0.1722488038277512
0.1866028708133971
0.6698564593301435
0.770334928229665
-0.1148325358851674
-0.7320574162679425
0.8468899521531099
-0.1722488038277511
-0.7942583732057416
0.6267942583732058
-0.07655502392344493
0.6459330143540669
0.22966507177033502
0.5885167464114831
0.49282296650717683
0.36363636363636354
-0.1435406698564593
-0.26794258373205737
-0.5933014354066986
-0.1291866028708133
0.8899521531100478
-0.5885167464114832
-0.7129186602870814
0.21052631578947367
-0.4449760765550238
0.05741626794258381
-0.6267942583732058
0.20095693779904322
0.9856459330143539
0.3732057416267942
0.0717703349282297
0.8516746411483254
-0.42105263157894735
0.9665071770334928
0.6124401913875597
-0.5645933014354066
0.5789473684210527
-0.2440191387559808
-0.12440191387559796
-0.15311004784688986
-0.20574162679425834
0.4258373205741628
0.028708133971292016
0.5358851674641147
-0.019138755980861233
-0.4545454545454546
0.4880382775119618
-0.32057416267942584
0.019138755980861122
-0.2822966507177034
0.8947368421052633
1.0
-0.6650717703349283
0.19138755980861233
0.7464114832535886
0.27751196172248793
0.7224880382775121
-0.7559808612440191
0.9521531100478469
0.2153110047846889
0.2440191387559809
0.660287081339713
0.7272727272727271
-0.5119617224880382
-0.028708133971291794
-0.8851674641148325
0.03349282296650702
0.736842105263158
-0.09090909090909083
-0.5263157894736842
0.3971291866028708
-0.21052631578947356
-0.8133971291866029
0.8325358851674642
0.44976076555023914
-0.8421052631578947
-0.8086124401913876
-0.2966507177033493
-0.7272727272727273
0.3301435406698563
-0.5311004784688995
0.6937799043062203
-0.9043062200956937
0.23923444976076547
0.004784688995215225
-0.7464114832535884
-0.8373205741626795
-0.46411483253588515
0.8851674641148326
-0.2535885167464115
0.02392344497607657
0.8755980861244019
-0.9090909090909091
0.6555023923444976
-0.2296650717703349
0.3157894736842106
-0.6028708133971292
-0.04306220095693769
-0.7894736842105263
0.13397129186602874
0.09090909090909083
-0.6220095693779903
-0.8899521531100478
-0.37799043062200954
-0.3588516746411483
-0.023923444976076458
-0.7799043062200957
0.8803827751196172
-0.5741626794258373
0.2870813397129186
0.2535885167464116
0.7129186602870814
-0.5502392344497608
0.26794258373205726
0.4114832535885167
-0.3827751196172249
-0.9712918660287081
0.1578947368421053
0.9186602870813398
-0.24880382775119614
-0.9904306220095693
-0.18181818181818177
0.8564593301435406
-0.5023923444976077
CENT_RANK
0.004784688995215225
-0.05263157894736836
0.22488038277511957
-0.7368421052631579
0.02392344497607657
-0.2535885167464115
-0.07655502392344493
0.2822966507177034
-0.7320574162679425
0.014354066985645897
0.4736842105263157
-0.6889952153110048
-0.5885167464114832
0.038277511961722466
-0.6650717703349283
-0.6459330143540669
-0.22009569377990423
-0.5933014354066986
0.1004784688995215
-0.2822966507177034
0.6172248803827751
-0.6076555023923444
0.6889952153110048
-0.5789473684210527
-0.8133971291866029
0.6028708133971292
0.3205741626794256
0.9665071770334928
0.1866028708133971
-0.8803827751196173
-0.20574162679425834
-0.13875598086124397
0.9617224880382775
0.7177033492822966
0.0
0.6842105263157894
0.799043062200957
0.9138755980861244
0.12440191387559807
-0.29186602870813394
0.6220095693779903
0.24880382775119614
-0.9234449760765551
0.7799043062200959
-0.47846889952153104
-0.6698564593301435
-0.9090909090909091
0.4019138755980862
0.0717703349282297
0.7894736842105263
-0.19138755980861244
-0.9760765550239234
0.49282296650717683
-0.9904306220095693
0.8755980861244019
0.7416267942583732
0.569377990430622
0.019138755980861122
-0.9425837320574163
-0.8421052631578947
0.35406698564593286
-0.03349282296650713
0.9856459330143539
-0.7942583732057416
-0.26315789473684204
0.3110047846889952
-0.4306220095693779
0.8181818181818181
-0.6985645933014354
-0.7655502392344498
-0.7272727272727273
-0.7607655502392344
0.5358851674641147
0.1435406698564594
0.7942583732057416
-0.2153110047846889
-1.0
-0.009569377990430561
0.7511961722488039
-0.6794258373205742
0.2535885167464116
0.9234449760765551
-0.708133971291866
-0.5741626794258373
0.6124401913875597
-0.028708133971291794
0.2153110047846889
-0.6124401913875597
0.8851674641148326
0.9521531100478469
-0.22488038277511946
-0.84688995215311
0.8038277511961722
-0.9952153110047847
-0.46411483253588515
-0.354066985645933
0.9760765550239234
0.5741626794258374
0.9904306220095693
0.22966507177033502
-0.06698564593301426
0.5023923444976075
-0.3301435406698564
-0.40669856459330145
0.30622009569377995
0.7129186602870814
0.32535885167464107
0.9330143540669855
-0.69377990430622
-0.27751196172248804
-0.507177033492823
0.507177033492823
0.27751196172248793
-0.9473684210526315
-0.401913875598086
-0.200956937799043
0.11961722488038262
0.770334928229665
0.2966507177033493
-0.4880382775119616
0.1578947368421053
-0.9043062200956937
-0.12440191387559796
0.04306220095693769
0.34928229665071764
-0.13397129186602863
-0.24880382775119614
-0.14832535885167464
-0.8516746411483254
-0.3014354066985645
-0.5550239234449761
-0.770334928229665
-0.5119617224880382
-0.8755980861244019
0.4114832535885167
-0.4832535885167464
0.04784688995215314
-0.08133971291866016
0.8708133971291865
-0.43540669856459324
0.6363636363636365
-0.038277511961722355
-0.3732057416267942
0.42105263157894735
-0.4258373205741627
-0.6746411483253588
0.7607655502392343
-0.16267942583732053
-0.21052631578947356
-0.42105263157894735
0.8516746411483254
0.5837320574162679
-0.19617224880382766
-0.6507177033492823
0.4258373205741628
-0.9138755980861244
0.7272727272727271
0.16267942583732053
0.7033492822966507
-0.8564593301435407
-0.7799043062200957
0.8660287081339713
0.5885167464114831
-0.34928229665071764
-0.8995215311004785
-0.5406698564593301
-0.4593301435406698
0.37799043062200943
0.6555023923444976
0.3301435406698563
-0.4976076555023924
0.4688995215311005
-0.4114832535885168
0.4162679425837319
-0.2583732057416267
-0.8325358851674641
0.4832535885167464
-0.7894736842105263
0.6937799043062203
-0.49282296650717705
0.9473684210526316
0.7655502392344498
0.9186602870813398
0.4066985645933012
0.3971291866028708
-0.8660287081339713
-0.3875598086124401
-0.8086124401913876
-0.4449760765550238
0.708133971291866
0.861244019138756
-0.5980861244019138
-0.15311004784688986
0.736842105263158
-0.04784688995215314
0.16746411483253598
-0.16746411483253576
0.18181818181818166
-0.6028708133971292
-0.7464114832535884
0.8803827751196172
-0.23444976076555024
-0.3110047846889952
-0.416267942583732
-0.37799043062200954
-0.9856459330143541
0.6985645933014353
-0.5645933014354066
0.1722488038277512
0.14832535885167442
0.6650717703349283
-0.3397129186602871
-0.3157894736842105
-0.18181818181818177
-0.23923444976076547
0.2727272727272727
0.3588516746411483
0.6746411483253587
-0.2966507177033493
0.3014354066985645
0.06220095693779881
-0.368421052631579
0.4880382775119618
-0.8181818181818181
0.9425837320574162
0.9808612440191389
0.8995215311004783
0.7559808612440191
-0.0574162679425837
0.22009569377990434
0.5789473684210527
-0.7511961722488039
-0.36363636363636365
-0.8947368421052632
-0.9186602870813397
-0.023923444976076458
-0.5311004784688995
-0.1866028708133971
0.3875598086124401
0.05263157894736836
0.5980861244019138
-0.7033492822966507
-0.26794258373205737
0.44019138755980847
-0.04306220095693769
0.15311004784688986
0.8229665071770336
-0.4401913875598086
-0.9521531100478469
-0.019138755980861233
0.909090909090909
0.8086124401913877
-0.3971291866028708
-0.5215311004784688
0.00956937799043045
-0.1435406698564593
-0.2727272727272727
-0.6363636363636362
0.5406698564593302
-0.2870813397129186
1.0
-0.8708133971291866
0.8133971291866027
-0.9712918660287081
0.7464114832535886
0.07655502392344493
-0.6602870813397129
-0.1148325358851674
-0.014354066985645897
-0.9808612440191388
0.20095693779904322
0.8373205741626795
0.6698564593301435
0.0861244019138756
-0.3588516746411483
0.660287081339713
0.9569377990430621
0.9282296650717703
0.5263157894736841
-0.44976076555023925
-0.6842105263157895
0.4593301435406698
0.23444976076555002
-0.2440191387559808
0.9043062200956937
0.8947368421052633
0.10526315789473673
-0.7990430622009569
-0.17703349282296643
0.7846889952153109
0.19617224880382778
-0.6220095693779903
0.8468899521531099
0.05741626794258381
0.6459330143540669
0.5502392344497609
-0.937799043062201
0.3444976076555024
0.8421052631578947
-0.32057416267942584
-0.1291866028708133
-0.5358851674641147
0.8899521531100478
-0.5502392344497608
0.368421052631579
0.2583732057416268
-0.09090909090909083
0.09569377990430605
-0.004784688995215336
0.7751196172248804
0.33492822966507174
0.13875598086124397
0.44976076555023914
-0.6555023923444976
0.4545454545454546
-0.4688995215311005
-0.7559808612440191
-0.1004784688995215
-0.5454545454545454
-0.784688995215311
-0.8899521531100478
0.13397129186602874
0.6794258373205742
-0.30622009569377984
0.19138755980861233
0.5598086124401913
-0.4545454545454546
-0.9330143540669856
0.11004784688995217
-0.33492822966507174
-0.5023923444976077
-0.3444976076555023
0.7224880382775121
0.11483253588516762
0.2870813397129186
-0.631578947368421
0.26315789473684204
0.06698564593301426
0.5454545454545454
0.028708133971292016
0.21052631578947367
0.5933014354066986
-0.8229665071770335
0.43540669856459324
0.3732057416267942
-0.062200956937799035
-0.08612440191387549
-0.6172248803827751
0.7320574162679425
0.5119617224880384
0.1291866028708133
0.6411483253588515
-0.8038277511961722
-0.11961722488038273
0.9952153110047846
0.3827751196172249
-0.1722488038277511
0.5215311004784691
0.5645933014354068
0.03349282296650702
-0.9282296650717703
-0.569377990430622
0.09090909090909083
-0.1578947368421052
-0.9617224880382775
-0.09569377990430616
0.5167464114832536
-0.4736842105263157
-0.7416267942583732
0.17703349282296643
0.20574162679425823
-0.7177033492822966
0.4976076555023923
-0.3827751196172249
0.08133971291866038
0.47846889952153115
0.4449760765550239
-0.5837320574162679
0.6507177033492824
0.430622009569378
-0.6411483253588517
-0.8612440191387559
0.39234449760765555
0.6267942583732058
0.46411483253588504
0.8277511961722488
-0.8373205741626795
-0.9569377990430622
-0.2296650717703349
0.8325358851674642
-0.3253588516746412
-0.7129186602870814
0.631578947368421
-0.7751196172248803
-0.6267942583732058
0.5311004784688995
-0.9665071770334929
0.26794258373205726
-0.0717703349282296
0.3157894736842106
0.2440191387559809
-0.8277511961722488
0.5550239234449761
-0.10526315789473684
0.9712918660287082
-0.8851674641148325
0.8564593301435406
-0.11004784688995206
-0.39234449760765544
0.937799043062201
0.6076555023923447
-0.5263157894736842
-0.7224880382775118
0.23923444976076547
0.36363636363636354
-0.5598086124401913
0.29186602870813383
-0.5167464114832536
0.3397129186602872
RANK
76
93
53
205
269
51
263
396
364
387
248
113
58
296
327
360
42
234
155
46
121
164
233
320
405
29
133
261
185
381
159
128
91
59
386
175
401
342
223
24
187
352
287
63
177
319
160
393
131
69
71
316
231
199
368
3
8
70
412
371
391
82
241
68
108
11
280
79
145
45
14
266
313
153
15
380
257
335
394
291
347
87
21
198
191
17
12
377
23
83
361
207
415
130
303
318
165
301
236
411
253
417
132
110
330
170
179
119
135
44
367
315
94
166
326
279
188
247
139
66
144
149
203
172
103
114
252
408
186
373
204
142
221
232
274
95
163
331
211
329
102
390
299
212
202
323
129
218
39
259
19
109
256
242
64
174
5
126
283
214
201
388
90
16
75
148
30
115
152
50
237
213
288
356
196
147
363
192
127
255
31
125
300
122
353
267
407
403
317
365
306
346
137
6
398
100
345
228
1
194
244
141
61
85
235
249
268
77
308
34
0
254
9
57
4
339
359
13
123
136
239
293
220
337
48
265
374
273
362
307
18
286
328
333
116
38
350
321
311
73
209
245
120
157
195
208
369
197
28
324
290
270
370
340
86
229
2
99
282
413
400
41
80
305
336
397
215
112
7
334
416
118
219
104
65
399
26
106
169
310
418
297
124
60
216
414
304
344
167
355
238
382
184
47
183
134
173
143
154
379
343
243
376
312
314
281
384
171
10
375
176
222
52
372
101
111
349
366
357
278
395
72
258
338
295
402
325
358
56
97
230
151
162
341
240
25
410
84
20
40
383
392
140
351
294
378
168
275
210
272
217
322
35
22
178
206
158
189
105
33
332
156
348
193
55
264
78
227
146
181
117
309
43
289
49
74
36
92
251
262
67
246
385
389
271
298
292
150
406
190
161
138
54
200
88
302
285
226
284
250
37
182
81
277
107
409
224
180
89
276
32
27
404
96
225
62
98
354
260
