DEGREE
-0.06666666666666665
-0.19999999999999996
-0.33333333333333337
-0.4666666666666667
-0.4666666666666667
-0.7333333333333334
-0.19999999999999996
-0.7333333333333334
1.0
0.06666666666666665
-0.19999999999999996
0.06666666666666665
-0.19999999999999996
-0.19999999999999996
0.46666666666666656
0.06666666666666665
-0.33333333333333337
-0.06666666666666665
0.06666666666666665
-0.33333333333333337
-0.33333333333333337
-0.06666666666666665
-0.19999999999999996
-0.19999999999999996
-0.33333333333333337
0.19999999999999996
-0.33333333333333337
-0.19999999999999996
-0.06666666666666665
-0.7333333333333334
-0.33333333333333337
-0.06666666666666665
0.33333333333333326
-0.19999999999999996
0.19999999999999996
-0.4666666666666667
0.06666666666666665
0.06666666666666665
-0.4666666666666667
-0.06666666666666665
-0.06666666666666665
0.33333333333333326
0.33333333333333326
0.19999999999999996
-0.8666666666666667
0.19999999999999996
0.19999999999999996
0.33333333333333326
0.19999999999999996
-0.06666666666666665
-0.33333333333333337
-0.33333333333333337
0.46666666666666656
0.33333333333333326
0.19999999999999996
-1.0
0.19999999999999996
-0.33333333333333337
0.19999999999999996
0.06666666666666665
-0.19999999999999996
0.33333333333333326
-0.06666666666666665
-0.8666666666666667
-0.19999999999999996
0.33333333333333326
-0.33333333333333337
-0.19999999999999996
-0.06666666666666665
-0.06666666666666665
-0.19999999999999996
0.6000000000000001
-0.33333333333333337
0.33333333333333326
0.19999999999999996
0.46666666666666656
0.46666666666666656
0.19999999999999996
-0.33333333333333337
0.06666666666666665
-0.19999999999999996
-0.8666666666666667
-0.7333333333333334
-0.06666666666666665
-0.6
0.33333333333333326
-0.33333333333333337
0.33333333333333326
-0.06666666666666665
0.6000000000000001
0.46666666666666656
0.06666666666666665
0.19999999999999996
0.19999999999999996
0.06666666666666665
-0.33333333333333337
-0.4666666666666667
0.06666666666666665
-0.6
0.33333333333333326
0.06666666666666665
-0.19999999999999996
1.0
0.06666666666666665
0.19999999999999996
0.33333333333333326
0.19999999999999996
0.19999999999999996
-0.6
-0.06666666666666665
0.7333333333333334
-0.6
-0.33333333333333337
-0.19999999999999996
0.19999999999999996
-0.19999999999999996
-0.6
0.33333333333333326
0.06666666666666665
0.19999999999999996
-0.06666666666666665
0.19999999999999996
-0.6
-0.4666666666666667
-0.06666666666666665
-0.33333333333333337
0.06666666666666665
-0.4666666666666667
-0.06666666666666665
0.06666666666666665
-0.33333333333333337
0.06666666666666665
0.06666666666666665
-0.33333333333333337
0.33333333333333326
-0.06666666666666665
0.33333333333333326
0.06666666666666665
-0.19999999999999996
-0.33333333333333337
-0.19999999999999996
-0.19999999999999996
-0.33333333333333337
-0.06666666666666665
-0.4666666666666667
0.33333333333333326
-1.0
-0.19999999999999996
0.7333333333333334
-0.06666666666666665
-0.19999999999999996
0.46666666666666656
0.33333333333333326
-0.4666666666666667
-0.4666666666666667
0.33333333333333326
0.19999999999999996
EIGENVECTOR
-0.5596329692665938
-0.1805801232207057
-0.9664427634416232
-0.9778069317303482
-0.9289160167560416
-0.969634280581046
-0.9441074617501019
-0.9991913102028405
0.9999999999999993
-0.056449494321571536
-0.9722443088479223
-0.9914927262843514
-0.9376819012384878
-0.9389918294060213
0.1473063036662039
-0.853739767899578
-0.9408076115577154
-0.9540480824862568
-0.9922203927228687
-0.8220690528380297
-0.9741842088973584
-0.992352338001117
-0.5931608579783845
-0.9424983850719824
-0.621918846698231
-0.9178770476706
-0.9773796872250872
-0.9942755136721273
-0.9270777915308113
-0.9865041822548913
-0.9948996290600549
-0.9937494465170716
-0.9095407053139115
-0.9991945187599391
-0.9107903964791207
-0.9788627669882098
-0.9365915452261534
-0.9224670633737836
-0.9293048791579245
-0.9914827979984095
-0.9949110318907444
-0.9126665224624736
-0.9538361786375796
0.11936530461445538
-0.9983742362561373
-0.9831362445232249
-0.9479175162743507
-0.9907298223298735
-0.9479175162743506
-0.16214567257621015
-0.9437691224265387
-0.994800622746715
-0.9864975890033608
-0.8765238934127116
0.4053966613241675
-0.9485939473566015
-0.9233690619190009
-0.9938989918292193
-0.9618735561506921
-0.9945771087166483
-0.8339404556203497
0.0904237051776633
-0.9987518881720028
-0.9892771413955227
-0.9780853889692289
-0.9883050160611115
-0.9997804151708177
-0.989253881723953
-0.13441803528373086
-0.995520134311726
-0.9827545321514098
0.6743467228185847
-0.9997804151708176
-0.98654908635385
-0.9182992732100055
-0.905742583344707
-0.9053684339813319
-0.9492971799817248
-0.6463338970834882
-0.992402248569067
-0.48436207550902954
-0.9919480768440773
-0.9127270018756902
-0.6086929604021961
-0.956169787542684
-0.9126665224624739
-0.9703641414769257
-0.9198005658863803
-0.9935260024706827
-0.9025731619626034
0.7292460284070776
-0.8942002527541253
0.009929690237066469
-0.990973795775931
-0.8584706407051543
-0.9971472685922009
-0.8345769838023633
-0.9668369006569698
-0.9986723796944198
0.591419007331484
-0.8977092301246827
-0.9174568885516705
1.0
-0.9739956243975831
-0.9178770476706001
-0.9246825192814971
0.5456899706133205
-0.7330107643984858
-0.9113980303863973
-0.9987518881720028
-0.9214991840169691
-0.9849317190453138
-0.9457174312996576
-0.9783132972118075
-0.923369061919001
-0.22408391466838684
-0.7582157122347172
-0.9538361786375796
-0.9298343760048065
-0.9313730667791467
-0.6532231270654344
-0.9259818554001176
-0.996130356156126
-0.8912062420498843
-0.9989445268629228
-0.9773009897155581
-0.9920706462278907
-0.9936259128528735
-0.6055586240523598
-0.997982597903479
-0.8900316983133393
-0.992008948302969
-0.9817260051525951
-0.6485660115846046
0.47763460768623944
-0.9935537860290512
-0.988394644484676
-0.8827687933901528
-0.8995012317333974
-0.9437691224265388
-0.9770595152963958
-0.7571008205445926
-0.9997804151708174
-0.9762099989980312
-0.9788293512533535
-0.9559296274858801
-1.0
-0.9732754303735791
0.7143783182171963
0.22184060353041035
-0.39636194811128567
0.6538694323021017
-0.9927912331719165
-0.9540680915932467
-0.9808972508100926
-0.8751959586992824
-0.9920323639970139
CENT
-0.3377551875124325
-0.38967882281129207
-0.4477558571648539
-1.0
-0.9375376536805057
-0.8914073260259332
-0.6498211825379473
-1.0
-0.2891598324196941
-0.5832753773337473
-0.9950324744693281
-0.8922096655909352
-0.9956039122790639
-0.9903422563298924
0.8217547841963373
-0.8468404541974109
-0.8432389898739177
-0.7171412114145639
-0.9818858410891377
0.009407415464349977
-0.9852324676477647
-0.8399458549152722
0.14147885453886322
0.5602341392605801
-0.8072861682047566
-0.9753384597168048
-0.5874398833061064
-0.9822191214183436
-0.9862556413960134
-1.0
-0.9822896513044745
-0.19848749327179271
-0.8414671645484977
-0.9146947950178976
-0.3934506500505429
-0.8820398255383878
-0.41853699036069836
-0.7897148275660242
-0.862179616692855
-0.5907576459830297
-0.9004105494712739
-0.9510727965859681
-0.8753830919713229
-0.3607521494955652
-0.9536570544736481
-0.1766527518691987
-0.7546143034518434
-0.8389077527089918
-0.7546143034518434
-0.19897572516309825
-0.4083395375815676
-0.9797287035580304
-0.7516571309143767
-0.8280017100218281
-0.6658307703128392
-0.8689041766825312
-0.799134681468793
-0.6635998761409565
-0.8968305563685146
-0.7707914695289659
0.6601178871037192
0.15756138878183834
-0.911333835359517
-1.0
-0.21141675742481048
-0.7930839226181998
-1.0
-0.8963971471821159
-0.7636095081520278
-0.7135002823664136
-0.7463840298054643
-0.5430149452950603
-1.0
-0.7400994338744828
-0.9576339970774181
-0.5699553313206076
-0.8189986950912489
-0.7835707762403129
-0.7174836051364563
-0.9651384067642318
-0.8008384764657022
-0.49600024704902124
-0.27919411561029495
-0.27671966473004117
-0.8635083628313855
-0.9510727965859681
0.08357455019604187
-0.23768888208476013
-0.9925041199068751
-0.5386265154481075
-0.03198896309685806
-0.2774360074442497
-0.32872860843550034
-0.627641949011736
-0.8022385827884473
-0.9723561714688848
-0.7623270330735124
-0.9844491962432687
-0.9819713565659349
-0.7738001604284502
0.4069086985536481
-0.9413990742181536
-0.2891598324196941
1.0
-0.9753384597168048
-0.8956634801122022
-0.981992657956292
-0.5341569789874417
-0.9569806032196929
-0.911333835359517
-0.6940445433825214
-0.9270245707575082
-0.9899991758991488
-0.3595449356542212
-0.799134681468793
-0.39294260781188106
-0.605362410187906
-0.8753830919713229
-0.8345163811404513
-0.9083187054781152
0.2548452145462978
-0.9354144968433311
-0.928206861386141
-0.7329480327099526
-0.9313139693740251
-0.9982510640873011
-0.8885643104779771
-0.8186693909541138
-0.6432403508767097
-0.8334679364615833
-0.018848900355803777
-0.8426051338968558
-0.2680881303395526
-0.6474000280343345
-0.6760455727665207
-0.978434188868171
-0.708785012676008
-0.006936400011670951
-0.743774196147265
-0.4083395375815676
-0.5497093280636687
-0.7631100299175324
-1.0
-0.3930049441343971
-0.734231379034088
-0.9676386820108973
-1.0
-0.994802859034049
-0.24795383861888898
-0.8778334973438395
-0.36189103250885546
-0.7763608455826663
-0.8204951603928653
-0.9994203417549103
-0.7317210711950154
-0.8510469309824644
-0.8483860057985877
DEGREE_RANK
-0.1282051282051282
-0.41025641025641024
-0.6794871794871795
-0.8076923076923077
-0.7948717948717948
-0.9358974358974359
-0.39743589743589747
-0.9230769230769231
0.9871794871794872
0.1282051282051282
-0.3846153846153847
0.14102564102564097
-0.3717948717948718
-0.35897435897435903
0.858974358974359
0.15384615384615374
-0.6666666666666667
-0.11538461538461531
0.16666666666666652
-0.6538461538461539
-0.641025641025641
-0.10256410256410253
-0.34615384615384615
-0.33333333333333337
-0.6282051282051282
0.3717948717948718
-0.6153846153846154
-0.3205128205128206
-0.08974358974358976
-0.9102564102564102
-0.6025641025641025
-0.07692307692307687
0.6282051282051282
-0.3076923076923077
0.3846153846153846
-0.782051282051282
0.17948717948717952
0.1923076923076923
-0.7692307692307692
-0.0641025641025641
-0.05128205128205132
0.6410256410256412
0.653846153846154
0.39743589743589736
-0.9743589743589743
0.41025641025641013
0.4230769230769229
0.6666666666666667
0.4358974358974359
-0.038461538461538436
-0.5897435897435896
-0.5769230769230769
0.8717948717948718
0.6794871794871795
0.4487179487179487
-1.0
0.46153846153846145
-0.5641025641025641
0.47435897435897423
0.20512820512820507
-0.29487179487179493
0.6923076923076923
-0.02564102564102566
-0.9615384615384616
-0.28205128205128205
0.7051282051282053
-0.5512820512820513
-0.2692307692307693
-0.012820512820512775
0.0
-0.2564102564102564
0.9358974358974359
-0.5384615384615384
0.7179487179487181
0.487179487179487
0.8846153846153846
0.8974358974358974
0.5000000000000002
-0.5256410256410257
0.21794871794871784
-0.2435897435897435
-0.9487179487179487
-0.8974358974358975
0.012820512820512775
-0.8846153846153846
0.7307692307692308
-0.5128205128205128
0.7435897435897436
0.02564102564102555
0.9487179487179487
0.9102564102564104
0.23076923076923062
0.512820512820513
0.5256410256410258
0.2435897435897436
-0.5
-0.7564102564102564
0.2564102564102564
-0.8717948717948718
0.7564102564102564
0.26923076923076916
-0.23076923076923073
1.0
0.28205128205128194
0.5384615384615385
0.7692307692307694
0.5512820512820513
0.5641025641025641
-0.858974358974359
0.03846153846153855
0.9615384615384615
-0.8461538461538461
-0.4871794871794872
-0.21794871794871795
0.5769230769230771
-0.20512820512820507
-0.8333333333333334
0.7820512820512822
0.2948717948717947
0.5897435897435899
0.05128205128205132
0.6025641025641026
-0.8205128205128205
-0.7435897435897436
0.0641025641025641
-0.47435897435897434
0.3076923076923077
-0.7307692307692308
0.07692307692307687
0.3205128205128205
-0.46153846153846156
0.33333333333333326
0.34615384615384603
-0.4487179487179487
0.7948717948717949
0.08974358974358965
0.8076923076923077
0.3589743589743588
-0.1923076923076923
-0.4358974358974359
-0.1794871794871794
-0.16666666666666663
-0.42307692307692313
0.10256410256410264
-0.717948717948718
0.8205128205128205
-0.9871794871794872
-0.15384615384615385
0.9743589743589745
0.11538461538461542
-0.14102564102564097
0.9230769230769231
0.8333333333333335
-0.7051282051282051
-0.6923076923076923
0.8461538461538463
0.6153846153846154
EIGENVECTOR_RANK
0.7179487179487181
0.7692307692307694
-0.16666666666666663
-0.3205128205128206
0.14102564102564097
-0.1923076923076923
0.0
-0.9358974358974359
1.0
0.8076923076923077
-0.21794871794871795
-0.5769230769230769
0.07692307692307687
0.0641025641025641
0.858974358974359
0.5384615384615385
0.05128205128205132
-0.10256410256410253
-0.641025641025641
0.5769230769230771
-0.2564102564102564
-0.6538461538461539
0.7051282051282053
0.03846153846153855
0.6666666666666667
0.26923076923076916
-0.3076923076923077
-0.7564102564102564
0.15384615384615374
-0.46153846153846156
-0.7948717948717948
-0.7307692307692308
0.3717948717948718
-0.9487179487179487
0.3589743589743588
-0.3717948717948718
0.08974358974358965
0.21794871794871784
0.1282051282051282
-0.5641025641025641
-0.8076923076923077
0.33333333333333326
-0.08974358974358976
0.8461538461538463
-0.8717948717948718
-0.42307692307692313
-0.02564102564102566
-0.5384615384615384
-0.038461538461538436
0.7820512820512822
0.012820512820512775
-0.782051282051282
-0.4487179487179487
0.5000000000000002
0.8846153846153846
-0.05128205128205132
0.1923076923076923
-0.7435897435897436
-0.15384615384615385
-0.7692307692307692
0.5641025641025641
0.8333333333333335
-0.9102564102564102
-0.5256410256410257
-0.33333333333333337
-0.4871794871794872
-0.9871794871794872
-0.5128205128205128
0.7948717948717949
-0.8205128205128205
-0.41025641025641024
0.9487179487179487
-0.9743589743589743
-0.47435897435897434
0.2564102564102564
0.3846153846153846
0.39743589743589736
-0.0641025641025641
0.653846153846154
-0.6666666666666667
0.7307692307692308
-0.5897435897435896
0.3076923076923077
0.6794871794871795
-0.14102564102564097
0.3205128205128205
-0.20512820512820507
0.2435897435897436
-0.6923076923076923
0.41025641025641013
0.9743589743589745
0.4487179487179487
0.8205128205128205
-0.5512820512820513
0.5256410256410258
-0.8461538461538461
0.5512820512820513
-0.1794871794871794
-0.8846153846153846
0.9230769230769231
0.4358974358974359
0.2948717948717947
0.9871794871794872
-0.2435897435897435
0.28205128205128194
0.17948717948717952
0.9102564102564104
0.6153846153846154
0.34615384615384603
-0.8974358974358975
0.23076923076923062
-0.4358974358974359
-0.012820512820512775
-0.34615384615384615
0.20512820512820507
0.7564102564102564
0.5897435897435899
-0.07692307692307687
0.11538461538461542
0.10256410256410264
0.6282051282051282
0.16666666666666652
-0.8333333333333334
0.46153846153846145
-0.9230769230769231
-0.29487179487179493
-0.6282051282051282
-0.717948717948718
0.6923076923076923
-0.858974358974359
0.47435897435897423
-0.6025641025641025
-0.39743589743589747
0.6410256410256412
0.8974358974358974
-0.7051282051282051
-0.5
0.487179487179487
0.4230769230769229
0.02564102564102555
-0.28205128205128205
0.6025641025641026
-0.9615384615384616
-0.2692307692307693
-0.35897435897435903
-0.1282051282051282
-1.0
-0.23076923076923073
0.9615384615384615
0.8717948717948718
0.7435897435897436
0.9358974358974359
-0.6794871794871795
-0.11538461538461531
-0.3846153846153847
0.512820512820513
-0.6153846153846154
CENT_RANK
0.6666666666666667
0.6153846153846154
0.5256410256410258
-1.0
-0.5256410256410257
-0.34615384615384615
0.34615384615384603
-0.9871794871794872
0.6923076923076923
0.4358974358974359
-0.858974358974359
-0.35897435897435903
-0.8717948717948718
-0.8205128205128205
0.9871794871794872
-0.20512820512820507
-0.1923076923076923
0.2564102564102564
-0.7051282051282051
0.8846153846153846
-0.782051282051282
-0.15384615384615385
0.9102564102564104
0.9615384615384615
-0.05128205128205132
-0.6666666666666667
0.4230769230769229
-0.7435897435897436
-0.7948717948717948
-0.9743589743589743
-0.7564102564102564
0.8205128205128205
-0.16666666666666663
-0.46153846153846156
0.5769230769230771
-0.3205128205128206
0.5384615384615385
0.02564102564102555
-0.2435897435897435
0.41025641025641013
-0.41025641025641024
-0.5641025641025641
-0.29487179487179493
0.6410256410256412
-0.5769230769230769
0.8333333333333335
0.1282051282051282
-0.14102564102564097
0.14102564102564097
0.8076923076923077
0.5512820512820513
-0.6923076923076923
0.15384615384615374
-0.10256410256410253
0.3205128205128205
-0.2692307692307693
-0.012820512820512775
0.33333333333333326
-0.39743589743589747
0.07692307692307687
0.9743589743589745
0.9230769230769231
-0.4487179487179487
-0.9615384615384616
0.7948717948717949
0.012820512820512775
-0.9487179487179487
-0.3846153846153847
0.08974358974358965
0.26923076923076916
0.16666666666666652
0.47435897435897423
-0.9358974358974359
0.1923076923076923
-0.6025641025641025
0.4487179487179487
-0.07692307692307687
0.03846153846153855
0.2435897435897436
-0.6153846153846154
-0.02564102564102566
0.512820512820513
0.7179487179487181
0.7435897435897436
-0.2564102564102564
-0.5512820512820513
0.8974358974358974
0.7820512820512822
-0.8333333333333334
0.487179487179487
0.8461538461538463
0.7307692307692308
0.6794871794871795
0.3846153846153846
-0.038461538461538436
-0.641025641025641
0.11538461538461542
-0.7692307692307692
-0.717948717948718
0.0641025641025641
0.9487179487179487
-0.5384615384615384
0.7051282051282053
1.0
-0.6538461538461539
-0.3717948717948718
-0.7307692307692308
0.5000000000000002
-0.5897435897435896
-0.4358974358974359
0.2948717948717947
-0.47435897435897434
-0.8076923076923077
0.653846153846154
0.0
0.6025641025641026
0.39743589743589736
-0.28205128205128205
-0.1282051282051282
-0.42307692307692313
0.9358974358974359
-0.5128205128205128
-0.4871794871794872
0.21794871794871784
-0.5
-0.8846153846153846
-0.33333333333333337
-0.0641025641025641
0.3717948717948718
-0.11538461538461531
0.858974358974359
-0.1794871794871794
0.7564102564102564
0.3589743589743588
0.3076923076923077
-0.6794871794871795
0.28205128205128194
0.8717948717948718
0.17948717948717952
0.5641025641025641
0.46153846153846145
0.10256410256410264
-0.9230769230769231
0.5897435897435899
0.20512820512820507
-0.6282051282051282
-0.9102564102564102
-0.8461538461538461
0.7692307692307694
-0.3076923076923077
0.6282051282051282
0.05128205128205132
-0.08974358974358976
-0.8974358974358975
0.23076923076923062
-0.23076923076923073
-0.21794871794871795
RANK
3
7
29
63
66
72
142
146
153
125
12
10
147
88
13
112
28
20
97
30
27
106
98
18
51
135
25
104
95
145
79
74
108
44
41
85
101
4
121
124
122
111
33
62
109
119
40
58
67
105
11
5
126
35
149
42
117
55
84
38
155
156
15
16
131
32
21
47
118
129
53
152
76
127
24
94
80
56
114
65
37
77
151
99
59
68
141
96
46
48
52
70
138
73
144
123
154
78
17
69
136
110
134
54
57
6
133
128
93
116
39
26
9
75
140
71
89
107
81
2
36
50
139
34
143
115
1
150
43
113
0
92
8
102
82
91
83
132
148
87
64
49
31
45
90
130
137
19
86
22
61
120
100
23
60
14
103
