DEGREE
0.023255813953488413
-0.4883720930232558
-0.2093023255813954
0.5348837209302326
-0.2558139534883721
-0.11627906976744184
-0.2093023255813954
-0.2093023255813954
-0.06976744186046513
-0.06976744186046513
-0.2558139534883721
-0.34883720930232553
0.627906976744186
-0.06976744186046513
-0.3023255813953488
0.7674418604651163
0.44186046511627897
-0.4418604651162791
0.16279069767441867
0.8139534883720929
-0.2558139534883721
-0.11627906976744184
-0.5348837209302326
0.06976744186046502
0.39534883720930236
0.34883720930232553
-0.023255813953488413
0.5348837209302326
-0.16279069767441856
-0.023255813953488413
-0.3023255813953488
0.2558139534883721
-0.023255813953488413
-0.34883720930232553
-0.34883720930232553
-0.2093023255813954
0.16279069767441867
-0.4883720930232558
-0.34883720930232553
-0.16279069767441856
-0.3023255813953488
-0.6744186046511628
1.0
-0.2558139534883721
0.5348837209302326
0.39534883720930236
0.34883720930232553
-0.2558139534883721
0.06976744186046502
-0.4883720930232558
-0.2093023255813954
0.06976744186046502
-0.16279069767441856
-0.06976744186046513
0.023255813953488413
-0.023255813953488413
0.16279069767441867
-0.4418604651162791
-0.5813953488372092
-0.6744186046511628
0.023255813953488413
-0.023255813953488413
-0.11627906976744184
-0.2558139534883721
0.627906976744186
0.023255813953488413
-0.06976744186046513
-0.16279069767441856
0.023255813953488413
0.39534883720930236
-0.4418604651162791
0.16279069767441867
0.5348837209302326
-0.34883720930232553
-0.2093023255813954
0.30232558139534893
-0.3023255813953488
0.023255813953488413
-0.16279069767441856
0.4883720930232558
-0.2093023255813954
-0.2093023255813954
0.06976744186046502
-0.9069767441860466
0.627906976744186
-0.16279069767441856
0.11627906976744184
0.39534883720930236
0.06976744186046502
-0.34883720930232553
-0.2558139534883721
0.20930232558139528
-0.4883720930232558
-0.34883720930232553
-0.2093023255813954
0.20930232558139528
0.023255813953488413
0.20930232558139528
-1.0
0.4883720930232558
0.11627906976744184
-0.023255813953488413
-0.11627906976744184
-0.34883720930232553
-0.4418604651162791
-0.16279069767441856
0.11627906976744184
0.023255813953488413
0.11627906976744184
0.16279069767441867
-0.39534883720930236
-0.023255813953488413
-0.2093023255813954
-0.5813953488372092
0.16279069767441867
-0.11627906976744184
-0.3023255813953488
-0.2558139534883721
0.16279069767441867
-0.2558139534883721
-0.3023255813953488
-0.4418604651162791
-0.3023255813953488
-0.4883720930232558
0.023255813953488413
-0.4883720930232558
-0.06976744186046513
-0.9069767441860466
-0.3023255813953488
0.023255813953488413
-0.16279069767441856
0.4883720930232558
0.023255813953488413
0.11627906976744184
0.39534883720930236
0.2558139534883721
-0.4418604651162791
0.39534883720930236
-0.39534883720930236
-0.5348837209302326
0.34883720930232553
-0.16279069767441856
0.20930232558139528
1.0
-0.2093023255813954
-0.5348837209302326
-0.2558139534883721
-0.2093023255813954
0.44186046511627897
-0.5813953488372092
-0.023255813953488413
-0.023255813953488413
0.4883720930232558
-0.2093023255813954
0.44186046511627897
0.06976744186046502
0.11627906976744184
-0.3023255813953488
0.34883720930232553
0.30232558139534893
-0.2093023255813954
-0.06976744186046513
-0.16279069767441856
-0.4883720930232558
-0.4418604651162791
0.30232558139534893
-0.16279069767441856
-0.5348837209302326
-0.2558139534883721
0.11627906976744184
0.2558139534883721
-0.3023255813953488
0.34883720930232553
0.023255813953488413
0.4883720930232558
-0.2558139534883721
0.44186046511627897
-0.2093023255813954
0.5348837209302326
-0.023255813953488413
0.023255813953488413
0.023255813953488413
-0.2558139534883721
-0.06976744186046513
-0.9534883720930233
-0.4418604651162791
-0.9069767441860466
-0.11627906976744184
0.4883720930232558
0.4883720930232558
0.20930232558139528
-0.11627906976744184
-0.11627906976744184
-0.39534883720930236
0.2558139534883721
-0.023255813953488413
0.2558139534883721
-0.39534883720930236
-0.6744186046511628
-0.2093023255813954
0.34883720930232553
0.20930232558139528
-0.11627906976744184
0.44186046511627897
0.11627906976744184
0.023255813953488413
-0.16279069767441856
0.20930232558139528
-0.2558139534883721
-0.34883720930232553
-0.5813953488372092
0.30232558139534893
0.023255813953488413
-0.16279069767441856
-0.11627906976744184
-0.5813953488372092
-0.34883720930232553
0.16279069767441867
-0.023255813953488413
0.06976744186046502
0.06976744186046502
0.2558139534883721
0.2558139534883721
0.39534883720930236
0.16279069767441867
0.2558139534883721
0.5348837209302326
-0.06976744186046513
0.6744186046511629
0.16279069767441867
-0.06976744186046513
-0.34883720930232553
-0.023255813953488413
-0.06976744186046513
-0.4418604651162791
0.30232558139534893
-0.023255813953488413
0.06976744186046502
0.2558139534883721
-0.023255813953488413
-0.2093023255813954
-0.34883720930232553
-0.4418604651162791
0.2558139534883721
-0.5348837209302326
-0.2558139534883721
-0.2558139534883721
-0.2558139534883721
0.11627906976744184
-0.34883720930232553
0.023255813953488413
0.06976744186046502
0.30232558139534893
-0.11627906976744184
0.023255813953488413
0.2558139534883721
-0.4418604651162791
-0.023255813953488413
-0.39534883720930236
-0.2558139534883721
0.11627906976744184
0.4883720930232558
0.39534883720930236
-0.16279069767441856
-0.06976744186046513
0.16279069767441867
-0.023255813953488413
-0.06976744186046513
0.16279069767441867
-0.11627906976744184
0.627906976744186
0.2558139534883721
-0.06976744186046513
0.9534883720930232
-0.16279069767441856
-0.11627906976744184
-0.16279069767441856
0.6744186046511629
0.023255813953488413
-0.06976744186046513
0.30232558139534893
-0.16279069767441856
-0.4883720930232558
0.16279069767441867
-0.06976744186046513
0.023255813953488413
-0.5813953488372092
0.16279069767441867
EIGENVECTOR
-0.5543899819785345
-0.9886822841824371
-0.9983497628200735
0.31319305208890724
-0.6477166554863558
-0.9917308206109947
-0.9976994963403837
-0.8787279867526445
-0.8570165018071323
-0.9920225779203978
-0.99779653676332
-0.9914233329450506
0.7230048106671558
-0.9664611048521888
-0.39426467295295653
0.7701908361909633
-0.9743078193499723
-0.9988030776693811
-0.982574937852436
0.765330694913424
-0.8988506021987649
-0.9025122752727646
-0.907031374994257
-0.3366347245851443
0.2121043434382155
0.09302511713180062
-0.9655605018965718
0.39393355068341385
-0.9928624216518973
-0.7754298060855667
-0.9130028550146576
-0.9708654095740453
-0.98338039739921
-0.5112867010048117
-0.9843505879427816
-0.7554808185199596
-0.9882877848119108
-0.9983537706650042
-0.9795478189539683
-0.9861336683791285
-0.8711684576597896
-0.928311080222761
0.9282640456429612
-0.8214361968880749
0.3133477327873675
0.322272519551541
-0.9686136838713585
-0.7562160067061325
-0.9863954135869302
-0.9985041156329382
-0.6532738826581166
-0.07708439761388253
-0.970899109854656
-0.9909655638424462
-0.9839126647324812
-0.9880136235506091
-0.27371548089548237
-0.9815063088125333
-0.9798945565360503
-0.9390846075111731
0.08481013829703721
-0.17917437893842358
-0.9906152135727222
-0.977776032462589
0.7183193956453371
-0.986304863198845
-0.7614052103783313
-0.8466421498639609
-0.7027597212915118
0.18694453099782704
-0.9686190633124824
-0.5626239876509536
-0.9766487384018916
-0.9981732877163975
-0.9963128513730563
0.015939727986873375
-0.8439112165645657
-0.8773608241525582
-0.9955269017176155
0.5758040701489664
-0.9857774535021883
-0.8303332926162845
-0.9901218413769236
-0.9991292558099836
0.680597078683238
-0.8614810919135467
-0.9866840494924003
0.23595272379309495
-0.5336967615557887
-0.9302794442571747
-0.9977965367633199
-0.9886741144050104
-0.9983437096621892
-0.5598193558455864
-0.8238241746492416
-0.5450295530369824
-0.9886407718801264
-0.986097764209259
-0.9951461508545401
0.4402467565104635
-0.9863053079908843
-0.479638838713738
-0.6540271793197356
-0.995264406532646
-0.8998718236971741
-0.9854912258219719
-0.9787565044263046
-0.7755081424693846
-0.9824658319875049
-0.955792099764571
-0.5806095223603572
-0.9921129977585196
-0.9725787722458705
-0.9212999101952782
-0.988042272795125
-0.9834175544136544
-0.9369363028299668
-0.9115069795751833
-0.991302110732574
-0.9755287670073522
-0.9027966675149608
-0.9056597573339469
-0.866185292722633
-0.9911676956722411
-0.8690501631622025
-0.9991955074201792
-0.9917365323795935
-0.9902093743228361
-0.9690940370943625
-0.4134340349286635
-0.9861336683791286
0.308628570197768
-0.9101467548663698
-0.9601001635935529
0.5051014709879906
-0.4676236819031908
-0.9980948671260155
0.49084889902774487
-0.9621259407512454
-0.9995456077478835
-0.979199935313506
-0.9778639639537473
-0.060563272408510005
1.0
-0.9847533286971846
-0.999675823120175
-0.9656957380951862
-0.9983497628200738
0.10798967951101979
-0.9642703732005219
-0.9640272586427991
-0.4465980206498361
0.5813497904415994
-0.9112648109547967
-0.9800923413525718
-0.9927162592563468
0.11633690691456189
-0.9945974145898825
0.34685644483664424
0.1753123384529487
-0.923905545521333
-0.7500973966893207
-0.8433929187523501
-0.9886822841824373
-0.9988030776693811
0.22091205818113324
-0.8433929187523501
-0.96557885349615
-0.9949055305696348
-0.9798754824484578
0.04314741181171744
-0.9980827644435362
0.4709203793854151
0.09481306803266687
0.4394015289969677
-0.14507408432035918
0.45345555183626285
-0.8478367266425353
0.6348884909910735
-0.9940432448133941
-0.9763895934788668
-0.9523476369110941
-0.9968184425102753
-0.9975476625831491
-0.9922975212482279
-0.9995331433525484
-0.9289638811632334
-0.9922519377152265
0.4778493870338403
0.5325204288528205
-0.9855248387625114
-0.5307605187267987
-0.7185709756681209
-0.9945027071559163
-0.9621637945827435
-0.7547389271741878
-0.956918662121449
-0.9950361535244809
-1.0
-0.9922788872812232
-0.9578557730524174
-0.9857502463291807
-0.9708725710813738
0.3098954026352527
-0.7766286322118404
-0.9863048631988449
-0.9916705320910083
-0.980408830588247
-0.9527810830837946
-0.9956606272147572
-0.9997126939189392
0.14226076757316308
-0.48426487567103316
-0.8626211182423589
-0.7833291977569067
-0.9691861410393553
-0.5291688512635551
-0.9602636777364788
-0.7711611209477254
-0.34985887201486443
-0.3476921399789741
-0.22952167468407725
-0.22441981264502708
0.15935821853719778
0.024415466390786955
-0.9569186621214492
0.537199140168773
-0.7552337488097767
0.7559233157536243
0.20387442677302015
-0.9658686934856687
-0.5112867010048117
-0.5181664918042966
-0.9921801368436356
-0.9152025712306628
-0.1142570934352124
-0.9775680924176513
-0.9836490830437847
-0.28545186632373143
-0.8555755745404012
-0.7428282406819122
-0.8827457174950184
-0.9453208607083866
-0.510280391114392
-0.9381440892236057
-0.862692857661441
-0.7778394158306491
-0.9974667586226907
-0.5708960780903631
-0.9948148942095811
-0.9907477326718591
-0.9612173578790939
-0.9865723624889318
-0.755019364047611
-0.7103299860813401
-0.901456936920443
-0.9852322004200659
-0.9903662274557244
-0.9849177465675474
-0.8834549835722478
-0.7766286322118404
0.6121788733578377
0.15594118580208627
-0.846642149863961
-0.9661280019051354
0.0502015086622587
-0.8352429422334865
-0.8793844952003644
-0.20102814300756067
-0.9921601123078232
0.5480419816873672
0.053679303356651165
-0.9584194544999538
0.9631549523084273
-0.8587438175642959
-0.9031210156920221
-0.9405503530702362
0.719923869000451
-0.9908343078260086
-0.9765669934681507
-0.98596156956247
-0.6883811229331137
-0.8479560622037876
-0.4741681908984817
-0.9351150819954899
-0.7738170326494371
-0.9921884793869825
-0.9187737608715226
CENT
-0.6951928663197332
-0.9513267979262019
-0.8614983213078232
-0.41707430610700946
-0.3468791875935183
-0.9429878295832539
-0.6446392594545112
-0.6696502676242535
0.5682129461501972
-0.9099332117641538
-0.9309909177840392
-0.9537030651347744
-0.7766368180237689
-0.12279934618642085
-0.9716797882643198
-0.6501705853409188
-0.24157013007497552
-0.8984024158131316
-0.7878097709715253
-0.49543943656322087
-0.8933150696985239
-0.8283926549439244
-0.8882569332932536
0.3174496570307259
-0.4964990864811981
-0.17006605288816612
-0.8421361240947951
0.04145997532333112
-0.9328409637675417
-0.7491338326556376
-0.9168267942651456
-0.7687463084574936
-0.857883994705533
-0.9400090028706272
-0.9688002355350115
-0.07218657453446753
-0.9144139778372221
-0.9779403245138616
-0.9747162134064676
-0.5847638763945636
-0.6449422695982467
-0.9909882630797944
-0.06956046667931537
0.2532870689900182
-0.5364168272287929
-0.4425147807525588
-0.29889112948449426
-0.7716375429743062
-0.6959371789316162
-0.7767058950415612
0.3872857743836189
-0.9300173989687428
-0.8762006893117379
-0.10007151338643305
-0.46513563626922394
-0.6899364969432858
0.12592099144224456
-0.5712933467498666
-0.9294427489999031
-0.9987626869073422
-0.9582837987322638
-0.9442508504371566
-0.6345724376790569
-0.9405562862383685
-0.6743887502072916
-0.8828691155919163
-0.6696596535572824
-0.9540283709308452
-0.18420317673596687
0.454503013452515
-0.8432480964324838
-0.4105414091715939
-0.4434607281745613
-0.971741697372975
-0.7434679536733659
-0.6174252031144943
0.105893988943216
-0.10753580884891378
-0.7613743130096089
-0.6903117703336267
-0.6699951473047754
-0.6534879582337736
-0.8867478646917122
-1.0
-0.5654554045600979
-0.8173772663335583
-0.4804316827442121
-0.5869811823595907
-0.6309781830263141
-0.5029754531471771
-0.9309909177840392
-0.6061846879491102
-0.9535228862492231
-0.9018200617036568
0.4002075303340755
-0.5528476776103146
-0.44602420780234264
-0.8580290369731838
-1.0
-0.6907113575306626
-0.2740757017191938
-0.4248207183890239
0.7455208529597237
-0.9336622663784521
-0.9516685850945034
-0.49449587903719483
-0.3056138028589106
-0.6152243712420129
-0.5523061731035153
0.35897719568814357
-0.9305157646688698
-0.7809472649381667
-0.23476570703133282
-0.7322054488590262
-0.8859036907498428
-0.4082300980023349
-0.890069668693377
-0.9109602347611885
-0.47670722451441383
0.062376188023551604
-0.6620280634513577
-0.9863044942595354
-0.8094240442581178
-0.973590450306934
-0.5394573251197272
-0.9823874617665582
0.03442914385190732
-0.9866247776303182
-0.7735642647779332
-0.5171055805630476
-0.5847638763945636
-0.7834282991777529
-0.3012564860537609
-0.44101893855161756
-0.8991426107535094
-0.26957642809292104
-0.9400905480565285
-0.8425261333442742
-0.6806776267674757
-0.9040079120047111
-0.15056288940506934
-0.6147084452162213
-0.5185206437965812
-0.5017673259827811
-0.06415054642331053
-0.9801040129207201
-0.26936152098066835
-0.8614983213078232
-0.4062018963772075
-0.9756470767909428
-0.10991530268020067
0.4419803836351899
-0.8361693000797106
0.3121641210694004
-0.5858319893078598
-0.5340358475563073
-0.9252690778834651
-0.9285619198143708
-0.8397384248932523
-0.8691426906920476
-0.8768449472126424
-0.8379922569030471
-0.9582725593147391
-0.9513267979262019
-0.8984024158131316
-0.867655008814226
-0.9582725593147391
-0.8708313804999015
-0.879406030750605
-0.8593986751174516
-0.6087083863089457
-0.964754929564056
-0.9156152520594087
-0.9184601614273442
-0.3028041968727515
-0.9771177783067159
-0.6808184645484794
0.010414364019626143
-0.5489698409865853
-0.275981513479156
-0.8676793189249241
-0.12053120112387217
-0.8686711579585116
-0.5436134800506811
-0.9976339557694378
-0.9474277650404708
-0.9563185985334632
-0.9244825189011374
-0.5784737531286053
-0.8494766988617063
-0.7198056506956592
-0.6048698316294183
0.1453975212395031
-0.9795372310540097
-0.5742266398211169
-0.7543635911592548
-0.5194851854004523
-0.9803033554530337
-0.9997293068913398
-0.9508518055273362
-0.30803768527023445
-0.7065241013734941
-0.703629884371863
-0.3051688723777767
-0.5479329680492475
-0.8828691155919163
-0.7411148264112306
-0.8016300491716228
0.0343530091507962
-0.9167064175477078
-0.9942020340505798
-0.47967330354251025
-0.3986360759481563
-0.3958600922558312
-0.1901232827301106
-0.9573370832507397
-0.7978125176793243
-0.3660245998829248
-0.9075990581701853
-0.07144475128703154
-0.44714993558393423
-0.40629697526893993
0.42766657804800556
-0.22826528770504306
-0.9066622667792925
-0.5194851854004523
-0.5073046496917106
-0.732913723313819
-0.7355563123910618
-0.7396675642556219
-0.8215845135264048
-0.9400090028706272
-0.31242846244468836
-0.891732231591938
-0.9871191364012979
0.7305636764421255
-0.8758471708588996
-0.6739684416127603
-0.2440364529336302
-0.6872169857797155
-0.8262943717076422
-0.883213117329261
-0.7536486670376034
-0.10160171334594847
-0.7459903302367097
-0.8756041457887291
-0.9378842035817582
-0.6459083139695249
-0.15044885760923976
-0.9762818021135544
-0.884554915567454
-0.7727865532664473
-0.8269670587032676
-0.9225505819783008
-0.71743303846743
0.10067246665174423
-0.9753022819291726
-0.9530757855559037
-0.8611689414466608
-0.598103868205319
-0.5479329680492475
-0.8537963247619613
-0.6919193059005591
-0.9540283709308452
-0.7890001017715036
-0.7127773816577633
-0.6784432509909465
-0.30597982976300175
-0.4626315100677454
-0.929614309534024
-0.45523451686202765
-0.8221562361779364
-0.3466265425474143
-0.6063520925636787
-0.5493187777214654
-0.0282424912571293
0.9131569517029015
-0.8038174271752867
-0.8698298523750206
-0.6031284020588681
-0.6260907997112242
-0.25135889446914195
-0.9660092037948224
0.04465314578770618
1.0
-0.6171006477632119
-0.9864719670262047
-0.1803063481274324
DEGREE_RANK
0.1428571428571428
-0.867595818815331
-0.41463414634146334
0.8885017421602788
-0.5400696864111498
-0.17770034843205573
-0.4076655052264808
-0.4006968641114983
-0.08710801393728229
-0.08013937282229955
-0.5331010452961673
-0.7003484320557491
0.9303135888501743
-0.07317073170731703
-0.6097560975609756
0.9721254355400697
0.7979094076655053
-0.8118466898954704
0.4216027874564461
0.9790940766550524
-0.5261324041811846
-0.1707317073170731
-0.9024390243902439
0.28222996515679455
0.7421602787456447
0.7003484320557491
0.024390243902439046
0.8954703832752613
-0.2961672473867595
0.03135888501742179
-0.602787456445993
0.5679442508710801
0.03832752613240431
-0.6933797909407665
-0.686411149825784
-0.39372822299651566
0.4285714285714286
-0.8606271777003485
-0.6794425087108014
-0.28919860627177696
-0.5958188153310104
-0.9651567944250871
0.9930313588850175
-0.519163763066202
0.9024390243902438
0.7491289198606272
0.7073170731707317
-0.5121951219512195
0.28919860627177707
-0.8536585365853658
-0.38675958188153303
0.2961672473867596
-0.28222996515679444
-0.0662020905923345
0.14982578397212531
0.04529616724738683
0.4355400696864111
-0.8048780487804879
-0.9442508710801394
-0.9581881533101045
0.15679442508710806
0.05226480836236935
-0.16376306620209058
-0.5052264808362369
0.9372822299651569
0.16376306620209058
-0.059233449477351874
-0.2752613240418119
0.17073170731707332
0.7560975609756098
-0.7979094076655052
0.44250871080139365
0.9094076655052266
-0.6724738675958188
-0.3797909407665505
0.6515679442508711
-0.5888501742160278
0.17770034843205584
-0.2682926829268292
0.8327526132404179
-0.372822299651568
-0.36585365853658536
0.3031358885017421
-0.9860627177700348
0.9442508710801394
-0.26132404181184665
0.3519163763066202
0.7630662020905923
0.31010452961672486
-0.6655052264808362
-0.49825783972125437
0.519163763066202
-0.8466898954703833
-0.6585365853658536
-0.3588850174216027
0.5261324041811846
0.18466898954703836
0.5331010452961673
-1.0
0.8397212543554007
0.35888501742160295
0.059233449477351874
-0.15679442508710806
-0.6515679442508711
-0.7909407665505226
-0.25435540069686413
0.36585365853658547
0.19163763066202089
0.372822299651568
0.44947735191637617
-0.735191637630662
0.0662020905923344
-0.3519163763066202
-0.9372822299651568
0.4564459930313589
-0.14982578397212543
-0.5818815331010453
-0.49128919860627185
0.46341463414634143
-0.4843205574912891
-0.5749128919860627
-0.7839721254355401
-0.5679442508710801
-0.8397212543554007
0.1986062717770034
-0.8327526132404182
-0.05226480836236935
-0.9790940766550522
-0.5609756097560976
0.20557491289198593
-0.2473867595818815
0.8466898954703834
0.21254355400696845
0.3797909407665505
0.7700348432055748
0.5749128919860627
-0.7770034843205575
0.7770034843205573
-0.7282229965156795
-0.8954703832752613
0.7142857142857142
-0.24041811846689898
0.5400696864111498
1.0
-0.3449477351916376
-0.8885017421602788
-0.4773519163763066
-0.33797909407665505
0.8048780487804879
-0.9303135888501742
0.07317073170731714
0.08013937282229966
0.853658536585366
-0.3310104529616724
0.8118466898954704
0.3170731707317074
0.38675958188153303
-0.554006968641115
0.7212543554006969
0.6585365853658538
-0.3240418118466899
-0.04529616724738672
-0.23344947735191635
-0.8257839721254355
-0.7700348432055749
0.6655052264808363
-0.22648083623693382
-0.8815331010452961
-0.47038327526132406
0.39372822299651555
0.5818815331010452
-0.5470383275261324
0.7282229965156795
0.21951219512195141
0.8606271777003485
-0.46341463414634143
0.8188153310104529
-0.31707317073170727
0.9163763066202091
0.08710801393728218
0.22648083623693394
0.23344947735191646
-0.4564459930313588
-0.0383275261324042
-0.9930313588850174
-0.7630662020905923
-0.9721254355400697
-0.1428571428571428
0.867595818815331
0.8745644599303135
0.5470383275261324
-0.13588850174216027
-0.12891986062717764
-0.7212543554006969
0.5888501742160277
0.09407665505226492
0.5958188153310107
-0.7142857142857142
-0.9512195121951219
-0.31010452961672474
0.735191637630662
0.5540069686411151
-0.12195121951219512
0.8257839721254354
0.4006968641114981
0.24041811846689898
-0.2195121951219512
0.5609756097560976
-0.4494773519163763
-0.6445993031358885
-0.9233449477351916
0.6724738675958188
0.2473867595818815
-0.21254355400696867
-0.1149825783972126
-0.9163763066202091
-0.6376306620209059
0.4703832752613242
0.10104529616724744
0.3240418118466899
0.3310104529616724
0.6027874564459932
0.6097560975609757
0.7839721254355401
0.4773519163763067
0.6167247386759582
0.9233449477351916
-0.03135888501742157
0.9581881533101044
0.4843205574912892
-0.024390243902439046
-0.6306620209059233
0.10801393728222997
-0.017421602787456414
-0.7560975609756098
0.6794425087108014
0.11498257839721249
0.33797909407665494
0.6236933797909407
0.12195121951219523
-0.3031358885017422
-0.6236933797909407
-0.7491289198606272
0.6306620209059233
-0.8745644599303136
-0.44250871080139376
-0.4355400696864111
-0.4285714285714286
0.40766550522648104
-0.6167247386759582
0.254355400696864
0.3449477351916377
0.6864111498257839
-0.10801393728222997
0.26132404181184654
0.6376306620209058
-0.7421602787456445
0.12891986062717775
-0.7073170731707317
-0.42160278745644597
0.41463414634146356
0.8815331010452963
0.7909407665505228
-0.20557491289198604
-0.010452961672473782
0.49128919860627174
0.13588850174216027
-0.0034843205574912606
0.49825783972125426
-0.10104529616724733
0.9512195121951219
0.6445993031358885
0.0034843205574912606
0.986062717770035
-0.1986062717770034
-0.09407665505226481
-0.19163763066202089
0.965156794425087
0.2682926829268293
0.010452961672473782
0.6933797909407666
-0.18466898954703836
-0.818815331010453
0.505226480836237
0.017421602787456303
0.2752613240418118
-0.9094076655052264
0.5121951219512195
EIGENVECTOR_RANK
0.4564459930313589
-0.602787456445993
-0.9163763066202091
0.8048780487804879
0.4216027874564461
-0.686411149825784
-0.867595818815331
0.11498257839721249
0.17770034843205584
-0.7003484320557491
-0.8815331010452961
-0.6724738675958188
0.9581881533101044
-0.2195121951219512
0.5609756097560976
0.9790940766550524
-0.28222996515679444
-0.9512195121951219
-0.4006968641114983
0.9721254355400697
0.08710801393728218
0.0662020905923344
0.03832752613240431
0.5818815331010452
0.7700348432055748
0.7003484320557491
-0.18466898954703836
0.8327526132404179
-0.7630662020905923
0.3031358885017421
0.010452961672473782
-0.25435540069686413
-0.4076655052264808
0.49825783972125426
-0.4355400696864111
0.33797909407665494
-0.5749128919860627
-0.9303135888501742
-0.3519163763066202
-0.5121951219512195
0.12891986062717775
-0.024390243902439046
0.986062717770035
0.26132404181184654
0.8118466898954704
0.8188153310104529
-0.22648083623693382
0.3310104529616724
-0.5400696864111498
-0.9372822299651568
0.41463414634146356
0.6445993031358885
-0.2682926829268292
-0.6515679442508711
-0.4285714285714286
-0.5609756097560976
0.5958188153310107
-0.38675958188153303
-0.36585365853658536
-0.0662020905923345
0.6933797909407666
0.6236933797909407
-0.6306620209059233
-0.3240418118466899
0.9442508710801394
-0.519163763066202
0.3240418118466899
0.21254355400696845
0.39372822299651555
0.7560975609756098
-0.23344947735191635
0.44250871080139365
-0.31010452961672474
-0.9024390243902439
-0.8397212543554007
0.6585365853658538
0.21951219512195141
0.12195121951219523
-0.8257839721254355
0.9094076655052266
-0.4843205574912891
0.2473867595818815
-0.6097560975609756
-0.9581881533101045
0.9372822299651569
0.16376306620209058
-0.554006968641115
0.7839721254355401
0.4703832752613242
-0.0383275261324042
-0.8745644599303136
-0.5888501742160278
-0.9094076655052264
0.44947735191637617
0.254355400696864
0.46341463414634143
-0.5818815331010453
-0.49825783972125437
-0.8118466898954704
0.8466898954703834
-0.5331010452961673
0.5261324041811846
0.40766550522648104
-0.818815331010453
0.08013937282229966
-0.46341463414634143
-0.33797909407665505
0.2961672473867596
-0.39372822299651566
-0.10104529616724733
0.4285714285714286
-0.7073170731707317
-0.2752613240418119
-0.010452961672473782
-0.5679442508710801
-0.41463414634146334
-0.05226480836236935
0.017421602787456303
-0.6655052264808362
-0.28919860627177696
0.059233449477351874
0.04529616724738683
0.1428571428571428
-0.6585365853658536
0.13588850174216027
-0.9651567944250871
-0.6933797909407665
-0.6167247386759582
-0.24041811846689898
0.5540069686411151
-0.5052264808362369
0.7909407665505228
0.03135888501742179
-0.13588850174216027
0.8815331010452963
0.5400696864111498
-0.8954703832752613
0.8745644599303135
-0.15679442508710806
-0.9790940766550522
-0.3449477351916376
-0.3310104529616724
0.6515679442508711
1.0
-0.44250871080139376
-0.9860627177700348
-0.1986062717770034
-0.9233449477351916
0.7142857142857142
-0.17770034843205573
-0.1707317073170731
0.5470383275261324
0.9163763066202091
0.024390243902439046
-0.372822299651568
-0.7560975609756098
0.7212543554006969
-0.7839721254355401
0.8257839721254354
0.7491289198606272
-0.017421602787456414
0.36585365853658547
0.23344947735191646
-0.5958188153310104
-0.9442508710801394
0.7770034843205573
0.22648083623693394
-0.19163763066202089
-0.7979094076655052
-0.3588850174216027
0.6724738675958188
-0.8885017421602788
0.8606271777003485
0.7073170731707317
0.8397212543554007
0.6306620209059233
0.853658536585366
0.1986062717770034
0.9303135888501743
-0.7700348432055749
-0.2961672473867595
-0.08710801393728229
-0.8466898954703833
-0.8606271777003485
-0.7491289198606272
-0.9721254355400697
-0.03135888501742157
-0.735191637630662
0.867595818815331
0.8885017421602788
-0.47038327526132406
0.4773519163763067
0.3797909407665505
-0.7770034843205575
-0.16376306620209058
0.35888501742160295
-0.1149825783972126
-0.8048780487804879
-1.0
-0.7421602787456445
-0.12195121951219512
-0.4773519163763066
-0.26132404181184665
0.7979094076655053
0.28919860627177707
-0.5261324041811846
-0.6794425087108014
-0.3797909407665505
-0.09407665505226481
-0.8327526132404182
-0.9930313588850174
0.7282229965156795
0.519163763066202
0.15679442508710806
0.2682926829268293
-0.2473867595818815
0.4843205574912892
-0.1428571428571428
0.3170731707317074
0.5679442508710801
0.5749128919860627
0.6027874564459932
0.6097560975609757
0.7421602787456447
0.6655052264808363
-0.10801393728222997
0.8954703832752613
0.3449477351916377
0.965156794425087
0.7630662020905923
-0.20557491289198604
0.505226480836237
0.49128919860627174
-0.7212543554006969
0.0034843205574912606
0.6376306620209058
-0.31707317073170727
-0.42160278745644597
0.5888501742160277
0.18466898954703836
0.372822299651568
0.10104529616724744
-0.08013937282229955
0.5121951219512195
-0.059233449477351874
0.14982578397212531
0.2752613240418118
-0.8536585365853658
0.4355400696864111
-0.7909407665505226
-0.6376306620209059
-0.14982578397212543
-0.5470383275261324
0.3519163763066202
0.38675958188153303
0.07317073170731714
-0.4564459930313588
-0.6236933797909407
-0.4494773519163763
0.09407665505226492
0.28222996515679455
0.9233449477351916
0.735191637630662
0.20557491289198593
-0.21254355400696867
0.6794425087108014
0.24041811846689898
0.10801393728222997
0.6167247386759582
-0.7142857142857142
0.9024390243902438
0.6864111498257839
-0.12891986062717764
0.9930313588850175
0.17073170731707332
0.05226480836236935
-0.07317073170731703
0.9512195121951219
-0.6445993031358885
-0.3031358885017422
-0.49128919860627185
0.4006968641114981
0.19163763066202089
0.5331010452961673
-0.04529616724738672
0.31010452961672486
-0.7282229965156795
-0.0034843205574912606
CENT_RANK
0.024390243902439046
-0.735191637630662
-0.3310104529616724
0.5331010452961673
0.5888501742160277
-0.7003484320557491
0.15679442508710806
0.11498257839721249
0.9721254355400697
-0.5331010452961673
-0.6445993031358885
-0.7630662020905923
-0.12891986062717764
0.7630662020905923
-0.8397212543554007
0.13588850174216027
0.7003484320557491
-0.49128919860627185
-0.15679442508710806
0.4355400696864111
-0.4773519163763066
-0.23344947735191635
-0.4564459930313588
0.9233449477351916
0.4285714285714286
0.7421602787456447
-0.26132404181184665
0.8606271777003485
-0.6515679442508711
-0.07317073170731703
-0.5679442508710801
-0.10104529616724733
-0.2961672473867595
-0.6794425087108014
-0.8327526132404182
0.8048780487804879
-0.5470383275261324
-0.8954703832752613
-0.8606271777003485
0.2682926829268293
0.14982578397212531
-0.9581881533101045
0.8188153310104529
0.9094076655052266
0.36585365853658547
0.5121951219512195
0.6515679442508711
-0.10801393728222997
0.017421602787456303
-0.13588850174216027
0.9372822299651569
-0.6236933797909407
-0.39372822299651566
0.7979094076655053
0.4703832752613242
0.05226480836236935
0.8954703832752613
0.2961672473867596
-0.6097560975609756
-0.9790940766550522
-0.8118466898954704
-0.7073170731707317
0.16376306620209058
-0.6933797909407665
0.08710801393728218
-0.42160278745644597
0.10801393728222997
-0.7770034843205575
0.7282229965156795
0.965156794425087
-0.2752613240418119
0.5400696864111498
0.505226480836237
-0.8466898954703833
-0.059233449477351874
0.18466898954703836
0.8885017421602788
0.7839721254355401
-0.09407665505226481
0.04529616724738683
0.10104529616724744
0.12891986062717775
-0.4494773519163763
-1.0
0.3031358885017421
-0.1986062717770034
0.44947735191637617
0.254355400696864
0.17073170731707332
0.41463414634146356
-0.6376306620209059
0.22648083623693394
-0.7560975609756098
-0.5052264808362369
0.9442508710801394
0.31010452961672486
0.49825783972125426
-0.3031358885017422
-0.9930313588850174
0.03832752613240431
0.6655052264808363
0.5261324041811846
0.986062717770035
-0.6585365853658536
-0.7421602787456445
0.44250871080139365
0.6236933797909407
0.1986062717770034
0.3170731707317074
0.9303135888501743
-0.6306620209059233
-0.1428571428571428
0.7073170731707317
-0.024390243902439046
-0.44250871080139376
0.5470383275261324
-0.46341463414634143
-0.5400696864111498
0.46341463414634143
0.8745644599303135
0.12195121951219523
-0.9303135888501742
-0.19163763066202089
-0.8536585365853658
0.35888501742160295
-0.9233449477351916
0.853658536585366
-0.9442508710801394
-0.12195121951219512
0.4006968641114981
0.2752613240418118
-0.14982578397212543
0.6445993031358885
0.519163763066202
-0.49825783972125437
0.6724738675958188
-0.686411149825784
-0.2682926829268292
0.07317073170731714
-0.5121951219512195
0.7491289198606272
0.20557491289198593
0.39372822299651555
0.4216027874564461
0.8257839721254354
-0.9094076655052264
0.6794425087108014
-0.3240418118466899
0.5609756097560976
-0.8745644599303136
0.7770034843205573
0.9581881533101044
-0.24041811846689898
0.9163763066202091
0.26132404181184654
0.372822299651568
-0.5958188153310104
-0.602787456445993
-0.25435540069686413
-0.3588850174216027
-0.4006968641114983
-0.2473867595818815
-0.8048780487804879
-0.7282229965156795
-0.4843205574912891
-0.33797909407665505
-0.7979094076655052
-0.372822299651568
-0.4076655052264808
-0.31010452961672474
0.21254355400696845
-0.818815331010453
-0.554006968641115
-0.5749128919860627
0.6376306620209058
-0.8885017421602788
0.0662020905923344
0.8397212543554007
0.3310104529616724
0.6585365853658538
-0.3449477351916376
0.7700348432055748
-0.3519163763066202
0.3519163763066202
-0.9721254355400697
-0.7142857142857142
-0.7839721254355401
-0.5888501742160278
0.28222996515679455
-0.28222996515679444
-0.017421602787456414
0.23344947735191646
0.9024390243902438
-0.9024390243902439
0.28919860627177707
-0.08710801393728229
0.3797909407665505
-0.9163763066202091
-0.9860627177700348
-0.7212543554006969
0.6097560975609757
0.0034843205574912606
0.010452961672473782
0.6306620209059233
0.33797909407665494
-0.41463414634146334
-0.05226480836236935
-0.17770034843205573
0.8466898954703834
-0.5609756097560976
-0.9651567944250871
0.4564459930313589
0.5679442508710801
0.5749128919860627
0.7212543554006969
-0.7909407665505226
-0.1707317073170731
0.5818815331010452
-0.5261324041811846
0.8118466898954704
0.49128919860627174
0.5540069686411151
0.9512195121951219
0.7142857142857142
-0.519163763066202
0.38675958188153303
0.40766550522648104
-0.03135888501742157
-0.0383275261324042
-0.04529616724738672
-0.20557491289198604
-0.6724738675958188
0.6027874564459932
-0.47038327526132406
-0.9512195121951219
0.9790940766550524
-0.38675958188153303
0.09407665505226492
0.6933797909407666
0.059233449477351874
-0.2195121951219512
-0.4285714285714286
-0.08013937282229955
0.7909407665505228
-0.0662020905923345
-0.3797909407665505
-0.6655052264808362
0.1428571428571428
0.7560975609756098
-0.8815331010452961
-0.4355400696864111
-0.1149825783972126
-0.22648083623693382
-0.5818815331010453
-0.010452961672473782
0.8815331010452963
-0.867595818815331
-0.7491289198606272
-0.31707317073170727
0.2473867595818815
0.3449477351916377
-0.28919860627177696
0.03135888501742179
-0.7700348432055749
-0.16376306620209058
-0.0034843205574912606
0.08013937282229966
0.6167247386759582
0.4773519163763067
-0.6167247386759582
0.4843205574912892
-0.21254355400696867
0.5958188153310107
0.21951219512195141
0.3240418118466899
0.8327526132404179
0.9930313588850175
-0.18466898954703836
-0.36585365853658536
0.24041811846689898
0.17770034843205584
0.6864111498257839
-0.8257839721254355
0.867595818815331
1.0
0.19163763066202089
-0.9372822299651568
0.735191637630662
RANK
83
98
198
59
184
210
41
234
127
286
121
125
197
145
193
37
175
249
149
256
38
123
73
14
34
282
171
60
162
166
215
186
67
263
11
92
257
104
1
163
199
185
61
5
63
136
33
231
246
103
28
10
90
110
51
269
58
157
156
187
253
173
30
209
172
36
117
9
218
224
139
93
134
17
164
20
233
116
22
82
114
250
241
65
205
168
160
52
236
245
167
278
159
182
180
165
2
147
258
169
97
32
261
189
70
137
26
158
161
152
21
252
240
271
230
85
122
277
207
216
264
18
131
111
49
12
128
251
47
31
78
195
242
29
244
74
206
229
228
227
113
190
254
265
201
202
48
0
262
99
79
55
239
176
138
266
64
237
80
66
7
120
81
15
247
40
6
62
88
280
75
285
107
141
170
273
91
191
279
259
87
154
39
130
188
194
57
84
95
108
274
178
204
260
183
124
44
155
196
225
142
129
226
89
143
24
19
105
86
211
118
54
268
270
220
96
72
45
133
101
3
71
115
221
148
212
213
217
4
272
232
200
267
106
203
174
132
46
179
100
135
146
281
238
16
112
223
214
68
287
25
140
248
13
181
150
77
243
53
35
219
42
144
275
177
208
126
27
283
119
255
76
56
192
43
153
23
109
50
94
222
151
69
8
235
102
276
284
