DEGREE
-0.4193548387096774
0.35483870967741926
-0.3548387096774194
-0.22580645161290325
0.16129032258064524
-0.09677419354838712
0.29032258064516125
-0.4193548387096774
0.16129032258064524
-0.4193548387096774
0.29032258064516125
0.29032258064516125
-0.6774193548387097
-0.3548387096774194
-0.22580645161290325
0.5483870967741935
-0.22580645161290325
-0.29032258064516125
-0.16129032258064513
0.16129032258064524
-0.8709677419354839
-0.4838709677419355
0.09677419354838701
-0.16129032258064513
0.09677419354838701
0.09677419354838701
-0.6129032258064516
0.032258064516129004
-0.5483870967741935
-0.29032258064516125
0.4838709677419355
-0.6774193548387097
0.22580645161290325
-0.29032258064516125
-0.22580645161290325
-0.16129032258064513
-0.4193548387096774
-0.6774193548387097
-0.22580645161290325
-0.29032258064516125
0.032258064516129004
-0.6774193548387097
0.22580645161290325
0.16129032258064524
0.4193548387096775
0.4193548387096775
0.4838709677419355
-0.4838709677419355
0.4838709677419355
-0.4193548387096774
-0.29032258064516125
-0.5483870967741935
-0.4838709677419355
0.16129032258064524
0.09677419354838701
-0.032258064516129004
-0.29032258064516125
0.09677419354838701
-0.7419354838709677
-0.4193548387096774
0.032258064516129004
-0.032258064516129004
-0.032258064516129004
-0.3548387096774194
0.4193548387096775
1.0
-0.6774193548387097
0.032258064516129004
-0.29032258064516125
-0.6774193548387097
-0.4193548387096774
0.29032258064516125
-0.3548387096774194
0.09677419354838701
-0.5483870967741935
0.29032258064516125
-0.29032258064516125
0.29032258064516125
0.35483870967741926
0.09677419354838701
-0.22580645161290325
-0.22580645161290325
0.16129032258064524
0.22580645161290325
0.22580645161290325
-0.16129032258064513
-0.5483870967741935
0.35483870967741926
-0.4193548387096774
0.09677419354838701
0.6129032258064515
-0.5483870967741935
-0.22580645161290325
0.6774193548387097
-0.935483870967742
-0.3548387096774194
-0.4193548387096774
0.29032258064516125
-0.6774193548387097
0.16129032258064524
-0.6774193548387097
-0.6774193548387097
-0.16129032258064513
-0.5483870967741935
0.22580645161290325
-0.6774193548387097
-0.6774193548387097
-0.032258064516129004
-0.4193548387096774
-0.6774193548387097
-0.6129032258064516
0.032258064516129004
0.16129032258064524
0.032258064516129004
-0.6129032258064516
-0.032258064516129004
-0.29032258064516125
0.032258064516129004
0.4838709677419355
0.09677419354838701
0.6774193548387097
-0.4838709677419355
-0.5483870967741935
0.6774193548387097
0.22580645161290325
0.032258064516129004
-0.6774193548387097
0.4193548387096775
-0.22580645161290325
-0.935483870967742
-0.4838709677419355
-1.0
-0.4838709677419355
0.29032258064516125
-0.22580645161290325
0.35483870967741926
0.29032258064516125
-0.6129032258064516
0.5483870967741935
-0.5483870967741935
0.16129032258064524
0.29032258064516125
0.29032258064516125
-0.6129032258064516
0.29032258064516125
0.16129032258064524
0.29032258064516125
0.35483870967741926
0.6129032258064515
-0.6129032258064516
-0.29032258064516125
-0.4193548387096774
0.16129032258064524
0.35483870967741926
-0.032258064516129004
-0.16129032258064513
0.4838709677419355
-0.16129032258064513
0.5483870967741935
-0.8709677419354839
-0.032258064516129004
0.4838709677419355
0.09677419354838701
-0.29032258064516125
0.6774193548387097
-0.7419354838709677
0.16129032258064524
0.8064516129032258
-0.6129032258064516
-0.7419354838709677
-0.22580645161290325
-0.22580645161290325
0.22580645161290325
0.4838709677419355
-0.032258064516129004
-0.5483870967741935
-0.6774193548387097
-0.4193548387096774
-0.6129032258064516
-0.4838709677419355
0.4838709677419355
0.09677419354838701
0.8064516129032258
-0.29032258064516125
0.6774193548387097
0.6774193548387097
-0.8709677419354839
0.16129032258064524
-0.8064516129032258
-0.4193548387096774
0.22580645161290325
-0.29032258064516125
-0.09677419354838712
-0.4193548387096774
-0.3548387096774194
-0.4838709677419355
-0.16129032258064513
-0.29032258064516125
0.032258064516129004
0.16129032258064524
0.09677419354838701
0.22580645161290325
-0.4838709677419355
0.5483870967741935
-0.4193548387096774
0.35483870967741926
0.22580645161290325
-0.3548387096774194
-0.22580645161290325
-0.3548387096774194
-0.4193548387096774
0.29032258064516125
-0.22580645161290325
-0.5483870967741935
0.16129032258064524
-0.6129032258064516
-0.22580645161290325
-0.29032258064516125
-0.4838709677419355
-0.6774193548387097
-0.6129032258064516
-0.6774193548387097
0.6774193548387097
-0.4838709677419355
-0.16129032258064513
-0.8709677419354839
0.4193548387096775
-0.22580645161290325
0.16129032258064524
EIGENVECTOR
-0.9993061968949538
0.3349458394060363
-0.9992447559389536
-0.506745031477698
-0.2002589185140513
-0.4347550678608644
0.33679851915007597
-0.9188460987180729
-0.4008399739293039
-0.9446618743616682
-0.09882544046476072
-0.21433263820544912
-0.9797029310474807
-0.9910358190295832
-0.9982847685753113
0.60968528817742
-0.18091978421485888
-0.997499568622828
-0.875782128769192
-0.2059551006608109
-0.955835200419787
-0.9839773693375808
-0.16109738929655737
-0.8787557093601902
0.043673212469889755
0.08979543449736349
-0.9907646087394797
-0.25709558837714486
-0.8880455817167474
-0.987979014080418
0.38675200461409
-0.9757243904693884
0.27641410330361316
-0.9896075445734985
-0.9037212387244282
-0.8910127701067461
-0.9843012918851826
-0.9813178705088363
-0.9338045095960998
-0.3314884918631348
-0.160991409375964
-0.9835764253944113
-0.19828107684970264
-0.2947333871424921
0.3726140190761684
0.26455889239969377
0.6807652332537242
-0.977978117536694
0.5221515797887148
-0.7760541962810388
-0.8887788199131491
-0.9952385870561761
-0.9946119594587508
-0.3710738155243344
-0.824041204510819
-0.46448075487597207
-0.8767191185336007
-0.6931468243959693
-1.0
-0.9431267528106535
-0.2563692796505208
-0.7262544410995582
-0.6294980078413032
-0.9369954915910644
0.4580934631086948
0.9822142183251297
-0.9555475702358447
-0.9567008860225908
-0.6826510395311952
-0.985127119011684
-0.9031237869828866
-0.13769542157547177
-0.9932400494494981
-0.24283050225478897
-0.9998594683475377
0.016145879275240915
-0.8307531254840661
0.09786147274558754
0.46462885409200805
-0.2989355838988328
-0.9079662515508807
-0.9714091075225835
-0.49567338128290606
-0.128047182397238
-0.5122231843453086
-0.8573729229502192
-0.999110844737735
0.43931370773849854
-0.9927200647724637
-0.3979397511573367
0.8515577501839238
-0.8722312720612121
-0.8737554093583051
0.6439869199782022
-0.9911763997259838
-0.9639561776306336
-0.9037420642778163
0.07612759021679683
-0.9814430284394535
-0.7362585753106052
-0.9574359615397187
-0.979702931047481
-0.7551767839538599
-0.8882258093804696
-0.26322749990429883
-0.929987360523078
-0.9781327391473273
-0.8165530674892878
-0.7760541962810388
-0.9994406233616147
-0.9710749180409457
-0.5379247340075171
-0.024286718714355837
-0.7130825991412182
-0.967109172011588
-0.6809791794172058
-0.331488491863135
-0.2802059385642023
0.5107242401688918
-0.8396779616612778
0.3728384639701934
-0.9704189592601982
-0.9957326018248113
0.518064410410219
-0.056141484105858175
-0.8005864976676821
-0.8965009270199346
-0.33021408341880587
-0.8755582910630726
-0.9867307898603447
-0.9922785543481181
-0.991213620129215
-0.9101087528688436
-0.05775107539057889
-0.811663611252839
0.40429892295008485
-0.28935176257173945
-0.9996829093886228
0.5742962677853101
-0.9952385870561763
-0.3417610001884097
0.08436391070522364
0.24753755545170697
-0.9710749180409457
0.011416989732221605
-0.07605090610641896
-0.13217942676651195
-0.6593892932591101
0.2763640315847631
-0.8735166833746335
-0.9986209159237366
-0.6377828217820445
-0.333937240442417
0.11103187548048954
0.020581880481059578
-0.948852423613447
0.3564138889238746
-0.7221567196675249
0.49713476578683813
-0.9319162837163482
-0.8561000016454579
0.474559801168428
-0.500359257024477
-0.8887788199131491
0.5455899232050663
-0.9631756726521084
-0.8107117235068481
1.0
-0.9991887595990263
-0.9728932033282349
-0.18091978421485944
-0.7516169869518178
-0.6690043984276124
0.5008632511610631
-0.7754910651474501
-0.9872379005870026
-0.9914036487038019
-0.801585490849575
-0.7764764165075664
-0.9189346896912501
0.3854071518891111
-0.6377617597950982
0.8859921706934113
-0.6884598013237749
0.9074660903126734
0.8697222372292694
-0.9996633438690232
-0.5143741310106478
-0.9995854290077318
-0.9993061968949539
-0.5122231843453093
-0.7069101095485033
-0.9811247494513555
-0.9915693508531394
-0.9490866661637651
-0.8687138493502526
-0.9132261121331813
-0.9983312731209506
-0.6242264247600244
-0.0440062321673208
-0.9233110371695281
-0.06842280369015596
-0.9993284808878241
0.5854050853308799
-0.9929277137158704
0.3561993430655668
-0.2865333379234202
-0.9932400494494982
-0.9032068435775354
-0.6928194521295863
-0.9011081752070027
0.016145879275240693
-0.9386536919093316
-0.8950361594758147
-0.7352916282254491
-0.984390965804391
-0.6345536591601585
-0.9879790140804182
-0.9086185885412545
-0.8705834526255775
-0.8104921347998366
-0.9555475702358447
0.7355669137503791
-0.7633004778321566
-0.8935323170390603
-0.9042590769603783
0.5875770456933274
-0.8450658829899936
-0.6472812976660473
CENT
-0.9110706495824652
-0.6890694992213376
-0.9387218509463415
-0.7463266268362863
-0.8575899471041994
-0.732327858071673
-0.748011464622643
-0.7947403786664795
-0.5889120161256656
-0.9807043881834607
-0.26288924516600143
0.09634998259373906
-0.9978451481874027
-0.9516751012203953
-0.7748930000554856
0.16032732679291506
-0.9785302050645139
-0.6537832317368697
-0.8137125218128182
-0.48350323972968345
-0.988104742041864
-0.02774702925446415
-0.616830740332565
0.00895105722768852
0.7262800239155962
-0.5151319946739961
-0.8830220576723028
-0.6681968962507858
1.0
-0.928584773514305
-0.29732076017902165
-0.8926054947652977
-0.870235070454535
-0.8244578818933607
-0.9681219832764635
-0.9157583599555423
-0.854517994231642
-0.9633944350267759
-0.7300957837188449
-0.7934772733393518
-0.7053424587818165
-0.9779646476814761
-0.14991765817213376
-0.34082705202967845
-0.4260956997145897
0.3599159384977242
-0.6129056733837246
-0.3129023576034442
-0.4793611469985226
-0.9670713409045363
-0.8297537872416214
-0.9962874538013281
-0.993889222134129
-0.6352041813218331
-0.7689541999633132
-0.6697231917222048
-0.49183649185401124
0.1429426150554236
-1.0
-0.9110700141354838
-0.5950771527836298
0.23001073475260014
-0.3680256043271146
-0.9796124263756881
-0.5327267557527632
0.5651292227170295
-0.9712436582371222
-0.4967700791094496
-0.7172903560255472
-0.9432981955529165
-0.8716133338544447
-0.33733913306203755
-0.3808439257101085
-0.39189342051033293
-0.9769479543975533
-0.8584536288075779
-0.6144965173347174
-0.00041195452278064426
-0.7187129813848098
-0.10069296199929478
-0.7135012334106706
-0.36263457541116917
-0.2955078663271993
-0.4986016294205624
-0.6582612202927263
-0.354103934439299
-0.9797440225463869
-0.8383522995408547
-0.9679769300593256
-0.6076622724166696
-0.4907101085982146
-0.815463087361737
-0.333678356947147
-0.429962452649827
-0.2505425838349281
-0.5294918654850524
-0.8688209485279642
-0.3672388498651946
-0.799359858268876
-0.6121325614604386
-0.9992248065879723
-0.9978451481874027
-0.5350698725102843
-0.8034695729123859
0.5941321117712635
-0.9719158264157047
-0.9096041049209708
-0.9236418513304512
-0.9670713409045363
-0.783656372017602
-0.9781387037679379
-0.7298578316299069
-0.7817572496726746
-0.7489654979391103
-0.8964941665281536
-0.009387017153071664
-0.7934772733393518
-0.40877684463122443
-0.27941097569001094
-0.8253858006137984
-0.028647974308689372
-0.887965860666644
-0.9984212377176944
-0.34354061958290893
-0.7142957077208978
-0.8345767990587478
-0.9918954875222574
0.5022887324260676
-0.9460954231990738
-0.9585017395196209
-0.6193808972886008
-0.6132081618433869
-0.830990505341672
-0.351603156154766
-0.5359349292791507
-0.7486267561470908
-0.35634188811760514
-0.7107733216591745
-0.1693364748466636
-0.9962874538013281
-0.6370897991208824
-0.3980629966797492
-0.6828935353218251
-0.9781387037679379
-0.8681441978265458
-0.8452141789726958
-0.6112615316581863
-0.5340322275538034
-0.40025889395048175
-0.9844516887839245
-0.7042542678141476
-0.8919896509682752
-0.48900356128475364
-0.7283073417461385
-0.9628264151719111
-0.37643665810328053
0.13966040305101046
-0.16947537822920034
-0.6668648753512014
-0.7296604536973509
-0.9210398752349631
-0.36024100405836623
-0.634785237709427
-0.8297537872416214
0.016139346614630234
-0.996071561658853
-0.5834212219805361
-0.08949353176240438
-0.980341178090101
-0.9894581365503091
-0.9785302050645139
-0.6267363111738703
-0.3360915021786842
-0.5002669287661281
-0.2783967253461741
-0.8629034128420122
-0.9250177491689504
-0.6613984086522999
0.5907090799530561
-0.9888739211378935
-0.5803110194139182
-0.46019654491622486
-0.14617632476856823
-0.6152297298846416
-0.3635725695761495
-0.33501112270551026
-0.9549371927405923
-0.6205057029808805
-0.8970575977047425
-0.9110706495824652
-0.6582612202927263
-0.7860255354702137
-0.7631623882155234
-0.9646172205296191
-0.750278678725847
-0.9374576202035857
-0.920249246660011
-0.8605368550025783
-0.4867851595186733
0.2425410942479076
0.07508734195938094
-0.7519280662614864
-0.986764641650789
-0.45957600986897595
-0.9764398661281731
-0.6709396598653754
-0.5714153647992815
-0.3808439257101085
-0.7491714094580151
-0.9036710802541018
-0.7517430906338275
-0.8584536288075779
-0.032894916357834925
-0.781285845487939
-0.1603384927014958
-0.7675092507383818
-0.32527124460326096
-0.928584773514305
-0.29514726043153705
-0.95226999037815
0.09646192635236384
-0.9712436582371222
0.41289858404427693
-0.9365320261885686
-0.958848534717646
-0.8214604461578634
-0.5533043813954004
-0.5950319604946995
-0.6123268669874609
DEGREE_RANK
-0.4912280701754387
0.6929824561403508
-0.35087719298245623
-0.14912280701754388
0.3421052631578947
0.07017543859649122
0.5701754385964912
-0.48245614035087725
0.3508771929824561
-0.4736842105263158
0.5789473684210524
0.5877192982456139
-0.9035087719298246
-0.3421052631578948
-0.14035087719298245
0.8684210526315788
-0.13157894736842102
-0.2807017543859649
-0.00877192982456143
0.35964912280701755
-0.9736842105263158
-0.5877192982456141
0.23684210526315796
-1.1102230246251565e-16
0.2456140350877194
0.2543859649122808
-0.7631578947368421
0.1578947368421053
-0.6754385964912282
-0.27192982456140347
0.7982456140350878
-0.8947368421052632
0.48245614035087714
-0.26315789473684215
-0.1228070175438597
0.008771929824561209
-0.4649122807017544
-0.8859649122807017
-0.11403508771929827
-0.2543859649122807
0.16666666666666674
-0.8771929824561403
0.49122807017543857
0.368421052631579
0.7543859649122808
0.763157894736842
0.8070175438596492
-0.5789473684210527
0.8157894736842106
-0.45614035087719307
-0.24561403508771928
-0.6666666666666667
-0.5701754385964912
0.3771929824561404
0.26315789473684226
0.08771929824561409
-0.23684210526315785
0.2719298245614037
-0.9298245614035088
-0.44736842105263164
0.17543859649122817
0.0964912280701753
0.10526315789473673
-0.33333333333333337
0.7719298245614035
1.0
-0.868421052631579
0.1842105263157896
-0.22807017543859642
-0.8596491228070176
-0.4385964912280702
0.5964912280701753
-0.32456140350877194
0.2807017543859651
-0.6578947368421053
0.6052631578947367
-0.2192982456140351
0.6140350877192982
0.7017543859649122
0.2894736842105261
-0.10526315789473684
-0.0964912280701754
0.3859649122807016
0.5
0.5087719298245614
0.01754385964912264
-0.6491228070175439
0.7105263157894737
-0.4298245614035088
0.29824561403508754
0.9035087719298245
-0.6403508771929824
-0.08771929824561397
0.9210526315789473
-0.9912280701754386
-0.3157894736842105
-0.42105263157894735
0.6228070175438596
-0.8508771929824561
0.39473684210526305
-0.8421052631578947
-0.8333333333333334
0.02631578947368407
-0.631578947368421
0.5175438596491229
-0.8245614035087719
-0.8157894736842105
0.11403508771929816
-0.4122807017543859
-0.8070175438596491
-0.7543859649122807
0.1929824561403508
0.4035087719298245
0.20175438596491224
-0.7456140350877194
0.12280701754385959
-0.21052631578947378
0.21052631578947367
0.824561403508772
0.30701754385964897
0.9298245614035088
-0.5614035087719298
-0.6228070175438596
0.9385964912280702
0.5263157894736843
0.2192982456140351
-0.7982456140350878
0.7807017543859649
-0.07894736842105254
-0.9824561403508771
-0.5526315789473684
-1.0
-0.5438596491228069
0.631578947368421
-0.07017543859649134
0.7192982456140351
0.6403508771929824
-0.736842105263158
0.8771929824561402
-0.6140350877192983
0.4122807017543859
0.6491228070175439
0.6578947368421053
-0.7280701754385965
0.6666666666666665
0.42105263157894735
0.675438596491228
0.7280701754385965
0.9122807017543859
-0.7192982456140351
-0.20175438596491235
-0.4035087719298246
0.4298245614035088
0.736842105263158
0.13157894736842102
0.0350877192982455
0.8333333333333335
0.04385964912280693
0.8859649122807016
-0.9649122807017544
0.14035087719298245
0.8421052631578949
0.3157894736842104
-0.19298245614035092
0.9473684210526316
-0.9210526315789473
0.4385964912280702
0.9824561403508771
-0.7105263157894737
-0.9122807017543859
-0.061403508771929904
-0.052631578947368474
0.5350877192982457
0.8508771929824563
0.14912280701754388
-0.605263157894737
-0.7894736842105263
-0.39473684210526316
-0.7017543859649122
-0.5350877192982457
0.8596491228070173
0.32456140350877183
0.9912280701754386
-0.1842105263157895
0.9561403508771928
0.9649122807017543
-0.956140350877193
0.44736842105263164
-0.9385964912280702
-0.38596491228070173
0.5438596491228072
-0.17543859649122806
0.07894736842105265
-0.3771929824561403
-0.3070175438596492
-0.5263157894736843
0.05263157894736836
-0.16666666666666674
0.22807017543859653
0.45614035087719307
0.33333333333333326
0.5526315789473686
-0.5175438596491229
0.894736842105263
-0.36842105263157887
0.7456140350877194
0.56140350877193
-0.29824561403508776
-0.04385964912280704
-0.2894736842105263
-0.35964912280701755
0.6842105263157894
-0.03508771929824561
-0.5964912280701755
0.4649122807017545
-0.6929824561403508
-0.026315789473684292
-0.1578947368421053
-0.5087719298245614
-0.7807017543859649
-0.6842105263157895
-0.7719298245614035
0.9736842105263157
-0.5
0.06140350877192979
-0.9473684210526316
0.7894736842105263
-0.01754385964912286
0.47368421052631593
EIGENVECTOR_RANK
-0.9298245614035088
0.7280701754385965
-0.9210526315789473
0.2543859649122808
0.4649122807017545
0.2894736842105261
0.736842105263158
-0.35964912280701755
0.29824561403508754
-0.4385964912280702
0.5438596491228072
0.44736842105263164
-0.605263157894737
-0.7456140350877194
-0.8771929824561403
0.9210526315789473
0.49122807017543857
-0.868421052631579
-0.17543859649122806
0.45614035087719307
-0.48245614035087725
-0.6578947368421053
0.5
-0.19298245614035092
0.6403508771929824
0.6666666666666665
-0.736842105263158
0.42105263157894735
-0.20175438596491235
-0.7105263157894737
0.7894736842105263
-0.5789473684210527
0.7192982456140351
-0.7280701754385965
-0.29824561403508776
-0.23684210526315785
-0.6666666666666667
-0.631578947368421
-0.4035087719298246
0.3508771929824561
0.5087719298245614
-0.6491228070175439
0.47368421052631593
0.3771929824561404
0.763157894736842
0.7017543859649122
0.9385964912280702
-0.5877192982456141
0.8771929824561402
-1.1102230246251565e-16
-0.2192982456140351
-0.8508771929824561
-0.8333333333333334
0.3157894736842104
-0.07017543859649134
0.2807017543859651
-0.1842105263157895
0.10526315789473673
-1.0
-0.4298245614035088
0.4298245614035088
0.07017543859649122
0.20175438596491224
-0.4122807017543859
0.8157894736842106
0.9912280701754386
-0.4736842105263158
-0.4912280701754387
0.13157894736842102
-0.6842105263157895
-0.2807017543859649
0.5175438596491229
-0.8157894736842105
0.4385964912280702
-0.9912280701754386
0.6228070175438596
-0.07894736842105254
0.675438596491228
0.824561403508772
0.368421052631579
-0.32456140350877194
-0.5614035087719298
0.2719298245614037
0.5350877192982457
0.2456140350877194
-0.11403508771929827
-0.9035087719298246
0.8070175438596492
-0.7982456140350878
0.30701754385964897
0.9561403508771928
-0.14035087719298245
-0.1578947368421053
0.9298245614035088
-0.7543859649122807
-0.5175438596491229
-0.3070175438596492
0.6491228070175439
-0.6403508771929824
0.05263157894736836
-0.5
-0.6140350877192983
0.0350877192982455
-0.21052631578947378
0.4122807017543859
-0.38596491228070173
-0.5964912280701755
-0.061403508771929904
0.008771929824561209
-0.956140350877193
-0.5438596491228069
0.2192982456140351
0.5964912280701753
0.08771929824561409
-0.5263157894736843
0.14035087719298245
0.3421052631578947
0.4035087719298245
0.8596491228070173
-0.08771929824561397
0.7719298245614035
-0.5350877192982457
-0.8596491228070176
0.8684210526315788
0.5789473684210524
-0.01754385964912286
-0.26315789473684215
0.35964912280701755
-0.16666666666666674
-0.6929824561403508
-0.7894736842105263
-0.7631578947368421
-0.3421052631578948
0.5701754385964912
-0.052631578947368474
0.7982456140350878
0.3859649122807016
-0.9824561403508771
0.894736842105263
-0.8421052631578947
0.32456140350877183
0.6578947368421053
0.6929824561403508
-0.5526315789473684
0.6052631578947367
0.5526315789473686
0.5263157894736843
0.1578947368421053
0.7105263157894737
-0.14912280701754388
-0.8947368421052632
0.17543859649122817
0.33333333333333326
0.6842105263157894
0.631578947368421
-0.44736842105263164
0.7543859649122808
0.07894736842105265
0.8421052631578949
-0.39473684210526316
-0.10526315789473684
0.8333333333333335
0.26315789473684226
-0.22807017543859642
0.8859649122807016
-0.5087719298245614
-0.04385964912280704
1.0
-0.9122807017543859
-0.5701754385964912
0.48245614035087714
0.04385964912280693
0.14912280701754388
0.8508771929824563
0.01754385964912264
-0.7017543859649122
-0.7719298245614035
-0.026315789473684292
-0.00877192982456143
-0.36842105263157887
0.7807017543859649
0.1842105263157896
0.9736842105263157
0.12280701754385959
0.9824561403508771
0.9649122807017543
-0.9736842105263158
0.22807017543859653
-0.9649122807017544
-0.9385964912280702
0.23684210526315796
0.0964912280701753
-0.6228070175438596
-0.7807017543859649
-0.45614035087719307
-0.1228070175438597
-0.35087719298245623
-0.8859649122807017
0.21052631578947367
0.5877192982456139
-0.3771929824561403
0.56140350877193
-0.9473684210526316
0.9035087719298245
-0.8070175438596491
0.7456140350877194
0.39473684210526305
-0.8245614035087719
-0.2894736842105263
0.11403508771929816
-0.27192982456140347
0.6140350877192982
-0.42105263157894735
-0.2543859649122807
0.06140350877192979
-0.6754385964912282
0.1929824561403508
-0.7192982456140351
-0.33333333333333337
-0.13157894736842102
-0.03508771929824561
-0.4649122807017544
0.9473684210526316
0.02631578947368407
-0.24561403508771928
-0.3157894736842105
0.9122807017543859
-0.0964912280701754
0.16666666666666674
CENT_RANK
-0.5350877192982457
0.0350877192982455
-0.6228070175438596
-0.07894736842105254
-0.36842105263157887
-0.07017543859649134
-0.08771929824561397
-0.23684210526315785
0.2719298245614037
-0.868421052631579
0.7280701754385965
0.8771929824561402
-0.9736842105263158
-0.6491228070175439
-0.17543859649122806
0.9122807017543859
-0.8333333333333334
0.11403508771929816
-0.26315789473684215
0.4298245614035088
-0.8947368421052632
0.824561403508772
0.17543859649122817
0.8508771929824563
0.9912280701754386
0.35964912280701755
-0.44736842105263164
0.07017543859649122
1.0
-0.5964912280701755
0.6842105263157894
-0.4736842105263158
-0.4298245614035088
-0.2894736842105263
-0.7456140350877194
-0.5438596491228069
-0.35964912280701755
-0.7017543859649122
-0.061403508771929904
-0.22807017543859642
0.01754385964912264
-0.7982456140350878
0.7719298245614035
0.6228070175438596
0.47368421052631593
0.9385964912280702
0.21052631578947367
0.675438596491228
0.4385964912280702
-0.7280701754385965
-0.3157894736842105
-0.956140350877193
-0.9298245614035088
0.13157894736842102
-0.16666666666666674
0.06140350877192979
0.39473684210526305
0.9035087719298245
-1.0
-0.5175438596491229
0.2543859649122808
0.9210526315789473
0.5438596491228072
-0.8421052631578947
0.3421052631578947
0.9649122807017543
-0.7631578947368421
0.3859649122807016
-0.01754385964912286
-0.631578947368421
-0.4385964912280702
0.631578947368421
0.5175438596491229
0.5087719298245614
-0.7894736842105263
-0.38596491228070173
0.1929824561403508
0.8421052631578949
-0.026315789473684292
0.7894736842105263
-1.1102230246251565e-16
0.5701754385964912
0.6929824561403508
0.3771929824561404
0.0964912280701753
0.5964912280701753
-0.8508771929824561
-0.3421052631578948
-0.736842105263158
0.2456140350877194
0.4035087719298245
-0.27192982456140347
0.6578947368421053
0.4649122807017545
0.736842105263158
0.3508771929824561
-0.42105263157894735
0.5526315789473686
-0.24561403508771928
0.22807017543859653
-0.9912280701754386
-0.9649122807017544
0.32456140350877183
-0.2543859649122807
0.9824561403508771
-0.7719298245614035
-0.5087719298245614
-0.5701754385964912
-0.7192982456140351
-0.20175438596491235
-0.8157894736842105
-0.052631578947368474
-0.19298245614035092
-0.10526315789473684
-0.48245614035087725
0.8333333333333335
-0.2192982456140351
0.48245614035087714
0.7105263157894737
-0.29824561403508776
0.8157894736842106
-0.45614035087719307
-0.9824561403508771
0.6140350877192982
-0.00877192982456143
-0.33333333333333337
-0.9210526315789473
0.9561403508771928
-0.6403508771929824
-0.6754385964912282
0.16666666666666674
0.20175438596491224
-0.32456140350877194
0.6052631578947367
0.3157894736842104
-0.0964912280701754
0.5877192982456139
0.008771929824561209
0.7543859649122808
-0.9473684210526316
0.12280701754385959
0.5
0.04385964912280693
-0.8070175438596491
-0.4122807017543859
-0.35087719298245623
0.23684210526315796
0.33333333333333326
0.49122807017543857
-0.8771929824561403
0.02631578947368407
-0.4649122807017544
0.4122807017543859
-0.03508771929824561
-0.6929824561403508
0.5350877192982457
0.894736842105263
0.7456140350877194
0.07894736842105265
-0.04385964912280704
-0.5614035087719298
0.5789473684210524
0.14035087719298245
-0.3070175438596492
0.8596491228070173
-0.9385964912280702
0.2807017543859651
0.7982456140350878
-0.8596491228070176
-0.9122807017543859
-0.8245614035087719
0.14912280701754388
0.6403508771929824
0.368421052631579
0.7192982456140351
-0.4035087719298246
-0.5789473684210527
0.08771929824561409
0.9736842105263157
-0.9035087719298246
0.2894736842105261
0.44736842105263164
0.7807017543859649
0.1842105263157896
0.56140350877193
0.6491228070175439
-0.6666666666666667
0.1578947368421053
-0.4912280701754387
-0.5263157894736843
0.10526315789473673
-0.21052631578947378
-0.14912280701754388
-0.7105263157894737
-0.1228070175438597
-0.6140350877192983
-0.5526315789473684
-0.39473684210526316
0.42105263157894735
0.9298245614035088
0.8684210526315788
-0.14035087719298245
-0.8859649122807017
0.45614035087719307
-0.7807017543859649
0.05263157894736836
0.29824561403508754
0.5263157894736843
-0.11403508771929827
-0.5
-0.13157894736842102
-0.3771929824561403
0.8070175438596492
-0.1842105263157895
0.763157894736842
-0.1578947368421053
0.6666666666666665
-0.5877192982456141
0.7017543859649122
-0.6578947368421053
0.8859649122807016
-0.7543859649122807
0.9473684210526316
-0.605263157894737
-0.6842105263157895
-0.2807017543859649
0.30701754385964897
0.26315789473684226
0.2192982456140351
RANK
58
100
122
12
101
51
139
165
52
126
169
179
20
202
149
9
168
86
63
16
170
110
143
41
74
204
105
66
221
34
88
49
108
193
37
154
224
129
186
219
13
128
69
2
195
223
29
217
176
107
160
196
35
0
189
59
106
209
188
114
31
151
121
26
70
32
96
144
175
197
75
211
4
36
145
87
125
132
50
163
119
33
225
91
18
103
98
7
39
116
191
109
112
213
14
54
215
192
201
210
194
208
113
135
6
3
5
38
111
159
153
78
68
124
80
137
40
150
1
142
205
55
27
158
177
84
190
17
140
53
162
171
187
130
22
183
76
131
46
228
99
146
89
60
227
8
166
180
206
226
134
102
147
64
95
25
173
83
67
56
90
152
198
19
48
181
203
93
44
117
148
141
73
72
207
155
62
97
184
81
161
136
85
133
123
43
71
172
185
92
216
47
30
82
218
118
174
10
94
157
138
214
42
182
79
167
212
120
21
115
77
23
164
200
11
220
156
57
15
61
199
45
222
127
65
178
104
24
28
