DEGREE
0.5714285714285714
-0.5714285714285714
0.1428571428571428
-0.2857142857142857
0.0
-0.1428571428571429
0.4285714285714286
0.1428571428571428
-0.4285714285714286
0.1428571428571428
-0.1428571428571429
0.0
0.0
0.0
0.0
-0.1428571428571429
-0.1428571428571429
-0.4285714285714286
-0.5714285714285714
-0.1428571428571429
0.2857142857142858
0.0
1.0
-0.1428571428571429
0.0
-0.4285714285714286
-1.0
-0.1428571428571429
0.0
0.0
-0.1428571428571429
0.0
0.0
0.0
0.4285714285714286
0.0
0.1428571428571428
-0.1428571428571429
-0.1428571428571429
0.2857142857142858
-0.2857142857142857
-0.2857142857142857
0.0
0.4285714285714286
0.4285714285714286
0.1428571428571428
0.1428571428571428
0.1428571428571428
-0.1428571428571429
0.5714285714285714
0.1428571428571428
0.0
0.0
-0.7142857142857143
-0.2857142857142857
0.4285714285714286
-0.2857142857142857
-0.2857142857142857
0.5714285714285714
-0.2857142857142857
0.4285714285714286
-0.7142857142857143
0.0
-0.1428571428571429
-0.2857142857142857
-0.2857142857142857
0.0
-0.2857142857142857
0.2857142857142858
-0.5714285714285714
-0.4285714285714286
0.0
0.0
0.4285714285714286
0.2857142857142858
0.2857142857142858
-0.7142857142857143
-0.1428571428571429
0.4285714285714286
0.2857142857142858
-0.2857142857142857
-0.1428571428571429
-1.0
0.7142857142857142
0.1428571428571428
0.0
-0.2857142857142857
0.2857142857142858
0.0
0.0
0.0
0.5714285714285714
0.0
0.1428571428571428
-0.2857142857142857
0.1428571428571428
0.5714285714285714
0.2857142857142858
-0.1428571428571429
-0.1428571428571429
-0.1428571428571429
-0.2857142857142857
0.2857142857142858
0.0
-0.8571428571428572
0.0
-0.2857142857142857
0.2857142857142858
-0.2857142857142857
-0.5714285714285714
-0.2857142857142857
0.1428571428571428
-0.2857142857142857
-0.7142857142857143
-0.1428571428571429
EIGENVECTOR
-0.8757665510951846
-0.9978482135062339
-0.9940507088047944
-0.9990543357625445
-0.9980296685507201
-0.9998010681397294
-0.9987780475407639
-0.9943217242891627
-0.9900749257494994
-0.9947535630787684
-0.9868465151003664
-0.0514372134226706
-0.888708268846335
-0.9990963533041551
-0.999749956925269
-0.94325440478311
-0.9897301012084787
-0.49089808429000914
-0.9998927777780975
-0.999649081444958
0.5779976646520075
-0.9912372941931951
1.0
-0.999820481069051
-0.9989015062816821
-0.9543296402415347
-1.0
-0.9971489436577536
-0.9958596671183169
-0.9980296685507204
-0.9942956867800368
-0.9995593730317293
-0.19677109946258253
-0.9996333408316913
-0.8895650515128629
-0.999559373031729
-0.898593780165885
-0.9960592551894673
-0.9997389250449936
-0.9938356045296377
-0.9684386513115265
-0.4384104536556619
-0.9395246728459908
-0.8892197180368616
-0.8892197180368617
-0.9940507088047946
0.35292168406569546
-0.988472415628483
-0.9994911024457258
-0.9938552284375795
0.4241854830040179
-0.9996935526442682
-0.1861415461725987
-0.9615723849197381
-0.8258160297464432
-0.8924182558159257
-0.9998222133583022
-0.9899049076872077
0.8264938548519052
-0.5357623475264035
0.28903978260896523
-0.9940341674099639
0.16035334273210733
-0.9996490814449577
-0.9995551175492192
-0.39332043686564966
-0.9980296685507203
-0.09332075182681787
-0.9988659615296275
-0.9704575773210086
-0.9971140042492533
-0.9668486804578158
-0.9123922805835635
0.7032641668797839
-0.9945872553146321
0.5958274432531909
-0.9999662062140151
-0.5618040499808653
-0.8892197180368615
-0.8886325002686926
-0.9543115426990891
-0.999738925044994
-0.9999851306601663
-0.9915115890610711
-0.9943217242891625
-0.9668486804578157
-0.9684386513115263
-0.9177961660972827
-0.9994518196226533
-0.8192438861295721
-0.9949875091450251
0.661225800518705
-0.966972045265595
-0.8834538752147911
-0.9998338354713234
-0.9994330451032756
0.7627573691343572
-0.9211873187829334
-0.9996490814449578
-0.9997389250449938
-0.9989489803248744
-0.9991557161503448
-0.9996729862781195
-0.9995593730317293
-0.9783088325405218
-0.9998060264618708
-0.9543115426990892
-0.9945872553146321
-0.9952688554413722
-0.9998927777780973
-0.9995168734224555
0.4241854830040177
-0.9997782238066318
-0.9973395392584128
-0.9860173309478767
CENT
-0.1826133231874283
-1.0
-0.838870161394033
-1.0
-0.4384645061728394
-0.9023240446030522
-0.43349729938271686
-0.9483868634259259
1.0
-0.9240123456790124
-0.32330274215739163
-0.5038386605486139
-0.2065453960085185
-0.24126736621431788
-0.8753096332733196
0.4412448521396741
-0.6389069733796295
-0.9509427387612067
-0.9463526841849565
-0.998149577046182
-0.9740945200548391
0.38635988262331633
-0.735227938284809
-0.7418981481481481
-0.935546875
-0.9552469135802469
-1.0
0.04532744219086737
-0.9928475839120371
-0.4384645061728394
-0.643721673645667
-0.7711789480452673
-0.8159312715127527
-0.8508991289845844
-0.6815866241365374
-0.7711789480452673
-0.9459749090608466
-1.0
-0.9969841097608024
-0.9382740162037037
-0.5379444031904812
-0.8655721135266417
-0.7840626837154616
-0.8283324874767293
-0.8283324874767293
-0.838870161394033
-0.9029752819868302
-0.17755332587317352
-0.9503520447530864
-0.6553220244984568
-0.9808099585836456
-0.8197463603925796
-0.18448602524053603
-0.9797694830246914
-0.8209842096560847
-0.3775526689263664
-0.8726851851851851
-0.49912798180400453
-0.867516073452312
-0.9480437116493975
-0.23948640681918976
0.19362092457868085
-0.9707541895736883
-0.998149577046182
-0.6491480865269204
-0.7653122002321378
-0.4384645061728394
-0.999834656084656
-0.4443238811728403
-1.0
-0.9983603395061729
-0.7587437203212046
-0.985444338808054
-0.9667841500059707
-0.9845118393132716
-0.9743122584715792
-0.8692129629629629
0.806328161907125
-0.8283324874767293
-0.945130966159612
0.03717206790123484
-0.9969841097608024
-1.0
-0.6882282021604941
-0.9483868634259259
-0.7587437203212046
-0.5379444031904812
0.017941750115041843
-0.8748669938332845
-0.036017499061738456
-0.4897659465020583
-0.8004631248314575
0.29830399517703143
0.2962789995676136
-0.7886836123767066
-0.81121091644927
-0.7396947083611369
-0.6033689970972957
-0.998149577046182
-0.9969841097608024
-0.9998070987654321
-0.7455433078581228
-0.6220547451662418
-0.7711789480452673
-1.0
-0.7495567813459401
0.03717206790123484
-0.9845118393132716
-0.9346161265432099
-0.9463526841849565
-0.9253320044581619
-0.9808099585836456
-0.9975887345679012
-1.0
-0.3588861293295609
DEGREE_RANK
0.894736842105263
-0.8771929824561404
0.368421052631579
-0.736842105263158
-0.10526315789473695
-0.42105263157894735
0.7543859649122808
0.38596491228070184
-0.8070175438596492
0.4035087719298247
-0.4035087719298246
-0.08771929824561409
-0.07017543859649122
-0.052631578947368474
-0.03508771929824561
-0.38596491228070173
-0.3684210526315791
-0.7894736842105263
-0.8596491228070176
-0.35087719298245623
0.5789473684210527
-0.01754385964912286
1.0
-0.33333333333333337
-1.1102230246251565e-16
-0.7719298245614035
-1.0
-0.3157894736842106
0.01754385964912286
0.03508771929824572
-0.29824561403508776
0.052631578947368585
0.07017543859649122
0.08771929824561386
0.7719298245614035
0.10526315789473695
0.42105263157894735
-0.280701754385965
-0.26315789473684215
0.5964912280701755
-0.7192982456140351
-0.7017543859649122
0.12280701754385959
0.7894736842105263
0.8070175438596492
0.4385964912280702
0.45614035087719307
0.4736842105263157
-0.24561403508771928
0.9122807017543861
0.49122807017543857
0.14035087719298245
0.1578947368421053
-0.9473684210526315
-0.6842105263157896
0.8245614035087718
-0.6666666666666667
-0.6491228070175439
0.9298245614035088
-0.631578947368421
0.8421052631578947
-0.9298245614035088
0.17543859649122817
-0.22807017543859653
-0.6140350877192983
-0.5964912280701755
0.1929824561403508
-0.5789473684210527
0.6140350877192982
-0.8421052631578948
-0.7543859649122807
0.2105263157894739
0.22807017543859653
0.8596491228070176
0.6315789473684212
0.6491228070175439
-0.9122807017543859
-0.21052631578947367
0.8771929824561404
0.6666666666666665
-0.5614035087719298
-0.19298245614035092
-0.9824561403508771
0.9824561403508774
0.5087719298245614
0.2456140350877194
-0.543859649122807
0.6842105263157896
0.26315789473684204
0.2807017543859649
0.29824561403508776
0.9473684210526316
0.3157894736842104
0.5263157894736843
-0.5263157894736843
0.5438596491228069
0.9649122807017543
0.7017543859649122
-0.17543859649122817
-0.1578947368421053
-0.14035087719298256
-0.5087719298245614
0.7192982456140351
0.3333333333333335
-0.9649122807017544
0.3508771929824561
-0.4912280701754387
0.736842105263158
-0.4736842105263158
-0.8245614035087719
-0.45614035087719307
0.56140350877193
-0.4385964912280702
-0.8947368421052632
-0.1228070175438597
EIGENVECTOR_RANK
0.5964912280701755
-0.3157894736842106
-0.07017543859649122
-0.45614035087719307
-0.33333333333333337
-0.8421052631578948
-0.38596491228070173
-0.1228070175438597
0.052631578947368585
-0.17543859649122817
0.12280701754385959
0.7894736842105263
0.5438596491228069
-0.4736842105263158
-0.8070175438596492
0.3508771929824561
0.08771929824561386
0.6842105263157896
-0.9473684210526315
-0.6842105263157896
0.894736842105263
0.03508771929824572
1.0
-0.8771929824561404
-0.42105263157894735
0.29824561403508776
-1.0
-0.280701754385965
-0.22807017543859653
-0.3684210526315791
-0.08771929824561409
-0.5964912280701755
0.736842105263158
-0.6491228070175439
0.4736842105263157
-0.6140350877192983
0.4385964912280702
-0.24561403508771928
-0.7894736842105263
-1.1102230246251565e-16
0.2105263157894739
0.7017543859649122
0.368421052631579
0.49122807017543857
0.5087719298245614
-0.052631578947368474
0.8421052631578947
0.10526315789473695
-0.543859649122807
-0.01754385964912286
0.8596491228070176
-0.736842105263158
0.7543859649122808
0.2807017543859649
0.6140350877192982
0.45614035087719307
-0.8947368421052632
0.07017543859649122
0.9824561403508774
0.6666666666666665
0.8245614035087718
-0.03508771929824561
0.8070175438596492
-0.7017543859649122
-0.5789473684210527
0.7192982456140351
-0.35087719298245623
0.7719298245614035
-0.4035087719298246
0.17543859649122817
-0.26315789473684215
0.2456140350877194
0.42105263157894735
0.9473684210526316
-0.1578947368421053
0.9122807017543861
-0.9649122807017544
0.6491228070175439
0.5263157894736843
0.56140350877193
0.3157894736842104
-0.7543859649122807
-0.9824561403508771
0.01754385964912286
-0.10526315789473695
0.26315789473684204
0.1929824561403508
0.4035087719298247
-0.5263157894736843
0.6315789473684212
-0.19298245614035092
0.9298245614035088
0.22807017543859653
0.5789473684210527
-0.9122807017543859
-0.5087719298245614
0.9649122807017543
0.38596491228070184
-0.6666666666666667
-0.7719298245614035
-0.4385964912280702
-0.4912280701754387
-0.7192982456140351
-0.631578947368421
0.1578947368421053
-0.8596491228070176
0.3333333333333335
-0.14035087719298256
-0.21052631578947367
-0.9298245614035088
-0.5614035087719298
0.8771929824561404
-0.8245614035087719
-0.29824561403508776
0.14035087719298245
CENT_RANK
0.7719298245614035
-1.0
-0.07017543859649122
-0.9824561403508771
0.5789473684210527
-0.21052631578947367
0.6315789473684212
-0.4385964912280702
1.0
-0.24561403508771928
0.6842105263157896
0.5087719298245614
0.736842105263158
0.7017543859649122
-0.19298245614035092
0.9649122807017543
0.42105263157894735
-0.4736842105263158
-0.38596491228070173
-0.8070175438596492
-0.543859649122807
0.9473684210526316
0.3157894736842104
0.2807017543859649
-0.29824561403508776
-0.4912280701754387
-0.9649122807017544
0.8771929824561404
-0.6842105263157896
0.5964912280701755
0.4035087719298247
0.14035087719298245
0.052631578947368585
-0.08771929824561409
0.3508771929824561
0.1578947368421053
-0.35087719298245623
-0.9473684210526315
-0.736842105263158
-0.3157894736842106
0.4736842105263157
-0.10526315789473695
0.12280701754385959
-0.03508771929824561
-0.01754385964912286
-0.052631578947368474
-0.22807017543859653
0.7894736842105263
-0.45614035087719307
0.368421052631579
-0.6140350877192983
0.03508771929824572
0.7543859649122808
-0.5789473684210527
0.01754385964912286
0.6491228070175439
-0.1578947368421053
0.5263157894736843
-0.1228070175438597
-0.4035087719298246
0.7192982456140351
0.894736842105263
-0.5263157894736843
-0.7894736842105263
0.38596491228070184
0.1929824561403508
0.6140350877192982
-0.8596491228070176
0.56140350877193
-0.9298245614035088
-0.8245614035087719
0.2105263157894739
-0.6666666666666667
-0.5087719298245614
-0.6491228070175439
-0.5614035087719298
-0.14035087719298256
0.9824561403508774
-1.1102230246251565e-16
-0.33333333333333337
0.8421052631578947
-0.7192982456140351
-0.9122807017543859
0.3333333333333335
-0.42105263157894735
0.22807017543859653
0.49122807017543857
0.8245614035087718
-0.17543859649122817
0.8070175438596492
0.5438596491228069
0.08771929824561386
0.9298245614035088
0.9122807017543861
0.10526315789473695
0.07017543859649122
0.29824561403508776
0.45614035087719307
-0.7719298245614035
-0.7017543859649122
-0.8421052631578948
0.26315789473684204
0.4385964912280702
0.17543859649122817
-0.8947368421052632
0.2456140350877194
0.8596491228070176
-0.631578947368421
-0.280701754385965
-0.3684210526315791
-0.26315789473684215
-0.5964912280701755
-0.7543859649122807
-0.8771929824561404
0.6666666666666665
RANK
1
3
26
37
69
82
104
113
67
100
70
19
63
98
112
38
81
99
28
72
74
107
50
111
53
75
20
62
73
25
17
48
7
84
59
18
109
36
79
39
24
108
110
9
46
5
14
88
56
76
58
41
33
2
45
43
44
78
54
51
32
95
91
94
42
31
35
103
65
71
85
105
101
23
96
22
83
34
49
64
30
16
102
97
40
86
11
57
90
68
4
29
66
6
55
114
10
13
60
12
52
0
47
89
87
80
106
27
61
93
92
21
15
77
8
