DEGREE
0.8775510204081634
0.30612244897959173
0.061224489795918435
0.4285714285714286
0.4693877551020409
0.6734693877551021
0.18367346938775508
-0.18367346938775508
0.26530612244897966
-0.5102040816326531
0.18367346938775508
0.26530612244897966
0.3877551020408163
0.061224489795918435
0.4693877551020409
0.4693877551020409
0.4693877551020409
-0.18367346938775508
0.3877551020408163
-0.1428571428571429
0.5510204081632653
0.6734693877551021
0.22448979591836737
0.9183673469387754
0.3877551020408163
0.510204081632653
0.1428571428571428
0.5918367346938775
-0.4693877551020408
0.30612244897959173
-0.020408163265306145
0.26530612244897966
-0.10204081632653061
0.4285714285714286
-0.7551020408163265
-0.22448979591836737
-0.5510204081632653
-0.020408163265306145
0.3877551020408163
0.8367346938775511
-0.10204081632653061
0.1428571428571428
0.346938775510204
0.7142857142857142
0.30612244897959173
0.5510204081632653
0.1428571428571428
0.22448979591836737
-0.7551020408163265
0.020408163265306145
0.7959183673469388
0.346938775510204
0.6326530612244898
-0.26530612244897955
-0.18367346938775508
-0.6326530612244898
0.346938775510204
0.5918367346938775
0.22448979591836737
0.26530612244897966
0.4285714285714286
-0.26530612244897955
-0.8367346938775511
0.4285714285714286
0.061224489795918435
0.7551020408163265
0.18367346938775508
0.3877551020408163
0.3877551020408163
0.3877551020408163
-0.1428571428571429
-0.34693877551020413
0.3877551020408163
0.020408163265306145
0.4285714285714286
-0.5510204081632653
0.510204081632653
0.3877551020408163
0.26530612244897966
0.510204081632653
0.510204081632653
0.7142857142857142
-0.10204081632653061
0.5510204081632653
-0.34693877551020413
0.1020408163265305
-0.6326530612244898
-0.26530612244897955
0.020408163265306145
-0.10204081632653061
0.020408163265306145
0.1428571428571428
0.26530612244897966
0.30612244897959173
-0.061224489795918324
-0.5918367346938775
-0.7551020408163265
0.5918367346938775
-0.6734693877551021
0.3877551020408163
-0.061224489795918324
-0.061224489795918324
0.4693877551020409
0.020408163265306145
0.020408163265306145
-0.020408163265306145
-0.10204081632653061
-0.1428571428571429
-0.18367346938775508
0.5510204081632653
0.020408163265306145
0.1020408163265305
-0.3877551020408163
0.4285714285714286
0.26530612244897966
0.061224489795918435
0.26530612244897966
0.5510204081632653
-0.22448979591836737
-0.5510204081632653
0.4693877551020409
0.18367346938775508
0.18367346938775508
0.4693877551020409
0.22448979591836737
-0.6734693877551021
0.3877551020408163
0.510204081632653
-0.3877551020408163
-0.10204081632653061
0.26530612244897966
-0.020408163265306145
-0.26530612244897955
0.26530612244897966
0.5918367346938775
0.7959183673469388
-0.8775510204081632
0.510204081632653
-0.5918367346938775
0.30612244897959173
0.6734693877551021
0.1020408163265305
-0.020408163265306145
-0.10204081632653061
0.7142857142857142
-0.1428571428571429
0.7959183673469388
0.18367346938775508
-0.22448979591836737
-0.30612244897959184
0.510204081632653
0.1020408163265305
0.5510204081632653
0.4693877551020409
-0.1428571428571429
0.3877551020408163
0.5510204081632653
0.4285714285714286
-0.4693877551020408
-0.020408163265306145
-0.5510204081632653
0.1428571428571428
0.22448979591836737
0.4285714285714286
0.020408163265306145
0.18367346938775508
0.4285714285714286
-0.18367346938775508
0.5510204081632653
-0.020408163265306145
-0.4285714285714286
0.6734693877551021
0.5918367346938775
0.30612244897959173
0.510204081632653
0.9591836734693877
0.6734693877551021
0.6326530612244898
-0.22448979591836737
0.5510204081632653
0.5510204081632653
0.30612244897959173
-0.18367346938775508
-0.3877551020408163
-0.10204081632653061
0.30612244897959173
-0.10204081632653061
0.22448979591836737
-0.3877551020408163
0.4693877551020409
-0.4285714285714286
-0.9183673469387755
-0.3877551020408163
0.3877551020408163
-0.22448979591836737
0.5918367346938775
0.6326530612244898
0.5918367346938775
-0.22448979591836737
-0.1428571428571429
0.5918367346938775
-0.30612244897959184
0.510204081632653
0.510204081632653
0.30612244897959173
0.1428571428571428
-0.4285714285714286
-0.30612244897959184
0.22448979591836737
0.5918367346938775
0.4693877551020409
0.30612244897959173
0.4693877551020409
0.22448979591836737
0.061224489795918435
0.3877551020408163
-0.7142857142857143
0.5918367346938775
0.510204081632653
0.3877551020408163
0.346938775510204
-0.020408163265306145
0.510204081632653
-0.3877551020408163
-0.061224489795918324
0.26530612244897966
0.8367346938775511
0.510204081632653
0.30612244897959173
0.510204081632653
0.346938775510204
0.3877551020408163
-0.26530612244897955
-0.26530612244897955
-0.6734693877551021
-0.5918367346938775
-0.020408163265306145
-0.26530612244897955
0.5510204081632653
-0.22448979591836737
0.5918367346938775
-0.26530612244897955
0.346938775510204
-0.22448979591836737
0.30612244897959173
-0.30612244897959184
0.4693877551020409
-0.4285714285714286
-0.10204081632653061
0.6734693877551021
0.6326530612244898
0.4693877551020409
-0.5918367346938775
-0.020408163265306145
-0.10204081632653061
0.020408163265306145
0.6326530612244898
0.3877551020408163
0.4285714285714286
0.7142857142857142
0.4693877551020409
0.18367346938775508
-0.5102040816326531
-0.34693877551020413
0.5510204081632653
0.26530612244897966
0.5918367346938775
0.6734693877551021
0.26530612244897966
0.1428571428571428
0.5918367346938775
0.22448979591836737
-0.5918367346938775
-0.26530612244897955
-0.061224489795918324
-0.7959183673469388
0.6326530612244898
-0.3877551020408163
-0.4693877551020408
0.26530612244897966
0.7959183673469388
0.5918367346938775
-0.061224489795918324
0.3877551020408163
0.510204081632653
0.346938775510204
0.26530612244897966
-0.020408163265306145
0.510204081632653
0.510204081632653
-0.1428571428571429
-0.10204081632653061
-0.6326530612244898
0.5918367346938775
-0.8367346938775511
0.4693877551020409
-0.18367346938775508
0.1428571428571428
0.510204081632653
0.18367346938775508
0.26530612244897966
0.4285714285714286
-0.7142857142857143
0.30612244897959173
0.3877551020408163
-0.26530612244897955
0.3877551020408163
-0.6326530612244898
0.6326530612244898
0.061224489795918435
-0.30612244897959184
0.5510204081632653
0.18367346938775508
-0.5918367346938775
0.6734693877551021
-0.1428571428571429
0.30612244897959173
-0.020408163265306145
0.5918367346938775
0.1020408163265305
0.6734693877551021
-0.26530612244897955
0.510204081632653
-0.9183673469387755
-0.6326530612244898
-0.9183673469387755
0.6734693877551021
0.6326530612244898
-0.18367346938775508
0.6734693877551021
0.1020408163265305
0.4285714285714286
-1.0
0.30612244897959173
-0.5918367346938775
0.4693877551020409
0.3877551020408163
-0.10204081632653061
-0.4693877551020408
0.6326530612244898
0.5918367346938775
0.5918367346938775
-0.4693877551020408
0.5510204081632653
0.1020408163265305
0.020408163265306145
-0.34693877551020413
-0.7959183673469388
0.5510204081632653
0.26530612244897966
-0.6326530612244898
0.4693877551020409
-0.7142857142857143
0.26530612244897966
0.6326530612244898
-0.061224489795918324
0.5918367346938775
-0.7142857142857143
0.8775510204081634
-0.30612244897959184
0.6326530612244898
0.5510204081632653
0.18367346938775508
-0.30612244897959184
0.1020408163265305
-0.18367346938775508
-0.10204081632653061
-0.061224489795918324
0.30612244897959173
-0.10204081632653061
-0.18367346938775508
-0.4693877551020408
0.4693877551020409
0.1020408163265305
-0.061224489795918324
0.5918367346938775
0.5918367346938775
0.4693877551020409
0.4285714285714286
0.4285714285714286
0.7551020408163265
0.1020408163265305
0.18367346938775508
-0.3877551020408163
0.4693877551020409
0.6326530612244898
0.4285714285714286
-0.3877551020408163
0.7142857142857142
0.346938775510204
0.4693877551020409
0.4285714285714286
0.3877551020408163
-0.26530612244897955
-0.4693877551020408
0.510204081632653
0.4693877551020409
-0.22448979591836737
0.8775510204081634
0.510204081632653
0.4693877551020409
0.26530612244897966
-0.1428571428571429
0.1428571428571428
0.7142857142857142
0.510204081632653
0.6326530612244898
0.1428571428571428
0.061224489795918435
0.1428571428571428
0.346938775510204
0.346938775510204
0.4693877551020409
0.020408163265306145
-0.5510204081632653
-0.34693877551020413
0.7142857142857142
-0.6734693877551021
0.26530612244897966
-0.7142857142857143
-0.26530612244897955
-0.020408163265306145
0.4285714285714286
0.30612244897959173
-0.6326530612244898
0.7142857142857142
0.4285714285714286
0.5918367346938775
0.30612244897959173
-0.4285714285714286
-0.020408163265306145
-0.061224489795918324
0.3877551020408163
-0.4285714285714286
0.7551020408163265
0.5918367346938775
0.4285714285714286
-0.061224489795918324
0.5918367346938775
-0.18367346938775508
-0.020408163265306145
0.5918367346938775
0.1428571428571428
1.0
0.6734693877551021
0.26530612244897966
-0.1428571428571429
0.4285714285714286
-0.7551020408163265
0.4693877551020409
0.4285714285714286
-0.22448979591836737
-0.4693877551020408
-0.4693877551020408
0.7142857142857142
-0.34693877551020413
-0.020408163265306145
0.5510204081632653
0.30612244897959173
0.22448979591836737
-0.30612244897959184
0.8367346938775511
-0.10204081632653061
0.8367346938775511
EIGENVECTOR
0.8788021903072167
-0.5639256613548418
-0.47568552911843387
0.0393610502334889
-0.7058805817684362
-0.6023876919516571
-0.33679257717683686
-0.8506438262551501
-0.7436485138369794
-0.7920482007604213
-0.6050911531035026
-0.4071239199686546
-0.3305780513547625
-0.7626748030951097
-0.6159944443881211
-0.38452738290755906
0.28877776286999235
-0.726445073933565
-0.5218540514009302
-0.8271363366431628
-0.40394894110867097
0.6492581521841843
-0.5440245329958615
0.8156239187198093
0.24287023783193806
0.3653093509072407
-0.796483911587266
-0.029055006651879767
-0.8899626149926525
-0.5417684986095189
-0.8244741473315351
-0.7456458027096946
-0.7032570828298215
-0.4353801180469291
-0.946111766481632
-0.7262573015909626
-0.8031911789932213
-0.3379271246170156
-0.42591025011697425
0.8721427383851246
-0.716772098248638
-0.7711388432882139
0.24706083550805547
-0.05452232974509097
-0.12595390422985753
-0.13997683691492735
-0.8288848586723425
-0.10294585861961814
-0.9461117664816316
-0.8177324157661767
0.5073130493793949
-0.15150917441745704
0.48934053810933564
-0.9267424684391813
-0.8516593005614757
-0.7192827760640625
-0.19225500057334988
0.02261144456421138
-0.10495245249984053
-0.38773207394955145
0.20766844846733612
-0.6819836775491336
-0.8652766338928333
0.09897849171007178
-0.7486107017436578
0.7330582430081765
-0.5329080257395005
-0.46510267671988326
0.2511749196281725
-0.04011451147866918
-0.6549591201956761
-0.9149957588011484
-0.028265292790250696
-0.6527581608348904
-0.4531057143080147
-0.6592677368469972
0.1122895214617623
0.05112464902001812
-0.19878213284447743
-0.5119824383647009
-0.4128034060374558
0.6940058824624071
-0.7875259885952115
-0.583236127913491
-0.6471117146704797
-0.12340856722559068
-0.8472556369315482
-0.5409980546386965
-0.8029112293711566
-0.6897012375609676
-0.9189736155977979
-0.7697873092454444
-0.6174340597864716
0.04884651471910906
-0.8137504541454039
-0.7972097649854675
-0.9461117664816314
-0.09510744162104168
-0.9208391446119472
-0.40800270251287163
-0.617914064085561
-0.8120095285139581
0.10472365107627057
-0.8239102594480513
-0.6662087476354634
-0.4677063741264793
-0.8209735722418978
-0.6588207683080274
-0.7473834639314105
0.5337509923231161
-0.7657671745343668
-0.7290799118197211
-0.8747456596021701
-0.11302949623618963
0.21512904681344525
-0.6957367224435514
-0.008153569196081678
-0.20913614748071752
-0.6677120824475345
-0.9723620812581013
-0.6855615894642955
-0.3220114012504586
-0.5942375897300505
-0.1922171174161983
-0.5801182702638852
-0.9824477125940548
0.19114102000272637
0.3298744669815452
-0.6284272382032878
-0.6620506016132068
-0.4902570810978667
-0.8330916494136695
-0.9601516708746595
-0.5455413524944421
-0.15806633576969153
-0.22909908808161006
-0.9942136656732955
0.007389818864582454
-0.977161567147083
-0.09064006817738457
0.6205032373877697
-0.7066529923851428
-0.6755682271805097
-0.8197224357978703
0.6705018169145707
-0.7136698840762545
0.8248505312091459
-0.7394926389520751
-0.7502462233066498
-0.7734835023614974
0.4185254906069984
-0.8134665638670139
0.4942236352617464
-0.42441034046967496
-0.8074619648730846
-0.42591025011697436
-0.6537528345611809
0.17002357375932386
-0.8889769935150841
-0.5036573470373321
-0.9493132248381946
-0.6583487667691269
-0.610872645407448
0.013425015457400935
-0.7952043156125885
-0.7506972533845966
0.10012898447365748
-0.9597218582844272
-0.48434656845731017
-0.8063365533001111
-0.7997966737457256
0.649502505561204
-0.09827257220057961
-0.7142261566439474
-0.5980763961692641
0.8704933749766903
0.64707486447473
-0.10860964655618088
-0.5119217831495853
0.17668620499369236
-0.38076452263404814
-0.461379574928391
-0.8241618189329616
-0.7844501661519419
-0.7208399392281849
-0.69831110510631
-0.6538443322553875
-0.5938272550826043
-0.8788058229152624
0.21937502719155888
-0.8099263281246801
-0.8920537056990591
-0.8745587145897291
-0.2238086239446596
-0.7572700426050103
0.35039287253079254
0.11359574813179485
0.5930934342987073
-0.6991312183150962
-0.8055371483834235
0.4782410113343989
-0.5818046433007694
-0.2615126127265437
0.4930584417295172
0.011172174842589477
-0.5723147399578076
-0.9707306237054295
-0.85946107516659
-0.543872691882731
0.5868756908536923
0.3078612560897638
-0.5913969118213549
-0.31877874364776404
-0.584151071049726
-0.790411174180535
0.21116252263092838
-0.9244874495730228
0.5989473985575946
-0.3614325730066227
0.14545754251662202
-0.39080379001696663
-0.491614882163673
-0.3594037631422845
-0.5951424868240529
-0.7171748092361744
-0.5996075923552406
0.8679974276553457
-0.31685680585027853
0.09010154892950584
0.3395796764472234
-0.5240086617627298
-0.7283563844000472
-0.5827277496210421
-0.702389512927348
-0.9886499915009976
-0.983498323194089
-0.46863325290113156
-0.8822380917082252
0.3740674941752664
-0.8501794561997156
-0.1167816159612417
-0.7029895463167422
-0.5066617973084178
-0.6280653788304895
-0.6024693911288661
-0.8593317411462456
-0.25987701943013297
-0.9717155236730363
-0.6099708057210219
-0.5714775345857384
-0.3256121667875036
0.1918624372450064
-0.9853183860573498
-0.5894207926238844
-0.8868200189470188
-0.5745564844942013
-0.03444960546140208
0.2293381000789021
0.05341429153228949
0.2531792524553256
-0.14977943026511442
-0.21387070894282612
-0.6356764088520775
-0.9726034332628508
-0.4218844503722592
-0.7930192045593222
-0.5424963246517444
-0.4816513214543032
-0.7078295145654978
-0.5369346345252246
-0.6317589441457032
-0.4593334204967987
-0.9556620289745607
-0.8726421541503082
-0.8125028825204768
-0.9955184461422227
0.4463373746674826
-0.6732970172983104
-0.965753641757385
-0.5451082299181369
-0.5307760022474988
0.5952798261475603
-0.7992732076859194
-0.4692556172512625
-0.12925524987099268
-0.07099829705194238
-0.535994760923697
-0.804158975281389
0.43423356823079806
0.2330693107222619
-0.5750082841108163
-0.8238283893466296
-0.8747321339061335
-0.126247241311084
-0.9656527317558155
-0.5161662403239129
-0.9040593548449714
-0.4412465670659972
0.02757552906428873
-0.1708636704564871
-0.7343426164206184
-0.5794722891340276
-0.9908029810057
-0.09064006817738479
-0.2876774325538086
-0.78027696060117
-0.4421340404710594
-0.9922699818521645
-0.09564059049749607
-0.4938734156478237
-0.8733809088713094
0.3354567057289908
-0.3270658350649568
-0.7935454986940694
-0.4591264162415729
-0.8942566674575805
-0.5512557903021624
-0.5099023590878095
-0.25742191478753707
-0.4507267495734839
-0.5599970092139948
-0.5132788423634764
0.2938793982322443
-0.9847074432903856
-0.8105696776595627
-0.8927122714942911
0.5098721301976294
0.7570664321087901
-0.8113438855757051
-0.032893445863645177
-0.5434675223593075
-0.4019732689789569
-1.0
-0.7058890137846663
-0.9105317547875011
-0.06880376001444788
-0.5714475171570077
-0.7996883352564328
-0.7466379417170361
-0.44494894490913817
-0.2850847371827895
0.42924724719328866
-0.9604407128669585
-0.6274386660701887
-0.6498351324558811
-0.3164838838209356
-0.8657342231220287
-0.8475822797547883
0.3039386802834836
-0.5118861724198132
-0.7688025151862621
-0.22479058200853952
-0.9383664496823494
-0.634003614490326
0.6167388073552176
-0.5589487031177371
-0.19179151929150628
-0.9266990020701914
0.8961545417959644
-0.7672781436085166
0.6243214840258793
-0.36262263530829986
-0.6427293756190267
-0.8717986376014764
-0.524909747284714
-0.5942460584908905
-0.7175437359731739
-0.3894646980050438
-0.6438562420813487
-0.8197224357978701
-0.8414103400690385
-0.8931239839173843
0.380170162881861
-0.5941367813043359
-0.8030368081200248
0.0632133641336885
0.5652639842680165
-0.01661101313998614
-0.7001655492969798
0.20096869239894555
0.5908698751673902
-0.7581262730252458
-0.5566565459265436
-0.6878814945169769
-0.3786548277183567
0.33900122917274467
0.15442324771928706
-0.874558714589729
0.5939366280880005
-0.447541390513883
-0.6159944443881212
-0.37893145663877714
0.24247924695925516
-0.9396805282599907
-0.8905113893134685
-0.6057036003948353
-0.3006544275439035
-0.9634896876673262
0.8438538970999119
-0.18733847935431158
0.47339769309804836
-0.5370406212933139
-0.5926999033307851
-0.6069513542588476
0.7833226363069528
0.00723020033329469
0.644236341024417
-0.5369346345252246
-0.7721998092507228
-0.7733682820218828
-0.10625933976141289
-0.5997163754545383
0.46075126520959864
-0.7946472272112619
-0.972362081258101
-0.7050495380355756
0.7149833542902868
-0.9291850597167317
-0.6133474130447705
-0.9383664496823496
-0.6459600115799443
-0.4418167786018704
-0.3004480059160043
-0.6939595819158848
-0.8240509597441228
0.4194008752723404
-0.07509082768371167
0.49517049072433283
-0.7142261566439476
-0.8327785312793421
-0.9486462938225628
-0.6543782607302496
-0.6505858020288628
-0.8803981172392181
0.37279375269181236
-0.046641332894701626
-0.6560107650349256
-0.6514540023890092
0.2178281368409798
-0.6853603626715139
-0.6528174726726139
-0.07744085947701929
-0.7600958030539068
1.0
0.639598067094113
-0.34417249607995526
-0.7160006841350386
-0.37152204653194987
-0.9461117664816319
-0.6398213193240395
0.3175673113853261
-0.9044695613333262
-0.8890357354563205
-0.9657536417573849
-0.556298939445258
-0.7072096822678666
-0.5748978269277948
-0.2776685266033396
0.028417760588411056
-0.732201420721631
-0.9611747900155047
0.8320307946388619
-0.8048604912489619
0.8564280996228868
CENT
-0.17478923650817213
-0.3320767841553517
-0.28257247729923296
-0.6274814089505374
-0.12261002076527983
-0.43211788108003046
0.06886169143261212
-0.7127792649837397
-0.9047474709775574
-0.9893187614361795
-0.5859277141304193
-0.6069079171286986
-0.712695709139091
-0.9329069059625316
-0.5392909065404773
-0.8006331280912812
-0.3212328407000504
-0.8216498498952599
-0.2376579014267639
-0.9833856618300918
-0.803555144647943
-0.5641956539049013
-0.6818491454888922
0.8069498469215062
-0.5214289216155182
-0.32083749068451417
-0.8650949799795867
-0.15382282659360824
-0.9938059806885672
-0.5731834651448358
-0.6252160315373749
-0.8913296734973164
-0.14851616168066184
-0.90883799711084
-1.0
-0.913422156281945
-0.9914771279036965
-0.7530274940457284
-0.9278436857199
0.29501123727861045
-0.9296867380784839
-0.9294663699546735
-0.42162619319084504
0.010175258041537516
-0.012501708922482369
-0.6754863924555777
-0.5039269527715364
-0.27557558478475397
-1.0
-0.01876811937059575
0.4110459685590695
-0.45307324927779835
-0.04832839191439664
-0.535530163835258
-0.9435891285689466
-0.9073778455506011
0.002035211277671811
-0.33395795467453593
-0.3085611472822355
-0.5816001923597993
0.3854932913101359
-0.9369081436666632
-0.8736280934802094
-0.4395710655091374
-0.6991425724012676
0.06212410928948775
0.17434529408239907
-0.9074067079140666
-0.12826994886244136
-0.31121267844172307
-0.9193533180585776
-0.35106210123974924
-0.49031296191195306
-0.548767581534854
-0.8476571991915642
-0.9185691733626545
-0.2785070850199757
-0.375479407425497
-0.5694229725861875
-0.5659517609032418
-0.4558332746846768
-0.4330495128573476
-0.15752204023692695
-0.02605005601007493
-0.9398012069579456
-0.42747108205046613
-0.9471617063308313
-0.8695387448141991
-0.7603060728845217
-0.8791275142674801
-0.5542308535089941
-0.9207623229591784
-0.43132972818893167
-0.07627757592398221
-0.9579010456284063
-0.9720580878787085
-1.0
-0.11617958569793208
-0.9846393728016176
-0.22911286584698498
-0.9106585631601234
-0.8837794268960386
-0.3337537669065299
-0.9333967430575816
-0.8872105174590066
-0.7056029173732316
-0.8091065370660917
-0.9569603881242447
-0.8822391211737108
-0.2682634115658885
-0.5980717322883962
-0.2573238502677967
-0.9918538314907366
0.22143521203252714
-0.14291563152348685
-0.32713275540313735
-0.3010214769305485
-0.2740536197748443
-0.5058158093129361
-0.9173114389627693
-0.8108419640735285
-0.47584982304047185
-0.7726594610056841
0.29368502246138584
-0.8410872461248902
-0.9457526366243534
-0.11701307157803331
-0.11414319961500141
-0.907283141422647
-0.918540350623763
-0.6665050641927284
-0.9342922600411246
-0.9163359646857662
0.0948482229057237
-0.47095826313924516
-0.4173482432819453
-0.9890010045380735
0.12133263589634158
-0.931288270840025
-0.6410667275455353
0.1865618087992138
0.2351345574988999
-0.8884376436846882
-0.9810317742319344
1.0
-0.8260381884926397
0.08115945423754889
-0.8006596355175237
-0.8307595130188922
-0.931028361412252
-0.16686808132647957
-0.3055703077847096
-0.192592745906785
-0.8976093946587458
-0.8484676957955105
-0.9278436857199
-0.7521977706893026
-0.3645041884425795
-0.9936359596189284
-0.18412390099335174
-0.6048584414928376
-0.5875770963010672
-0.8028584767789078
0.6437516915277266
-0.8490154734129188
-0.8965412839153678
-0.35158414226113677
-0.8437760935813188
-0.695899113707207
-0.9548367553259213
-0.9470476461696282
-0.525944554694557
-0.22623715614271933
-0.8248543865963891
-0.49522915111297006
0.6642390026573133
-0.40649993221511116
-0.180031916782307
-0.804251438929102
-0.3561197320076396
-0.7973739191712368
-0.5709951295484935
-0.9700047427699977
-0.9173704836683945
0.53218995734434
-0.5452049365713199
-0.9353443059050639
-0.3918538243674534
-0.7755317349689728
-0.21327527639579313
-0.8413262945779338
-0.9480989087858691
-0.994835988104954
0.038483812982442966
-0.9467123141249085
-0.08329526506443397
0.5645731707605468
-0.46489495088791344
-0.9630343198767136
-0.0841670715843108
-0.24040535941807228
-0.8518221692531347
-0.05314303770134721
-0.4149414751111876
0.449068171574176
-0.9312069503616609
-0.7018105575606715
-0.977878234391085
-0.6263851278839456
-0.34048888208558403
-0.33841430979893616
-0.744167855745034
-0.3358388275484765
-0.24566896115690096
-0.927272951498247
-0.21830791462299803
-0.8948660511230537
-0.5223988122661558
-0.28145189273766025
-0.36317898574292873
-0.5530600695350751
-0.8133057551099744
-0.08582206371725387
-0.9349656829457949
-0.921373970269369
-0.4567913577647751
0.012872750091829532
-0.599878027889241
-0.4123089969945606
-0.3953443943310313
-0.007997400549759393
-0.7427178671781876
-0.2891177032377982
-0.9399222719128122
-0.9908217358969296
-0.8989101315588347
-0.8485595700706672
-0.5281816743909544
-0.16057274796159182
-0.916283836237571
-0.01731689765780886
-0.9873453519571891
-0.6833875702650801
-0.707404548848585
-0.6966633003763911
-0.8753856449130093
-0.6446388426903531
-0.913530375771877
-0.4443161552561077
-0.6161986741835248
0.008809543063179603
0.03719941761968304
-0.9478381702291528
-0.9241709071987636
-0.7228288285402902
-0.659250675184347
-0.17039195735454027
-0.212648496215884
0.33027266362111374
-0.12058032450761469
-0.5006284877064371
0.44643661794892653
-0.891901595667287
-0.91570302206034
-0.19872942726235054
-0.2151913522929486
-0.4362188879897212
0.024298427808969736
-0.7830133173663859
-0.689115165158885
-0.629864635672323
-0.43148824151276255
-0.8330096655972583
-0.9632133106287255
-0.8990371612826351
-0.982331948291264
-0.2546402645590513
-0.9100524856780673
-0.9423437723871705
-0.810768957007189
-0.17176418011106798
-0.24760787122386219
-0.7933739179389289
-0.7307781445744108
-0.30511104740964823
-0.20024760166360134
-0.5856621503228019
-0.8497619102794467
-0.11234038572364413
0.1418357694046961
-0.9580092591624274
-0.9790207384614651
-0.8579819496690861
-0.3931897103266314
-0.9358970581576531
-0.30102412594301986
-0.45475530888673643
0.14958832158519098
-0.431708067698759
-0.24270185368537134
-0.8641664024332136
-0.6535827324193869
-0.9913620553536047
-0.6410667275455353
-0.22448445531033534
-0.9415799220415718
-0.5224304376569362
-0.976384827330477
0.25957588488208905
-0.5482888508722426
-0.9694800959963876
-0.38218934444577335
0.46870147607434065
-0.9984726318767123
-0.41800572861445895
-0.7484327562318365
-0.7091323960142855
-0.5158127353803494
-0.49563640755924543
-0.1739977724445183
-0.18345783390675074
-0.9149217385699998
-0.22104723302677964
-0.9818346144138953
-0.9250807790182419
-0.8509477183068855
0.036023630217478786
-0.5175747622879623
-0.9760750060980273
0.18244308876734228
0.17270636500419045
-0.5504325867247886
-0.9965979660818428
-0.593028767425396
-0.9985849263084184
-0.28171905342863046
-0.7367134204655684
-0.9658765175099873
-0.5916138866031543
-0.2835806936136507
-0.761873891429202
-0.19407455163097687
-0.8574185474500019
-0.29865725227664097
-0.41313599445989224
-0.7345690345033102
-0.9027956780801575
-0.9995396439895629
-0.3287830896374536
-0.06948563162409693
-0.8563223661852315
-0.33431817371242656
-0.995057856916509
-0.5409233498365815
-0.32045943187921466
-0.9402539578056354
0.31378136968986947
-0.9865424809342163
-0.25236893609935096
-0.6448487906804388
-0.24720872694576668
-0.8107998582270937
-0.7207426152159266
-0.743531945372525
-0.5092560026530559
-0.7870054329676139
-0.6977751572331713
-0.6918736779238086
-0.780414228196703
-0.9810317742319344
-0.14028119029579578
-0.9381179672236946
-0.17748767208174498
-0.798210378222616
-0.9453014501879622
0.475697024415896
-0.2866817197451782
-0.12755297058476878
-0.8335070769542322
-0.19261072893973408
0.22414061821508224
-0.6421382218251213
-0.9459763135363821
-0.8818707835625075
-0.4742871065543516
-0.21303776339655278
-0.164954113559442
-0.994835988104954
-0.3920546683392726
-0.5237646370543261
-0.5392909065404773
-0.5877184346455735
-0.3783884021238778
-0.6117471621558666
-0.996163788857832
-0.7507593235877339
-0.288097207167036
-0.8576145328302266
-0.08975313950284425
-0.7096082669932628
-0.0686926321407364
-0.8187844858014146
-0.9719169051740271
-0.7256531762700709
-0.48370358703607563
-0.16169802554790602
-0.2933349151086706
-0.689115165158885
-0.9357512377079202
0.16568210534527306
0.7860331927759951
-0.6461657176757221
-0.619182596635243
-0.8520611018509415
-0.9173114389627693
-0.9772490140795159
-0.45172203634523567
-0.9920142083324042
-0.7228065173662845
-0.995057856916509
-0.7357805102635198
-0.1941043336973035
-0.2630030423580786
-0.8038885499515298
-0.9963508450197938
0.2579144753845708
-0.31846423882333486
-0.36343730111067774
-0.8248543865963891
-0.749109487251022
-0.6595075622361775
-0.9545784050049602
-0.7740406865490629
-0.9244617105205808
0.35302881229937033
-0.10461088680043285
-0.7882799358190555
-0.8044941812907029
-0.17980440854835644
-0.977171344447369
-0.230184073444051
-0.38771862154461556
-0.9195263795959936
0.7552394828022242
-0.5345452929791108
0.2409067066781856
-0.8168159260725271
-0.34128299938076034
-1.0
-0.7788201119662576
0.033100021485275244
-0.564361009802122
-0.9292929790455452
-0.9423437723871705
-0.4545968753261522
-0.9862160226300314
-0.9352205287344914
-0.5926987265325547
-0.6231399667572164
-0.8009354121995965
-0.9254904026908328
0.343640383305166
-0.7970102174531899
-0.318666005900095
DEGREE_RANK
0.9784017278617709
0.08423326133909281
-0.2267818574514039
0.3088552915766738
0.39956803455723544
0.8401727861771058
-0.10151187904967596
-0.550755939524838
-0.00647948164146861
-0.8228941684665227
-0.09719222462203025
-0.002159827213822796
0.20950323974082075
-0.22246220302375808
0.40388768898488125
0.40820734341252707
0.41252699784017266
-0.5464362850971922
0.21382289416846634
-0.5032397408207343
0.6025917926565874
0.8444924406047516
-0.049676025917926525
0.9913606911447084
0.21814254859611237
0.5075593952483801
-0.1533477321814254
0.6760259179265657
-0.8142548596112311
0.08855291576673863
-0.3434125269978402
0.002159827213823018
-0.4600431965442764
0.3131749460043196
-0.9611231101511879
-0.5939524838012958
-0.8444924406047516
-0.33909287257019427
0.22246220302375797
0.9611231101511879
-0.4557235421166306
-0.1490280777537797
0.16630669546436283
0.8920086393088551
0.09287257019438444
0.6069114470842334
-0.14470842332613387
-0.04535637149028071
-0.9568034557235421
-0.2742980561555075
0.9438444924406046
0.17062634989200842
0.7840172786177106
-0.6501079913606911
-0.5421166306695464
-0.9049676025917927
0.17494600431965446
0.6803455723542118
-0.04103671706263501
0.00647948164146861
0.3174946004319654
-0.6457883369330453
-0.978401727861771
0.32181425485961124
-0.21814254859611226
0.9308855291576674
-0.09287257019438444
0.22678185745140378
0.23110151187904981
0.2354211663066954
-0.4989200863930885
-0.7105831533477323
0.23974082073434122
-0.2699784017278618
0.32613390928725705
-0.8401727861771058
0.5118790496760259
0.2440604751619868
0.010799136069114423
0.5161987041036715
0.5205183585313176
0.8963282937365011
-0.4514038876889849
0.611231101511879
-0.7062634989200863
-0.1965442764578833
-0.9006479481641468
-0.6414686825053995
-0.265658747300216
-0.44708423326133906
-0.26133909287257007
-0.14038876889848817
0.015118790496760237
0.09719222462203003
-0.3909287257019438
-0.8747300215982721
-0.9524838012958963
0.6846652267818574
-0.9222462203023758
0.24838012958963285
-0.386609071274298
-0.3822894168466522
0.4168466522678185
-0.25701943844492436
-0.25269978401727855
-0.33477321814254857
-0.44276457883369336
-0.4946004319654428
-0.5377969762419006
0.6155507559395248
-0.24838012958963285
-0.1922246220302376
-0.7494600431965444
0.33045356371490264
0.01943844492440605
-0.21382289416846645
0.023758099352051865
0.6198704103671706
-0.5896328293736501
-0.8358531317494601
0.4211663066954643
-0.08855291576673852
-0.08423326133909281
0.4254859611231101
-0.036717062634989084
-0.91792656587473
0.25269978401727866
0.5248380129589634
-0.7451403887688984
-0.43844492440604743
0.028077753779697456
-0.33045356371490275
-0.6371490280777538
0.03239740820734349
0.6889848812095032
0.9481641468682505
-0.9827213822894169
0.529157667386609
-0.8704103671706264
0.10151187904967607
0.8488120950323972
-0.18790496760259168
-0.32613390928725694
-0.4341252699784016
0.900647948164147
-0.49028077753779686
0.9524838012958965
-0.079913606911447
-0.5853131749460043
-0.6846652267818574
0.533477321814255
-0.18358531317494597
0.6241900647948164
0.4298056155507559
-0.48596112311015116
0.25701943844492425
0.6285097192224622
0.3347732181425487
-0.8099352051835853
-0.32181425485961124
-0.8315334773218143
-0.13606911447084225
-0.03239740820734338
0.33909287257019427
-0.24406047516198703
-0.0755939524838013
0.3434125269978401
-0.5334773218142548
0.6328293736501078
-0.3174946004319654
-0.775377969762419
0.8531317494600432
0.693304535637149
0.10583153347732188
0.5377969762419006
0.9956803455723542
0.857451403887689
0.7883369330453562
-0.5809935205183585
0.6371490280777539
0.6414686825053995
0.11015118790496747
-0.529157667386609
-0.7408207343412527
-0.4298056155507559
0.11447084233261329
-0.4254859611231101
-0.028077753779697567
-0.7365010799136069
0.43412526997840173
-0.7710583153347732
-0.9956803455723542
-0.7321814254859611
0.2613390928725703
-0.5766738660907127
0.6976241900647948
0.7926565874730023
0.7019438444924406
-0.5723542116630669
-0.48164146868250535
0.7062634989200864
-0.6803455723542116
0.5421166306695464
0.546436285097192
0.1187904967602591
-0.13174946004319643
-0.7667386609071274
-0.6760259179265659
-0.023758099352051754
0.7105831533477323
0.43844492440604754
0.12311015118790491
0.44276457883369313
-0.01943844492440605
-0.20950323974082063
0.2656587473002159
-0.9438444924406048
0.7149028077753778
0.550755939524838
0.2699784017278617
0.17926565874730027
-0.3131749460043196
0.5550755939524838
-0.7278617710583153
-0.3779697624190065
0.036717062634989084
0.9654427645788337
0.5593952483801294
0.12742980561555073
0.5637149028077755
0.18358531317494586
0.27429805615550773
-0.6328293736501079
-0.6285097192224622
-0.9136069114470842
-0.8660907127429806
-0.3088552915766738
-0.6241900647948164
0.6457883369330453
-0.5680345572354211
0.7192224622030237
-0.6198704103671706
0.1879049676025919
-0.5637149028077754
0.13174946004319654
-0.67170626349892
0.44708423326133917
-0.7624190064794816
-0.4211663066954644
0.8617710583153346
0.7969762419006479
0.451403887688985
-0.8617710583153347
-0.304535637149028
-0.4168466522678186
-0.2397408207343411
0.8012958963282937
0.2786177105831533
0.3477321814254859
0.9049676025917925
0.4557235421166306
-0.07127429805615548
-0.8185745140388769
-0.7019438444924406
0.6501079913606913
0.0410367170626349
0.7235421166306695
0.8660907127429807
0.04535637149028071
-0.12742980561555073
0.7278617710583153
-0.015118790496760237
-0.857451403887689
-0.6155507559395248
-0.37365010799136067
-0.9697624190064795
0.8056155507559395
-0.7235421166306695
-0.8056155507559395
0.049676025917926525
0.9568034557235421
0.7321814254859611
-0.36933045356371486
0.28293736501079914
0.5680345572354211
0.1922246220302375
0.05399568034557234
-0.3002159827213823
0.5723542116630669
0.5766738660907129
-0.47732181425485953
-0.41252699784017266
-0.8963282937365011
0.7365010799136069
-0.9740820734341252
0.4600431965442764
-0.5248380129589633
-0.12311015118790491
0.5809935205183585
-0.06695464362850967
0.05831533477321815
0.3520518358531317
-0.9395248380129589
0.13606911447084236
0.2872570194384447
-0.611231101511879
0.29157667386609076
-0.8920086393088553
0.8099352051835853
-0.20518358531317493
-0.6673866090712743
0.6544276457883369
-0.06263498920086386
-0.8531317494600432
0.8704103671706263
-0.47300215982721383
0.14038876889848795
-0.29589632829373647
0.7408207343412527
-0.17926565874730016
0.8747300215982721
-0.6069114470842332
0.5853131749460043
-0.9913606911447084
-0.8876889848812095
-0.9870410367170627
0.8790496760259181
0.8142548596112311
-0.5205183585313174
0.8833693304535637
-0.17494600431965435
0.3563714902807775
-1.0
0.14470842332613398
-0.8488120950323974
0.4643628509719222
0.29589632829373635
-0.40820734341252696
-0.8012958963282938
0.8185745140388767
0.7451403887688983
0.7494600431965444
-0.796976241900648
0.6587473002159827
-0.17062634989200864
-0.2354211663066954
-0.6976241900647948
-0.9654427645788337
0.6630669546436285
0.06263498920086397
-0.8833693304535637
0.468682505399568
-0.9352051835853131
0.06695464362850956
0.8228941684665227
-0.36501079913606904
0.7537796976241902
-0.9308855291576674
0.982721382289417
-0.6630669546436285
0.8272138228941686
0.6673866090712743
-0.05831533477321804
-0.6587473002159827
-0.16630669546436283
-0.5161987041036717
-0.40388768898488114
-0.36069114470842323
0.1490280777537798
-0.39956803455723544
-0.5118790496760259
-0.7926565874730022
0.4730021598272136
-0.16198704103671702
-0.3563714902807775
0.7580993520518358
0.7624190064794816
0.47732181425485964
0.36069114470842334
0.36501079913606915
0.935205183585313
-0.1576673866090712
-0.05399568034557234
-0.7192224622030237
0.48164146868250546
0.8315334773218142
0.36933045356371474
-0.714902807775378
0.9092872570194386
0.1965442764578833
0.48596112311015105
0.37365010799136056
0.30021598272138217
-0.6025917926565875
-0.7883369330453563
0.5896328293736499
0.4902807775377971
-0.5593952483801296
0.9870410367170626
0.593952483801296
0.4946004319654427
0.07127429805615537
-0.468682505399568
-0.11879049676025921
0.9136069114470842
0.5982721382289415
0.8358531317494602
-0.11447084233261329
-0.20086393088552912
-0.11015118790496747
0.20086393088552912
0.20518358531317493
0.4989200863930885
-0.2311015118790496
-0.8272138228941684
-0.693304535637149
0.91792656587473
-0.9092872570194385
0.07559395248380141
-0.9265658747300216
-0.5982721382289417
-0.29157667386609076
0.3779697624190066
0.1533477321814254
-0.8790496760259179
0.9222462203023758
0.3822894168466522
0.7667386609071274
0.1576673866090712
-0.7580993520518359
-0.28725701943844484
-0.3520518358531317
0.3045356371490282
-0.7537796976241901
0.939524838012959
0.7710583153347732
0.386609071274298
-0.3477321814254859
0.775377969762419
-0.5075593952483801
-0.282937365010799
0.7796976241900648
-0.10583153347732177
1.0
0.8876889848812095
0.079913606911447
-0.4643628509719222
0.3909287257019438
-0.9481641468682506
0.5032397408207343
0.3952483801295896
-0.5550755939524837
-0.7840172786177106
-0.7796976241900648
0.9265658747300216
-0.6889848812095032
-0.2786177105831533
0.6717062634989199
0.16198704103671702
-0.010799136069114312
-0.6544276457883369
0.9697624190064795
-0.3952483801295896
0.9740820734341251
EIGENVECTOR_RANK
0.9913606911447084
0.00647948164146861
0.16198704103671702
0.611231101511879
-0.33477321814254857
-0.09719222462203025
0.32613390928725705
-0.7062634989200863
-0.4254859611231101
-0.5248380129589633
-0.10583153347732177
0.25701943844492425
0.33045356371490264
-0.468682505399568
-0.13174946004319643
0.28293736501079914
0.7408207343412527
-0.39956803455723544
0.10151187904967607
-0.67170626349892
0.2613390928725703
0.9222462203023758
0.0410367170626349
0.9568034557235421
0.7235421166306695
0.7840172786177106
-0.5464362850971922
0.5637149028077755
-0.7883369330453563
0.05831533477321815
-0.6673866090712743
-0.4298056155507559
-0.32613390928725694
0.22678185745140378
-0.8833693304535637
-0.3952483801295896
-0.5766738660907127
0.32181425485961124
0.23110151187904981
0.9870410367170626
-0.37365010799136067
-0.49028077753779686
0.7278617710583153
0.5421166306695464
0.468682505399568
0.4557235421166306
-0.6760259179265659
0.4989200863930885
-0.8747300215982721
-0.6328293736501079
0.8531317494600432
0.44708423326133917
0.8358531317494602
-0.8488120950323974
-0.7105831533477323
-0.386609071274298
0.4211663066954643
0.5982721382289415
0.4946004319654427
0.2786177105831533
0.6889848812095032
-0.2742980561555075
-0.7235421166306695
0.6371490280777539
-0.44276457883369336
0.9438444924406046
0.08423326133909281
0.17926565874730027
0.7321814254859611
0.550755939524838
-0.2311015118790496
-0.8272138228941684
0.5680345572354211
-0.20950323974082063
0.1965442764578833
-0.24838012958963285
0.6501079913606913
0.6198704103671706
0.4168466522678185
0.11447084233261329
0.24838012958963285
0.935205183585313
-0.5161987041036717
-0.04103671706263501
-0.1922246220302376
0.4730021598272136
-0.693304535637149
0.06263498920086397
-0.5680345572354211
-0.29157667386609076
-0.8315334773218143
-0.48596112311015116
-0.14038876889848817
0.6155507559395248
-0.6285097192224622
-0.550755939524838
-0.8790496760259179
0.5118790496760259
-0.8358531317494601
0.25269978401727866
-0.14470842332613387
-0.6155507559395248
0.6457883369330453
-0.6544276457883369
-0.25701943844492436
0.17494600431965446
-0.6457883369330453
-0.24406047516198703
-0.43844492440604743
0.8617710583153346
-0.47300215982721383
-0.40820734341252696
-0.7580993520518359
0.48164146868250546
0.6976241900647948
-0.3002159827213823
0.5766738660907129
0.41252699784017266
-0.26133909287257007
-0.9438444924406048
-0.282937365010799
0.3434125269978401
-0.07127429805615548
0.4254859611231101
-0.028077753779697567
-0.9611231101511879
0.6760259179265657
0.7624190064794816
-0.1576673866090712
-0.25269978401727855
0.1490280777537798
-0.6846652267818574
-0.9049676025917927
0.03239740820734349
0.44276457883369313
0.3952483801295896
-0.9913606911447084
0.5853131749460043
-0.9568034557235421
0.5161987041036715
0.900647948164147
-0.3434125269978402
-0.2699784017278618
-0.6371490280777538
0.9308855291576674
-0.3563714902807775
0.9611231101511879
-0.4211663066954644
-0.44708423326133906
-0.5032397408207343
0.8012958963282937
-0.6241900647948164
0.8444924406047516
0.23974082073434122
-0.5982721382289417
0.2354211663066954
-0.21814254859611226
0.6673866090712743
-0.7796976241900648
0.13606911447084236
-0.8920086393088553
-0.2397408207343411
-0.12311015118790491
0.593952483801296
-0.5421166306695464
-0.4514038876889849
0.6414686825053995
-0.9006479481641468
0.1533477321814254
-0.5939524838012958
-0.5637149028077754
0.9265658747300216
0.5032397408207343
-0.36501079913606904
-0.08423326133909281
0.982721382289417
0.91792656587473
0.48596112311015105
0.1187904967602591
0.6717062634989199
0.2872570194384447
0.18358531317494586
-0.6630669546436285
-0.5118790496760259
-0.3909287257019438
-0.304535637149028
-0.22246220302375808
-0.06263498920086386
-0.7624190064794816
0.7062634989200864
-0.6025917926565875
-0.796976241900648
-0.7451403887688984
0.40388768898488125
-0.4557235421166306
0.7796976241900648
0.6544276457883369
0.8790496760259181
-0.3088552915766738
-0.5896328293736501
0.8315334773218142
-0.03239740820734338
0.3822894168466522
0.8401727861771058
0.5896328293736499
-0.00647948164146861
-0.9352051835853131
-0.7192224622030237
0.04535637149028071
0.8704103671706263
0.7537796976241902
-0.05399568034557234
0.3477321814254859
-0.04535637149028071
-0.5205183585313174
0.693304535637149
-0.8401727861771058
0.8920086393088551
0.3088552915766738
0.6587473002159827
0.2699784017278617
0.14470842332613398
0.3131749460043196
-0.079913606911447
-0.3779697624190065
-0.08855291576673852
0.9784017278617709
0.3520518358531317
0.6328293736501078
0.775377969762419
0.09719222462203003
-0.40388768898488114
-0.036717062634989084
-0.3174946004319654
-0.978401727861771
-0.9654427645788337
0.17062634989200842
-0.7710583153347732
0.7926565874730023
-0.7019438444924406
0.47732181425485964
-0.32181425485961124
0.13174946004319654
-0.1533477321814254
-0.10151187904967596
-0.714902807775378
0.386609071274298
-0.9395248380129589
-0.11879049676025921
-0.002159827213822796
0.33909287257019427
0.6803455723542118
-0.9740820734341252
-0.049676025917926525
-0.775377969762419
-0.010799136069114312
0.5550755939524838
0.7105831533477323
0.6241900647948164
0.7365010799136069
0.451403887688985
0.40820734341252707
-0.17062634989200864
-0.9524838012958963
0.2440604751619868
-0.529157667386609
0.05399568034557234
0.1576673866090712
-0.3520518358531317
0.07559395248380141
-0.16198704103671702
0.1879049676025919
-0.8963282937365011
-0.7365010799136069
-0.6198704103671706
-0.9956803455723542
0.8185745140388767
-0.265658747300216
-0.9265658747300216
0.036717062634989084
0.08855291576673863
0.8876889848812095
-0.5550755939524837
0.16630669546436283
0.4600431965442764
0.533477321814255
0.079913606911447
-0.5809935205183585
0.8142548596112311
0.7149028077753778
-0.01943844492440605
-0.6501079913606911
-0.7537796976241901
0.4643628509719222
-0.9222462203023758
0.10583153347732188
-0.8142548596112311
0.22246220302375797
0.6025917926565874
0.43844492440604754
-0.4168466522678186
-0.023758099352051754
-0.9827213822894169
0.5205183585313176
0.36933045356371474
-0.5075593952483801
0.21382289416846634
-0.9870410367170627
0.5075593952483801
0.14038876889848795
-0.7408207343412527
0.7667386609071274
0.3347732181425487
-0.5334773218142548
0.1922246220302375
-0.8099352051835853
0.028077753779697456
0.12742980561555073
0.3909287257019438
0.20086393088552912
0.010799136069114423
0.11015118790496747
0.7451403887688983
-0.9697624190064795
-0.6069114470842332
-0.8012958963282938
0.857451403887689
0.9481641468682505
-0.611231101511879
0.5593952483801294
0.049676025917926525
0.2656587473002159
-1.0
-0.33909287257019427
-0.8228941684665227
0.5377969762419006
0.002159827213823018
-0.5593952483801296
-0.4341252699784016
0.20950323974082075
0.37365010799136056
0.8099352051835853
-0.9092872570194385
-0.1490280777537797
-0.1965442764578833
0.3563714902807775
-0.7278617710583153
-0.6976241900647948
0.7494600431965444
0.12311015118790491
-0.48164146868250535
0.39956803455723544
-0.857451403887689
-0.16630669546436283
0.8963282937365011
0.015118790496760237
0.4298056155507559
-0.8444924406047516
0.9956803455723542
-0.47732181425485953
0.9049676025917925
0.3045356371490282
-0.17926565874730016
-0.7321814254859611
0.09287257019438444
-0.0755939524838013
-0.3822894168466522
0.27429805615550773
-0.18358531317494597
-0.6414686825053995
-0.6889848812095032
-0.8056155507559395
0.7969762419006479
-0.06695464362850967
-0.5723542116630669
0.6285097192224622
0.8660907127429807
0.5723542116630669
-0.3131749460043196
0.6846652267818574
0.8747300215982721
-0.4600431965442764
0.01943844492440605
-0.28725701943844484
0.29589632829373635
0.7710583153347732
0.6630669546436285
-0.7494600431965444
0.8833693304535637
0.20518358531317493
-0.13606911447084225
0.29157667386609076
0.7192224622030237
-0.8660907127429806
-0.7926565874730022
-0.11015118790496747
0.36069114470842334
-0.91792656587473
0.9697624190064795
0.43412526997840173
0.8272138228941686
0.06695464362850956
-0.05831533477321804
-0.11447084233261329
0.9524838012958965
0.5809935205183585
0.9136069114470842
0.07127429805615537
-0.4946004319654428
-0.4989200863930885
0.4902807775377971
-0.09287257019438444
0.8228941684665227
-0.5377969762419006
-0.9481641468682506
-0.33045356371490275
0.939524838012959
-0.8531317494600432
-0.12742980561555073
-0.8617710583153347
-0.18790496760259168
0.21814254859611237
0.36501079913606915
-0.29589632829373647
-0.6587473002159827
0.8056155507559395
0.529157667386609
0.8488120950323972
-0.36069114470842323
-0.6803455723542116
-0.8876889848812095
-0.2267818574514039
-0.20086393088552912
-0.7667386609071274
0.7883369330453562
0.546436285097192
-0.2354211663066954
-0.20518358531317493
0.7019438444924406
-0.2786177105831533
-0.21382289416846645
0.5248380129589634
-0.4643628509719222
1.0
0.9092872570194386
0.3174946004319654
-0.36933045356371486
0.30021598272138217
-0.8704103671706264
-0.17494600431965435
0.7580993520518358
-0.8185745140388769
-0.7840172786177106
-0.9308855291576674
0.023758099352051865
-0.3477321814254859
-0.015118790496760237
0.3779697624190066
0.6069114470842334
-0.41252699784017266
-0.9136069114470842
0.9654427645788337
-0.5853131749460043
0.9740820734341251
CENT_RANK
0.6457883369330453
0.3952483801295896
0.48164146868250546
-0.03239740820734338
0.7105831533477323
0.25269978401727866
0.8444924406047516
-0.1533477321814254
-0.529157667386609
-0.9092872570194385
0.036717062634989084
-0.002159827213822796
-0.1490280777537797
-0.6803455723542116
0.10583153347732188
-0.28725701943844484
0.40820734341252707
-0.3520518358531317
0.550755939524838
-0.8833693304535637
-0.304535637149028
0.07127429805615537
-0.08855291576673852
0.9956803455723542
0.14470842332613398
0.41252699784017266
-0.4514038876889849
0.6846652267818574
-0.9395248380129589
0.049676025917926525
-0.023758099352051754
-0.4946004319654428
0.6889848812095032
-0.5464362850971922
-1.0
-0.5593952483801296
-0.9222462203023758
-0.22246220302375808
-0.6501079913606911
0.9222462203023758
-0.6630669546436285
-0.6587473002159827
0.27429805615550773
0.8099352051835853
0.7926565874730023
-0.08423326133909281
0.16630669546436283
0.4989200863930885
-0.9956803455723542
0.7840172786177106
0.9481641468682505
0.22678185745140378
0.775377969762419
0.11447084233261329
-0.7494600431965444
-0.5377969762419006
0.8012958963282937
0.386609071274298
0.43412526997840173
0.04535637149028071
0.9438444924406046
-0.714902807775378
-0.4600431965442764
0.23974082073434122
-0.12311015118790491
0.8401727861771058
0.8790496760259181
-0.5421166306695464
0.7019438444924406
0.4298056155507559
-0.6069114470842332
0.36069114470842334
0.18358531317494586
0.08855291576673863
-0.3952483801295896
-0.6025917926565875
0.4946004319654427
0.3347732181425487
0.05831533477321815
0.06263498920086397
0.21382289416846634
0.24838012958963285
0.6803455723542118
0.7796976241900648
-0.7235421166306695
0.2699784017278617
-0.775377969762419
-0.4557235421166306
-0.2267818574514039
-0.468682505399568
0.07559395248380141
-0.6155507559395248
0.2656587473002159
0.7580993520518358
-0.8012958963282938
-0.8358531317494601
-0.9913606911447084
0.7235421166306695
-0.8876889848812095
0.5593952483801294
-0.5550755939524837
-0.48164146868250535
0.3909287257019438
-0.6846652267818574
-0.48596112311015116
-0.13174946004319643
-0.32181425485961124
-0.796976241900648
-0.47732181425485953
0.5075593952483801
0.010799136069114423
0.5161987041036715
-0.9265658747300216
0.8920086393088551
0.693304535637149
0.40388768898488125
0.451403887688985
0.5032397408207343
0.16198704103671702
-0.5896328293736501
-0.33477321814254857
0.1922246220302375
-0.2354211663066954
0.91792656587473
-0.3822894168466522
-0.7580993520518359
0.7192224622030237
0.7278617710583153
-0.5334773218142548
-0.5982721382289417
-0.079913606911447
-0.6889848812095032
-0.5809935205183585
0.8531317494600432
0.20086393088552912
0.28293736501079914
-0.9049676025917927
0.857451403887689
-0.6760259179265659
-0.04535637149028071
0.8876889848812095
0.900647948164147
-0.49028077753779686
-0.8704103671706264
1.0
-0.36501079913606904
0.8488120950323972
-0.29157667386609076
-0.36933045356371486
-0.6673866090712743
0.6630669546436285
0.43844492440604754
0.6198704103671706
-0.5118790496760259
-0.39956803455723544
-0.6457883369330453
-0.21814254859611226
0.33909287257019427
-0.9352051835853131
0.6241900647948164
0.002159827213823018
0.03239740820734349
-0.3002159827213823
0.9784017278617709
-0.40820734341252696
-0.5075593952483801
0.3563714902807775
-0.3909287257019438
-0.11015118790496747
-0.7926565874730022
-0.7710583153347732
0.12742980561555073
0.5637149028077755
-0.36069114470842323
0.17926565874730027
0.982721382289417
0.30021598272138217
0.6328293736501078
-0.3131749460043196
0.3520518358531317
-0.2786177105831533
0.05399568034557234
-0.8272138228941684
-0.5939524838012958
0.9697624190064795
0.09719222462203003
-0.7019438444924406
0.3174946004319654
-0.24406047516198703
0.5853131749460043
-0.386609071274298
-0.7840172786177106
-0.9481641468682506
0.8358531317494602
-0.7667386609071274
0.7537796976241902
0.9740820734341251
0.20518358531317493
-0.8099352051835853
0.7494600431965444
0.546436285097192
-0.4211663066954644
0.7710583153347732
0.2872570194384447
0.9568034557235421
-0.67170626349892
-0.12742980561555073
-0.857451403887689
-0.028077753779697567
0.36933045356371474
0.37365010799136056
-0.20086393088552912
0.3779697624190066
0.5377969762419006
-0.6414686825053995
0.5766738660907129
-0.5032397408207343
0.14038876889848795
0.4902807775377971
0.3477321814254859
0.079913606911447
-0.33909287257019427
0.7451403887688983
-0.693304535637149
-0.6198704103671706
0.20950323974082075
0.8142548596112311
0.00647948164146861
0.29589632829373635
0.3045356371490282
0.7969762419006479
-0.1922246220302376
0.4643628509719222
-0.7278617710583153
-0.9136069114470842
-0.5161987041036717
-0.40388768898488114
0.12311015118790491
0.6760259179265657
-0.5766738660907127
0.7883369330453562
-0.9006479481641468
-0.09287257019438444
-0.13606911447084225
-0.11447084233261329
-0.4643628509719222
-0.05399568034557234
-0.5637149028077754
0.2354211663066954
-0.010799136069114312
0.8056155507559395
0.8315334773218142
-0.7796976241900648
-0.6241900647948164
-0.16630669546436283
-0.07127429805615548
0.6587473002159827
0.593952483801296
0.9308855291576674
0.7149028077753778
0.17062634989200842
0.9524838012958965
-0.4989200863930885
-0.5723542116630669
0.6025917926565874
0.5809935205183585
0.2440604751619868
0.8185745140388767
-0.25701943844492436
-0.10151187904967596
-0.036717062634989084
0.2613390928725703
-0.37365010799136067
-0.8142548596112311
-0.5205183585313174
-0.8790496760259179
0.5205183585313176
-0.550755939524838
-0.7451403887688984
-0.32613390928725694
0.6544276457883369
0.529157667386609
-0.2699784017278618
-0.17494600431965435
0.44276457883369313
0.5982721382289415
0.0410367170626349
-0.41252699784017266
0.7321814254859611
0.8617710583153346
-0.8056155507559395
-0.8617710583153347
-0.44276457883369336
0.3088552915766738
-0.7105831533477323
0.44708423326133917
0.21814254859611237
0.8660907127429807
0.25701943844492425
0.5421166306695464
-0.44708423326133906
-0.06695464362850967
-0.91792656587473
-0.04103671706263501
0.5680345572354211
-0.7365010799136069
0.13606911447084236
-0.8444924406047516
0.9136069114470842
0.09287257019438444
-0.8228941684665227
0.32613390928725705
0.9611231101511879
-0.9740820734341252
0.2786177105831533
-0.20518358531317493
-0.14038876889848817
0.1533477321814254
0.17494600431965446
0.6501079913606913
0.6285097192224622
-0.5680345572354211
0.5723542116630669
-0.8747300215982721
-0.6328293736501079
-0.4168466522678186
0.8272138228941686
0.1490280777537798
-0.8401727861771058
0.8833693304535637
0.8747300215982721
0.08423326133909281
-0.9697624190064795
0.015118790496760237
-0.978401727861771
0.48596112311015105
-0.18790496760259168
-0.8185745140388769
0.023758099352051865
0.47732181425485964
-0.2311015118790496
0.611231101511879
-0.4341252699784016
0.4557235421166306
0.29157667386609076
-0.17926565874730016
-0.5248380129589633
-0.9827213822894169
0.39956803455723544
0.7624190064794816
-0.4298056155507559
0.3822894168466522
-0.9568034557235421
0.10151187904967607
0.4168466522678185
-0.7321814254859611
0.9265658747300216
-0.8963282937365011
0.5248380129589634
-0.05831533477321804
0.533477321814255
-0.33045356371490275
-0.1576673866090712
-0.1965442764578833
0.1576673866090712
-0.26133909287257007
-0.11879049676025921
-0.10583153347732177
-0.25269978401727855
-0.8660907127429806
0.6976241900647948
-0.7192224622030237
0.6414686825053995
-0.282937365010799
-0.7537796976241901
0.9654427645788337
0.4730021598272136
0.7062634989200864
-0.3779697624190065
0.6155507559395248
0.8963282937365011
-0.049676025917926525
-0.7624190064794816
-0.47300215982721383
0.1965442764578833
0.5896328293736499
0.6673866090712743
-0.9438444924406048
0.3131749460043196
0.13174946004319654
0.11015118790496747
0.028077753779697456
0.33045356371490264
-0.00647948164146861
-0.9611231101511879
-0.21382289416846645
0.468682505399568
-0.43844492440604743
0.7408207343412527
-0.14470842332613387
0.7667386609071274
-0.3477321814254859
-0.8315334773218143
-0.17062634989200864
0.1879049676025919
0.6717062634989199
0.4600431965442764
-0.09719222462203025
-0.7062634989200863
0.8704103671706263
0.9913606911447084
-0.06263498920086386
-0.015118790496760237
-0.4254859611231101
-0.5853131749460043
-0.8531317494600432
0.23110151187904981
-0.9308855291576674
-0.16198704103671702
-0.9524838012958963
-0.18358531317494597
0.6069114470842334
0.5118790496760259
-0.3088552915766738
-0.9654427645788337
0.9092872570194386
0.4254859611231101
0.3434125269978401
-0.3563714902807775
-0.20950323974082063
-0.0755939524838013
-0.7883369330453563
-0.2397408207343411
-0.6285097192224622
0.939524838012959
0.7365010799136069
-0.265658747300216
-0.3174946004319654
0.6371490280777539
-0.8488120950323974
0.5550755939524838
0.32181425485961124
-0.611231101511879
0.9870410367170626
0.1187904967602591
0.9049676025917925
-0.3434125269978402
0.36501079913606915
-0.9870410367170627
-0.24838012958963285
0.8228941684665227
0.06695464362850956
-0.6544276457883369
-0.7408207343412527
0.22246220302375797
-0.8920086393088553
-0.6976241900647948
0.01943844492440605
-0.01943844492440605
-0.29589632829373647
-0.6371490280777538
0.935205183585313
-0.2742980561555075
0.4211663066954643
RANK
34
48
96
448
347
334
313
332
424
394
352
419
192
387
28
158
417
112
36
302
234
9
136
241
357
455
98
19
275
323
143
369
291
207
415
439
307
328
95
402
182
310
337
273
198
290
94
107
169
431
191
252
86
170
194
382
125
374
54
278
453
305
355
233
84
371
61
294
408
186
456
223
131
103
13
138
205
149
40
41
452
38
155
214
460
324
433
253
224
91
442
70
75
129
183
119
414
132
239
263
321
247
35
100
277
33
67
55
128
8
346
274
235
153
165
216
262
31
142
104
101
108
383
89
245
62
87
26
300
292
397
342
350
413
201
325
287
164
236
154
74
167
190
124
378
272
148
145
173
428
17
401
446
221
120
361
279
106
437
178
423
20
162
459
147
15
373
180
462
282
436
365
268
368
449
188
432
122
340
88
37
156
395
429
315
211
363
231
336
420
345
283
403
254
418
362
7
12
399
316
243
105
206
64
366
244
168
367
269
407
242
22
45
130
430
255
301
411
359
246
381
139
303
270
3
208
30
458
412
249
393
11
160
227
110
333
457
338
391
161
10
286
59
29
181
78
79
451
21
90
220
331
73
309
185
353
14
390
53
444
237
171
389
306
217
24
327
317
364
118
46
260
318
174
72
404
121
384
134
197
225
80
296
454
51
416
248
63
266
81
5
298
271
92
85
42
314
135
203
344
228
176
229
293
388
187
441
311
392
77
157
427
219
179
166
71
447
209
210
212
351
57
102
1
348
115
16
25
354
463
426
69
58
151
284
295
116
343
406
232
396
376
339
2
335
218
76
47
117
109
422
111
276
358
281
360
213
299
200
18
440
99
172
304
322
215
265
189
385
257
285
264
421
341
379
152
159
320
177
438
372
0
319
280
256
150
386
405
238
82
27
32
114
370
68
377
4
259
126
97
127
288
435
398
222
199
195
93
349
400
202
52
83
49
240
44
230
56
250
43
226
267
450
326
251
193
65
6
146
133
137
289
297
409
330
66
329
140
113
380
141
445
425
308
123
39
356
258
461
434
60
50
261
204
312
375
184
196
163
175
443
410
23
144
