DEGREE
-0.15384615384615385
0.15384615384615374
-0.7692307692307692
0.15384615384615374
0.6153846153846154
-0.07692307692307687
0.15384615384615374
-0.15384615384615385
0.15384615384615374
0.23076923076923084
0.0
-0.23076923076923073
0.15384615384615374
0.07692307692307687
0.7692307692307692
0.6153846153846154
0.07692307692307687
-0.5384615384615384
-0.07692307692307687
0.9230769230769231
-0.23076923076923073
0.07692307692307687
0.5384615384615385
-0.23076923076923073
-0.07692307692307687
-0.3846153846153846
0.15384615384615374
-0.15384615384615385
0.6923076923076923
0.46153846153846145
0.0
-0.15384615384615385
0.5384615384615385
0.15384615384615374
0.3076923076923077
-0.6153846153846154
0.7692307692307692
-0.15384615384615385
0.07692307692307687
0.6153846153846154
0.0
-0.23076923076923073
0.46153846153846145
0.3846153846153846
-0.3076923076923077
0.0
-0.07692307692307687
0.3076923076923077
0.0
-0.15384615384615385
0.46153846153846145
0.6923076923076923
0.0
0.3076923076923077
0.0
0.0
0.3076923076923077
-0.5384615384615384
-0.15384615384615385
0.15384615384615374
0.3846153846153846
0.23076923076923084
0.9230769230769231
0.6923076923076923
0.23076923076923084
-0.3076923076923077
-0.3076923076923077
-0.3076923076923077
0.07692307692307687
-0.15384615384615385
-0.23076923076923073
0.0
-0.15384615384615385
0.5384615384615385
0.15384615384615374
0.07692307692307687
0.3076923076923077
0.6153846153846154
-0.07692307692307687
-0.3076923076923077
0.46153846153846145
-0.5384615384615384
0.46153846153846145
0.3076923076923077
-0.5384615384615384
-0.07692307692307687
0.15384615384615374
0.0
-0.07692307692307687
0.3076923076923077
0.7692307692307692
0.15384615384615374
0.0
0.3846153846153846
-0.07692307692307687
0.07692307692307687
0.3076923076923077
0.23076923076923084
0.8461538461538463
0.3846153846153846
0.3076923076923077
0.46153846153846145
0.5384615384615385
0.0
0.3076923076923077
-0.23076923076923073
0.6153846153846154
-0.3076923076923077
0.3846153846153846
0.3076923076923077
-0.07692307692307687
-0.5384615384615384
0.3846153846153846
0.6153846153846154
0.0
0.46153846153846145
0.6923076923076923
-0.15384615384615385
0.5384615384615385
0.46153846153846145
-0.46153846153846156
0.15384615384615374
0.46153846153846145
0.15384615384615374
0.0
0.07692307692307687
0.15384615384615374
-0.46153846153846156
0.46153846153846145
-0.3846153846153846
0.3846153846153846
0.7692307692307692
0.15384615384615374
0.07692307692307687
-0.23076923076923073
0.6923076923076923
0.15384615384615374
0.3846153846153846
0.3076923076923077
0.5384615384615385
0.3076923076923077
0.6153846153846154
0.15384615384615374
0.3846153846153846
0.15384615384615374
0.6923076923076923
0.0
0.15384615384615374
-0.3076923076923077
0.07692307692307687
0.07692307692307687
0.07692307692307687
0.0
0.0
0.07692307692307687
0.07692307692307687
0.7692307692307692
-0.07692307692307687
0.46153846153846145
0.3846153846153846
-0.6923076923076923
-0.3846153846153846
0.23076923076923084
0.23076923076923084
-0.23076923076923073
0.3076923076923077
-0.07692307692307687
-0.23076923076923073
-0.23076923076923073
0.8461538461538463
-0.23076923076923073
0.23076923076923084
0.3076923076923077
0.23076923076923084
0.6153846153846154
-0.23076923076923073
0.3076923076923077
-0.3846153846153846
-0.3076923076923077
0.0
1.0
0.3076923076923077
-0.07692307692307687
0.7692307692307692
0.6923076923076923
0.5384615384615385
-0.23076923076923073
0.3076923076923077
-0.5384615384615384
0.0
-0.6153846153846154
-0.46153846153846156
-0.3076923076923077
0.46153846153846145
0.46153846153846145
0.6153846153846154
-0.46153846153846156
0.15384615384615374
-0.9230769230769231
0.0
0.3846153846153846
0.3076923076923077
0.7692307692307692
0.8461538461538463
0.15384615384615374
-0.15384615384615385
0.07692307692307687
0.0
-0.6153846153846154
-0.3076923076923077
0.3846153846153846
0.15384615384615374
0.6153846153846154
-0.3076923076923077
0.15384615384615374
0.46153846153846145
0.15384615384615374
0.0
-0.23076923076923073
0.3076923076923077
0.23076923076923084
-0.23076923076923073
-0.6923076923076923
0.6923076923076923
0.07692307692307687
0.5384615384615385
-0.5384615384615384
-0.23076923076923073
0.23076923076923084
0.6923076923076923
-0.15384615384615385
0.07692307692307687
0.3846153846153846
-0.5384615384615384
-0.23076923076923073
0.3076923076923077
0.07692307692307687
0.5384615384615385
0.6923076923076923
-0.6153846153846154
0.7692307692307692
0.15384615384615374
0.3076923076923077
-0.23076923076923073
0.0
0.07692307692307687
0.46153846153846145
0.15384615384615374
0.3846153846153846
-0.23076923076923073
-0.23076923076923073
-0.7692307692307692
0.5384615384615385
-0.15384615384615385
0.6153846153846154
0.23076923076923084
0.0
0.3846153846153846
0.0
-0.3076923076923077
-0.15384615384615385
-0.07692307692307687
0.6153846153846154
0.7692307692307692
0.3846153846153846
0.0
-0.3846153846153846
0.15384615384615374
0.15384615384615374
0.0
0.15384615384615374
0.15384615384615374
-0.5384615384615384
-0.23076923076923073
-0.23076923076923073
0.6153846153846154
0.0
0.0
0.15384615384615374
0.0
0.15384615384615374
0.07692307692307687
0.07692307692307687
-0.23076923076923073
0.07692307692307687
-0.3846153846153846
0.5384615384615385
-0.23076923076923073
0.5384615384615385
-0.6923076923076923
-0.07692307692307687
0.3076923076923077
0.15384615384615374
-0.46153846153846156
0.0
0.3076923076923077
-0.3076923076923077
0.0
-0.15384615384615385
0.15384615384615374
0.3846153846153846
0.15384615384615374
-0.46153846153846156
-0.3846153846153846
0.3076923076923077
0.3076923076923077
-0.5384615384615384
0.07692307692307687
-0.23076923076923073
-0.46153846153846156
-0.15384615384615385
-0.23076923076923073
0.3846153846153846
0.0
0.3076923076923077
-0.15384615384615385
0.07692307692307687
-0.23076923076923073
-0.3846153846153846
0.3846153846153846
0.07692307692307687
0.23076923076923084
-0.23076923076923073
-0.07692307692307687
0.0
-0.46153846153846156
0.07692307692307687
-0.3076923076923077
0.23076923076923084
-0.3076923076923077
0.23076923076923084
0.3846153846153846
-0.23076923076923073
0.15384615384615374
0.6153846153846154
0.15384615384615374
-0.15384615384615385
0.07692307692307687
0.0
-0.07692307692307687
-0.46153846153846156
-0.46153846153846156
0.3846153846153846
-0.3076923076923077
-0.07692307692307687
-0.5384615384615384
0.07692307692307687
-1.0
-0.07692307692307687
-0.15384615384615385
-0.3846153846153846
-0.6153846153846154
-0.23076923076923073
0.0
0.0
0.5384615384615385
0.07692307692307687
-0.15384615384615385
0.0
0.3076923076923077
0.15384615384615374
-0.15384615384615385
0.6153846153846154
0.3846153846153846
-0.23076923076923073
-0.23076923076923073
0.6153846153846154
-0.23076923076923073
0.3846153846153846
0.3076923076923077
0.15384615384615374
0.15384615384615374
0.3076923076923077
0.7692307692307692
-0.15384615384615385
0.07692307692307687
0.0
-0.15384615384615385
0.3076923076923077
0.15384615384615374
0.15384615384615374
0.5384615384615385
0.23076923076923084
0.0
-0.3846153846153846
0.46153846153846145
-0.07692307692307687
-0.23076923076923073
0.46153846153846145
0.8461538461538463
0.07692307692307687
-0.5384615384615384
0.0
-0.23076923076923073
-0.15384615384615385
0.23076923076923084
0.07692307692307687
0.23076923076923084
0.15384615384615374
-0.07692307692307687
0.0
0.07692307692307687
0.6923076923076923
-0.3076923076923077
0.46153846153846145
-0.3076923076923077
-0.3846153846153846
0.07692307692307687
-0.15384615384615385
-0.23076923076923073
-0.23076923076923073
-0.15384615384615385
0.3076923076923077
0.23076923076923084
0.07692307692307687
0.3076923076923077
0.3076923076923077
-0.15384615384615385
0.7692307692307692
0.07692307692307687
-0.46153846153846156
0.0
0.3846153846153846
0.3076923076923077
-0.46153846153846156
-0.15384615384615385
-0.3846153846153846
0.0
0.23076923076923084
0.07692307692307687
-0.6153846153846154
-0.3846153846153846
-0.3846153846153846
0.23076923076923084
-0.07692307692307687
0.6923076923076923
0.0
-0.23076923076923073
-0.07692307692307687
-0.07692307692307687
-0.3846153846153846
-0.15384615384615385
0.0
0.07692307692307687
0.15384615384615374
-0.9230769230769231
0.07692307692307687
0.3076923076923077
EIGENVECTOR
-0.9810265435463295
-0.9884859216250037
-0.9650407030006773
-0.9889567519920528
0.10816728775998419
-0.9470583506720963
-0.9919394100059363
-0.9596685553530213
-0.39367162933689337
-0.6232412554037055
-0.9894635993480715
-0.9995587390338708
-0.7065095380780049
-0.9718725829011897
0.27446787333628464
0.6125258962485145
-0.9397398574793121
-0.9038346173022015
-0.9667337016301422
0.26392218296253755
-0.9990119116424809
-0.9996410636777566
-0.9864946849629171
-0.9947279934647045
-0.7677226400663816
-0.9700990556734466
-0.9159919823751732
-0.8664136788083802
0.7760874276589624
-0.26246871740687083
-0.9785474107565377
-0.9943684726382491
-0.9965699099540057
-0.9198157910838864
-0.3826904208085984
-0.976193812832575
0.3862206808546478
-0.9996497621904155
-0.9966643489222776
0.19070333582970034
-0.9897967568515175
-0.996981543760219
-0.27474850889545344
-0.47653220288174225
-0.9488429898576932
-0.43857149643195037
-0.9884415791621343
-0.4093302335021597
-0.8297554960098087
-0.896396203214817
-0.027040746371760793
0.2564064518401692
-0.9925620939098398
-0.9869914986542595
-0.9976976892379701
-0.997505401019972
-0.20710500235990437
-0.9692143195630907
-0.9955988374646202
-0.9972385651606908
-0.7924172979615058
-0.9481752200950355
0.326683302467212
0.6261519831030453
-0.5248614770595018
-0.9991386496472748
-0.9998377590864205
-0.9987145520914145
-0.9971658629339315
-0.9979891109475971
-0.983566773249222
-0.9996049611400598
-0.9659967912151685
0.10130555024131804
-0.9995695671310141
-0.8540100781867764
0.08060829511002154
0.6589877021683597
-0.9787845601517166
-0.8171642930358448
0.07407558151881277
-0.9990008111670533
-0.9524701252572247
-0.870494648089744
-0.7712083781434766
-0.99504471508458
-0.98834666571747
-0.972812089945958
-0.9929338885423993
-0.8541508326199909
0.8183973866498091
-0.9708576950406924
-0.7396950130174048
-0.8847227284944383
-0.9996779913201098
-0.9110475275063183
0.1705259380985793
-0.25559326284308437
0.22282284866238822
-0.8693051453811445
-0.8179264404776101
-0.17992338552881348
0.08271044034683284
-0.8212455286413713
-0.9846848502368727
-0.9814548291681935
0.5509017398878937
-0.9998465086303409
-0.1614824336117352
-0.49840642560661674
-0.9974251819710608
-0.8600300753830878
-0.936954495910729
-0.7204382006608233
-0.9962680690735709
-0.9742417799274173
0.3998592923489095
-0.9241997755031738
0.27014920914430496
0.0018258522858298765
-0.993611834099248
-0.9585000063487061
0.580493760775922
-0.985716912256547
-0.9995596296439527
-0.6592319214626148
-0.6236724167273457
-0.9993009352688685
-0.7877069956851954
-0.9994180505400674
-0.9992344725575514
-0.9709068126846041
-0.9887362074996003
-0.9446569339361057
-0.9791193848635247
-0.7690110034575951
-0.9933689918512599
-0.7924172979615057
-0.3886573380549043
-0.33489100356135726
-0.20680249455091892
0.025965609184571248
-0.7892748171721379
-0.8785925905465879
-0.5071852069907581
-0.9744859697484111
-0.9868962758218273
-0.989146430279988
-0.9987145520914144
-0.9171901956108311
-0.9789339332072917
-0.42649856597995306
-0.5788888436289528
-0.8057932957114848
-0.8186604060865306
-0.9027607246998731
0.386220680854648
-0.9911783359527417
-0.12754178643139868
-0.9815732560572809
-0.9997806963948486
-0.9954154926265751
-0.8633553095550576
-0.864276938531967
-0.9997365922919517
-0.18621042541176858
-0.9425219467894741
-0.9978936985155172
-0.9952160320664656
0.7125036842468693
-0.9662582632231731
-0.3408036025709148
-0.2553835885276068
-0.5324763273046479
0.36228233140804567
-0.8223372974307447
-0.8958412941616494
-0.9997245361709136
-0.9584907739801958
-0.9391587391383867
1.0
-0.5896655219282262
-0.9996724782920186
0.7872242963581977
0.14300882469481713
-0.018250613799035365
-0.9990390455145378
-0.1926505318313716
-0.9881509831928851
-0.46655975822213214
-0.9998013097628278
-0.935419756316799
-0.9992146419374534
-0.19189630022239823
0.06019295200394725
-0.9952804731950388
-0.9883465597609621
-0.5613408655945105
-1.0
-0.43857149643195037
0.10791652987271849
-0.986512651115958
0.27058550578002216
0.642728002295726
-0.9262756781036763
-0.9926798916799338
-0.9966643489222777
-0.9982259507499844
-0.996158322676708
-0.9990266555512762
-0.9993045181678374
-0.9995458716684413
-0.9842467604442416
-0.989775673335
-0.9975996032593873
-0.9763597704997766
-0.6973006421232014
-0.6653189216431892
-0.9896347332941597
0.08793082839366173
-0.8890735614100316
-0.9823786719317202
-0.9984082410921253
0.6492273048578923
-0.7975154524220397
0.1644571048623671
-0.9846292429242054
-0.983566773249222
-0.7695521600297444
0.27369303450494575
-0.9980276275023499
-0.9980054997222235
-0.8145076943929914
-0.9872857816958278
-0.969851790030633
-0.4321669729549712
-0.7369777018003619
0.08736871316702688
0.6430189711893666
-0.9623484476121196
0.27446787333628664
-0.6596609119694277
-0.7686387431396693
-0.9967553516562234
-0.5397364826226749
-0.9996753363189438
-0.9742417799274177
-0.8871454818846854
-0.1564460201413106
-0.9993782251759129
-0.9901712846828443
-0.9984039690832571
-0.9398970285735466
-0.9994216596673535
0.44689018483635534
-0.9958299019001003
-0.9980540447311902
-0.8394377883511235
-0.8720215815186727
-0.9838786522471377
-0.993697691168398
-0.9877781998964531
0.11890423728976773
0.7357042120794681
-0.5095326298566671
-0.9901732422616164
-0.9991151685819505
-0.41771473570240203
-0.2488441363314896
-0.9868962758218275
-0.8974371378189453
-0.8782747916738444
-0.9881509831928853
-0.9991165780109426
-0.9971234087617011
0.08184447116353621
-0.9171473976649065
-0.9592701421511559
-0.9960604044994841
-0.9833454909803787
-0.9564740344180741
-0.9994902635673718
-0.9977925727231857
-0.9987625967520976
-0.510245417862101
-0.9988936480539595
-0.9958409108884273
-0.5356887960977692
0.09828091799288852
-0.9999892144061069
-0.934357420035323
-0.8487768992699006
-0.41333203331146995
-0.9838018070660487
-0.9981908237196649
-0.9966459269522988
-0.9965425871664298
-0.9977576674033526
-0.7556850671225631
-0.8459537700199697
-0.9960850845390026
-0.988956751992053
-0.9989161293496988
-0.9994595459193324
-0.10037307196331324
-0.81792644047761
-0.9990008111670534
-0.7111199522890445
-0.9996905704236041
-0.9998654762117541
-0.8946298151334625
-0.9635191037594316
-0.7664712575138245
-0.8825835588733586
-0.9981104531775046
-0.997989110947597
-0.9155569686738925
-0.9902779444240736
-0.998873361587366
-0.13084903192322217
-0.9952218199971125
-0.9943136368149222
-0.9997365922919518
-0.9726003906761185
-0.9936288584553369
-0.9869939707859038
-0.386561372047595
-0.9994379664777617
-0.9957546072474345
-0.9987133877642684
-0.23726483960217426
-0.9971244166031042
-0.9945245753346471
-0.7963652790631349
-0.9761279451987181
-0.9314273163864172
-0.9163007768861918
-0.3985810635070244
-0.9434098077155205
-0.9705625777074393
-0.9710043746293381
-0.9796131848031375
-0.9489945135698943
-0.700685340228782
-0.7844484103804983
-0.9916822147789198
-0.9414893137762
-0.9986188940586592
-0.9547738480372407
-0.973394379268798
-0.9964029179555989
-0.9943838837021393
-0.9829378409167265
-0.997836058009689
-0.9327365871677388
0.23974475419383712
-0.3996009963414776
-0.953511407411409
-0.9217233721965179
-0.9965170781906958
-0.9996508702666854
-0.9838563145655133
0.04414917274674335
-0.8961723952773245
-0.9974303289933883
-0.9978936985155176
0.2716964676699074
-0.9925241131219096
-0.9733812266390921
-0.22187112730287084
-0.9891174474170422
-0.9933689918512602
-0.9933728972425885
0.2220258060807465
-0.9976668264444098
-0.9954963123820751
-0.8951190096012618
-0.997989110947597
-0.9981104531775046
-0.6278499642779198
-0.469500566605507
-0.9738386598078714
-0.5446514306095767
-0.9383595459714329
-0.9744913564154756
-0.49683654180201264
-0.994623557911519
-0.9985956619952697
-0.7647843564842519
0.8711742918696463
-0.9996699889189197
-0.9999256229005954
-0.9889242043956055
-0.8512985736329087
-0.877444241438825
-0.9865802274392607
-0.9965756672005751
-0.9993667111308847
-0.9958081456616333
-0.992227063789893
-0.9732949877507796
-0.9975548263910609
0.7613476671690624
-0.9965425871664298
-0.9969389835350291
-0.9683045237378787
-0.9994159666017237
-0.9964659152069537
-0.9902830860128171
-0.9830779767268282
-0.9993782251759129
-0.9990850467914808
-0.7386119198352796
-0.5446514306095763
-0.9679381678242837
-0.9970758317264329
-0.06359415135276203
-0.9984708266656552
0.1304276801976212
-0.9962319156039615
-0.9089434071792256
-0.9355055667417519
-0.9989629119245645
-0.9993124492029093
-0.9991266738791015
-0.7570936025168151
-0.8412301397206355
-0.9982232915370237
-0.9989010053914062
-0.9966643489222778
-0.9305950882419093
-0.9995146435117414
-0.9993144292190357
-0.919982290596463
-0.9785431831727903
0.5082123987316749
-0.9575807013279147
-0.9464899091104076
-0.997445883740198
-0.49778117336425376
-0.9790342050185059
-0.9740073226368295
-0.9980540447311902
-0.9983743123101008
-0.8501346588685922
-0.9999999999999999
-0.9920918788194298
0.17010270939649086
CENT
-0.7251380802481734
-0.7529501812566105
-0.997406188404681
-0.9225694482456093
-0.9124024662271801
-0.9737581606910309
-0.8048588358347873
-0.8556818924170351
-0.6240719055391319
-0.7236128615060541
-0.4098390269662583
-0.9902941493838819
-0.7845927256576368
-0.9264064109701392
-0.8433758525487318
-0.7059054982932296
-0.49959120972761173
-0.9529462029400956
-0.44502124457652203
-0.5702494170529179
-0.9894276742693333
-0.9717117979380367
-0.2992418443961987
-0.8112509514850723
-0.7298793038306326
-0.9425627176867524
-0.6486262166627274
-0.9003435790290513
-0.9549026616943699
-0.48635021393524247
-0.9634123158012023
-0.9491029054401958
-0.9303784862772742
-0.8920309483635434
-0.3174098532661547
-0.9999472751971571
-0.5865688095051651
-0.9421844934259451
-0.9310057469561248
-0.9614787291748228
-0.7681871748221166
-0.8069371614907284
-0.5766973793545729
-0.22939332481895724
-0.9568614292393324
-0.7219407427058129
-0.857494806886618
-0.8352258073009069
-0.9440849654824879
-0.9057225567090081
-0.6900801775338105
-0.8352884004145411
-0.6543925629119063
-0.618946599746787
-0.9246802624277338
-0.5728395358412048
-0.8000105079970613
-0.9795086426497625
-0.5743273933616058
-0.649721338083955
-0.8737232262291628
-0.8888093856203361
-0.4776969940439202
-0.7418960201293638
-0.5854210009133074
-0.9544519618303842
-0.9470164291027061
-0.9982336153878035
-0.9222796382696592
-0.9889465514649048
-0.9809428829439637
-0.9792996247830273
-0.45296588935021653
-0.6803547553159526
-0.9351918206196398
-0.8838535509166227
-0.024896209720549956
-0.7139852473914301
-0.9159992877305825
-0.19021766553656339
-0.5198920950642648
-1.0
-0.7369359323942424
-0.7274291676844816
-0.9399601493234947
-0.6992970910830796
-0.5888121217074782
-0.5822822895765627
-0.5649996397977171
-0.8196919956560151
-0.8511548226633825
-0.36689324158625924
-0.6554012954618958
-0.455080425632309
-0.9648625193319943
-0.8636534341900216
-0.8126482961485162
-0.7039795393659527
-0.8037679390029241
-0.6869912565023713
-0.8496636807572093
-0.6362647143934934
-0.9525041116221001
-0.7560806446912399
-0.8962374085518825
-0.9368451198265364
-0.9555469317820197
-0.8564844439739683
-0.8293360408151127
-0.28521649404675564
-0.9745114988664967
-0.9698123915642085
-0.7356002642768085
1.0
-0.8942831644977176
-0.7499388715882832
-0.6608440349898144
-0.9141618262081904
-0.6380228298927852
-0.7203798569851791
-0.554348005216954
-0.9015571842796762
-0.9444653937704204
-0.2016543668796772
-0.8645728351296549
-0.1818687143826786
-0.4139544689061595
-0.9673565486256528
-0.24105872167342568
-0.9150709632691175
-0.9261526089237505
-0.3581650021724073
-0.610279626307873
-0.8970956090017528
-0.7472323581807252
-0.0797819361498886
-0.8436517844103952
-0.8737232262291628
-0.726823555557849
-0.24098551282944314
-0.8004468242391884
-0.9278493931048556
-0.610359137308758
-0.6453404732526984
-0.6700249840314075
-0.569220930291595
-0.8308475940232524
-0.5198386824109325
-0.9982336153878035
-0.28393590929492174
0.1421476494395535
-0.8892783928165197
-0.5345061869257473
-0.6448437231175428
-0.4388757277919114
-0.8558441102253908
-0.5865688095051651
-0.6524064032514265
-0.7415007899645896
-0.8397439654305681
-1.0
-0.9269651156430596
-0.8544313752614594
-0.7080399417713505
-0.9211130369838505
-0.816107039682527
-0.9053884244836479
-0.9769345764469404
-0.8079828367958323
-0.28802179839996855
-0.7960401760931585
-0.5996051946035489
-0.7649704797129117
-0.7607194609362332
-0.629771377637498
-0.45550291242881746
0.05570612740913106
-0.9069567979254239
-0.6590938129939868
-0.4314136239228539
-0.741654227474484
-0.41242222959780583
-0.969386637446153
-0.8371951503656277
-0.891897145857022
-0.5860721987692068
-0.9612339391752817
-0.5581377406932679
-0.9988201444887361
-0.9214804654725643
-0.995153925140999
-0.6520840614979666
-0.9128309489278316
-0.8224667441896505
-0.9624737691406542
-0.7693067222117718
-0.9995689033385884
-0.8335936985634677
-1.0
-0.7219407427058129
-0.6243188867172941
-0.8302141953381446
-0.7664159178295097
-0.2881537723628065
-0.5420533769595712
-0.9186798759832026
-0.9310057469561248
-0.941869880454104
-0.9859755133619624
-0.8315060229251354
-0.9017524775642681
-0.9514792082641518
-0.09226477694506063
-0.9823726578594549
-0.9569651497607918
-0.8173698774101661
-0.6551113621551012
-0.7257488092753006
-0.9434125013762001
-0.7017316281479264
-0.805862617444109
-0.9629062282523124
-0.9827174989357338
-0.5244473784807893
-0.48164950674130147
-0.6299864492302987
-1.0
-0.9809428829439637
-0.60085415477576
-0.6597146712737304
-0.9520035801796447
-0.9858915721967636
-0.325461660225122
-0.5045722443224014
-0.4663843358576145
0.12298208155419177
-0.15121071923760354
-0.946420153012387
-0.392238037733452
-0.8879599533204012
-0.8433758525487318
-0.6637145971215496
-0.8919733162353136
-0.8624676977876884
-0.868076221916751
-0.9865574835546702
-0.7499388715882832
-0.5744771584396425
-0.4650893023151007
-0.9142262748235115
-0.5803321213159736
-0.7655951113513069
-0.29876083890349636
-0.9105276281198659
-0.6607449091114073
-0.904598848505229
-0.9918372574822021
0.12644024948563204
-0.694312433075468
-0.7397584627437981
-0.8339940948666297
-0.9138592397437493
-0.9059183207022891
-0.5713204697670011
-0.5676592521487447
-0.8689623756374488
-0.7923477157789744
-0.4789204300290464
-0.6463768827422256
-0.8308475940232524
-0.8371913243318606
-0.7803892221737979
-0.9988201444887361
-0.8780108003380401
-0.9570845236745451
-0.20733235944642625
-0.8586855809590777
-0.7436259366144452
-0.8717848689519625
-0.732145763051043
-0.9533378806693305
-0.9717666253446743
-0.9758935932516296
-0.9612779828634224
-0.8859706201092493
-0.8594673439066429
-0.7758544034982316
-0.9411004321633755
-0.6272610297504666
-0.9999677899386269
-0.10592956045157731
-0.4562131101215965
-0.5183274162215443
-0.9931186806219425
-0.9329472156773316
-0.8731083175150318
-0.9771081868556651
-0.9591819102093965
-0.47058846373976415
-0.7038255403993079
-0.9010167616826119
-0.9225694482456093
-0.9669785907776709
-0.9653349744774182
-0.8663590873841579
-0.8496636807572093
-1.0
-0.7877189143258038
-0.8890343878822009
-0.9784199681941633
-0.9537186396728347
-0.9863463024487864
-0.8137101228943826
-0.9076149113783977
-0.7760814434789205
-0.9889465514649048
-0.8196217021270364
-0.9483596550612617
-0.9950824460824698
-0.9715916464177317
-0.9265241951436741
-0.6096922244831937
-0.9211130369838505
-0.406318465485195
-0.8459445993131515
-0.9939998220221536
-0.8444022147124142
-0.7826577331952362
-0.8799287947954542
-0.9757159367566408
-0.4233479352935441
-0.6514459873141547
-0.9637670359148814
-0.8884724000589056
-0.44528486262972333
-0.8591645343954079
-0.8960463594402265
-0.9442643384288786
-0.6245836372745621
-0.9839394086008397
-0.9736872623544945
-0.996609934913371
-0.3535493408959872
-0.5742982274402962
-0.7089867282722103
-0.6653928202845277
-0.6718858625987024
-1.0
-0.5211876238469215
-0.8726805793974073
-0.938332589246013
-0.9893844963880736
-0.8461786494786444
-0.9918796657951043
-0.7547310232833886
-0.591458248986668
-0.8446389251498887
-0.09047967149918124
-0.831038868277783
-0.8208537693128232
-0.9655490931357461
-0.6501441883179977
0.02810866554738256
-0.8152179279994024
-0.7962502645587802
-0.9769345764469404
-0.765074761860061
-0.9182200715150158
-0.549077974959532
-0.8385912611678177
-0.8368040948680786
-0.8436517844103952
-0.8818071299758687
-0.8848179890870734
-0.7376197132462518
-0.6064725618417619
-0.7855448728675908
-0.9889465514649048
-0.7760814434789205
-0.8140456372459792
-0.2560648408889723
-0.5263743799813698
-0.8064776810386645
-0.7813627672592742
-0.8269974290678352
0.04219644545337409
-0.6716855642928761
-0.8918303012618813
-0.8112356088666417
-0.6773074352058814
-0.9680555265694397
-0.9965421411379021
-0.9861419264869276
-0.9727855947880631
-0.7470094235911775
-0.6797876660297288
-0.8588756088231672
-0.9565478948126401
-0.9165640703337625
-0.6572299323984088
-0.7935878504075391
-0.9087325958440322
-0.8317857205083891
-0.9771081868556651
-0.913497058272201
-0.7354227177299986
-0.989105823498559
-0.7786807940147069
-0.9494244573242048
-0.6847465224061666
-0.9142262748235115
-0.8731144238640881
-0.584175789302416
-0.8064776810386645
-0.9402647690898291
-0.9242635339080147
-0.6514948377608549
-0.8587231572992944
-0.7402181041347369
-0.8620983264160237
-0.9401049094587896
-0.6972088080336017
-0.7639111301187067
-0.9607756140075373
-0.9303653771963951
-0.5261024596234944
-0.9211807733182991
-0.9888722743410346
-0.8786214211371127
-0.9310057469561248
-0.9653623504922781
-0.9374309827336321
-0.9972466451132288
-0.6808407874763754
-0.9459019172816102
-0.1928699051308469
-0.8269899320229579
-0.7574870588080928
-0.9133748093589545
-0.9486422727276734
-0.9019808373803325
-0.14908949071350752
-0.9918372574822021
-0.5290050011308202
-0.6775006838119564
-1.0
-0.5573080836629716
-0.8270665504580058
DEGREE_RANK
-0.5123042505592841
0.10067114093959728
-0.9865771812080537
0.10514541387024612
0.7986577181208052
-0.3825503355704697
0.10961968680089473
-0.5078299776286352
0.11409395973154357
0.297539149888143
-0.2796420581655481
-0.6823266219239372
0.11856823266219219
-0.07382550335570459
0.9239373601789709
0.803131991051454
-0.06935123042505587
-0.9373601789709172
-0.37807606263982096
0.9910514541387025
-0.6778523489932886
-0.06487695749440714
0.7360178970917226
-0.6733780760626398
-0.37360178970917224
-0.8299776286353467
0.12304250559284102
-0.5033557046979865
0.8702460850111855
0.6554809843400446
-0.27516778523489926
-0.4988814317673378
0.7404921700223714
0.12751677852349008
0.38702460850111864
-0.9642058165548099
0.9284116331096197
-0.49440715883668906
-0.0604026845637583
0.8076062639821029
-0.27069351230425054
-0.668903803131991
0.6599552572706935
0.5480984340044741
-0.7628635346756152
-0.2662192393736017
-0.3691275167785235
0.39149888143176725
-0.261744966442953
-0.4899328859060402
0.6644295302013423
0.8747203579418343
-0.25727069351230414
0.3959731543624161
-0.2527964205816554
-0.24832214765100669
0.4004474272930647
-0.9328859060402684
-0.4854586129753914
0.1319910514541387
0.552572706935123
0.30201342281879184
0.9955257270693512
0.8791946308724834
0.3064876957494407
-0.7583892617449665
-0.7539149888143177
-0.7494407158836689
-0.055928411633109576
-0.48098434004474266
-0.6644295302013422
-0.24384787472035796
-0.47651006711409394
0.7449664429530201
0.13646532438478753
-0.05145413870246085
0.40492170022371354
0.8120805369127517
-0.3646532438478747
-0.7449664429530201
0.6689038031319912
-0.9284116331096197
0.6733780760626398
0.4093959731543624
-0.9239373601789709
-0.36017897091722584
0.14093959731543615
-0.23937360178970912
-0.3557046979865771
0.4138702460850112
0.9328859060402683
0.145413870246085
-0.23489932885906029
0.5570469798657718
-0.3512304250559284
-0.04697986577181201
0.41834451901566005
0.3109619686800895
0.9731543624161074
0.5615212527964206
0.42281879194630867
0.6778523489932886
0.7494407158836689
-0.23042505592841156
0.4272930648769575
-0.6599552572706935
0.8165548098434006
-0.7404921700223713
0.5659955257270695
0.4317673378076061
-0.34675615212527955
-0.9194630872483222
0.5704697986577181
0.8210290827740492
-0.22595078299776283
0.6823266219239372
0.883668903803132
-0.4720357941834451
0.7539149888143177
0.6868008948545861
-0.883668903803132
0.1498881431767336
0.6912751677852349
0.15436241610738244
-0.221476510067114
-0.042505592841163176
0.15883668903803128
-0.8791946308724832
0.6957494407158835
-0.825503355704698
0.5749440715883669
0.9373601789709172
0.1633109619686801
-0.03803131991051445
-0.6554809843400446
0.8881431767337808
0.16778523489932895
0.5794183445190155
0.43624161073825496
0.7583892617449663
0.4407158836689038
0.825503355704698
0.17225950782997757
0.5838926174496644
0.1767337807606264
0.8926174496644295
-0.21700223713646527
0.18120805369127502
-0.7360178970917226
-0.03355704697986572
-0.029082774049216997
-0.02460850111856816
-0.21252796420581654
-0.20805369127516782
-0.020134228187919434
-0.015659955257270597
0.941834451901566
-0.3422818791946308
0.7002237136465326
0.588366890380313
-0.9776286353467561
-0.8210290827740492
0.31543624161073835
0.31991051454138697
-0.6510067114093959
0.4451901565995524
-0.3378076062639821
-0.6465324384787472
-0.6420581655480984
0.977628635346756
-0.6375838926174496
0.3243847874720358
0.44966442953020147
0.3288590604026844
0.8299776286353466
-0.6331096196868009
0.4541387024608501
-0.8165548098434005
-0.7315436241610738
-0.20357941834451887
1.0
0.4586129753914989
-0.33333333333333337
0.9463087248322146
0.8970917225950783
0.7628635346756152
-0.6286353467561521
0.46308724832214754
-0.9149888143176734
-0.19910514541387014
-0.959731543624161
-0.8747203579418344
-0.7270693512304249
0.7046979865771812
0.70917225950783
0.8344519015659955
-0.8702460850111857
0.18568232662192385
-0.9955257270693513
-0.19463087248322142
0.592841163310962
0.4675615212527964
0.9507829977628637
0.9821029082774049
0.1901565995525727
-0.4675615212527964
-0.01118568232662187
-0.1901565995525727
-0.9552572706935123
-0.7225950782997763
0.5973154362416109
0.1946308724832213
0.8389261744966441
-0.7181208053691275
0.19910514541387037
0.7136465324384786
0.20357941834451898
-0.18568232662192385
-0.6241610738255033
0.4720357941834452
0.33333333333333326
-0.6196868008948545
-0.9731543624161074
0.9015659955257269
-0.006711409395973034
0.7673378076062638
-0.9105145413870246
-0.6152125279642058
0.3378076062639819
0.9060402684563758
-0.46308724832214765
-0.0022371364653243075
0.6017897091722595
-0.9060402684563759
-0.6107382550335569
0.4765100671140938
0.0022371364653244186
0.7718120805369129
0.9105145413870246
-0.9507829977628636
0.9552572706935123
0.20805369127516782
0.48098434004474266
-0.6062639821029083
-0.18120805369127513
0.006711409395973034
0.7181208053691275
0.21252796420581643
0.6062639821029083
-0.6017897091722595
-0.5973154362416107
-0.9821029082774049
0.7762863534675615
-0.4586129753914989
0.8434004474272931
0.34228187919463093
-0.1767337807606264
0.6107382550335569
-0.17225950782997757
-0.7136465324384786
-0.45413870246085
-0.3288590604026844
0.847874720357942
0.9597315436241611
0.6152125279642058
-0.16778523489932873
-0.8120805369127517
0.21700223713646527
0.2214765100671141
-0.16331096196868
0.22595078299776272
0.23042505592841156
-0.901565995525727
-0.5928411633109619
-0.5883668903803132
0.8523489932885906
-0.15883668903803128
-0.15436241610738255
0.2348993288590604
-0.1498881431767337
0.23937360178970923
0.01118568232662187
0.015659955257270486
-0.5838926174496644
0.020134228187919545
-0.8076062639821029
0.7807606263982103
-0.5794183445190156
0.7852348993288591
-0.9686800894854586
-0.3243847874720357
0.4854586129753915
0.24384787472035785
-0.8657718120805369
-0.145413870246085
0.48993288590604034
-0.7091722595078299
-0.14093959731543615
-0.44966442953020125
0.24832214765100669
0.6196868008948544
0.2527964205816555
-0.8612975391498882
-0.8031319910514542
0.49440715883668895
0.4988814317673378
-0.8970917225950783
0.02460850111856816
-0.5749440715883669
-0.8568232662192394
-0.4451901565995525
-0.5704697986577181
0.6241610738255032
-0.13646532438478742
0.5033557046979866
-0.4407158836689038
0.029082774049216997
-0.5659955257270692
-0.7986577181208054
0.6286353467561523
0.033557046979865834
0.34675615212527977
-0.5615212527964206
-0.31991051454138697
-0.13199105145413859
-0.8523489932885906
0.03803131991051445
-0.7046979865771812
0.3512304250559284
-0.7002237136465324
0.3557046979865772
0.6331096196868009
-0.5570469798657718
0.25727069351230414
0.8568232662192394
0.261744966442953
-0.43624161073825496
0.04250559284116329
-0.12751677852348986
-0.31543624161073824
-0.8478747203579419
-0.843400447427293
0.6375838926174497
-0.6957494407158836
-0.3109619686800894
-0.8926174496644295
0.0469798657718119
-1.0
-0.3064876957494407
-0.43176733780760623
-0.7941834451901566
-0.9463087248322147
-0.552572706935123
-0.12304250559284113
-0.11856823266219241
0.7897091722595078
0.05145413870246074
-0.4272930648769575
-0.11409395973154357
0.5078299776286352
0.2662192393736016
-0.42281879194630867
0.861297539149888
0.6420581655480984
-0.5480984340044742
-0.5436241610738255
0.8657718120805369
-0.5391498881431767
0.6465324384787472
0.5123042505592841
0.27069351230425065
0.27516778523489926
0.5167785234899327
0.9642058165548097
-0.41834451901565983
0.055928411633109576
-0.10961968680089473
-0.4138702460850111
0.5212527964205818
0.2796420581655481
0.28411633109619694
0.7941834451901566
0.36017897091722584
-0.10514541387024601
-0.7897091722595079
0.7225950782997763
-0.30201342281879195
-0.5346756152125279
0.7270693512304249
0.9865771812080537
0.06040268456375841
-0.8881431767337807
-0.10067114093959728
-0.5302013422818792
-0.4093959731543624
0.3646532438478747
0.06487695749440725
0.3691275167785233
0.28859060402684555
-0.2975391498881431
-0.09619686800894844
0.06935123042505587
0.9149888143176734
-0.6912751677852349
0.7315436241610738
-0.6868008948545861
-0.785234899328859
0.0738255033557047
-0.40492170022371365
-0.5257270693512304
-0.5212527964205815
-0.4004474272930648
0.5257270693512304
0.3736017897091721
0.07829977628635332
0.5302013422818792
0.534675615212528
-0.3959731543624161
0.9686800894854586
0.08277404921700215
-0.8389261744966443
-0.09172259507829972
0.6510067114093958
0.5391498881431767
-0.8344519015659955
-0.39149888143176725
-0.7807606263982103
-0.08724832214765099
0.3780760626398212
0.08724832214765077
-0.941834451901566
-0.7762863534675615
-0.7718120805369127
0.3825503355704698
-0.2930648769574943
0.9194630872483223
-0.08277404921700227
-0.5167785234899329
-0.28859060402684555
-0.28411633109619683
-0.767337807606264
-0.3870246085011185
-0.07829977628635332
0.09172259507829983
0.2930648769574944
-0.9910514541387024
0.09619686800894867
0.5436241610738255
EIGENVECTOR_RANK
-0.145413870246085
-0.2796420581655481
0.01118568232662187
-0.2975391498881431
0.8165548098434006
0.07829977628635332
-0.3557046979865771
0.02460850111856816
0.6375838926174497
0.5123042505592841
-0.3109619686800894
-0.8970917225950783
0.4765100671140938
-0.04697986577181201
0.8970917225950783
0.941834451901566
0.10961968680089473
0.20805369127516782
-0.0022371364653243075
0.8702460850111855
-0.785234899328859
-0.9149888143176734
-0.21700223713646527
-0.43624161073825496
0.4317673378076061
-0.02460850111856816
0.1901565995525727
0.28859060402684555
0.9821029082774049
0.6689038031319912
-0.11856823266219241
-0.41834451901565983
-0.5346756152125279
0.17225950782997757
0.6510067114093958
-0.10514541387024601
0.9105145413870246
-0.9194630872483222
-0.5480984340044742
0.847874720357942
-0.3243847874720357
-0.5704697986577181
0.6644295302013423
0.5838926174496644
0.06935123042505587
0.6017897091722595
-0.27516778523489926
0.6241610738255032
0.34228187919463093
0.2214765100671141
0.7494407158836689
0.8657718120805369
-0.37360178970917224
-0.23937360178970912
-0.6286353467561521
-0.6107382550335569
0.6957494407158835
-0.015659955257270597
-0.4675615212527964
-0.5928411633109619
0.3959731543624161
0.0738255033557047
0.9015659955257269
0.9463087248322146
0.552572706935123
-0.8165548098434005
-0.9731543624161074
-0.7404921700223713
-0.5883668903803132
-0.6554809843400446
-0.18120805369127513
-0.9105145413870246
0.006711409395973034
0.8076062639821029
-0.9060402684563759
0.3109619686800895
0.7807606263982103
0.9642058165548097
-0.12304250559284113
0.3691275167785233
0.7762863534675615
-0.7762863534675615
0.06040268456375841
0.2796420581655481
0.4138702460850112
-0.4407158836689038
-0.27069351230425054
-0.055928411633109576
-0.3825503355704697
0.3064876957494407
0.9910514541387025
-0.03355704697986572
0.4541387024608501
0.2527964205816555
-0.941834451901566
0.19910514541387037
0.8434004474272931
0.6733780760626398
0.8568232662192394
0.28411633109619694
0.36017897091722584
0.7181208053691275
0.7897091722595078
0.3512304250559284
-0.20805369127516782
-0.1498881431767337
0.9328859060402683
-0.9776286353467561
0.7225950782997763
0.5704697986577181
-0.5973154362416107
0.30201342281879184
0.12304250559284102
0.4675615212527964
-0.5078299776286352
-0.08277404921700227
0.9194630872483223
0.15883668903803128
0.8747203579418343
0.7583892617449663
-0.4004474272930648
0.033557046979865834
0.9373601789709172
-0.21252796420581654
-0.901565995525727
0.4988814317673378
0.5078299776286352
-0.8299776286353467
0.40492170022371354
-0.8657718120805369
-0.825503355704698
-0.03803131991051445
-0.28411633109619683
0.08724832214765077
-0.13646532438478742
0.42281879194630867
-0.3870246085011185
0.39149888143176725
0.6420581655480984
0.6599552572706935
0.7002237136465326
0.7628635346756152
0.4004474272930647
0.261744966442953
0.5659955257270695
-0.09172259507829972
-0.23489932885906029
-0.3064876957494407
-0.7449664429530201
0.1767337807606264
-0.12751677852348986
0.6107382550335569
0.5212527964205818
0.3780760626398212
0.3557046979865772
0.21252796420581643
0.9149888143176734
-0.34675615212527955
0.7360178970917226
-0.15436241610738255
-0.9642058165548099
-0.4586129753914989
0.297539149888143
0.2930648769574944
-0.959731543624161
0.7136465324384786
0.09619686800894867
-0.6510067114093959
-0.4451901565995525
0.9686800894854586
0.0022371364653244186
0.6554809843400446
0.6778523489932886
0.5480984340044741
0.9060402684563758
0.34675615212527977
0.23042505592841156
-0.9507829977628636
0.03803131991051445
0.11409395973154357
1.0
0.5167785234899327
-0.9328859060402684
0.9865771812080537
0.8299776286353466
0.7539149888143177
-0.7941834451901566
0.7046979865771812
-0.261744966442953
0.592841163310962
-0.9686800894854586
0.1319910514541387
-0.8210290827740492
0.70917225950783
0.7718120805369129
-0.45413870246085
-0.2662192393736017
0.5257270693512304
-0.9955257270693513
0.5973154362416109
0.8120805369127517
-0.221476510067114
0.8791946308724834
0.9507829977628637
0.15436241610738244
-0.37807606263982096
-0.5570469798657718
-0.7046979865771812
-0.4988814317673378
-0.7897091722595079
-0.8344519015659955
-0.8926174496644295
-0.19910514541387014
-0.31991051454138697
-0.6196868008948545
-0.10961968680089473
0.4854586129753915
0.48993288590604034
-0.31543624161073824
0.7986577181208052
0.24384787472035785
-0.15883668903803128
-0.7181208053691275
0.9597315436241611
0.3825503355704698
0.8344519015659955
-0.20357941834451887
-0.1767337807606264
0.41834451901566005
0.8881431767337808
-0.6733780760626398
-0.668903803131991
0.3736017897091721
-0.24832214765100669
-0.020134228187919434
0.6062639821029083
0.46308724832214754
0.7941834451901566
0.9552572706935123
0.020134228187919545
0.8926174496644295
0.49440715883668895
0.4272930648769575
-0.5615212527964206
0.5391498881431767
-0.9373601789709172
-0.08724832214765099
0.24832214765100669
0.7270693512304249
-0.8568232662192394
-0.3288590604026844
-0.7136465324384786
0.10514541387024612
-0.8702460850111857
0.9239373601789709
-0.48098434004474266
-0.6823266219239372
0.3378076062639819
0.27516778523489926
-0.19463087248322142
-0.4093959731543624
-0.2527964205816554
0.8210290827740492
0.9731543624161074
0.5615212527964206
-0.33333333333333337
-0.8031319910514542
0.6152125279642058
0.6823266219239372
-0.23042505592841156
0.21700223713646527
0.2662192393736016
-0.25727069351230414
-0.8076062639821029
-0.5794183445190156
0.7852348993288591
0.18120805369127502
0.029082774049216997
-0.4899328859060402
-0.17225950782997757
0.0469798657718119
-0.883668903803132
-0.6375838926174496
-0.7494407158836689
0.5570469798657718
-0.7583892617449665
-0.4854586129753914
0.5436241610738255
0.803131991051454
-0.9910514541387024
0.13646532438478753
0.3243847874720358
0.6196868008948544
-0.18568232662192385
-0.6957494407158836
-0.5436241610738255
-0.5302013422818792
-0.6331096196868009
0.44966442953020147
0.3288590604026844
-0.49440715883668906
-0.2930648769574943
-0.767337807606264
-0.8791946308724832
0.7404921700223714
0.3646532438478747
-0.7807606263982103
0.4720357941834452
-0.9463087248322147
-0.9821029082774049
0.23937360178970923
0.015659955257270486
0.43624161073825496
0.25727069351230414
-0.6912751677852349
-0.6644295302013422
0.1946308724832213
-0.3378076062639821
-0.7539149888143177
0.7315436241610738
-0.44966442953020125
-0.4138702460850111
-0.9552572706935123
-0.05145413870246085
-0.40492170022371365
-0.24384787472035796
0.6465324384787472
-0.8747203579418344
-0.4720357941834451
-0.7360178970917226
0.6868008948545861
-0.5838926174496644
-0.4272930648769575
0.38702460850111864
-0.10067114093959728
0.145413870246085
0.18568232662192385
0.6331096196868009
0.09172259507829983
-0.029082774049216997
-0.042505592841163176
-0.14093959731543615
0.06487695749440725
0.48098434004474266
0.4093959731543624
-0.3512304250559284
0.10067114093959728
-0.7315436241610738
0.05145413870246074
-0.06935123042505587
-0.5123042505592841
-0.42281879194630867
-0.16331096196868
-0.6420581655480984
0.14093959731543615
0.861297539149888
0.6286353467561523
0.055928411633109576
0.1633109619686801
-0.5212527964205815
-0.9239373601789709
-0.1901565995525727
0.7673378076062638
0.22595078299776272
-0.6017897091722595
-0.6465324384787472
0.883668903803132
-0.3691275167785235
-0.06487695749440714
0.6912751677852349
-0.30201342281879195
-0.39149888143176725
-0.3959731543624161
0.8523489932885906
-0.6241610738255033
-0.46308724832214765
0.2348993288590604
-0.6599552572706935
-0.6868008948545861
0.5033557046979866
0.588366890380313
-0.07382550335570459
0.5302013422818792
0.11856823266219219
-0.09619686800894844
0.5794183445190155
-0.43176733780760623
-0.7270693512304249
0.4407158836689038
0.9955257270693512
-0.9284116331096197
-0.9865771812080537
-0.28859060402684555
0.31543624161073835
0.27069351230425065
-0.22595078299776283
-0.5391498881431767
-0.8478747203579419
-0.47651006711409394
-0.3646532438478747
-0.0604026845637583
-0.6152125279642058
0.977628635346756
-0.5257270693512304
-0.5659955257270692
-0.01118568232662187
-0.8612975391498882
-0.5167785234899329
-0.3422818791946308
-0.16778523489932873
-0.8523489932885906
-0.7986577181208054
0.4586129753914989
0.534675615212528
-0.006711409395973034
-0.5749440715883669
0.7449664429530201
-0.7225950782997763
0.825503355704698
-0.5033557046979865
0.20357941834451898
0.12751677852349008
-0.7718120805369127
-0.8389261744966443
-0.8120805369127517
0.4451901565995524
0.33333333333333326
-0.7002237136465324
-0.7628635346756152
-0.552572706935123
0.1498881431767336
-0.8881431767337807
-0.843400447427293
0.16778523489932895
-0.11409395973154357
0.9284116331096197
0.04250559284116329
0.08277404921700215
-0.6062639821029083
0.5749440715883669
-0.13199105145413859
-0.07829977628635332
-0.6778523489932886
-0.7091722595078299
0.31991051454138697
-1.0
-0.36017897091722584
0.8389261744966441
CENT_RANK
0.3288590604026844
0.23937360178970923
-0.9373601789709172
-0.4407158836689038
-0.3557046979865771
-0.7628635346756152
0.10961968680089473
-0.10961968680089473
0.5659955257270695
0.33333333333333326
0.8389261744966441
-0.8881431767337807
0.15436241610738244
-0.4586129753914989
-0.0604026845637583
0.3646532438478747
0.7539149888143177
-0.6152125279642058
0.8120805369127517
0.6689038031319912
-0.883668903803132
-0.7449664429530201
0.8747203579418343
0.07829977628635332
0.3109619686800895
-0.5480984340044742
0.5167785234899327
-0.2975391498881431
-0.6331096196868009
0.7583892617449663
-0.6912751677852349
-0.5928411633109619
-0.48098434004474266
-0.27516778523489926
0.8702460850111855
-0.9642058165548099
0.6107382550335569
-0.5436241610738255
-0.49440715883668906
-0.6778523489932886
0.1946308724832213
0.09172259507829983
0.6420581655480984
0.9149888143176734
-0.6465324384787472
0.3378076062639819
-0.12304250559284113
-0.02460850111856816
-0.5570469798657718
-0.3288590604026844
0.3959731543624161
-0.029082774049216997
0.4854586129753915
0.5704697986577181
-0.44966442953020125
0.6599552572706935
0.12304250559284102
-0.8076062639821029
0.6510067114093958
0.5123042505592841
-0.20357941834451887
-0.24832214765100669
0.7718120805369129
0.2662192393736016
0.6241610738255032
-0.6286353467561521
-0.5794183445190156
-0.9463087248322147
-0.43176733780760623
-0.8702460850111857
-0.8165548098434005
-0.8031319910514542
0.803131991051454
0.4138702460850112
-0.5033557046979865
-0.22595078299776283
0.9686800894854586
0.3512304250559284
-0.3959731543624161
0.9328859060402683
0.7360178970917226
-1.0
0.2930648769574944
0.31543624161073835
-0.5212527964205815
0.3825503355704698
0.6062639821029083
0.6331096196868009
0.6823266219239372
0.04250559284116329
-0.10067114093959728
0.8523489932885906
0.4765100671140938
0.7986577181208052
-0.7002237136465324
-0.15883668903803128
0.0738255033557047
0.3691275167785233
0.11409395973154357
0.4004474272930647
-0.09619686800894844
0.5391498881431767
-0.6107382550335569
0.23042505592841156
-0.28859060402684555
-0.5078299776286352
-0.6375838926174496
-0.11856823266219241
0.015659955257270486
0.8926174496644295
-0.767337807606264
-0.7360178970917226
0.297539149888143
1.0
-0.2796420581655481
0.24384787472035785
0.4541387024608501
-0.37807606263982096
0.534675615212528
0.34675615212527977
0.6957494407158835
-0.3064876957494407
-0.5659955257270692
0.9239373601789709
-0.16331096196868
0.9373601789709172
0.8299776286353466
-0.7225950782997763
0.9060402684563758
-0.39149888143176725
-0.45413870246085
0.8568232662192394
0.5794183445190155
-0.2930648769574943
0.2527964205816555
0.9642058165548097
-0.06935123042505587
-0.19910514541387014
0.31991051454138697
0.9105145413870246
0.11856823266219219
-0.4720357941834451
0.5749440715883669
0.5257270693512304
0.4407158836689038
0.6733780760626398
0.0022371364653244186
0.7404921700223714
-0.941834451901566
0.8970917225950783
0.9955257270693512
-0.25727069351230414
0.70917225950783
0.5302013422818792
0.8165548098434006
-0.11409395973154357
0.6152125279642058
0.48993288590604034
0.27516778523489926
-0.05145413870246085
-0.9955257270693513
-0.4675615212527964
-0.10514541387024601
0.36017897091722584
-0.41834451901565983
0.055928411633109576
-0.3243847874720357
-0.785234899328859
0.08724832214765077
0.8881431767337808
0.1319910514541387
0.5973154362416109
0.21252796420581643
0.2214765100671141
0.5480984340044741
0.7941834451901566
0.9821029082774049
-0.3378076062639821
0.4675615212527964
0.8210290827740492
0.27069351230425065
0.8344519015659955
-0.7315436241610738
-0.042505592841163176
-0.2662192393736017
0.6196868008948544
-0.668903803131991
0.6868008948545861
-0.9552572706935123
-0.4272930648769575
-0.9194630872483222
0.49440715883668895
-0.36017897091722584
0.033557046979865834
-0.6823266219239372
0.1901565995525727
-0.959731543624161
-0.015659955257270597
-0.9910514541387024
0.34228187919463093
0.5615212527964206
0.01118568232662187
0.19910514541387037
0.883668903803132
0.7046979865771812
-0.4093959731543624
-0.4899328859060402
-0.5391498881431767
-0.8389261744966443
-0.006711409395973034
-0.3109619686800894
-0.6017897091722595
0.9552572706935123
-0.8210290827740492
-0.6510067114093959
0.05145413870246074
0.48098434004474266
0.3243847874720358
-0.552572706935123
0.3780760626398212
0.10514541387024612
-0.6868008948545861
-0.825503355704698
0.7270693512304249
0.7628635346756152
0.5436241610738255
-0.9865771812080537
-0.8120805369127517
0.592841163310962
0.46308724832214754
-0.6062639821029083
-0.8344519015659955
0.8657718120805369
0.7494407158836689
0.7807606263982103
0.9865771812080537
0.941834451901566
-0.5749440715883669
0.847874720357942
-0.23937360178970912
-0.055928411633109576
0.44966442953020147
-0.27069351230425054
-0.15436241610738255
-0.17225950782997757
-0.8523489932885906
0.24832214765100669
0.6465324384787472
0.7852348993288591
-0.3870246085011185
0.6375838926174497
0.20357941834451898
0.8791946308724834
-0.3512304250559284
0.4586129753914989
-0.31991051454138697
-0.8970917225950783
0.9910514541387025
0.39149888143176725
0.28411633109619694
-0.020134228187919434
-0.37360178970917224
-0.33333333333333337
0.6644295302013423
0.6778523489932886
-0.1767337807606264
0.14093959731543615
0.7673378076062638
0.5212527964205818
0.006711409395973034
-0.03803131991051445
0.16778523489932895
-0.9507829977628636
-0.20805369127516782
-0.6554809843400446
0.9194630872483223
-0.12751677852348986
0.261744966442953
-0.18120805369127513
0.3064876957494407
-0.6196868008948545
-0.7494407158836689
-0.7762863534675615
-0.6733780760626398
-0.23489932885906029
-0.145413870246085
0.18568232662192385
-0.5346756152125279
0.552572706935123
-0.9686800894854586
0.9507829977628637
0.7897091722595078
0.7449664429530201
-0.9060402684563759
-0.4988814317673378
-0.1901565995525727
-0.7941834451901566
-0.6599552572706935
0.7762863534675615
0.3736017897091721
-0.30201342281879195
-0.43624161073825496
-0.7181208053691275
-0.7046979865771812
-0.16778523489932873
-0.09172259507829972
-0.9821029082774049
0.145413870246085
-0.2527964205816554
-0.7986577181208054
-0.6241610738255033
-0.8478747203579419
0.06935123042505587
-0.3422818791946308
0.1767337807606264
-0.8657718120805369
0.0469798657718119
-0.5838926174496644
-0.9149888143176734
-0.7404921700223713
-0.46308724832214765
0.5838926174496644
-0.4138702460850111
0.8434004474272931
-0.08277404921700227
-0.9105145413870246
-0.07382550335570459
0.15883668903803128
-0.21700223713646527
-0.7718120805369127
0.825503355704698
0.5033557046979866
-0.6957494407158836
-0.24384787472035796
0.8076062639821029
-0.14093959731543615
-0.28411633109619683
-0.5615212527964206
0.5570469798657718
-0.8299776286353467
-0.7583892617449665
-0.9284116331096197
0.861297539149888
0.6554809843400446
0.3557046979865772
0.4451901565995524
0.4317673378076061
-0.9776286353467561
0.7315436241610738
-0.18568232662192385
-0.5167785234899329
-0.8791946308724832
-0.08724832214765099
-0.901565995525727
0.2348993288590604
0.6017897091722595
-0.07829977628635332
0.9597315436241611
-0.0022371364653243075
0.03803131991051445
-0.7136465324384786
0.5078299776286352
0.9731543624161074
0.06040268456375841
0.12751677852349008
-0.7807606263982103
0.20805369127516782
-0.40492170022371365
0.7002237136465326
-0.04697986577181201
-0.03355704697986572
-0.06487695749440714
-0.221476510067114
-0.23042505592841156
0.28859060402684555
0.588366890380313
0.1498881431767336
-0.8612975391498882
0.18120805369127502
0.06487695749440725
0.9015659955257269
0.7181208053691275
0.09619686800894867
0.1633109619686801
0.02460850111856816
0.977628635346756
0.43624161073825496
-0.261744966442953
0.08277404921700215
0.4272930648769575
-0.7270693512304249
-0.9239373601789709
-0.843400447427293
-0.7539149888143177
0.25727069351230414
0.41834451901566005
-0.13646532438478742
-0.6420581655480984
-0.4004474272930648
0.4720357941834452
0.13646532438478753
-0.34675615212527955
-0.01118568232662187
-0.7897091722595079
-0.3691275167785235
0.30201342281879184
-0.8747203579418344
0.17225950782997757
-0.5973154362416107
0.40492170022371354
-0.3825503355704697
-0.19463087248322142
0.6286353467561523
0.10067114093959728
-0.5302013422818792
-0.4451901565995525
0.4988814317673378
-0.13199105145413859
0.2796420581655481
-0.1498881431767337
-0.5257270693512304
0.38702460850111864
0.21700223713646527
-0.6644295302013422
-0.47651006711409394
0.7225950782997763
-0.42281879194630867
-0.8568232662192394
-0.21252796420581654
-0.4854586129753914
-0.7091722595078299
-0.5123042505592841
-0.9328859060402684
0.4093959731543624
-0.5704697986577181
0.9284116331096197
0.029082774049216997
0.22595078299776272
-0.3646532438478747
-0.5883668903803132
-0.31543624161073824
0.9463087248322146
-0.8926174496644295
0.7136465324384786
0.42281879194630867
-0.9731543624161074
0.6912751677852349
0.020134228187919545
RANK
81
160
198
226
306
347
445
289
35
196
188
272
67
148
2
432
341
391
190
318
325
293
353
256
442
11
20
351
406
69
315
377
427
245
311
392
208
231
339
222
213
70
227
57
71
309
296
403
167
365
282
329
110
5
340
393
281
21
319
111
182
390
127
302
360
430
303
94
332
30
221
194
39
283
186
423
297
274
214
44
397
106
28
65
310
280
17
102
230
211
408
31
439
317
66
237
434
122
337
48
218
25
37
207
287
414
420
84
350
431
105
74
294
38
206
429
32
424
141
161
320
13
130
54
415
3
301
68
189
426
164
322
205
367
398
78
129
249
410
117
261
404
438
192
4
253
401
313
177
262
49
166
255
440
210
121
300
27
133
104
336
114
33
242
184
387
151
308
61
333
239
284
373
75
372
328
428
273
60
137
411
295
349
278
265
244
304
124
95
243
419
285
335
396
417
276
46
107
155
7
162
90
100
305
352
324
356
326
136
371
14
240
159
369
183
270
370
51
47
260
197
402
209
358
146
269
201
108
447
384
436
193
359
89
316
215
165
363
379
312
96
23
388
168
41
382
413
220
6
98
140
56
364
170
400
266
307
376
12
327
383
271
407
314
378
286
195
40
202
251
366
172
422
173
437
103
354
1
115
246
134
394
277
63
180
158
418
259
374
82
112
405
279
24
83
138
217
0
9
45
199
119
77
344
163
15
97
299
219
85
421
258
50
99
409
433
73
395
444
389
346
386
144
345
241
116
254
229
178
399
92
216
52
157
191
416
331
361
59
26
268
143
153
118
101
225
174
288
338
200
8
53
142
132
321
375
228
171
355
86
36
156
185
64
412
87
250
42
247
58
343
55
263
19
145
264
88
187
446
120
368
204
152
443
381
425
223
348
80
147
292
233
16
29
224
267
62
298
234
248
291
175
93
72
334
18
154
179
330
126
181
10
323
238
91
131
342
232
34
22
252
203
169
109
149
380
128
139
43
275
123
435
79
125
236
441
290
212
357
135
76
362
385
176
235
257
150
113
