DEGREE
-0.6551724137931034
0.5862068965517242
-0.10344827586206895
-0.6551724137931034
-0.03448275862068961
0.17241379310344818
-0.24137931034482762
-0.10344827586206895
0.7241379310344827
0.3793103448275863
0.4482758620689655
-0.3793103448275862
-0.4482758620689655
0.10344827586206895
0.24137931034482762
-0.5862068965517242
0.3793103448275863
0.10344827586206895
0.4482758620689655
-0.4482758620689655
0.4482758620689655
-0.03448275862068961
0.17241379310344818
-0.5862068965517242
1.0
0.4482758620689655
-0.03448275862068961
-0.24137931034482762
0.10344827586206895
-0.10344827586206895
0.17241379310344818
0.31034482758620685
0.24137931034482762
0.7241379310344827
0.10344827586206895
0.034482758620689724
-0.1724137931034483
0.10344827586206895
0.17241379310344818
0.10344827586206895
0.5862068965517242
-0.4482758620689655
-0.7241379310344828
-0.4482758620689655
0.31034482758620685
-0.03448275862068961
0.034482758620689724
0.31034482758620685
-0.10344827586206895
0.24137931034482762
-0.3793103448275862
0.17241379310344818
-0.24137931034482762
0.034482758620689724
-0.10344827586206895
0.034482758620689724
0.24137931034482762
0.31034482758620685
-0.24137931034482762
0.4482758620689655
-0.10344827586206895
0.24137931034482762
0.17241379310344818
0.10344827586206895
0.7931034482758621
0.4482758620689655
0.17241379310344818
0.10344827586206895
0.6551724137931034
-0.24137931034482762
-0.31034482758620685
0.31034482758620685
0.24137931034482762
0.7931034482758621
-0.3793103448275862
-0.1724137931034483
0.31034482758620685
0.10344827586206895
-0.7931034482758621
0.24137931034482762
-0.31034482758620685
0.6551724137931034
-0.24137931034482762
0.7931034482758621
0.5172413793103448
0.5172413793103448
-0.5862068965517242
0.24137931034482762
0.5172413793103448
-0.1724137931034483
0.3793103448275863
0.17241379310344818
0.10344827586206895
0.6551724137931034
-0.5862068965517242
-0.03448275862068961
0.4482758620689655
0.034482758620689724
-0.1724137931034483
-0.3793103448275862
-1.0
0.5172413793103448
0.31034482758620685
-0.10344827586206895
0.10344827586206895
-0.03448275862068961
-0.1724137931034483
0.17241379310344818
0.5862068965517242
-0.1724137931034483
0.6551724137931034
-0.31034482758620685
0.10344827586206895
0.17241379310344818
0.7931034482758621
-0.24137931034482762
0.24137931034482762
0.10344827586206895
0.4482758620689655
-0.24137931034482762
0.31034482758620685
-0.7241379310344828
0.31034482758620685
0.17241379310344818
-0.24137931034482762
0.17241379310344818
-0.10344827586206895
0.4482758620689655
0.17241379310344818
-0.10344827586206895
0.034482758620689724
0.3793103448275863
0.5862068965517242
0.7241379310344827
0.6551724137931034
-0.03448275862068961
0.31034482758620685
0.7241379310344827
-0.24137931034482762
-0.31034482758620685
-0.5862068965517242
0.6551724137931034
0.10344827586206895
-0.5862068965517242
0.31034482758620685
-0.03448275862068961
-0.10344827586206895
-0.4482758620689655
0.31034482758620685
-0.1724137931034483
0.8620689655172413
0.4482758620689655
0.4482758620689655
-0.10344827586206895
-0.31034482758620685
-0.5172413793103448
-0.6551724137931034
-0.24137931034482762
0.3793103448275863
0.5172413793103448
0.31034482758620685
0.31034482758620685
-0.4482758620689655
0.5172413793103448
0.6551724137931034
-0.7241379310344828
0.4482758620689655
0.3793103448275863
-0.1724137931034483
-0.10344827586206895
0.31034482758620685
-0.03448275862068961
0.24137931034482762
0.10344827586206895
0.7931034482758621
0.24137931034482762
0.4482758620689655
0.24137931034482762
-0.5862068965517242
0.17241379310344818
0.17241379310344818
0.3793103448275863
0.034482758620689724
-0.31034482758620685
0.31034482758620685
0.24137931034482762
-0.1724137931034483
0.3793103448275863
0.034482758620689724
0.10344827586206895
-0.1724137931034483
0.17241379310344818
0.17241379310344818
0.034482758620689724
0.3793103448275863
0.034482758620689724
-0.03448275862068961
-0.7241379310344828
0.6551724137931034
0.6551724137931034
-0.1724137931034483
-0.5172413793103448
0.3793103448275863
0.17241379310344818
0.3793103448275863
-0.10344827586206895
0.4482758620689655
0.034482758620689724
0.31034482758620685
-0.7931034482758621
-0.4482758620689655
0.24137931034482762
-0.4482758620689655
-0.3793103448275862
-0.3793103448275862
-0.03448275862068961
0.034482758620689724
0.4482758620689655
0.6551724137931034
-0.1724137931034483
0.7241379310344827
0.31034482758620685
0.5862068965517242
0.6551724137931034
0.31034482758620685
-0.10344827586206895
-0.3793103448275862
0.5862068965517242
0.10344827586206895
0.3793103448275863
0.10344827586206895
0.31034482758620685
0.3793103448275863
0.3793103448275863
0.5172413793103448
0.7931034482758621
-0.03448275862068961
0.10344827586206895
0.034482758620689724
-0.31034482758620685
0.31034482758620685
0.31034482758620685
-0.10344827586206895
0.3793103448275863
-0.10344827586206895
0.5862068965517242
-0.24137931034482762
0.4482758620689655
0.4482758620689655
0.24137931034482762
-0.24137931034482762
0.17241379310344818
0.034482758620689724
0.10344827586206895
-0.10344827586206895
-0.3793103448275862
0.034482758620689724
-0.10344827586206895
-0.31034482758620685
-0.03448275862068961
0.17241379310344818
-0.24137931034482762
0.31034482758620685
-0.10344827586206895
-0.24137931034482762
0.3793103448275863
-0.03448275862068961
-0.31034482758620685
0.6551724137931034
0.8620689655172413
0.31034482758620685
-0.3793103448275862
0.7241379310344827
-0.03448275862068961
-0.31034482758620685
0.034482758620689724
0.3793103448275863
-0.24137931034482762
0.3793103448275863
0.5172413793103448
0.10344827586206895
-0.31034482758620685
0.5862068965517242
-0.1724137931034483
-0.7931034482758621
-0.5862068965517242
0.10344827586206895
-0.1724137931034483
0.3793103448275863
0.24137931034482762
0.24137931034482762
0.24137931034482762
0.4482758620689655
0.31034482758620685
0.17241379310344818
0.31034482758620685
0.17241379310344818
0.034482758620689724
-0.3793103448275862
-0.03448275862068961
0.7931034482758621
-0.10344827586206895
-0.31034482758620685
0.3793103448275863
0.7931034482758621
0.17241379310344818
0.4482758620689655
-0.3793103448275862
0.5862068965517242
-0.24137931034482762
-0.5172413793103448
0.3793103448275863
-0.3793103448275862
0.31034482758620685
-0.03448275862068961
0.6551724137931034
-0.03448275862068961
-0.1724137931034483
0.5172413793103448
0.7931034482758621
0.10344827586206895
0.10344827586206895
-0.4482758620689655
0.10344827586206895
0.7241379310344827
0.17241379310344818
-0.3793103448275862
0.3793103448275863
-0.24137931034482762
0.6551724137931034
-0.3793103448275862
-0.4482758620689655
0.5172413793103448
0.31034482758620685
0.10344827586206895
0.4482758620689655
-0.03448275862068961
-0.03448275862068961
0.17241379310344818
-0.31034482758620685
0.24137931034482762
0.10344827586206895
-0.6551724137931034
0.24137931034482762
0.24137931034482762
-0.31034482758620685
-0.4482758620689655
0.5862068965517242
0.17241379310344818
0.5862068965517242
-0.31034482758620685
-0.03448275862068961
0.3793103448275863
0.31034482758620685
0.17241379310344818
-0.24137931034482762
0.31034482758620685
0.7931034482758621
-0.5862068965517242
0.5862068965517242
0.6551724137931034
-0.3793103448275862
-0.24137931034482762
-0.1724137931034483
0.034482758620689724
-0.31034482758620685
-0.24137931034482762
0.5862068965517242
0.034482758620689724
-0.31034482758620685
0.24137931034482762
0.6551724137931034
-0.31034482758620685
0.24137931034482762
-0.7241379310344828
0.31034482758620685
0.7241379310344827
-0.31034482758620685
0.4482758620689655
0.10344827586206895
EIGENVECTOR
-0.9768931529564824
0.4583682407228902
-0.9507154768798729
-0.9736451224137587
-0.9422441337320437
-0.9889881058032333
-0.7969218372196599
-0.9811955253687306
0.8848702301394276
-0.559711004112276
-0.8967824206749317
-0.8854385139120963
-0.9930206751543367
-0.5981381555285787
-0.7942128278855259
-0.9997916380179401
-0.6789800610878274
-0.44114369955749444
-0.5074650630518618
-0.997930560822872
-0.041959701762416146
-0.9479378305991899
-0.21663235889329435
-0.9994709897261931
0.9751593294348353
-0.862395760260503
-0.9963377838208731
-0.9968051555434907
-0.8973509183268717
-0.9815669256907172
-0.8936369816415868
-0.9601990178008647
-0.8569654394559315
0.8605383732630143
-0.928018012574105
-0.7795570054054355
-0.9536754096602537
-0.34771875881295045
-0.9733538207076862
-0.9744608275851421
-0.9802321015884572
-0.9987337412623911
-0.9810857926076969
-0.9989333277031948
-0.48059894876295806
-0.9909631010742441
-0.9323059643426626
-0.9927586754850617
-0.9588262906086816
-0.9828784682175014
-0.9961325993378656
-0.565727306326691
-0.8364430551926847
-0.7732787763287277
-0.9765426386824617
-0.9335601804256305
0.04260052473259979
-0.5961384748641114
-0.9965954666982043
-0.040276231378501004
-0.9531790165941473
-0.9025044451163109
-0.9873966081586197
-0.42103055216304686
0.9983976309878184
-0.5871714969715964
-0.26964617283755665
-0.8744391192376622
0.6471804075350007
-0.8378088982198002
-0.7946759412478519
-0.7297183930732246
-0.895773656825002
0.9237950374355566
-0.9993089308932636
-0.9906689795203991
-0.567122163872442
-0.9691700693858193
-0.9359301355801422
-0.9231905815232235
-0.9593724271655762
0.7754876103529575
-0.9619870665421808
0.894961083183901
0.03462974687735754
0.1745360568495813
-0.9977247290786417
-0.935571903514829
-0.95699699887554
-0.9810432719751248
-0.8653808223840538
-0.9533604547195428
-0.9205072333949261
-0.9787801843230788
-0.9949682024220047
-0.9837914870218057
-0.9031449150873029
-0.8604787873526856
-0.9474163189527685
-0.9994181468424147
-0.9989578967023154
-0.970704709529763
-0.8944151945070712
-0.9776102424338668
-0.8436727879382206
-0.9285939879030174
-0.9898510483910664
-0.8034162701123904
-0.9801867936569184
-0.9924791049601561
0.32639387161553657
-0.9984770637196576
-0.8871541064712358
-0.9629820380598866
1.0
-0.9785529692268126
-0.11887315329464099
-0.2559662065656676
-0.8342139112966503
-0.9610190847976762
-0.6851653628107462
-0.9980689741513529
-0.924641194411672
-0.9897697813152325
-0.9874691534229778
-0.5674553757442031
-0.9013453975866212
-0.4693888780136859
-0.3779331676769053
-0.7425429716681667
-0.9442808739671459
0.11189554111904787
0.31479170246273025
0.2558999024216104
-0.9692950616814712
-0.8979718917606169
-0.23736529741403156
0.06051910751723555
-0.9943321734354718
-0.9787569091879125
-0.9839252010345726
0.7706183021132229
-0.6379484893072034
-0.9998672106425414
-0.611229921470212
-0.876912101301485
-0.9789216083688042
-0.9992518356873662
-0.9470779188630796
-0.9590469140479877
0.4609062996798432
-0.8878011907581908
-0.6405444893076837
-0.9728938879129622
-0.9295615773553281
-0.9987398352916109
-0.9981356444751547
-0.8378088982198005
-0.8475930923015413
-0.8943240219521854
-0.9095914438498398
-0.5893424570139014
-0.9989333277031948
-0.6550447350207576
0.2283339395049151
-0.9754500331358581
-0.06540924378894397
-0.9848943972662969
-0.9038913649766338
-0.9956130076664139
-0.5961384748641115
-0.6359232839299638
-0.9861039313142654
-0.9122373092193263
0.8982628611535133
-0.9242182715953933
-0.9668983921673513
-0.13709752995213897
-0.9766787236437782
-0.9873966081586195
-0.8042763114683952
-0.8471929484634461
-0.4832903891968232
-0.8191471739687247
-0.5078108209941432
-0.23881042555806709
-0.9778098385408142
-0.69758970669539
-0.9199654884065327
-0.9816995389344401
-0.9886123646212618
-0.18186119998069306
-0.24977752966787148
-0.92504568118783
-0.8489537650096032
-0.44737700726686624
-0.9507319427699147
-1.0
0.2808362497254189
0.35699487834223564
-0.9903992836572425
-0.9766157749329394
-0.985950329707448
-0.8737534223483712
-0.14940630986898162
-0.9507154768798731
-0.8878011907581905
-0.9445666426447671
-0.10609572565692016
-0.9977178967035817
-0.995727051811756
-0.19331718152915756
-0.9987718687754242
-0.9945217493955314
-0.9618507327528192
-0.9335050436869698
-0.9286825468930838
-0.983950493273218
0.8612968569089794
-0.9918146566771509
0.5522243630367802
-0.22148167394382612
0.17775573472930017
-0.8778132846553243
-0.1724260458086868
-0.989737496307103
-0.9619781852470425
-0.9801867936569184
-0.5161731783477278
-0.9175763389400615
-0.7949205952611313
-0.752931931653445
-0.7358882943876958
-0.3700487477703521
-0.9707047095297627
-0.9747135419839046
-0.5332337462797593
-0.856434677432897
-0.9166294423185976
-0.9626865033779185
-0.22912047558147053
-0.6417104846615982
-0.9423556697745812
-0.8625411861245342
-0.9696032189472694
-0.7334181379958487
-0.994083150936954
-0.9638892876629555
-0.9559779900405729
-0.9503240571181151
-0.9928132680103041
-0.9836133689663196
-0.9555861545068606
-0.837707436289761
-0.9979426356645201
-0.9020666441829801
-0.861755731372308
-0.994991932711524
-0.9969619615878836
-0.933592396957048
-0.19696344199204474
-0.9872868930372023
-0.5106339752661997
-0.9013453975866215
-0.9812600319621586
-0.6766284841031182
-0.9263505811630415
-0.9822431764649049
0.33416338541316293
0.9283073169540987
-0.5490974376388733
-0.951029879763856
0.83002506937248
-0.9776292696401838
-0.8562022037373245
-0.9969867931349274
-0.2811117377021589
-0.9428900253314862
-0.9855975071204116
-0.8230434694206727
-0.9314805322488537
-0.8197212093057864
0.3835907028867318
-0.7840136058957065
-0.9985396547731672
-0.9953588792178344
-0.34771875881295033
-0.9916304948439697
-0.9843624897211528
-0.8653454717659166
-0.9880405775666103
-0.7156133946701717
-0.44916891743745146
-0.49211825111915386
-0.8361367962168799
-0.356183528349995
-0.9107972092519651
-0.7088639182009127
-0.9961523004755126
-0.978835764445919
0.6078921096141547
-0.9034232049913093
-0.9605326642582273
0.16503550799565692
0.9275966507566751
-0.9440075441328878
-0.6972709672819064
-0.9542560197246068
0.16539602533201703
-0.9552847281356223
-0.9989826443862501
-0.7608752365071434
-0.9994181468424149
-0.4001262497577377
-0.9677880533850862
0.7593608178173159
-0.4060135082493289
-0.9580534258449842
-0.5940047920682776
0.8982628611535133
-0.9774155910027076
-0.8973509183268716
-0.9935115752773523
-0.9769691869275863
0.4732003897033441
-0.9911116029429122
-0.9971321811107561
0.10675616506831109
-0.985973896919162
-0.9742652436884569
-0.9630665714709004
-0.9074441920238359
-0.8168304381055661
-0.87815640249746
-0.8756698824178897
-0.7179721999394779
-0.9479378305991898
-0.8967893876634978
-0.8677564112709848
-0.8856201896546493
-0.9849144740426817
-0.9122373092193264
-0.9868258617601516
-0.5147295819351208
-0.8569654394559314
-0.9562878917651663
-0.9712051860940012
0.19098228131757988
-0.9870482923067754
0.10578009912004549
-0.9562878917651662
-0.9922360135280405
-0.5158875955372049
-0.7454020524978571
-0.3519512574455572
-0.9364685205834092
-0.8964294274501048
0.896862629834873
-0.997578824821144
-0.8794725871287403
0.41428974854747924
-0.9542560197246068
-0.9711841850255235
-0.9402122188272936
-0.9892470789976188
-0.8718322740832245
-0.9950516853654147
0.6533326165866722
-0.9582296283377719
-0.9949040124239118
-0.2745838374677444
-0.8701469787514238
-0.9642283130870748
-0.23198546262385822
-0.9884041495543248
-0.11024162599588472
0.6399291077203981
-0.8197212093057865
-0.972050446318669
-0.8471293082408852
CENT
-0.9547536727454092
-0.18601342467804594
-0.6195758824652232
-0.9083682671190986
-0.8332461416199475
-0.9202441228480402
-0.9476229698619412
-0.5673355119386421
-0.47459809840493683
-0.24247137819348097
-0.8714046190764625
-0.8218592684372805
-0.9980518279506915
-0.1892742634267478
-0.5007373234562318
-0.9865238912897384
-0.3719511842239559
-0.6139072980969646
-0.3283334864788954
-0.782255484745661
-0.624024441571689
-0.814031143679525
-0.4275373351550309
-0.8667592848868849
-0.37668434798766237
-0.6575787884738677
-0.8636648642768552
-0.63260726182749
-0.5435774922145225
-0.8834861728010608
-0.3461011153841763
-0.5969849699883656
-0.8417752737499762
-0.6520084853986223
-0.5797596667971232
-0.7572735093752887
-0.9546899434307747
-0.7674170297088385
-0.45717229942502713
-0.8393381356631682
-0.7489224768839704
-0.9783439649679471
-0.9094725168744803
-0.8285221926675582
-0.2121187120269541
-0.7399964691975924
-0.685369134157589
-0.5221897564927956
-0.9697393014873914
-0.6230968886532535
-0.9305627630313397
-0.6927411107370891
-0.6756251298732563
-0.24647656295368403
-0.4925541348335496
-0.9764055617369569
-0.7437020747818317
-0.8138860284791084
-0.9193524875948645
-0.38903458757613085
-0.9234728740373401
-0.7695282516251364
-0.9278688165434918
-0.763602189995978
-0.4233685458090285
-0.10846765871592323
-0.7580251572726469
-0.34201096868040815
-0.684716936663518
-0.954331604136545
-0.6787787747593728
-0.8772004944784716
-0.784668536872209
-0.3775535407669087
-0.9916682135559565
-0.9150842088232639
-0.5746263038573363
-0.6123741368654328
-0.9404860802284868
-0.9354293013489461
-0.6379110999774293
-0.6641814686866417
-0.9532841215411014
-0.18031338391685392
-0.45158124751087414
-0.9332349284354998
-0.9929530000812836
-0.823458257091037
-0.6174001237286708
-0.6883870919383135
-0.5114193475724255
-0.7951348356882896
-0.8985691172284866
-0.6823965625467192
-0.9600062969937179
-0.7975482865773103
-0.8709170205668366
-0.8855459216918231
-0.9880351995305292
-0.9540525620647768
-0.9967366132543313
-0.49927469846985817
-0.8988611390228745
-0.9108070899560983
-0.5197276614752506
-0.6589234601495338
-0.6546019977796422
-0.7607366166038954
-0.8212106704055605
-0.9683568666202995
-0.7815250072360254
-0.5818894873778611
-0.8698622597718623
-0.5358307156268534
-0.3966143940376199
-0.9677443328645324
-0.5906408509817581
-0.8512315630444331
-0.822743450005985
-0.9739963669884575
-0.43642495876303466
-0.997323619563063
0.31151517426271513
-0.933317482000669
-0.9401931215848927
1.0
-0.9591534763201164
-0.291081742438141
-0.8336949617897877
-0.7676149219103169
-0.7983942020656364
-0.6446734433124304
-0.6595511019451125
-0.1925166610314183
-0.4577558277598208
-0.7486124810367702
-0.7370206177198722
0.8044757408170065
-0.9322486640840977
-0.7729273844668098
-0.9825610559238164
-0.5684650275779282
-0.7177622796855212
-0.9985180910260195
-0.5635351983938366
-0.7868797696344145
-0.8917025569808226
-0.9920268088245078
-0.7010868461772791
-0.9581265953361471
-0.26942876058466514
-0.39426676240593783
-0.20085698483441372
-0.23134439077287583
0.30791163961713597
-0.9907677990765031
-0.993404370327974
-0.954331604136545
-0.6995934494664577
-0.7232745825746179
-0.5025836188076587
-0.5117549636215375
-0.8285221926675582
-0.6525204412625363
-0.40858416170483336
-0.9862298038679633
-0.1548254524177628
-0.73936328230459
-0.9795771057980699
-0.7942455711734633
-0.8138860284791084
-0.8686633944509036
-0.45402981487064586
-0.9636769720366544
-0.7046939622980621
-0.8792984518262426
-0.72634272836122
-0.7471273119340238
-0.9208569222055754
-0.9278688165434918
-0.7474952869300868
-0.4417216487964586
-0.8266100443662314
-0.9796990495252346
-0.8226138647842623
-0.7641791045657206
-0.9596520862115815
-0.8491715485839099
-0.3702995723925412
-0.8878650593414632
-0.9028017681291437
-0.8777569439715411
-0.48421195700706865
-0.434406626307727
-0.7969401195798793
-0.6568185606588199
-0.11892306738320979
-0.9999927779354189
0.15719452708130088
-0.02982252270192398
-0.9565295848395817
-0.8188010413728224
-0.8366984070137378
-0.8127725216547942
-0.218249527297669
-0.6195758824652232
-0.39426676240593783
-0.7306921513172291
-0.47962374133801433
-0.8535703618692064
-0.9746524727121052
-0.03076444947203749
-0.9728796551956577
-0.9806452768348228
-0.9779480085228589
-0.9894668010001443
-0.622621028141709
-0.839644374310121
-0.6956260807769801
-0.9483969444789833
-0.3363534593398999
-0.29127033498850463
-0.19469369138352866
-0.5409591206734206
-0.847245445797233
-0.3672817951230679
-0.9735108436318938
-0.8212106704055605
-0.6542286770462944
-0.9098656709760409
-0.1905553346368125
-0.6293247073425283
-0.47363297885110445
-0.6431399908879499
-0.49927469846985817
-0.6067124267140317
-0.8677424356986715
-0.8336377066758263
-0.9211372439650378
-0.9893599811808452
-0.6615724728437736
-0.16636439798827563
-0.5975419349795272
-0.8786582982604487
-0.8900160978596404
-0.5079576853811895
-0.9377918018124185
-0.14294780853295852
-0.5399671083263836
-0.7483007029786479
-0.9774562944152961
-0.7090983531820398
-0.8490880501969957
-0.7273410346990372
-0.8940235837399632
-0.15869836573312213
0.23455737643118435
-0.7115497987791014
-0.9616169751514261
-0.6054181666179772
-0.3609147563094953
-0.8677863484639317
-0.3894099800064289
-0.9591534763201164
-0.6647131479686794
-0.15816628145766742
-0.6988513706776165
-0.9784421221136096
-0.540542112200225
-0.7060984555796594
0.7621071063861078
-0.7191534076865251
-0.5809056069316746
-0.3123641661792752
-0.9556736624191463
-0.7413892766648451
0.03857031419524115
-0.18388323075253754
-0.8709462993160221
-0.4866794923153044
-0.6821829184603474
-0.9892631777917011
-0.4378291398972355
-0.968768669532951
-1.0
-0.9672479886096018
-0.7674170297088385
-0.6736525689368111
-0.8349056687021456
-0.8221421202635766
-0.8029556584380566
-0.2109059575066241
-0.42344879599645224
-0.6627433386520942
-0.5264247075568776
-0.46794249749676586
-0.9375650552036267
-0.8005395717124523
-0.982616225381897
-0.8317308872994308
-0.04034907615975103
-0.10238519339593843
-0.9788431034153956
-0.7656174027692912
-0.4260968374233225
-0.8302221138811767
0.9380831095010114
-0.9807528686406746
-0.7402562745410648
-0.9733030515335553
-0.9938424752941235
-0.6372442009332968
-0.9540525620647768
-0.581765459280642
-0.7802985542814759
-0.6254011355678559
-0.9572111638370102
-0.39732478628364376
-0.2853419641807309
-0.7046939622980621
-0.7913493417252807
-0.5435774922145225
-0.9359241424277926
-0.7627015508071039
-0.17198566621706035
-0.9067168776076152
-0.9817799680607472
-0.7401075727201702
-0.9343171293134364
-0.8130350004291892
-0.9973259476693923
-0.8350470002553706
-0.7337984529500449
-0.8985260634484503
-0.48771609950927297
-0.29154070511759245
-0.814031143679525
-0.7032990866374571
-0.5688705152639533
-0.6969195228899745
-0.5108104689429334
-0.9636769720366544
-0.9924027047265288
-0.37193596255810524
-0.8417752737499762
-0.9792085781296391
-0.9943900362923602
-0.6872419800289784
-0.5591361147091678
-0.7171644566337985
-0.9792085781296391
-0.5051363475995391
-0.4530296287453952
-0.6405587615269971
0.37947204365111764
-0.8301534361585121
-0.8503604149343856
-0.7881227438461669
-0.9906342433694632
-0.8065906953307991
-0.15696763575505635
-0.9807528686406746
-0.49570230838833973
-0.8664112509455664
-0.8829697511169899
-0.6453547499775367
-0.9830748099889248
-0.7009282372077523
-0.8855678111595255
-0.9829043698143715
-0.4287425915890344
-0.48309379718069334
-0.4326580105202935
0.5840613890180557
-0.9986758444339809
-0.5297790980069728
-0.4949253068247317
-0.9892631777917011
-0.6991636683452864
-0.7704698206396968
DEGREE_RANK
-0.9525065963060686
0.7414248021108181
-0.4353562005277045
-0.9472295514511874
-0.32981530343007914
0.029023746701847042
-0.6306068601583114
-0.4300791556728232
0.8944591029023745
0.45646437994722966
0.5778364116094987
-0.8100263852242744
-0.8680738786279683
-0.1187335092348285
0.17150395778364125
-0.9313984168865436
0.461741424802111
-0.11345646437994727
0.5831134564643801
-0.862796833773087
0.5883905013192612
-0.3245382585751979
0.03430079155672816
-0.9261213720316623
1.0
0.5936675461741425
-0.3192612137203166
-0.6253298153034301
-0.10817941952506593
-0.42480211081794195
0.0395778364116095
0.2928759894459103
0.17678100263852237
0.8997361477572559
-0.1029023746701847
-0.21899736147757254
-0.5197889182058048
-0.09762532981530336
0.04485488126649062
-0.09234828496042213
0.7467018469656994
-0.8575197889182058
-0.978891820580475
-0.8522427440633246
0.29815303430079165
-0.31398416886543534
-0.2137203166226913
0.30343007915567277
-0.4195250659630606
0.18205804749340349
-0.804749340369393
0.05013192612137196
-0.6200527704485488
-0.20844327176780997
-0.4142480211081795
-0.20316622691292874
0.18733509234828483
0.3087071240105541
-0.6147757255936676
0.5989445910290239
-0.40897097625329826
0.19261213720316617
0.0554089709762533
-0.0870712401055409
0.9366754617414248
0.6042216358839052
0.06068601583113442
-0.08179419525065967
0.8100263852242744
-0.6094986807387863
-0.7308707124010554
0.31398416886543545
0.1978891820580475
0.9419525065963061
-0.7994722955145118
-0.5145118733509235
0.3192612137203168
-0.07651715039577833
-0.9947229551451188
0.20316622691292863
-0.7255936675461742
0.8153034300791557
-0.604221635883905
0.9472295514511875
0.6886543535620051
0.6939313984168864
-0.920844327176781
0.20844327176780997
0.6992084432717678
-0.5092348284960422
0.4670184696569919
0.06596306068601576
-0.0712401055408971
0.8205804749340371
-0.9155672823218998
-0.308707124010554
0.6094986807387861
-0.1978891820580475
-0.503957783641161
-0.7941952506596306
-1.0
0.7044854881266491
0.3245382585751977
-0.4036939313984169
-0.06596306068601576
-0.3034300791556729
-0.4986807387862797
0.0712401055408971
0.7519788918205803
-0.4934036939313984
0.8258575197889182
-0.7203166226912929
-0.06068601583113453
0.07651715039577844
0.9525065963060686
-0.5989445910290238
0.2137203166226913
-0.05540897097625341
0.6147757255936674
-0.5936675461741425
0.32981530343007903
-0.9736147757255936
0.3350923482849604
0.08179419525065956
-0.5883905013192612
0.0870712401055409
-0.3984168865435357
0.6200527704485488
0.09234828496042224
-0.39313984168865435
-0.19261213720316628
0.47229551451187324
0.7572559366754616
0.9050131926121372
0.8311345646437993
-0.29815303430079154
0.3403693931398417
0.9102902374670183
-0.5831134564643801
-0.7150395778364116
-0.9102902374670184
0.8364116094986807
-0.05013192612137207
-0.9050131926121372
0.34564643799472283
-0.2928759894459103
-0.3878627968337731
-0.8469656992084433
0.3509234828496042
-0.48812664907651715
0.9894459102902375
0.6253298153034301
0.6306068601583112
-0.3825857519788918
-0.7097625329815304
-0.8839050131926122
-0.941952506596306
-0.5778364116094987
0.4775725593667546
0.7097625329815302
0.3562005277044855
0.36147757255936686
-0.841688654353562
0.7150395778364116
0.841688654353562
-0.9683377308707124
0.6358839050131926
0.4828496042216359
-0.4828496042216359
-0.37730870712401066
0.366754617414248
-0.2875989445910291
0.21899736147757265
-0.04485488126649084
0.9577836411609499
0.22427440633245377
0.6411609498680739
0.2295514511873351
-0.899736147757256
0.09762532981530359
0.1029023746701847
0.48812664907651704
-0.18733509234828494
-0.7044854881266491
0.3720316622691293
0.23482849604221645
-0.4775725593667547
0.4934036939313984
-0.1820580474934037
-0.0395778364116095
-0.47229551451187335
0.10817941952506582
0.11345646437994716
-0.17678100263852237
0.4986807387862797
-0.17150395778364114
-0.28232189973614774
-0.9630606860158312
0.8469656992084433
0.8522427440633245
-0.4670184696569921
-0.8786279683377308
0.5039577836411611
0.1187335092348285
0.5092348284960422
-0.3720316622691293
0.6464379947229553
-0.1662269129287599
0.37730870712401066
-0.9894459102902374
-0.8364116094986808
0.2401055408970978
-0.8311345646437994
-0.7889182058047494
-0.7836411609498681
-0.2770448548812665
-0.16094986807387868
0.6517150395778364
0.8575197889182058
-0.4617414248021108
0.9155672823218997
0.382585751978892
0.762532981530343
0.8627968337730871
0.3878627968337731
-0.3667546174142481
-0.7783641160949868
0.7678100263852241
-0.03430079155672827
0.5145118733509235
-0.02902374670184693
0.39313984168865423
0.5197889182058049
0.5250659630606862
0.7203166226912929
0.9630606860158313
-0.27176781002638517
-0.0237467018469657
-0.15567282321899745
-0.6992084432717678
0.3984168865435356
0.4036939313984169
-0.36147757255936674
0.5303430079155673
-0.3562005277044855
0.7730870712401055
-0.5725593667546174
0.6569920844327177
0.6622691292875991
0.2453825857519789
-0.5672823218997362
0.12401055408970962
-0.1503957783641161
-0.01846965699208447
-0.3509234828496042
-0.7730870712401056
-0.14511873350923488
-0.34564643799472294
-0.6939313984168866
-0.26649076517150405
0.12928759894459096
-0.5620052770448549
0.40897097625329804
-0.3403693931398417
-0.5567282321899736
0.5356200527704484
-0.2612137203166227
-0.6886543535620053
0.8680738786279685
0.9947229551451187
0.4142480211081794
-0.7678100263852243
0.920844327176781
-0.2559366754617415
-0.683377308707124
-0.13984168865435354
0.5408970976253298
-0.5514511873350924
0.5461741424802109
0.7255936675461743
-0.013192612137203241
-0.6781002638522428
0.7783641160949868
-0.45646437994722955
-0.9841688654353562
-0.8944591029023747
-0.0079155672823219
-0.4511873350923482
0.5514511873350922
0.25065963060686003
0.25593667546174137
0.2612137203166227
0.6675461741424802
0.4195250659630607
0.1345646437994723
0.42480211081794184
0.13984168865435365
-0.1345646437994723
-0.762532981530343
-0.25065963060686014
0.9683377308707124
-0.3350923482849605
-0.6728232189973615
0.5567282321899736
0.9736147757255935
0.14511873350923477
0.6728232189973615
-0.7572559366754618
0.7836411609498681
-0.5461741424802111
-0.8733509234828496
0.5620052770448549
-0.7519788918205804
0.4300791556728232
-0.2453825857519789
0.8733509234828496
-0.24010554089709757
-0.4459102902374671
0.7308707124010554
0.9788918205804749
-0.0026385224274406704
0.0026385224274405594
-0.8258575197889182
0.0079155672823219
0.9261213720316623
0.1503957783641161
-0.7467018469656992
0.567282321899736
-0.5408970976253298
0.8786279683377309
-0.741424802110818
-0.820580474934037
0.7361477572559367
0.4353562005277045
0.013192612137203241
0.6781002638522426
-0.23482849604221645
-0.2295514511873351
0.15567282321899745
-0.6675461741424802
0.26649076517150383
0.018469656992084582
-0.9366754617414248
0.27176781002638517
0.2770448548812665
-0.662269129287599
-0.8153034300791556
0.7889182058047493
0.1609498680738788
0.7941952506596306
-0.6569920844327177
-0.22427440633245388
0.5725593667546174
0.44063324538258586
0.1662269129287599
-0.5356200527704486
0.445910290237467
0.9841688654353562
-0.8891820580474934
0.7994722955145119
0.8839050131926123
-0.7361477572559367
-0.5303430079155673
-0.44063324538258575
-0.12928759894459096
-0.6517150395778364
-0.525065963060686
0.8047493403693933
-0.12401055408970985
-0.6464379947229552
0.28232189973614785
0.8891820580474934
-0.6411609498680739
0.28759894459102897
-0.9577836411609498
0.4511873350923483
0.9313984168865435
-0.6358839050131926
0.683377308707124
0.0237467018469657
EIGENVECTOR_RANK
-0.47229551451187335
0.8733509234828496
-0.20316622691292874
-0.4300791556728232
-0.14511873350923488
-0.6939313984168866
0.3192612137203168
-0.5567282321899736
0.9472295514511875
0.5145118733509235
0.06068601583113442
0.11345646437994716
-0.7730870712401056
0.4670184696569919
0.3350923482849604
-0.9894459102902374
0.42480211081794184
0.5936675461741425
0.5567282321899736
-0.8944591029023747
0.7572559366754616
-0.19261213720316628
0.6992084432717678
-0.9841688654353562
0.9894459102902375
0.18733509234828483
-0.8469656992084433
-0.8575197889182058
0.05013192612137196
-0.5672823218997362
0.0870712401055409
-0.308707124010554
0.20844327176780997
0.9366754617414248
-0.07651715039577833
0.34564643799472283
-0.23482849604221645
0.6358839050131926
-0.42480211081794195
-0.44063324538258575
-0.5408970976253298
-0.9261213720316623
-0.5514511873350924
-0.9472295514511874
0.5725593667546174
-0.7308707124010554
-0.1029023746701847
-0.762532981530343
-0.2928759894459103
-0.5831134564643801
-0.8364116094986808
0.5092348284960422
0.26649076517150383
0.3509234828496042
-0.45646437994722955
-0.11345646437994727
0.7730870712401055
0.4775725593667546
-0.8522427440633246
0.762532981530343
-0.22427440633245388
0.018469656992084582
-0.6675461741424802
0.5989445910290239
0.9947229551451187
0.4934036939313984
0.6569920844327177
0.14511873350923477
0.9050131926121372
0.25065963060686003
0.32981530343007903
0.3878627968337731
0.0712401055408971
0.9736147757255935
-0.9683377308707124
-0.7255936675461742
0.5039577836411611
-0.37730870712401066
-0.12928759894459096
-0.05013192612137207
-0.3034300791556729
0.9261213720316623
-0.3350923482849605
0.9525065963060686
0.7678100263852241
0.8100263852242744
-0.8891820580474934
-0.12401055408970985
-0.2770448548812665
-0.5461741424802111
0.17150395778364125
-0.2295514511873351
-0.04485488126649084
-0.5145118733509235
-0.804749340369393
-0.5936675461741425
0.013192612137203241
0.1978891820580475
-0.1820580474934037
-0.978891820580475
-0.9525065963060686
-0.39313984168865435
0.07651715039577844
-0.48812664907651715
0.2453825857519789
-0.08179419525065967
-0.7150395778364116
0.31398416886543545
-0.5303430079155673
-0.7572559366754618
0.8469656992084433
-0.9155672823218998
0.1029023746701847
-0.34564643799472294
1.0
-0.503957783641161
0.7361477572559367
0.6622691292875991
0.2770448548812665
-0.3192612137203166
0.4195250659630607
-0.9050131926121372
-0.06068601583113453
-0.7097625329815304
-0.6728232189973615
0.4986807387862797
0.029023746701847042
0.5778364116094987
0.6147757255936674
0.3720316622691293
-0.1662269129287599
0.7941952506596306
0.841688654353562
0.8311345646437993
-0.3825857519788918
0.0395778364116095
0.6781002638522426
0.7783641160949868
-0.7889182058047494
-0.5092348284960422
-0.5989445910290238
0.920844327176781
0.4511873350923483
-0.9947229551451188
0.461741424802111
0.1345646437994723
-0.525065963060686
-0.9630606860158312
-0.17678100263852237
-0.29815303430079154
0.8786279683377309
0.09762532981530359
0.445910290237467
-0.4195250659630606
-0.09234828496042213
-0.9313984168865436
-0.9102902374670184
0.25593667546174137
0.2295514511873351
0.08179419525065956
-0.0079155672823219
0.48812664907651704
-0.941952506596306
0.4353562005277045
0.8258575197889182
-0.4511873350923482
0.7519788918205803
-0.6147757255936676
0.0026385224274405594
-0.8258575197889182
0.47229551451187324
0.45646437994722966
-0.6411609498680739
-0.01846965699208447
0.9683377308707124
-0.05540897097625341
-0.3667546174142481
0.7308707124010554
-0.4670184696569921
-0.662269129287599
0.3087071240105541
0.23482849604221645
0.567282321899736
0.29815303430079165
0.5514511873350922
0.6728232189973615
-0.4986807387862797
0.40897097625329804
-0.0395778364116095
-0.5725593667546174
-0.6886543535620053
0.7150395778364116
0.6675461741424802
-0.06596306068601576
0.22427440633245377
0.5883905013192612
-0.2137203166226913
-1.0
0.8364116094986807
0.8575197889182058
-0.7203166226912929
-0.4617414248021108
-0.6306068601583114
0.1503957783641161
0.7255936675461743
-0.20844327176780997
0.09234828496042224
-0.17150395778364114
0.7467018469656994
-0.8839050131926122
-0.8311345646437994
0.7097625329815302
-0.9366754617414248
-0.7941952506596306
-0.3245382585751979
-0.10817941952506593
-0.0870712401055409
-0.604221635883905
0.9419525065963061
-0.7467018469656992
0.8891820580474934
0.6939313984168864
0.8153034300791557
0.12928759894459096
0.7203166226912929
-0.7044854881266491
-0.32981530343007914
-0.5356200527704486
0.5303430079155673
-0.03430079155672827
0.3245382585751977
0.36147757255936686
0.37730870712401066
0.6200527704485488
-0.3984168865435357
-0.4459102902374671
0.5250659630606862
0.2137203166226913
-0.02902374670184693
-0.3403693931398417
0.6886543535620051
0.44063324538258586
-0.1503957783641161
0.18205804749340349
-0.3878627968337731
0.382585751978892
-0.7836411609498681
-0.3562005277044855
-0.2612137203166227
-0.1978891820580475
-0.7678100263852243
-0.5883905013192612
-0.2559366754617415
0.2612137203166227
-0.899736147757256
0.0237467018469657
0.19261213720316617
-0.8100263852242744
-0.862796833773087
-0.1187335092348285
0.7044854881266491
-0.6569920844327177
0.5461741424802109
0.03430079155672816
-0.5620052770448549
0.4300791556728232
-0.0712401055408971
-0.5778364116094987
0.8522427440633245
0.9841688654353562
0.5197889182058049
-0.21899736147757254
0.9313984168865435
-0.4934036939313984
0.21899736147757265
-0.8680738786279683
0.6464379947229553
-0.15567282321899745
-0.6253298153034301
0.28232189973614785
-0.09762532981530336
0.2928759894459103
0.8627968337730871
0.3403693931398417
-0.920844327176781
-0.820580474934037
0.6411609498680739
-0.741424802110818
-0.6094986807387863
0.17678100263852237
-0.6781002638522428
0.3984168865435356
0.5831134564643801
0.5620052770448549
0.27176781002638517
0.6253298153034301
-0.013192612137203241
0.4036939313984169
-0.841688654353562
-0.5197889182058048
0.8944591029023745
0.0079155672823219
-0.31398416886543534
0.7994722955145119
0.9788918205804749
-0.16094986807387868
0.4142480211081794
-0.2453825857519789
0.8047493403693933
-0.25065963060686014
-0.9577836411609498
0.3562005277044855
-0.9736147757255936
0.6094986807387861
-0.3720316622691293
0.9155672823218997
0.6042216358839052
-0.28232189973614774
0.4828496042216359
0.9630606860158313
-0.4828496042216359
0.04485488126649062
-0.7783641160949868
-0.4775725593667547
0.8839050131926123
-0.7361477572559367
-0.8733509234828496
0.7889182058047493
-0.6358839050131926
-0.4353562005277045
-0.3509234828496042
-0.0026385224274406704
0.30343007915567277
0.12401055408970962
0.13984168865435365
0.39313984168865423
-0.18733509234828494
0.0554089709762533
0.1662269129287599
0.10817941952506582
-0.6200527704485488
-0.0237467018469657
-0.6464379947229552
0.5408970976253298
0.20316622691292863
-0.26649076517150405
-0.40897097625329826
0.8205804749340371
-0.6517150395778364
0.7836411609498681
-0.27176781002638517
-0.7519788918205804
0.5356200527704484
0.366754617414248
0.6306068601583112
-0.1345646437994723
0.06596306068601576
0.9577836411609499
-0.8786279683377308
0.1187335092348285
0.8680738786279685
-0.24010554089709757
-0.4036939313984169
-0.13984168865435354
-0.6992084432717678
0.15567282321899745
-0.8153034300791556
0.9102902374670183
-0.2875989445910291
-0.7994722955145118
0.6517150395778364
0.1609498680738788
-0.36147757255936674
0.683377308707124
-0.683377308707124
0.7414248021108181
0.8997361477572559
0.28759894459102897
-0.4142480211081795
0.2401055408970978
CENT_RANK
-0.6675461741424802
0.8627968337730871
0.3350923482849604
-0.503957783641161
-0.2770448548812665
-0.5356200527704486
-0.6253298153034301
0.42480211081794184
0.5831134564643801
0.8100263852242744
-0.40897097625329826
-0.21899736147757254
-0.978891820580475
0.8575197889182058
0.5250659630606862
-0.8839050131926122
0.7255936675461743
0.3509234828496042
0.7678100263852241
-0.1029023746701847
0.3192612137203168
-0.1978891820580475
0.6569920844327177
-0.3720316622691293
0.7203166226912929
0.2401055408970978
-0.36147757255936674
0.30343007915567277
0.44063324538258586
-0.44063324538258575
0.7519788918205803
0.37730870712401066
-0.3245382585751979
0.26649076517150383
0.4036939313984169
-0.0237467018469657
-0.662269129287599
-0.06596306068601576
0.6042216358839052
-0.308707124010554
-0.01846965699208447
-0.7994722955145118
-0.5092348284960422
-0.2559366754617415
0.8258575197889182
0.029023746701847042
0.17150395778364125
0.4828496042216359
-0.7519788918205804
0.3245382585751977
-0.5672823218997362
0.15567282321899745
0.1978891820580475
0.8047493403693933
0.5514511873350922
-0.7836411609498681
0.0079155672823219
-0.18733509234828494
-0.5303430079155673
0.7097625329815302
-0.5514511873350924
-0.07651715039577833
-0.5620052770448549
-0.04485488126649084
0.6728232189973615
0.920844327176781
-0.02902374670184693
0.7572559366754616
0.17678100263852237
-0.6569920844327177
0.19261213720316617
-0.4142480211081795
-0.10817941952506593
0.7150395778364116
-0.9261213720316623
-0.525065963060686
0.40897097625329804
0.3562005277044855
-0.6200527704485488
-0.5936675461741425
0.2928759894459103
0.2137203166226913
-0.6358839050131926
0.8733509234828496
0.6200527704485488
-0.5778364116094987
-0.941952506596306
-0.24010554089709757
0.34564643799472283
0.1609498680738788
0.4986807387862797
-0.1345646437994723
-0.4828496042216359
0.18205804749340349
-0.7097625329815304
-0.14511873350923488
-0.3984168865435357
-0.4459102902374671
-0.8891820580474934
-0.6464379947229552
-0.9630606860158312
0.5303430079155673
-0.48812664907651715
-0.5197889182058048
0.48812664907651704
0.23482849604221645
0.25065963060686003
-0.03430079155672827
-0.2137203166226913
-0.741424802110818
-0.09762532981530336
0.3878627968337731
-0.39313984168865435
0.4670184696569919
0.6886543535620051
-0.7361477572559367
0.382585751978892
-0.3509234828496042
-0.23482849604221645
-0.7730870712401056
0.6358839050131926
-0.9683377308707124
0.9683377308707124
-0.5831134564643801
-0.6147757255936676
1.0
-0.6992084432717678
0.7889182058047493
-0.2875989445910291
-0.0712401055408971
-0.1503957783641161
0.2770448548812665
0.2295514511873351
0.8469656992084433
0.5989445910290239
-0.013192612137203241
0.0395778364116095
0.9894459102902375
-0.5725593667546174
-0.0870712401055409
-0.8575197889182058
0.4195250659630607
0.07651715039577844
-0.9841688654353562
0.4300791556728232
-0.11345646437994727
-0.4670184696569921
-0.9313984168865436
0.1187335092348285
-0.6886543535620053
0.7994722955145119
0.6939313984168864
0.8364116094986807
0.8153034300791557
0.9630606860158313
-0.920844327176781
-0.9472295514511874
-0.6517150395778364
0.12928759894459096
0.06596306068601576
0.5197889182058049
0.4934036939313984
-0.25065963060686014
0.2612137203166227
0.6781002638522426
-0.8786279683377308
0.9050131926121372
0.03430079155672816
-0.8258575197889182
-0.12928759894459096
-0.1820580474934037
-0.3878627968337731
0.6094986807387861
-0.7255936675461742
0.1029023746701847
-0.4300791556728232
0.06068601583113442
0.0026385224274405594
-0.5408970976253298
-0.5567282321899736
-0.0026385224274406704
0.6253298153034301
-0.2453825857519789
-0.8311345646437994
-0.2295514511873351
-0.05013192612137207
-0.7044854881266491
-0.3403693931398417
0.7361477572559367
-0.45646437994722955
-0.4934036939313984
-0.4195250659630606
0.567282321899736
0.6411609498680739
-0.13984168865435354
0.2453825857519789
0.9155672823218997
-0.9947229551451188
0.9525065963060686
0.9419525065963061
-0.6781002638522428
-0.20316622691292874
-0.3034300791556729
-0.17150395778364114
0.8205804749340371
0.3403693931398417
0.6992084432717678
0.05013192612137196
0.5778364116094987
-0.3562005277044855
-0.7783641160949868
0.9366754617414248
-0.7572559366754618
-0.8364116094986808
-0.7941952506596306
-0.9102902374670184
0.32981530343007903
-0.31398416886543534
0.1503957783641161
-0.6306068601583114
0.762532981530343
0.7836411609498681
0.841688654353562
0.4511873350923483
-0.32981530343007914
0.7414248021108181
-0.7678100263852243
-0.20844327176780997
0.25593667546174137
-0.5145118733509235
0.8522427440633245
0.3087071240105541
0.5883905013192612
0.28232189973614785
0.5356200527704484
0.36147757255936686
-0.37730870712401066
-0.28232189973614774
-0.5461741424802111
-0.9050131926121372
0.22427440633245377
0.8839050131926123
0.3720316622691293
-0.42480211081794195
-0.4617414248021108
0.5092348284960422
-0.6094986807387863
0.9102902374670183
0.461741424802111
-0.0079155672823219
-0.7889182058047494
0.09234828496042224
-0.3350923482849605
0.0554089709762533
-0.47229551451187335
0.8891820580474934
0.9577836411609499
0.0870712401055409
-0.7150395778364116
0.366754617414248
0.7467018469656994
-0.3825857519788918
0.7044854881266491
-0.6939313984168866
0.20844327176780997
0.8944591029023745
0.13984168865435365
-0.804749340369393
0.45646437994722966
0.09762532981530359
0.9841688654353562
0.0712401055408971
0.3984168865435356
0.7730870712401055
-0.6728232189973615
0.013192612137203241
0.9472295514511875
0.8680738786279685
-0.4036939313984169
0.5620052770448549
0.18733509234828483
-0.899736147757256
0.6306068601583112
-0.7467018469656992
-1.0
-0.7308707124010554
-0.06068601583113453
0.20316622691292863
-0.2928759894459103
-0.22427440633245388
-0.16094986807387868
0.8311345646437993
0.6675461741424802
0.21899736147757265
0.4775725593667546
0.5936675461741425
-0.604221635883905
-0.15567282321899745
-0.862796833773087
-0.27176781002638517
0.9313984168865435
0.9261213720316623
-0.8100263852242744
-0.05540897097625341
0.6622691292875991
-0.26649076517150405
0.9947229551451187
-0.8469656992084433
0.018469656992084582
-0.762532981530343
-0.9525065963060686
0.29815303430079165
-0.6411609498680739
0.39313984168865423
-0.09234828496042213
0.31398416886543545
-0.683377308707124
0.683377308707124
0.7941952506596306
0.10817941952506582
-0.12401055408970985
0.445910290237467
-0.5989445910290238
-0.0395778364116095
0.8786279683377309
-0.4986807387862797
-0.8522427440633246
0.0237467018469657
-0.5883905013192612
-0.17678100263852237
-0.9736147757255936
-0.29815303430079154
0.04485488126649062
-0.4775725593667547
0.5567282321899736
0.7783641160949868
-0.19261213720316628
0.11345646437994716
0.4142480211081794
0.14511873350923477
0.5039577836411611
-0.7203166226912929
-0.9366754617414248
0.7308707124010554
-0.3192612137203166
-0.820580474934037
-0.9577836411609498
0.1662269129287599
0.4353562005277045
0.08179419525065956
-0.8153034300791556
0.5145118733509235
0.6147757255936674
0.28759894459102897
0.9736147757255935
-0.2612137203166227
-0.34564643799472294
-0.1187335092348285
-0.9155672823218998
-0.1662269129287599
0.8997361477572559
-0.841688654353562
0.5408970976253298
-0.3667546174142481
-0.4353562005277045
0.27176781002638517
-0.8733509234828496
0.12401055408970962
-0.4511873350923482
-0.8680738786279683
0.6517150395778364
0.5725593667546174
0.6464379947229553
0.9788918205804749
-0.9894459102902374
0.47229551451187324
0.5461741424802109
-0.8944591029023747
0.1345646437994723
-0.08179419525065967
RANK
284
197
374
143
12
330
121
100
346
310
156
86
342
147
74
155
358
215
239
281
377
98
15
165
366
369
298
140
326
307
361
213
183
168
345
350
302
267
41
214
250
55
210
119
226
309
212
48
283
109
115
285
173
341
258
94
186
126
263
149
316
200
274
0
36
69
157
99
312
82
219
6
78
124
246
296
322
79
328
123
85
138
50
62
179
60
238
178
5
58
75
103
229
42
3
325
190
102
92
333
254
146
244
189
368
97
29
364
175
243
191
71
10
278
96
112
171
261
236
23
363
26
209
117
356
187
252
224
32
344
217
39
202
331
288
128
237
4
299
305
355
43
162
182
87
118
184
289
11
108
227
201
21
336
57
170
329
203
359
290
297
130
95
194
91
169
320
357
145
72
19
110
314
139
379
61
129
37
286
303
185
63
323
107
66
35
40
135
249
180
177
56
275
308
327
45
167
136
332
207
253
176
159
271
142
349
257
251
269
174
319
337
148
367
158
378
266
339
218
51
89
347
46
68
93
280
70
52
287
264
81
293
240
132
105
25
195
106
228
163
33
365
131
233
353
80
311
27
231
315
20
49
216
2
205
88
17
77
235
259
242
31
116
111
313
272
34
76
338
141
7
144
348
28
321
223
268
248
113
375
294
47
104
161
90
340
245
351
160
14
101
234
362
376
54
334
279
192
371
208
8
232
295
134
38
172
352
84
181
282
120
193
372
370
22
304
292
64
164
317
114
151
206
262
59
73
24
16
343
188
225
260
30
67
220
18
273
335
221
127
318
150
53
9
153
204
44
291
152
222
133
230
13
1
277
83
324
241
255
265
360
166
247
196
65
301
300
211
199
276
198
256
154
122
354
373
270
137
306
125
