DEGREE
0.1428571428571428
-0.5714285714285714
0.4285714285714286
0.8571428571428572
-0.4285714285714286
0.5714285714285714
0.1428571428571428
0.2857142857142858
0.5714285714285714
-0.4285714285714286
0.5714285714285714
0.4285714285714286
-0.7142857142857143
0.7142857142857142
-0.1428571428571429
1.0
0.1428571428571428
0.5714285714285714
-0.1428571428571429
0.1428571428571428
-0.7142857142857143
-0.5714285714285714
0.4285714285714286
-1.0
0.7142857142857142
-0.5714285714285714
-0.1428571428571429
0.4285714285714286
0.2857142857142858
-0.2857142857142857
0.2857142857142858
0.4285714285714286
0.4285714285714286
-0.2857142857142857
0.4285714285714286
-0.1428571428571429
-0.1428571428571429
0.0
0.4285714285714286
0.2857142857142858
0.4285714285714286
0.4285714285714286
0.2857142857142858
0.2857142857142858
0.1428571428571428
0.8571428571428572
-0.2857142857142857
0.7142857142857142
0.0
0.0
0.1428571428571428
0.8571428571428572
-0.4285714285714286
-1.0
-0.7142857142857143
0.5714285714285714
-0.7142857142857143
0.1428571428571428
0.5714285714285714
-0.1428571428571429
-0.1428571428571429
0.4285714285714286
-0.5714285714285714
0.0
0.2857142857142858
0.4285714285714286
0.7142857142857142
0.1428571428571428
0.2857142857142858
-0.1428571428571429
0.2857142857142858
0.4285714285714286
-0.5714285714285714
0.0
0.0
0.1428571428571428
-1.0
-0.4285714285714286
0.1428571428571428
-0.7142857142857143
0.1428571428571428
0.7142857142857142
0.2857142857142858
0.4285714285714286
0.7142857142857142
0.0
-0.1428571428571429
-0.5714285714285714
0.2857142857142858
0.1428571428571428
-0.1428571428571429
0.2857142857142858
0.5714285714285714
0.5714285714285714
0.4285714285714286
-0.7142857142857143
0.5714285714285714
0.5714285714285714
-0.7142857142857143
0.2857142857142858
0.7142857142857142
0.2857142857142858
-0.1428571428571429
-0.2857142857142857
0.4285714285714286
-0.5714285714285714
0.2857142857142858
0.5714285714285714
0.2857142857142858
0.5714285714285714
-0.8571428571428572
0.5714285714285714
-0.2857142857142857
0.5714285714285714
-0.2857142857142857
0.0
0.4285714285714286
0.1428571428571428
0.1428571428571428
0.2857142857142858
-0.1428571428571429
-0.5714285714285714
-0.2857142857142857
0.7142857142857142
-0.4285714285714286
EIGENVECTOR
-0.11606622111383957
-0.6462639982408336
0.686213043045204
0.1088279285823055
-0.9035703374817627
-0.01853495494308055
-0.5054721345873785
0.10314272127049784
0.8392963262919289
-0.9433930877950698
-0.8192511673354743
-0.01354472461299372
-0.9990002221079515
0.17650625196227043
-0.8235666182731596
-0.7687894343594632
-0.7934791882212111
0.5431587573861132
-0.4648928935903015
-0.7359425234371493
-0.7476191787328983
-0.860903836944487
-0.7511132056665963
-0.9662322526288906
0.2974781601795473
-0.6577254193449762
-0.9124800598685505
-0.20104378103059928
0.02199270235926698
-0.7839476448517753
-0.833165648431421
-0.7130292111672317
-0.747149926518613
-0.4882463486578945
-0.7592789024441249
-0.8467051690416945
-0.6285475156327263
-0.905148423319174
-0.17080931802127486
0.6147966222415608
-0.014229328774651662
-0.06456473638452764
0.5566961730878555
-0.803666034543316
-0.8162859444941479
1.0
-0.8548039955315213
0.08965029885214948
-0.8433489384470175
-0.8581535526617495
-0.25404969181645765
-0.052584221383198626
-0.5751253511133755
-0.8703212253812511
-0.886449431890641
-0.8303876364544781
-0.9728819021808559
-0.6555207290054065
-0.07026953998697649
-0.6222940600790524
-0.8372959348926574
-0.12886550145799391
-0.9585729802668025
-0.8532485293281662
-0.18679993649136428
-0.10252452856675298
0.023601760187075493
-0.7538159956180853
-0.7313907914649165
-0.9124800598685505
-0.10115266312568971
-0.696990009794848
-0.9845038246933547
-0.8581535526617496
-0.19526901498090288
-0.24921020894996215
-1.0
-0.5346558902029254
0.45340319316965294
-0.9990002221079515
-0.29124052820454704
0.8642821480517713
-0.5367536610015464
-0.16068872630849185
0.9528529601356641
-0.4774888476725073
-0.8875881654902
-0.6462639982408338
-0.07523967189902603
-0.6730648792576434
-0.4254570400424097
-0.7604583682371692
0.535852958779564
-0.06415609170094438
0.31108077197354933
-0.9728819021808558
0.053429757792060606
0.00215165676312834
-0.7147394916931711
-0.4242823584219556
0.8729620754598622
-0.8331656484314212
-0.31378153669270425
-0.8649863073395622
-0.7483161042061057
-0.9167345321529408
0.20773229972356533
-0.28203588624758136
-0.7303832709071965
0.8624337738141497
-0.9949453830980113
0.4841290687296145
-0.5900237457826891
0.7879314007398142
-0.45839027514666253
-0.3460405694629427
-0.7511132056665963
-0.37481581891285276
-0.27913710846315065
0.6147966222415617
-0.8755971273435047
-0.9226830204817518
-0.4164198101454606
0.029549555837787622
-0.9494715045051372
CENT
-0.5825276759905782
-0.9973752476162979
-0.254328907215823
-0.7293821390995547
-0.9300225997424584
-0.8279169419937196
-0.08825214123652747
-0.17633904045177784
-0.3451203147965056
-0.9708892206318488
-0.9813491642065494
-0.8873860695396645
-0.995303625363084
-0.44217673971173743
-0.9692141717140318
-0.3576760245591333
-0.9095294521858397
-0.2852268036216814
-0.8282298901193587
-0.7580397576884442
-0.9765928020142742
-0.9631650017647159
-0.8386726025331183
-0.9992707139230042
-0.2007980295651196
-0.9622949804943706
-0.9349267736957201
-0.823415187315176
-0.09169326006248668
-0.17831145138716498
-0.9905916016179824
-0.7397990224585402
-0.6032994409992687
-0.9912444105213308
-0.3225148789433281
-0.9583007629462654
-0.6977221888149581
-0.9509170591379672
-0.8530613988441123
-0.6697081619735192
-0.7894603874538367
-0.9028372387296374
-0.40337740189777616
-0.8278116653995268
-0.8477822607396421
0.1951757816024402
-0.979636249589925
-0.8671216266765883
-0.8159519723594735
-0.9973884272417142
-0.48159037046553166
-0.8460851898241242
-0.9477105066780936
-1.0
-0.684418657587653
-0.9543060973102405
-1.0
-0.5989868791902335
-0.863687635616724
-0.9225487792142246
-0.9922780962324675
-0.9005833676506453
-0.7879545559184152
-0.9970742671249601
-0.9459531379738298
-0.9248861708345014
-0.6288547858985515
-0.5995158411370727
-0.8350027998807903
-0.9349267736957201
-0.15418896839274043
-0.7865403773495017
-0.9361058725310353
-0.9973884272417142
-0.5798062496117928
0.12650046317042385
-0.9887107478034934
-0.9177390422369025
-0.5839018271929536
-0.995303625363084
0.5270371626285988
-0.6435250769870491
0.04384693699069575
-0.905286893624332
-0.40675796215327475
0.6528255745388589
-0.5770765478761452
-0.9973752476162979
-0.8685897104272708
-0.8555786885638333
-0.9416458888343566
-0.506108168802979
-0.627912478471443
-0.8887622277813015
-0.3297600354267687
-1.0
-0.9248292703480576
-0.8363320255778647
-0.9917941705977812
-0.7637747334432614
-0.38240636810927764
-0.9905916016179824
-0.7277659368223182
-0.9757719476667074
-0.5918150962641952
-0.7412460748928944
1.0
-0.5414083259288942
-0.7892177732085534
-0.885261250529527
-0.973486912933847
-0.31458706197412556
-0.6239457760758806
0.015071935794019664
-0.5884264802044181
-0.9795789065660763
-0.8386726025331183
-0.85239791111778
-0.9732002767379392
-0.6697081619735192
-0.9996919187529523
-0.9958111418439908
-0.9977838322198975
-0.8212719468864322
-0.7466252496557046
DEGREE_RANK
-0.17741935483870974
-0.8225806451612904
0.3225806451612905
0.9516129032258065
-0.6935483870967742
0.5967741935483872
-0.16129032258064524
0.048387096774193505
0.6129032258064517
-0.6774193548387097
0.629032258064516
0.338709677419355
-0.935483870967742
0.8225806451612905
-0.5
1.0
-0.14516129032258063
0.6451612903225805
-0.4838709677419355
-0.12903225806451613
-0.9193548387096774
-0.8064516129032258
0.3548387096774195
-1.0
0.838709677419355
-0.7903225806451613
-0.4677419354838709
0.37096774193548376
0.06451612903225823
-0.6129032258064516
0.08064516129032273
0.38709677419354827
0.40322580645161277
-0.5967741935483871
0.41935483870967727
-0.4516129032258064
-0.435483870967742
-0.30645161290322587
0.43548387096774177
0.09677419354838723
0.4516129032258065
0.467741935483871
0.11290322580645173
0.12903225806451601
-0.11290322580645162
0.967741935483871
-0.5806451612903226
0.8548387096774195
-0.29032258064516137
-0.27419354838709675
-0.09677419354838712
0.9838709677419355
-0.6612903225806452
-0.9838709677419355
-0.9032258064516129
0.661290322580645
-0.8870967741935484
-0.08064516129032251
0.6774193548387095
-0.4193548387096775
-0.4032258064516129
0.4838709677419355
-0.7741935483870968
-0.25806451612903225
0.14516129032258052
0.5
0.870967741935484
-0.06451612903225812
0.16129032258064502
-0.3870967741935484
0.17741935483870952
0.5161290322580645
-0.7580645161290323
-0.24193548387096775
-0.22580645161290325
-0.048387096774193616
-0.967741935483871
-0.6451612903225807
-0.032258064516129115
-0.8709677419354839
-0.016129032258064502
0.8870967741935483
0.19354838709677424
0.532258064516129
0.9032258064516128
-0.20967741935483863
-0.3709677419354839
-0.7419354838709677
0.20967741935483875
0.0
-0.3548387096774194
0.22580645161290325
0.6935483870967742
0.7096774193548387
0.5483870967741935
-0.8548387096774194
0.7258064516129032
0.7419354838709677
-0.8387096774193549
0.24193548387096775
0.9193548387096773
0.25806451612903225
-0.33870967741935476
-0.564516129032258
0.5645161290322582
-0.7258064516129032
0.27419354838709675
0.7580645161290323
0.29032258064516125
0.7741935483870968
-0.9516129032258065
0.7903225806451613
-0.5483870967741935
0.8064516129032258
-0.532258064516129
-0.19354838709677424
0.5806451612903227
0.016129032258064502
0.032258064516129004
0.30645161290322576
-0.32258064516129037
-0.7096774193548387
-0.5161290322580645
0.9354838709677418
-0.6290322580645161
EIGENVECTOR_RANK
0.40322580645161277
-0.08064516129032251
0.8870967741935483
0.6935483870967742
-0.7419354838709677
0.532258064516129
0.048387096774193505
0.6774193548387095
0.9193548387096773
-0.8387096774193549
-0.4516129032258064
0.5645161290322582
-0.9838709677419355
0.7096774193548387
-0.4677419354838709
-0.3709677419354839
-0.4032258064516129
0.8225806451612905
0.09677419354838723
-0.22580645161290325
-0.25806451612903225
-0.6451612903225807
-0.30645161290322587
-0.8870967741935484
0.7419354838709677
-0.11290322580645162
-0.7903225806451613
0.30645161290322576
0.5967741935483872
-0.3870967741935484
-0.5
-0.16129032258064524
-0.24193548387096775
0.06451612903225823
-0.33870967741935476
-0.564516129032258
-0.048387096774193616
-0.7580645161290323
0.3548387096774195
0.8548387096774195
0.5483870967741935
0.4838709677419355
0.838709677419355
-0.4193548387096775
-0.435483870967742
1.0
-0.5967741935483871
0.661290322580645
-0.5483870967741935
-0.6290322580645161
0.27419354838709675
0.5161290322580645
0.0
-0.6774193548387097
-0.7096774193548387
-0.4838709677419355
-0.9193548387096774
-0.09677419354838712
0.467741935483871
-0.032258064516129115
-0.532258064516129
0.38709677419354827
-0.8709677419354839
-0.5806451612903226
0.338709677419355
0.41935483870967727
0.6129032258064517
-0.32258064516129037
-0.20967741935483863
-0.7741935483870968
0.43548387096774177
-0.14516129032258063
-0.935483870967742
-0.6129032258064516
0.3225806451612905
0.29032258064516125
-1.0
0.032258064516129004
0.7741935483870968
-0.967741935483871
0.22580645161290325
0.9516129032258065
0.016129032258064502
0.37096774193548376
0.9838709677419355
0.08064516129032273
-0.7258064516129032
-0.06451612903225812
0.4516129032258065
-0.12903225806451613
0.12903225806451601
-0.3548387096774194
0.8064516129032258
0.5
0.7580645161290323
-0.9032258064516129
0.6451612903225805
0.5806451612903227
-0.17741935483870974
0.14516129032258052
0.967741935483871
-0.5161290322580645
0.20967741935483875
-0.6612903225806452
-0.27419354838709675
-0.8064516129032258
0.7258064516129032
0.24193548387096775
-0.19354838709677424
0.9354838709677418
-0.9516129032258065
0.7903225806451613
-0.016129032258064502
0.9032258064516128
0.11290322580645173
0.19354838709677424
-0.29032258064516137
0.17741935483870952
0.25806451612903225
0.870967741935484
-0.6935483870967742
-0.8225806451612904
0.16129032258064502
0.629032258064516
-0.8548387096774194
CENT_RANK
0.532258064516129
-0.8709677419354839
0.7903225806451613
0.27419354838709675
-0.3548387096774194
0.048387096774193505
0.8870967741935483
0.838709677419355
0.7096774193548387
-0.564516129032258
-0.6774193548387097
-0.19354838709677424
-0.8064516129032258
0.629032258064516
-0.5483870967741935
0.6935483870967742
-0.27419354838709675
0.7741935483870968
0.032258064516129004
0.20967741935483875
-0.6290322580645161
-0.532258064516129
-0.032258064516129115
-0.935483870967742
0.8064516129032258
-0.5161290322580645
-0.3870967741935484
0.08064516129032273
0.870967741935484
0.8225806451612905
-0.7258064516129032
0.25806451612903225
0.43548387096774177
-0.7419354838709677
0.7419354838709677
-0.5
0.30645161290322576
-0.4677419354838709
-0.09677419354838712
0.338709677419355
0.12903225806451601
-0.24193548387096775
0.661290322580645
0.06451612903225823
-0.06451612903225812
0.9516129032258065
-0.6612903225806452
-0.14516129032258063
0.11290322580645173
-0.9032258064516129
0.6129032258064517
-0.048387096774193616
-0.4516129032258064
-1.0
0.3225806451612905
-0.4838709677419355
-0.9838709677419355
0.467741935483871
-0.12903225806451613
-0.30645161290322587
-0.7741935483870968
-0.22580645161290325
0.16129032258064502
-0.8387096774193549
-0.435483870967742
-0.33870967741935476
0.38709677419354827
0.4516129032258065
0.016129032258064502
-0.3709677419354839
0.8548387096774195
0.17741935483870952
-0.4032258064516129
-0.8870967741935484
0.5483870967741935
0.9354838709677418
-0.6935483870967742
-0.29032258064516137
0.5161290322580645
-0.7903225806451613
0.967741935483871
0.37096774193548376
0.9193548387096773
-0.25806451612903225
0.6451612903225805
0.9838709677419355
0.5645161290322582
-0.8548387096774194
-0.16129032258064524
-0.11290322580645162
-0.4193548387096775
0.5967741935483872
0.40322580645161277
-0.20967741935483863
0.7258064516129032
-0.967741935483871
-0.32258064516129037
0.0
-0.7580645161290323
0.19354838709677424
0.6774193548387095
-0.7096774193548387
0.29032258064516125
-0.6129032258064516
0.4838709677419355
0.24193548387096775
1.0
0.5806451612903227
0.14516129032258052
-0.17741935483870974
-0.5967741935483871
0.7580645161290323
0.41935483870967727
0.9032258064516128
0.5
-0.6451612903225807
-0.016129032258064502
-0.08064516129032251
-0.5806451612903226
0.3548387096774195
-0.9516129032258065
-0.8225806451612904
-0.9193548387096774
0.09677419354838723
0.22580645161290325
RANK
53
56
95
120
23
122
49
73
1
87
63
121
12
79
60
98
33
30
101
76
10
46
115
20
103
110
118
9
14
21
25
35
55
37
52
64
90
72
26
69
4
65
96
59
77
16
83
41
61
93
11
109
88
47
58
89
38
117
44
51
22
116
97
68
18
5
43
27
123
48
40
108
62
71
99
19
124
105
31
3
102
36
54
39
119
81
66
92
112
32
67
57
104
114
78
0
74
86
107
91
50
13
84
42
100
15
8
94
34
111
17
2
24
29
7
70
28
6
113
82
75
45
80
85
106
