DEGREE
0.19047619047619047
0.7142857142857142
-0.1428571428571429
0.38095238095238093
-0.09523809523809523
0.5238095238095237
0.33333333333333326
0.5714285714285714
0.23809523809523814
0.38095238095238093
0.1428571428571428
-0.09523809523809523
-0.5714285714285714
-0.4285714285714286
0.5238095238095237
0.38095238095238093
0.2857142857142858
0.0
-0.09523809523809523
0.38095238095238093
0.6666666666666667
-0.23809523809523814
0.33333333333333326
0.2857142857142858
-0.23809523809523814
0.6190476190476191
0.6190476190476191
0.8571428571428572
0.4285714285714286
0.4285714285714286
-0.09523809523809523
-0.33333333333333337
0.6190476190476191
-0.2857142857142857
0.5714285714285714
0.4761904761904763
-0.04761904761904767
0.6190476190476191
-0.38095238095238093
0.4761904761904763
0.19047619047619047
0.5238095238095237
0.4761904761904763
0.19047619047619047
0.19047619047619047
-0.09523809523809523
0.09523809523809534
0.7142857142857142
0.23809523809523814
-0.2857142857142857
-0.33333333333333337
0.4285714285714286
0.5238095238095237
0.6190476190476191
0.4761904761904763
0.33333333333333326
0.6190476190476191
-0.04761904761904767
-0.38095238095238093
0.6190476190476191
0.2857142857142858
-0.04761904761904767
0.0
0.5238095238095237
0.23809523809523814
-0.4285714285714286
0.6666666666666667
0.19047619047619047
0.19047619047619047
0.6666666666666667
0.1428571428571428
-0.38095238095238093
0.6666666666666667
-0.2857142857142857
0.7142857142857142
0.5238095238095237
0.1428571428571428
0.4761904761904763
0.5714285714285714
-0.5238095238095238
0.38095238095238093
0.23809523809523814
0.4761904761904763
0.4285714285714286
0.5714285714285714
0.38095238095238093
0.04761904761904767
-0.38095238095238093
0.4285714285714286
0.6190476190476191
0.09523809523809534
-0.19047619047619047
0.4761904761904763
0.2857142857142858
-0.2857142857142857
0.38095238095238093
-0.2857142857142857
0.6666666666666667
-0.2857142857142857
0.19047619047619047
0.33333333333333326
0.7142857142857142
0.1428571428571428
0.38095238095238093
0.0
0.33333333333333326
0.5238095238095237
0.4761904761904763
0.04761904761904767
0.38095238095238093
0.0
0.23809523809523814
0.5714285714285714
0.6666666666666667
0.5238095238095237
0.6190476190476191
0.04761904761904767
-0.4285714285714286
0.7619047619047619
0.5238095238095237
0.5714285714285714
0.6666666666666667
0.23809523809523814
0.1428571428571428
0.7619047619047619
0.4285714285714286
0.5714285714285714
-0.23809523809523814
0.5714285714285714
0.38095238095238093
0.7142857142857142
0.6190476190476191
0.38095238095238093
-0.2857142857142857
0.5238095238095237
-0.09523809523809523
0.7619047619047619
-0.7142857142857143
0.4285714285714286
0.0
-0.2857142857142857
-0.5238095238095238
0.4285714285714286
0.6666666666666667
0.4761904761904763
-0.23809523809523814
0.7142857142857142
0.5238095238095237
0.38095238095238093
-0.8571428571428572
0.5238095238095237
0.5714285714285714
0.33333333333333326
0.2857142857142858
0.8095238095238095
0.6190476190476191
0.1428571428571428
0.4285714285714286
0.5238095238095237
0.1428571428571428
0.33333333333333326
0.4285714285714286
0.09523809523809534
0.0
0.38095238095238093
0.7619047619047619
-0.09523809523809523
-0.33333333333333337
0.7619047619047619
-0.2857142857142857
0.6666666666666667
0.4761904761904763
-0.04761904761904767
0.0
0.4761904761904763
0.19047619047619047
0.2857142857142858
0.6666666666666667
0.04761904761904767
0.5238095238095237
0.4285714285714286
0.09523809523809534
0.23809523809523814
0.8571428571428572
0.33333333333333326
0.6190476190476191
0.23809523809523814
-0.04761904761904767
0.7142857142857142
0.4761904761904763
-0.38095238095238093
0.38095238095238093
0.5714285714285714
0.38095238095238093
0.4285714285714286
-0.6190476190476191
0.5714285714285714
0.7142857142857142
-0.09523809523809523
0.1428571428571428
0.5238095238095237
0.4761904761904763
-0.1428571428571429
-0.38095238095238093
0.5238095238095237
0.0
-0.8095238095238095
0.33333333333333326
1.0
0.4285714285714286
0.1428571428571428
-0.09523809523809523
0.09523809523809534
0.7142857142857142
-0.38095238095238093
0.5714285714285714
-0.38095238095238093
-0.33333333333333337
0.38095238095238093
0.6190476190476191
0.4761904761904763
0.09523809523809534
0.4761904761904763
0.09523809523809534
0.5238095238095237
0.6190476190476191
0.6190476190476191
0.23809523809523814
0.33333333333333326
0.2857142857142858
0.7142857142857142
0.0
0.7619047619047619
-0.1428571428571429
0.4285714285714286
-0.1428571428571429
0.33333333333333326
-0.33333333333333337
0.5714285714285714
0.5714285714285714
0.33333333333333326
0.4761904761904763
0.04761904761904767
0.5238095238095237
0.4285714285714286
-0.09523809523809523
0.2857142857142858
0.9047619047619047
0.38095238095238093
0.19047619047619047
-0.38095238095238093
0.4761904761904763
0.38095238095238093
0.23809523809523814
0.5238095238095237
0.4285714285714286
-0.19047619047619047
0.6666666666666667
0.19047619047619047
0.6190476190476191
-0.19047619047619047
-0.38095238095238093
0.2857142857142858
-0.1428571428571429
0.4761904761904763
0.7142857142857142
0.8095238095238095
0.5238095238095237
0.6190476190476191
0.38095238095238093
0.38095238095238093
0.4761904761904763
0.8095238095238095
0.38095238095238093
0.6190476190476191
0.1428571428571428
0.5714285714285714
0.7142857142857142
0.4285714285714286
0.19047619047619047
0.5238095238095237
0.6666666666666667
0.23809523809523814
-0.19047619047619047
-0.19047619047619047
-0.09523809523809523
-0.19047619047619047
0.0
-0.4285714285714286
0.19047619047619047
-0.1428571428571429
0.19047619047619047
-0.33333333333333337
0.2857142857142858
0.4285714285714286
0.5238095238095237
0.38095238095238093
0.4285714285714286
0.6666666666666667
-0.38095238095238093
0.19047619047619047
0.09523809523809534
0.7142857142857142
0.2857142857142858
0.9523809523809523
-0.04761904761904767
0.5714285714285714
0.09523809523809534
0.33333333333333326
0.4285714285714286
0.19047619047619047
0.04761904761904767
0.7619047619047619
0.7619047619047619
0.6190476190476191
0.33333333333333326
0.5714285714285714
0.1428571428571428
0.5238095238095237
0.4285714285714286
-0.19047619047619047
0.4285714285714286
0.4761904761904763
0.4761904761904763
0.6190476190476191
0.7619047619047619
0.6666666666666667
0.4285714285714286
0.6666666666666667
-0.7142857142857143
0.6666666666666667
0.09523809523809534
0.09523809523809534
-0.1428571428571429
0.4761904761904763
0.2857142857142858
0.38095238095238093
-0.7142857142857143
0.4285714285714286
0.6190476190476191
0.2857142857142858
-0.33333333333333337
-0.5714285714285714
0.09523809523809534
-0.5714285714285714
-0.9047619047619048
0.38095238095238093
0.8571428571428572
0.4761904761904763
0.4761904761904763
-0.4285714285714286
0.0
0.6190476190476191
0.23809523809523814
0.19047619047619047
0.33333333333333326
0.5714285714285714
0.04761904761904767
0.5238095238095237
0.6190476190476191
0.38095238095238093
0.38095238095238093
0.7619047619047619
-0.19047619047619047
0.7619047619047619
0.5714285714285714
0.33333333333333326
-0.4285714285714286
0.0
-0.23809523809523814
-0.09523809523809523
0.5238095238095237
0.7142857142857142
0.4285714285714286
-0.4285714285714286
0.19047619047619047
-0.09523809523809523
0.38095238095238093
0.8095238095238095
0.19047619047619047
0.7142857142857142
0.4285714285714286
0.4285714285714286
0.5714285714285714
0.5714285714285714
0.04761904761904767
0.0
0.38095238095238093
0.1428571428571428
-0.04761904761904767
0.6190476190476191
0.6666666666666667
-0.04761904761904767
0.38095238095238093
-0.38095238095238093
0.5714285714285714
0.09523809523809534
0.6666666666666667
0.5714285714285714
0.4761904761904763
0.5238095238095237
-0.2857142857142857
0.38095238095238093
0.1428571428571428
0.4761904761904763
-0.09523809523809523
0.4285714285714286
0.7142857142857142
0.5238095238095237
-0.8095238095238095
0.5714285714285714
0.6666666666666667
0.6190476190476191
0.38095238095238093
-0.2857142857142857
0.6190476190476191
-0.4285714285714286
0.38095238095238093
0.04761904761904767
-0.19047619047619047
0.6666666666666667
0.6190476190476191
-0.47619047619047616
-0.23809523809523814
0.38095238095238093
0.2857142857142858
0.5238095238095237
-1.0
-0.19047619047619047
-0.5238095238095238
0.1428571428571428
-0.2857142857142857
-0.1428571428571429
1.0
-0.33333333333333337
0.04761904761904767
0.5238095238095237
0.4285714285714286
0.6190476190476191
0.09523809523809534
-0.23809523809523814
0.8095238095238095
0.4285714285714286
0.38095238095238093
1.0
0.7619047619047619
0.7142857142857142
0.4285714285714286
0.33333333333333326
-0.04761904761904767
0.33333333333333326
-0.09523809523809523
-0.09523809523809523
-0.47619047619047616
-0.04761904761904767
0.1428571428571428
0.8095238095238095
0.5714285714285714
0.4761904761904763
0.38095238095238093
0.23809523809523814
0.5238095238095237
0.6190476190476191
-0.38095238095238093
0.4761904761904763
0.6190476190476191
0.23809523809523814
0.0
0.38095238095238093
-0.04761904761904767
0.4285714285714286
0.5714285714285714
0.23809523809523814
0.8095238095238095
-0.33333333333333337
0.5238095238095237
-0.38095238095238093
0.5714285714285714
0.38095238095238093
0.33333333333333326
0.5238095238095237
-0.1428571428571429
0.33333333333333326
0.0
0.5714285714285714
0.5714285714285714
0.7619047619047619
0.0
0.4285714285714286
0.4285714285714286
-0.33333333333333337
0.7142857142857142
-0.7619047619047619
0.38095238095238093
-0.09523809523809523
EIGENVECTOR
-0.6721894476944232
0.7965176652194872
-0.736840456292646
0.25592874509127506
-0.8756271842863046
0.42576820156321227
-0.4776990662013243
0.5012151737966632
-0.503661339248934
0.07114800055215476
-0.7221592205085938
-0.92864246702468
-0.8439594936469725
-0.9494133476262713
-0.2758213507956184
0.1318355518608385
-0.7526897470345361
-0.5636340398105391
-0.7894518302234441
0.1610400718689866
-0.36600894201500933
-0.921975334205479
-0.7891093041920972
-0.41074986699407834
-0.6357718748951053
0.5416292364344346
-0.2779712138116509
0.523294102225111
-0.38497816586274414
-0.0840762759187369
-0.8351214244871314
-0.8524275008944027
0.12505857882770366
-0.7531290357106559
-0.6524797965865047
-0.02213650679430912
-0.8631755538455264
-0.3677895548161427
-0.8272629123276676
-0.8228946614049946
-0.8174493264348368
0.07690070815679007
-0.03355670956997747
-0.7023056433345232
-0.8067423394075159
-0.7433984304488681
-0.40641448041840134
0.4535829710289123
-0.8433380206609671
-0.8484382153153238
-0.93735255042429
0.18028530910689256
0.5217275776122214
0.37508248438272873
-0.2967412641971533
-0.44009952552983245
0.2445400788929064
-0.5675077686264831
-0.8667059954812723
0.35767915031423003
0.006341304645691714
-0.8858054820770446
-0.8671619052631345
0.3128437888055331
-0.8607367633309072
-0.9667740194762715
0.704427829857543
-0.6819826898100743
-0.8794720153385763
-0.5666055219624364
-0.7444223361704518
-0.7935805026558698
0.1864239746481562
-0.9528434188075793
0.5287753719744193
-0.020605072061196994
-0.7802808374510802
-0.816421619435596
0.35600217980376536
-0.6971580622909432
-0.3671835626303528
-0.8232173989937368
-0.15879805122497437
-0.17500236046877837
0.2159373509466258
-0.223863122213533
-0.45484486740412755
-0.9599258887741
-0.3263334875708317
0.39244729831810576
-0.8812775343085489
-0.7239659599748435
0.2817539070093231
0.03211332716787818
-0.9318070541437995
0.07535107106824612
-0.7426313321313021
0.7173021592418671
-0.8120393208964694
-0.523319452343177
-0.3927210002938587
-0.009309631829035436
-0.881927994513691
-0.4963809936600202
-0.7691568268006173
-0.7472574327157162
0.3312025131547991
-0.2536960692091116
-0.8171110940364462
-0.5110120486924652
-0.5815439355221576
-0.74326238444734
-0.6228794956004625
0.6580451784503711
0.43703188384392333
0.36984650247337436
-0.7470333100675746
-0.9440157561964848
0.37671196381720917
0.29917640665628253
0.13673699641577453
0.7106359757784708
-0.5567378832530235
-0.5647057866371805
0.513558052504905
-0.2656782207684325
-0.11439239129574019
-0.42719358537238517
0.133140702095371
-0.6643276198635242
0.08924188250221432
0.12673943097267548
-0.2856942006258162
-0.882308911575401
-0.23360178415886845
-0.5587755411869586
-0.449672616648096
-0.9880451040989011
-0.5191249902507604
-0.8923529556331612
-0.9114893941123741
-0.9588535695935869
-0.0814680258823175
-0.5985593037635936
-0.36715002154233556
-0.9208295512384561
-0.20705069257197217
-0.09957702859707895
0.07149334413840025
-0.9172165873351477
0.29917640665628276
-0.01784332892842866
-0.4226656507231076
-0.7881406318133232
0.5455695620056129
-0.1641506218457286
-0.8930284466444539
-0.27336008316374094
0.1260869467388961
-0.7936873722686458
0.1593008808349472
0.13516658273346782
-0.7425105692495344
-0.8148186379573197
-0.5066759276274454
0.44858697598221986
-0.8415968370837724
-0.7329059367463093
0.22486696146711727
-0.8748188226166713
0.7194619784918097
0.32335347174742224
-0.5453696023845767
-0.8260660249140631
-0.3774556475819095
-0.23941117537583334
-0.4692049934026373
0.7108915231575073
-0.5937802465831667
0.4871421176861923
-0.2643615422207771
-0.8028480021316707
-0.28177708081193864
0.9086672525089408
-0.6674632929726805
0.5516517262000995
-0.8515662478045869
-0.908156608910253
-0.4322351355090145
0.074910736789771
-0.8591172125911049
0.1633802368002606
-0.644614543979662
-0.04458710103992147
0.12073251994451617
-0.9824009920285155
-0.6870073433182612
0.4529345440895147
-0.9356442029062043
-0.7096564549809025
0.6489739262119218
-0.25437111691089165
-0.9037957842855453
-0.7751340821424861
0.037419219646721125
-0.8883754672943351
-0.9014956443059243
0.010080447255720104
0.6636684080787818
-0.491856581817927
-0.701719462225554
-0.6724521795620967
-0.8448191046781552
0.38577968957203934
-0.8677575144469346
0.2920286162400336
-0.9574933353454758
-0.9560849280416384
-0.6699578353976745
0.5469102507901671
0.21189691973731128
-0.7374078315778446
-0.41570222092415066
-0.4135563706982517
-0.018401443401542705
0.35767915031422914
-0.03231983997063825
-0.6132923991017959
-0.1683866888010631
-0.039273273235467476
0.30538551824528426
-0.545764637030979
0.30407595411570787
-0.8596789452963103
-0.7206933534223088
-0.5404357004787343
0.06031381326669516
-0.45090865681449865
-0.05383660227303888
-0.6201036296643774
-0.7662009085464813
0.432561238353115
-0.7672392680565729
0.3076659241630424
0.24621942163193133
-0.8480003646736938
-0.29332415840599635
0.17320025950551554
-0.06974158733154745
-0.8262140663523244
-0.9576517687396524
-0.27235018678801004
0.16338023680026104
-0.6918373587543664
0.5002410510421749
0.291134697765963
-0.6235459175210213
-0.6850379488154645
-0.8686026779809364
0.7102822415668852
-0.9165308618511289
-0.9643766436011382
-0.40507925890227003
-0.5294506709173947
0.17670785746244144
-0.47080562764363576
0.34742937227102133
0.544816577160149
0.11067442206545275
-0.5296238568958958
-0.6795942005878071
-0.09227077798831262
0.6281829226629709
-0.8288235315321021
-0.6968952008586918
-0.6876687985569812
0.34718471154979036
0.2907331536195097
-0.5070620755502733
-0.5717998460899931
-0.12371850033114695
0.3553560234823574
-0.4781497590006103
-0.9397333278164948
-0.9332616701669563
-0.838982823309224
-0.9060658645598139
-0.7284738567629765
-0.6232223904693601
-0.3393709538906913
-0.6244940592223076
-0.7665194049716834
-0.5307586777397315
-0.7767335555636865
-0.40697153443165934
-0.04535076064555055
0.004931565710560859
-0.19055979724151606
-0.3280473059233515
-0.6761557571682368
-0.8905917708971113
-0.8812775343085492
-0.13568609615545113
-0.03232967211577631
0.973919231045935
-0.8726975626237734
0.24084774717012425
-0.537844356052515
-0.14660924112439677
0.1930610446040404
-0.656565740665209
-0.5937802465831667
0.17704860671974676
-0.5541437126694146
-0.29594050018303486
-0.6950754319282226
0.4194507521253812
-0.7612429365698415
0.524064100740367
-0.46163054382030455
-0.5064574652997069
-0.12316027578850264
-0.5533169005937746
0.0862988303329888
0.046750621302619644
0.4127756926293047
-0.04719491385144958
0.3937378145211663
0.5839551018238158
-0.9893807645791005
0.5990085789533164
-0.2687051155509399
-0.7558849349723269
-0.8867244342158179
-0.701116921755283
-0.4770653979648287
-0.3366875103005055
-0.8180926943564287
-0.6426073130683819
0.7052704433065866
-0.6550696959997282
-0.7899451156018333
-0.9763350399663441
-0.2687051155509399
-0.9668938250243925
-1.0
-0.32563544460134675
0.6213259296517859
-0.22920953870294491
-0.5162090683514822
-0.6918519408721427
-0.6454303499211882
0.25458447216511293
-0.09524370322158915
-0.3501099612322808
-0.2834988090853089
-0.5552232864884685
-0.7876210432778133
0.16140353105401473
-0.27814629825378456
-0.3615963879547057
0.0567775516646678
0.4341685117764731
-0.748924285988238
0.4573789685034457
0.5968164520934702
-0.2846676675729056
-0.49675583153899094
-0.8987459818773001
-0.8800208529218995
-0.894908359301056
-0.21101660385539545
-0.4551482436000033
-0.09257926647267922
-0.9679384294298801
-0.17125321868733956
-0.8415968370837725
-0.13026985274790037
0.658056754477172
-0.8207003655095931
0.40003089941585435
0.3355654283942855
-0.38468919887903597
0.6079913974997548
-0.6769235631497182
-0.42304906769387873
-0.863556851118019
0.2984588035379947
-0.7550649398114275
-0.47644170000949426
0.6346236251663315
-0.5795120556029885
-0.5423717737611753
-0.46135132258422684
-0.9599258887741002
0.13314070209537054
-0.8817627539671629
0.6574055731842599
-0.5287485075146285
-0.3528213237538397
0.33398670620355886
-0.9528434188075791
-0.5240716019815751
-0.8368648939512509
-0.640887564427689
-0.3201079017227104
-0.22521202187083356
0.26467626974446046
-0.31681076036913125
-0.9950145311266664
0.41198421340808133
0.29983377538783107
0.01481159530951448
0.28737749109563593
-0.6074093099895286
0.2732871603821998
-0.6927903444437138
-0.25405890434893563
-0.21649132273170013
-0.7290305890006625
0.2856172839443183
0.4118546326887733
-0.9567028889059079
-0.868389078080621
-0.47499256288384195
-0.3819206225877654
0.2153160451526499
-0.959808592580999
-0.8897148255914641
-0.7077233535376123
-0.07717201385740435
-0.7258573958305486
-0.9012890175092996
0.3256222692419397
-0.8694514263716869
-0.9077169009300727
0.2516051571674651
0.1806893174523867
0.3454270958133292
-0.7142086268011189
-0.7314035312209742
0.5869672252322069
-0.6360575431478954
-0.7779581908395536
1.0
0.1552867279364929
0.696070378080607
-0.3786119173953517
-0.003582103356847055
-0.3552776635361944
-0.26934568857136776
-0.39164434038135343
-0.7224556702968954
-0.7720201730234999
-0.7186812102800393
-0.36226701696220587
0.5815643220879141
-0.09079219159559682
-0.06482231353623324
-0.36185586513010704
-0.34212078882137553
0.2604913791018395
0.22072525090205386
-0.7217517701958247
0.4281241361306749
0.7052704433065873
-0.7207617525927916
-0.5533051272797902
0.3151050692802604
-0.6049056543392144
0.3304517544791772
0.0907120204236671
-0.7915345518313204
0.1787951559521186
-0.4414527699141816
0.002282053972992415
-0.8677575144469347
-0.6010891448131184
-0.7126878792440358
0.07683893990241342
0.12608694673889542
-0.844032037420247
-0.5762761144197965
-0.40781256930857934
-0.07978422673260332
0.24538437982668482
0.7890621078441007
-0.7702825972977779
-0.3378348474027443
-0.0009087892290596811
-0.6407129329091228
0.3484000562091334
-0.8770555419431396
-0.21049997223880546
-0.9238531351156708
CENT
-0.5841553779724014
-0.488763062876296
-0.623529117421409
-0.14925925239930227
-0.7920913632383666
-0.4439990925547357
-0.6499228356772904
-0.13588580682970663
-0.8400697978098413
-0.9289113097575605
-0.9228455256335629
-0.8940495182746263
-0.9748052559194459
-0.9961828875639852
-0.649275701763015
0.007288902419482435
-0.8294615935847419
-0.7889707346875999
-0.8369142920310063
-0.2465526477881993
-0.3924549057262978
-0.9754084372317627
-0.7966566513070399
-0.7295763978391225
-0.979449968667109
0.7367869408281396
-0.27071204360950196
-0.7053983087679144
-0.7951321041865498
-0.7119985884707561
-0.8340636061050721
-0.8683675882354369
-0.3933026159484573
-0.8732049113528602
-0.015360104565809718
-0.5613528056142466
-0.8173328092925484
-0.49127933562442716
-0.887507848448007
-0.6635076873903281
-0.8231292492620037
-0.31603714351394385
-0.518242040192808
-0.6033016198667911
-0.6338989287429684
-0.89335297959225
-0.7817456761990659
-0.6361574567962881
-0.4007843021220736
-0.9491471096629291
-0.9850220617732572
-0.5520685086861736
-0.48246780090024355
-0.35739081125932604
-0.6016639212332391
-0.7683853817254309
-0.4764167005137576
-0.8744743732205462
-0.9711167154602555
-0.7680097205887453
-0.9197673349623652
-0.9443863520969028
-0.9463280887355563
-0.442372960464823
-0.6686149526840734
-0.9790472543645459
-0.3574076090202206
-0.586554247266299
-0.805566975267492
-0.5515671341249844
-0.9163124302091699
-0.9600340747470744
-0.3775029168609978
-0.987469259325578
-0.48412899223523853
-0.4584819145552118
-0.8874310533321713
-0.6118668160241305
-0.1925902840704341
-0.9850961690708085
-0.552464592071089
-0.8754006458069438
-0.5370573728896194
-0.47547293420000203
-0.6702874806551172
-0.44400115614476265
-0.8551989617981471
-0.989245769539855
-0.3983381678534076
0.35191746029219284
-0.9142557396965176
-0.9247428904767221
0.26903470370419047
-0.8295240624953291
-0.9032091171845154
-0.7319524028420737
-0.9382300201781498
-0.5506564754569152
-0.8134227021915709
-0.7540209542084233
-0.7510197067327632
-0.24371059672326933
-0.8485428925584969
-0.2749276483947688
-0.7893127414971479
-0.6480676415308089
0.30787745633501196
-0.6400688465246809
-0.9464264235581352
-0.6501895767583175
-0.7089089929313953
-0.9071805891051207
-0.4603027092763342
-0.45773388638673373
-0.5205971090482628
-0.17193949687476062
-0.9462448424264976
-0.9901912539773379
0.04516057948117713
-0.6922087279955313
-0.6593093875159761
-0.3818682003290472
-0.01374951198143648
-0.3868144423160842
-0.5124614641352423
0.027581902534895564
-0.3842210229012032
-0.9697317732235116
-0.7786671999279873
-0.6494503694304105
-0.32992183099272243
-0.4665440615796873
-0.4125492717614082
-0.7927327167228762
-0.7178594712497235
-0.9272100691490968
0.06866212611122124
-0.9942916712996651
-0.3827685311073279
-0.9412415342747135
-0.9939695138152177
-0.9991089236566499
0.6190399525536565
-0.6174536763438399
-0.3992434848897505
-0.9766387161625725
-0.36521799400626587
-0.5433216145343187
-0.3827557238170709
-0.9906535570876847
-0.6922087279955313
1.0
-0.6953758034132198
-0.7580296366752782
-0.6023427681722084
-0.5320530868856735
-0.7843248418603201
-0.28596907065386035
-0.833718839451876
-0.9158063570191456
0.25560728498701857
-0.6933308721429134
-0.8591251656462255
-0.8370814271454969
-0.20462559067041197
-0.37955473984636623
-0.9412745950681836
-0.9236241928295148
-0.2563558325502767
-0.974101253366092
-0.2378697134133947
0.4402825485761406
-0.8569539596394697
-0.9464502836617285
-0.6278307476734344
-0.8408865330019841
-0.4081191138060756
-0.22068938705523977
-0.8058782703817866
-0.23336205961023604
-0.3858577395043009
-0.9244008256751686
-0.5864026718904034
-0.27773801598830816
-0.516919658222406
0.09556144707617764
-0.5307315658738352
-0.9249835202681855
-0.3887300346036814
-0.2503881068317102
-0.9897120295038507
-0.46911622210963666
-0.4839422021895765
-0.8344938459726012
0.2746519887555301
-0.9979443824323918
-0.5441787584928557
-0.18911036953462723
-0.8715639049804407
-0.6898150213392591
-0.14198637030622707
-0.3544481079403159
-0.9745919040328632
-0.8599021423464823
0.8365144337182862
-0.9199626168771942
-0.9902274083116881
-0.43161393473516907
-0.27914168284346075
-0.1505637399838896
-0.7255333605278858
-0.8542899785627852
-0.8112724007629382
-0.7982315582540633
-0.9884108742999191
-0.6493157122509821
-0.975095866796333
-0.9884168507732344
-0.8683711941207476
-0.4238851331358139
-0.6794901509397351
-0.6422807001865769
-0.16277271911640145
-0.9067621144801415
-0.7934734959982381
-0.7680097205887453
-0.5597957602425316
-0.876145045002013
-0.8125305093663018
-0.8060024807683964
-0.45426221556071167
-0.9389654999785007
-0.24503413763743653
-0.938932052368165
-0.630240087813339
-0.8827299754615173
-0.4995675014935296
-0.989752235541453
-0.2633583540042572
-0.7117449665692057
-0.693045446752842
-0.23443111985959253
-0.9338506586203086
-0.6411579911180516
0.24439679892491317
-0.9059838042194595
-0.28313443521846837
-0.42388698259213853
-0.6252256700305422
-0.6618530594358725
-0.949251222603493
0.37136746187782643
-0.46911622210963666
-0.5414422573452372
-0.5987647597901585
-0.6045576163513906
-0.9713056928459045
-0.03476558045379563
-0.722833523929133
-0.5071722592457345
-0.971836031263613
-0.9755005666819712
-0.8404916005780803
-0.8296341826478122
-0.6619772978660601
-0.253151023989562
0.29098829440983565
-0.5472954911098503
-0.6022256682952245
-0.3260513043257425
-0.8015806232403987
-0.13281529248183166
-0.7014334151901321
-0.6279144865830316
-0.5929108302076109
-0.5369022270397157
-0.4902306233117595
-0.3117027671194762
-0.3398741127469652
-0.49720476109105227
-0.16335491919994372
-0.741472596219634
-0.525044408888546
-0.9174905798449539
-0.9238186986830053
-0.9679701330480781
-0.9287328051749482
-0.9294994732464982
-0.9788365550555276
-0.6197769584075663
-0.7979449382241549
-0.8922340065792513
-0.9197464352741868
-0.7342382043965985
-0.5724487815897709
0.028295300665115652
-0.11364609340818399
-0.5166446570205414
-0.1499040548947006
-0.8919509207949875
-0.7475565888503775
-0.9142557396965176
-0.4531906743837566
-0.20713708031176514
-0.09615592055304012
-0.7170378285302644
-0.8581603783646776
-0.8600857160096338
-0.6644575836289168
-0.6333188098387261
-0.8155974416965261
-0.8058782703817866
-0.37361918787568393
0.3202721371740249
-0.22393687589782174
-0.6866634329048924
-0.7584044838879934
-0.8232723843138763
-0.23174415756843114
-0.4670568818457155
-0.702023885519905
-0.7123812123756166
-0.6780556098987556
-0.6933141687804454
0.540532519603296
0.3350380364857406
-0.3159315373492053
-0.5644512329872531
0.3356354549474645
-0.9996311787880626
-0.4998833443216759
-0.8707334378089564
-0.6938569742661971
-0.9544372402092833
-0.7236811456277032
-0.26488003927479586
-0.46369875930810245
-0.9743202064613669
-0.363696632223116
-0.7326457976947324
-0.7060665662846666
-0.935660707466784
-0.9952880296279579
-0.8707334378089564
-0.9971763892747243
-1.0
-0.5517881910128491
-0.6185526748875827
-0.1218116760887843
-0.22692528544345214
-0.9602471216091738
-0.842490095647301
-0.2384752064772746
-0.7478223386199381
-0.8532955598427
-0.8233772238678938
-0.6800842969188192
-0.9522051261693274
-0.3904058690032636
0.06530228283643447
-0.3655434080747456
-0.7354427993911641
-0.7886584987509228
-0.9094079564367523
0.4001319626615063
0.2298160280784407
-0.3469723116059539
-0.9728220719122479
-0.9496447672903076
-0.9473768695847942
-0.9461408894127259
0.03529128976492424
-0.23266493885202855
-0.24368522467689147
-0.9812683230282914
-0.8215812789826082
-0.9412745950681836
-0.21458856006329463
-0.39699351497906077
-0.8509660789853094
-0.7238846720105012
-0.12310267924751084
-0.3850834137831729
-0.2379306683154263
-0.632780510085335
-0.8765981523599087
-0.9618192796391623
-0.2617074480986503
-0.8356854884805988
-0.680057248882881
-0.4178443666347954
-0.18755176137869234
-0.8960185137644923
0.07993114195457984
-0.989245769539855
-0.7786671999279873
-0.7930793005323938
-0.289906835836065
-0.6132464810523663
-0.3153316543972877
-0.49530563080117085
-0.987469259325578
-0.28676049615914545
-0.7778339599068068
-0.4196972563644531
-0.9478112530551844
-0.3352137535171915
-0.601904096905487
-0.6672790185600972
-0.9996653224676083
0.7409071724637228
0.1572503016215332
-0.15102451627349323
-0.5910211880489906
-0.9200316702753844
-0.664780122565578
-0.9364275415425614
-0.6956380972729777
-0.9297471388407785
-0.873736542472201
-0.741568057682168
-0.5029369531813481
-0.9949893778455919
-0.952569267143367
-0.2521134956887605
-0.6947173808998076
-0.8838264136372027
-1.0
-0.8624148296845947
-0.962851351114366
-0.8919405354257748
-0.8938513988376346
-0.9194604773969348
-0.29014437241205404
-0.9322873621238631
-0.852747476180761
-0.535088205032001
-0.4110943492902672
-0.6707066440128133
-0.8573879562046318
-0.9283089067799037
-0.5727281950272897
-0.3894921560562328
-0.7711948252182306
0.22012550289361754
0.14664167039376164
0.3177584260871913
-0.6754493764357661
-0.9059352733988558
-0.8266310430976673
-0.2056230362873056
-0.9017224611525984
-0.9087104035150417
-0.9849404370123002
-0.8867758812927327
-0.8592071107681303
-0.08678222580152217
-0.02133272472846781
-0.653321477591014
-0.5144980922141733
-0.464813118014167
-0.7212911268589928
-0.5962917645274908
-0.9803868921788953
-0.4218701358358312
-0.7326457976947324
-0.7530135612001018
-0.8149474436612874
-0.6722012061261076
-0.9072515623767452
-0.19133876930736893
-0.5822957844187524
-0.7788598664003152
-0.3168545113678263
-0.943104260240948
-0.3792745187537707
-0.9884108742999191
-0.6807834150972473
-0.6150507535303582
-0.23641432633680604
-0.833718839451876
-0.9749084906499953
-0.4533922076462552
-0.9067701384413727
-0.6475962186979769
-0.7604346958684483
-0.30513541937031485
-0.890975096290759
-0.6187772227729782
-0.3651742290935329
-0.9731738759191462
-0.5980443071718667
-0.9861140130816876
-0.18629968180284295
-0.9454397413662231
DEGREE_RANK
-0.3076923076923077
0.8178137651821862
-0.680161943319838
-0.036437246963562764
-0.6437246963562753
0.368421052631579
-0.11740890688259109
0.49797570850202444
-0.2348178137651823
-0.03238866396761131
-0.368421052631579
-0.6396761133603239
-0.9595141700404858
-0.9271255060728745
0.3724696356275303
-0.028340080971659853
-0.1740890688259109
-0.5303643724696356
-0.6356275303643726
-0.02429149797570851
0.736842105263158
-0.7489878542510122
-0.11336032388663975
-0.17004048582995945
-0.7449392712550608
0.6153846153846154
0.6194331983805668
0.9716599190283401
0.1174089068825912
0.12145748987854232
-0.631578947368421
-0.8380566801619433
0.6234817813765183
-0.7975708502024291
0.5020242914979756
0.25506072874493935
-0.5748987854251013
0.6275303643724697
-0.8947368421052632
0.2591093117408907
-0.30364372469635637
0.37651821862348167
0.26315789473684204
-0.2995951417004049
-0.29554655870445345
-0.6275303643724697
-0.4251012145748989
0.8218623481781375
-0.23076923076923084
-0.7935222672064777
-0.8340080971659919
0.1255060728744939
0.38056680161943324
0.631578947368421
0.2672064777327934
-0.10931174089068829
0.6356275303643726
-0.5708502024291497
-0.8906882591093117
0.6396761133603237
-0.16599190283400822
-0.5668016194331984
-0.5263157894736843
0.3846153846153846
-0.22672064777327938
-0.9230769230769231
0.7408906882591091
-0.291497975708502
-0.28744939271255054
0.7449392712550607
-0.3643724696356275
-0.8866396761133604
0.748987854251012
-0.7894736842105263
0.8259109311740891
0.38866396761133615
-0.36032388663967607
0.27125506072874495
0.5060728744939271
-0.9473684210526315
-0.020242914979757054
-0.22267206477732793
0.2753036437246963
0.12955465587044523
0.5101214574898785
-0.01619433198380571
-0.4655870445344129
-0.8825910931174089
0.1336032388663968
0.6437246963562753
-0.42105263157894746
-0.7206477732793523
0.27935222672064786
-0.16194331983805677
-0.7854251012145749
-0.012145748987854255
-0.7813765182186235
0.7530364372469636
-0.7773279352226721
-0.2834008097165992
-0.10526315789473684
0.8299595141700404
-0.3562753036437246
-0.00809716599190291
-0.5222672064777328
-0.10121457489878538
0.3927125506072875
0.2834008097165992
-0.46153846153846156
-0.004048582995951455
-0.5182186234817814
-0.21862348178137647
0.51417004048583
0.7570850202429149
0.39676113360323884
0.6477732793522266
-0.4574898785425102
-0.9190283400809717
0.8906882591093117
0.4008097165991902
0.5182186234817814
0.7611336032388665
-0.21457489878542513
-0.3522267206477733
0.894736842105263
0.13765182186234814
0.5222672064777327
-0.7408906882591093
0.5263157894736843
0.0
0.834008097165992
0.6518218623481782
0.004048582995951344
-0.7732793522267206
0.40485829959514175
-0.6234817813765182
0.8987854251012146
-0.9757085020242915
0.1417004048582997
-0.51417004048583
-0.7692307692307692
-0.9433198380566802
0.14574898785425106
0.7651821862348178
0.28744939271255077
-0.736842105263158
0.8380566801619433
0.4089068825910931
0.00809716599190291
-0.9919028340080972
0.41295546558704443
0.5303643724696356
-0.09716599190283393
-0.1578947368421053
0.9433198380566803
0.6558704453441295
-0.34817813765182193
0.1497975708502024
0.417004048582996
-0.3441295546558705
-0.09311740890688258
0.15384615384615374
-0.417004048582996
-0.5101214574898785
0.012145748987854255
0.902834008097166
-0.6194331983805669
-0.8299595141700404
0.9068825910931175
-0.7651821862348178
0.7692307692307694
0.2914979757085021
-0.5627530364372471
-0.5060728744939271
0.29554655870445345
-0.27935222672064774
-0.15384615384615385
0.7732793522267207
-0.45344129554655876
0.42105263157894735
0.1578947368421051
-0.41295546558704455
-0.21052631578947367
0.9757085020242915
-0.08906882591093124
0.6599190283400811
-0.20647773279352222
-0.5587044534412956
0.8421052631578949
0.2995951417004048
-0.8785425101214575
0.0161943319838056
0.534412955465587
0.020242914979756943
0.16194331983805665
-0.9635627530364372
0.5384615384615383
0.846153846153846
-0.6153846153846154
-0.340080971659919
0.4251012145748989
0.30364372469635614
-0.6761133603238867
-0.8744939271255061
0.42914979757085026
-0.5020242914979758
-0.9878542510121457
-0.08502024291497978
0.9919028340080971
0.165991902834008
-0.3360323886639677
-0.611336032388664
-0.4089068825910931
0.8502024291497976
-0.8704453441295547
0.5425101214574899
-0.8663967611336032
-0.8259109311740891
0.02429149797570851
0.6639676113360324
0.3076923076923077
-0.40485829959514175
0.31174089068825905
-0.4008097165991903
0.4331983805668016
0.6680161943319838
0.6720647773279351
-0.20242914979757087
-0.08097165991902833
-0.1497975708502024
0.854251012145749
-0.49797570850202433
0.9109311740890689
-0.6720647773279352
0.17004048582995956
-0.6680161943319838
-0.07692307692307698
-0.8218623481781376
0.5465587044534412
0.5506072874493928
-0.07287449392712553
0.3157894736842106
-0.4493927125506073
0.43724696356275294
0.1740890688259109
-0.6072874493927125
-0.14574898785425106
0.9838056680161942
0.028340080971659853
-0.2753036437246964
-0.8623481781376519
0.31983805668016196
0.03238866396761142
-0.19838056680161953
0.4412955465587045
0.17813765182186247
-0.7165991902834008
0.7773279352226721
-0.27125506072874495
0.6761133603238865
-0.7125506072874495
-0.8582995951417004
-0.1417004048582996
-0.6639676113360324
0.32388663967611353
0.8582995951417003
0.9473684210526316
0.44534412955465585
0.680161943319838
0.036437246963562764
0.04048582995951411
0.32793522267206465
0.951417004048583
0.044534412955465674
0.6842105263157894
-0.3319838056680162
0.5546558704453441
0.8623481781376519
0.18218623481781382
-0.2672064777327936
0.4493927125506072
0.7813765182186234
-0.19433198380566807
-0.708502024291498
-0.7044534412955465
-0.6032388663967612
-0.7004048582995952
-0.493927125506073
-0.9149797570850202
-0.26315789473684215
-0.659919028340081
-0.2591093117408907
-0.8178137651821862
-0.13765182186234814
0.18623481781376516
0.45344129554655876
0.04858299595141702
0.1902834008097165
0.7854251012145748
-0.854251012145749
-0.25506072874493924
-0.39676113360323884
0.8663967611336032
-0.1336032388663967
0.9878542510121457
-0.5546558704453441
0.5587044534412955
-0.3927125506072874
-0.06882591093117407
0.19433198380566785
-0.2510121457489879
-0.44534412955465585
0.9149797570850202
0.9190283400809716
0.688259109311741
-0.06477732793522262
0.5627530364372471
-0.32793522267206476
0.4574898785425101
0.19838056680161942
-0.6963562753036437
0.20242914979757076
0.3319838056680162
0.33603238866396756
0.6923076923076923
0.9230769230769231
0.7894736842105263
0.20647773279352233
0.7935222672064777
-0.97165991902834
0.7975708502024292
-0.38866396761133615
-0.3846153846153847
-0.6558704453441295
0.3400809716599189
-0.12955465587044546
0.05263157894736836
-0.9676113360323887
0.21052631578947367
0.6963562753036439
-0.125506072874494
-0.8137651821862348
-0.9554655870445344
-0.38056680161943324
-0.951417004048583
-0.9959514170040485
0.05668016194331971
0.9797570850202431
0.3441295546558705
0.3481781376518218
-0.9109311740890689
-0.48987854251012153
0.7004048582995952
-0.19028340080971662
-0.24696356275303644
-0.06072874493927127
0.5668016194331984
-0.4412955465587045
0.4615384615384617
0.7044534412955465
0.06072874493927127
0.06477732793522262
0.9271255060728745
-0.6923076923076923
0.9311740890688258
0.5708502024291497
-0.05668016194331982
-0.9068825910931174
-0.4858299595141701
-0.7327935222672064
-0.5991902834008098
0.4655870445344128
0.8704453441295548
0.21457489878542524
-0.902834008097166
-0.24291497975708498
-0.5951417004048583
0.06882591093117418
0.9554655870445343
-0.23886639676113364
0.8744939271255061
0.21862348178137658
0.2226720647773277
0.5748987854251011
0.5789473684210527
-0.43724696356275305
-0.4817813765182186
0.07287449392712553
-0.3238866396761133
-0.5506072874493927
0.7085020242914979
0.8016194331983806
-0.5465587044534412
0.07692307692307687
-0.8502024291497976
0.582995951417004
-0.3765182186234818
0.8056680161943321
0.5870445344129556
0.3522267206477734
0.46963562753036436
-0.7611336032388664
0.08097165991902844
-0.31983805668016196
0.35627530364372473
-0.5910931174089069
0.22672064777327927
0.8785425101214577
0.4736842105263157
-0.9838056680161943
0.5910931174089069
0.8097165991902835
0.7125506072874492
0.08502024291497956
-0.7570850202429149
0.7165991902834008
-0.8987854251012146
0.08906882591093113
-0.4331983805668016
-0.688259109311741
0.8137651821862348
0.7206477732793521
-0.9352226720647774
-0.728744939271255
0.09311740890688247
-0.12145748987854255
0.4777327935222673
-1.0
-0.6842105263157895
-0.9392712550607287
-0.3157894736842105
-0.7530364372469636
-0.6518218623481782
0.9959514170040487
-0.8097165991902834
-0.42914979757085014
0.4817813765182186
0.23076923076923062
0.7246963562753037
-0.37246963562753044
-0.7246963562753037
0.9595141700404859
0.23481781376518218
0.09716599190283404
1.0
0.9352226720647774
0.8825910931174088
0.23886639676113353
-0.052631578947368474
-0.5425101214574899
-0.04858299595141702
-0.5870445344129555
-0.5829959514170041
-0.9311740890688259
-0.5384615384615385
-0.31174089068825916
0.9635627530364372
0.5951417004048583
0.3603238866396763
0.10121457489878538
-0.18623481781376516
0.48582995951416996
0.728744939271255
-0.8461538461538461
0.3643724696356274
0.7327935222672066
-0.18218623481781382
-0.47773279352226716
0.10526315789473695
-0.534412955465587
0.2429149797570851
0.5991902834008098
-0.17813765182186236
0.9676113360323886
-0.8056680161943319
0.48987854251012153
-0.8421052631578947
0.6032388663967609
0.10931174089068829
-0.044534412955465674
0.4939271255060729
-0.6477732793522267
-0.04048582995951422
-0.4736842105263158
0.6072874493927125
0.6113360323886639
0.9392712550607287
-0.46963562753036436
0.24696356275303644
0.251012145748988
-0.8016194331983806
0.8866396761133604
-0.979757085020243
0.11336032388663964
-0.5789473684210527
EIGENVECTOR_RANK
-0.32793522267206476
0.9878542510121457
-0.4655870445344129
0.6234817813765183
-0.7692307692307692
0.8016194331983806
-0.07692307692307698
0.846153846153846
-0.09716599190283393
0.4412955465587045
-0.4331983805668016
-0.8906882591093117
-0.6842105263157895
-0.9190283400809717
0.165991902834008
0.5020242914979756
-0.5060728744939271
-0.19433198380566807
-0.5789473684210527
0.5303643724696356
0.06477732793522262
-0.8825910931174089
-0.5748987854251013
0.004048582995951344
-0.2753036437246964
0.8704453441295548
0.16194331983805665
0.8582995951417003
0.03238866396761142
0.3157894736842106
-0.659919028340081
-0.708502024291498
0.48582995951416996
-0.5101214574898785
-0.30364372469635637
0.3724696356275303
-0.7246963562753037
0.05263157894736836
-0.6518218623481782
-0.6356275303643726
-0.6234817813765182
0.4615384615384617
0.3603238866396763
-0.39676113360323884
-0.6032388663967612
-0.4858299595141701
0.0161943319838056
0.8299595141700404
-0.680161943319838
-0.7004048582995952
-0.9068825910931174
0.5627530364372471
0.854251012145749
0.7611336032388665
0.12955465587044523
-0.02429149797570851
0.6032388663967609
-0.20647773279352222
-0.7327935222672064
0.7530364372469636
0.4089068825910931
-0.8056680161943319
-0.736842105263158
0.6923076923076923
-0.7206477732793523
-0.9676113360323887
0.951417004048583
-0.34817813765182193
-0.7773279352226721
-0.20242914979757087
-0.48987854251012153
-0.5910931174089069
0.5708502024291497
-0.9271255060728745
0.8663967611336032
0.37651821862348167
-0.5627530364372471
-0.6153846153846154
0.7449392712550607
-0.3846153846153847
0.05668016194331971
-0.6396761133603239
0.2672064777327934
0.251012145748988
0.5870445344129556
0.22672064777327927
-0.04048582995951422
-0.9554655870445344
0.11336032388663964
0.7732793522267207
-0.7854251012145749
-0.4412955465587045
0.6396761133603237
0.42105263157894735
-0.8947368421052632
0.45344129554655876
-0.47773279352226716
0.9757085020242915
-0.6072874493927125
-0.125506072874494
0.02429149797570851
0.38866396761133615
-0.7975708502024291
-0.08906882591093124
-0.5384615384615385
-0.49797570850202433
0.7125506072874492
0.20647773279352233
-0.6194331983805669
-0.11336032388663975
-0.22267206477732793
-0.4817813765182186
-0.2591093117408907
0.9352226720647774
0.8178137651821862
0.7570850202429149
-0.493927125506073
-0.9149797570850202
0.7651821862348178
0.6680161943319838
0.5182186234817814
0.9676113360323886
-0.18623481781376516
-0.19838056680161953
0.8502024291497976
0.1902834008097165
0.2914979757085021
-0.01619433198380571
0.5060728744939271
-0.3157894736842105
0.46963562753036436
0.49797570850202444
0.1417004048582997
-0.8016194331983806
0.21457489878542524
-0.19028340080971662
-0.03238866396761131
-0.9878542510121457
-0.12145748987854255
-0.8259109311740891
-0.8663967611336032
-0.9473684210526315
0.31983805668016196
-0.2348178137651823
0.06072874493927127
-0.8785425101214575
0.2429149797570851
0.29554655870445345
0.44534412955465585
-0.8744939271255061
0.6720647773279351
0.3846153846153846
-0.00809716599190291
-0.5708502024291497
0.8785425101214577
0.26315789473684204
-0.8299595141700404
0.17004048582995956
0.4939271255060729
-0.5951417004048583
0.5263157894736843
0.51417004048583
-0.4736842105263158
-0.611336032388664
-0.10526315789473684
0.8218623481781375
-0.6761133603238867
-0.46153846153846156
0.5951417004048583
-0.7651821862348178
0.9797570850202431
0.7004048582995952
-0.16194331983805677
-0.6437246963562753
0.04858299595141702
0.21052631578947367
-0.05668016194331982
0.9716599190283401
-0.23076923076923084
0.8380566801619433
0.19433198380566785
-0.5991902834008098
0.15384615384615374
0.9919028340080971
-0.31983805668016196
0.8866396761133604
-0.7044534412955465
-0.8623481781376519
-0.020242914979757054
0.4493927125506072
-0.7125506072874495
0.5425101214574899
-0.29554655870445345
0.3522267206477734
0.4817813765182186
-0.9838056680161943
-0.3562753036437246
0.8259109311740891
-0.902834008097166
-0.40485829959514175
0.9271255060728745
0.19838056680161942
-0.8502024291497976
-0.5506072874493927
0.4251012145748989
-0.8137651821862348
-0.8461538461538461
0.41295546558704443
0.9433198380566803
-0.08502024291497978
-0.3927125506072874
-0.3319838056680162
-0.6923076923076923
0.7692307692307694
-0.7449392712550608
0.6599190283400811
-0.9392712550607287
-0.9311740890688259
-0.3238866396761133
0.8825910931174088
0.5789473684210527
-0.46963562753036436
-0.004048582995951455
0.0
0.38056680161943324
0.748987854251012
0.368421052631579
-0.2510121457489879
0.2591093117408907
0.35627530364372473
0.6842105263157894
-0.16599190283400822
0.680161943319838
-0.7165991902834008
-0.42105263157894746
-0.15384615384615385
0.43724696356275294
-0.036437246963562764
0.3400809716599189
-0.25506072874493924
-0.5263157894736843
0.8097165991902835
-0.534412955465587
0.688259109311741
0.6113360323886639
-0.6963562753036437
0.13765182186234814
0.5465587044534412
0.3319838056680162
-0.6477732793522267
-0.9433198380566802
0.1740890688259109
0.5384615384615383
-0.3643724696356275
0.8421052631578949
0.6558704453441295
-0.2672064777327936
-0.3522267206477733
-0.7530364372469636
0.9635627530364372
-0.8704453441295547
-0.9635627530364372
0.020242914979756943
-0.13765182186234814
0.5506072874493928
-0.06072874493927127
0.7327935222672066
0.8744939271255061
0.4777327935222673
-0.1417004048582996
-0.3441295546558705
0.3076923076923077
0.9190283400809716
-0.6558704453441295
-0.38056680161943324
-0.36032388663967607
0.728744939271255
0.6518218623481782
-0.10931174089068829
-0.21052631578947367
0.2834008097165992
0.7408906882591091
-0.08097165991902833
-0.9109311740890689
-0.8987854251012146
-0.6680161943319838
-0.854251012145749
-0.4493927125506073
-0.26315789473684215
0.09716599190283404
-0.27125506072874495
-0.5303643724696356
-0.14574898785425106
-0.5546558704453441
0.012145748987854255
0.3481781376518218
0.40485829959514175
0.24696356275303644
0.10931174089068829
-0.3360323886639677
-0.8218623481781376
-0.7894736842105263
0.2753036437246963
0.3643724696356274
0.9959514170040487
-0.7611336032388664
0.5991902834008098
-0.1497975708502024
0.27125506072874495
0.5748987854251011
-0.31174089068825916
-0.22672064777327938
0.5546558704453441
-0.17813765182186236
0.1336032388663968
-0.3765182186234818
0.7975708502024292
-0.5222672064777328
0.8623481781376519
-0.052631578947368474
-0.10121457489878538
0.28744939271255077
-0.1740890688259109
0.4655870445344128
0.42914979757085026
0.7935222672064777
0.3441295546558705
0.7773279352226721
0.894736842105263
-0.9919028340080972
0.9068825910931175
0.18623481781376516
-0.5182186234817814
-0.8097165991902834
-0.38866396761133615
-0.07287449392712553
0.10526315789473695
-0.6275303643724697
-0.291497975708502
0.9554655870445343
-0.3076923076923077
-0.5829959514170041
-0.979757085020243
0.18218623481781382
-0.97165991902834
-1.0
0.1174089068825912
0.9149797570850202
0.21862348178137658
-0.11740890688259109
-0.368421052631579
-0.2995951417004049
0.6194331983805668
0.2995951417004048
0.08906882591093113
0.1497975708502024
-0.18218623481781382
-0.5668016194331984
0.534412955465587
0.1578947368421051
0.07692307692307687
0.4331983805668016
0.8137651821862348
-0.5020242914979758
0.834008097165992
0.902834008097166
0.14574898785425106
-0.09311740890688258
-0.8380566801619433
-0.7813765182186235
-0.8340080971659919
0.23481781376518218
-0.044534412955465674
0.30364372469635614
-0.9757085020242915
0.25506072874493935
-0.6720647773279352
0.27935222672064786
0.9392712550607287
-0.631578947368421
0.7813765182186234
0.7206477732793521
0.036437246963562764
0.9109311740890689
-0.340080971659919
-0.012145748987854255
-0.728744939271255
0.6639676113360324
-0.51417004048583
-0.06882591093117407
0.9230769230769231
-0.21862348178137647
-0.1578947368421053
-0.04858299595141702
-0.9595141700404858
0.5101214574898785
-0.7935222672064777
0.9311740890688258
-0.1336032388663967
0.08502024291497956
0.7165991902834008
-0.9230769230769231
-0.12955465587044546
-0.6639676113360324
-0.28744939271255054
0.12145748987854232
0.2226720647773277
0.631578947368421
0.1255060728744939
-0.9959514170040485
0.7894736842105263
0.6761133603238865
0.417004048582996
0.6477732793522266
-0.24696356275303644
0.6356275303643726
-0.37246963562753044
0.20242914979757076
0.23076923076923062
-0.45344129554655876
0.6437246963562753
0.7854251012145748
-0.9352226720647774
-0.7489878542510122
-0.06477732793522262
0.04048582995951411
0.582995951417004
-0.951417004048583
-0.8178137651821862
-0.4008097165991903
0.32793522267206465
-0.44534412955465585
-0.8421052631578947
0.7044534412955465
-0.7570850202429149
-0.8582995951417004
0.6153846153846154
0.5668016194331984
0.7246963562753037
-0.41295546558704455
-0.4574898785425102
0.8987854251012146
-0.27935222672064774
-0.5587044534412956
1.0
0.5222672064777327
0.9473684210526316
0.044534412955465674
0.3927125506072875
0.08097165991902844
0.17813765182186247
0.028340080971659853
-0.43724696356275305
-0.5465587044534412
-0.417004048582996
0.06882591093117418
0.8906882591093117
0.31174089068825905
0.33603238866396756
0.07287449392712553
0.09311740890688247
0.6275303643724697
0.5910931174089069
-0.42914979757085014
0.8056680161943321
0.9595141700404859
-0.4251012145748989
-0.17004048582995945
0.6963562753036439
-0.24291497975708498
0.7085020242914979
0.4736842105263157
-0.5870445344129555
0.5587044534412955
-0.028340080971659853
0.4008097165991902
-0.7408906882591093
-0.23886639676113364
-0.4089068825910931
0.4574898785425101
0.48987854251012153
-0.688259109311741
-0.21457489878542513
0.00809716599190291
0.32388663967611353
0.6072874493927125
0.9838056680161942
-0.5425101214574899
0.10121457489878538
0.39676113360323884
-0.2834008097165992
0.736842105263158
-0.7732793522267206
0.23886639676113353
-0.8866396761133604
CENT_RANK
0.21052631578947367
0.35627530364372473
0.1255060728744939
0.8178137651821862
-0.24696356275303644
0.4331983805668016
0.05668016194331971
0.8259109311740891
-0.3846153846153847
-0.6720647773279352
-0.6356275303643726
-0.5465587044534412
-0.8461538461538461
-0.97165991902834
0.06882591093117418
0.8704453441295548
-0.3441295546558705
-0.23886639676113364
-0.3765182186234818
0.6963562753036439
0.49797570850202444
-0.8582995951417004
-0.2672064777327936
-0.12955465587044546
-0.8785425101214575
0.9878542510121457
0.6639676113360324
-0.07692307692307698
-0.26315789473684215
-0.09311740890688258
-0.3643724696356275
-0.4574898785425102
0.4939271255060729
-0.47773279352226716
0.8623481781376519
0.23076923076923062
-0.31983805668016196
0.3481781376518218
-0.5182186234817814
0.03238866396761142
-0.32793522267206476
0.6113360323886639
0.30364372469635614
0.16194331983805665
0.09716599190283404
-0.5384615384615385
-0.22672064777327938
0.09311740890688247
0.4777327935222673
-0.7651821862348178
-0.8947368421052632
0.2429149797570851
0.368421052631579
0.5789473684210527
0.17813765182186247
-0.20242914979757087
0.3724696356275303
-0.4858299595141701
-0.8137651821862348
-0.19838056680161953
-0.6234817813765182
-0.728744939271255
-0.7449392712550608
0.43724696356275294
0.0161943319838056
-0.8744939271255061
0.5748987854251011
0.20242914979757076
-0.2834008097165992
0.251012145748988
-0.6072874493927125
-0.7894736842105263
0.5506072874493928
-0.9109311740890689
0.3603238866396763
0.4089068825910931
-0.51417004048583
0.15384615384615374
0.7732793522267207
-0.8987854251012146
0.23886639676113353
-0.48987854251012153
0.2753036437246963
0.37651821862348167
0.012145748987854255
0.42914979757085026
-0.42105263157894746
-0.9311740890688259
0.48582995951416996
0.9635627530364372
-0.5991902834008098
-0.6518218623481782
0.9311740890688258
-0.34817813765182193
-0.5587044534412956
-0.1336032388663967
-0.7004048582995952
0.25506072874493935
-0.3076923076923077
-0.17813765182186236
-0.17004048582995945
0.7044534412955465
-0.4008097165991903
0.6599190283400811
-0.24291497975708498
0.07287449392712553
0.9433198380566803
0.08906882591093113
-0.7489878542510122
0.05263157894736836
-0.08502024291497978
-0.5789473684210527
0.40485829959514175
0.41295546558704443
0.2995951417004048
0.7935222672064777
-0.7408906882591093
-0.9433198380566802
0.8866396761133604
-0.036437246963562764
0.044534412955465674
0.5384615384615383
0.8663967611336032
0.51417004048583
0.31983805668016196
0.8744939271255061
0.5263157894736843
-0.8097165991902834
-0.21862348178137647
0.06072874493927127
0.5991902834008098
0.3927125506072875
0.4655870445344128
-0.2510121457489879
-0.10526315789473684
-0.659919028340081
0.894736842105263
-0.9595141700404858
0.5303643724696356
-0.7125506072874495
-0.9554655870445344
-0.9838056680161943
0.9838056680161942
0.1417004048582997
0.4817813765182186
-0.8663967611336032
0.5627530364372471
0.2672064777327934
0.534412955465587
-0.951417004048583
-0.03238866396761131
1.0
-0.06072874493927127
-0.18218623481781382
0.165991902834008
0.28744939271255077
-0.23076923076923084
0.6437246963562753
-0.36032388663967607
-0.6032388663967612
0.9271255060728745
-0.04858299595141702
-0.43724696356275305
-0.38056680161943324
0.7692307692307694
0.5425101214574899
-0.7206477732793523
-0.6396761133603239
0.680161943319838
-0.8340080971659919
0.7206477732793521
0.9757085020242915
-0.4251012145748989
-0.7530364372469636
0.1174089068825912
-0.3927125506072874
0.4736842105263157
0.7530364372469636
-0.291497975708502
0.7327935222672066
0.5182186234817814
-0.6477732793522267
0.20647773279352233
0.6558704453441295
0.3076923076923077
0.902834008097166
0.2914979757085021
-0.6558704453441295
0.5101214574898785
0.6923076923076923
-0.9352226720647774
0.38056680161943324
0.3643724696356274
-0.368421052631579
0.9352226720647774
-0.979757085020243
0.26315789473684204
0.7813765182186234
-0.4736842105263158
-0.028340080971659853
0.8218623481781375
0.582995951417004
-0.8421052631578947
-0.44534412955465585
0.9959514170040487
-0.6275303643724697
-0.9473684210526315
0.4412955465587045
0.6518218623481782
0.8097165991902835
-0.125506072874494
-0.417004048582996
-0.2995951417004049
-0.2753036437246964
-0.9190283400809717
0.06477732793522262
-0.854251012145749
-0.9230769230769231
-0.46153846153846156
0.4493927125506072
-0.00809716599190291
0.08097165991902844
0.8016194331983806
-0.5708502024291497
-0.2591093117408907
-0.19433198380566807
0.23481781376518218
-0.493927125506073
-0.30364372469635637
-0.29554655870445345
0.417004048582996
-0.708502024291498
0.7004048582995952
-0.7044534412955465
0.10931174089068829
-0.5020242914979758
0.33603238866396756
-0.9392712550607287
0.6720647773279351
-0.08906882591093124
-0.04048582995951422
0.728744939271255
-0.688259109311741
0.08502024291497956
0.9230769230769231
-0.5668016194331984
0.6477732793522266
0.44534412955465585
0.12145748987854232
0.04048582995951411
-0.7692307692307692
0.9676113360323886
0.3846153846153846
0.27125506072874495
0.18218623481781382
0.1578947368421051
-0.8178137651821862
0.854251012145749
-0.11336032388663975
0.32388663967611353
-0.8218623481781376
-0.8623481781376519
-0.38866396761133615
-0.3522267206477733
0.036437246963562764
0.6842105263157894
0.9392712550607287
0.2591093117408907
0.17004048582995956
0.6032388663967609
-0.27935222672064774
0.8299595141700404
-0.06882591093117407
0.11336032388663964
0.19433198380566785
0.27935222672064786
0.3522267206477734
0.6234817813765183
0.5910931174089069
0.3400809716599189
0.7975708502024292
-0.15384615384615385
0.29554655870445345
-0.611336032388664
-0.6437246963562753
-0.8056680161943319
-0.6680161943319838
-0.6761133603238867
-0.8704453441295547
0.12955465587044523
-0.27125506072874495
-0.534412955465587
-0.6194331983805669
-0.14574898785425106
0.2226720647773277
0.8785425101214577
0.8421052631578949
0.31174089068825905
0.8137651821862348
-0.5303643724696356
-0.16194331983805677
-0.5951417004048583
0.4251012145748989
0.7611336032388665
0.846153846153846
-0.10121457489878538
-0.4331983805668016
-0.4493927125506073
0.028340080971659853
0.10121457489878538
-0.3157894736842105
-0.28744939271255054
0.5546558704453441
0.951417004048583
0.748987854251012
-0.02429149797570851
-0.18623481781376516
-0.3319838056680162
0.7408906882591091
0.38866396761133615
-0.07287449392712553
-0.09716599190283393
-0.004048582995951455
-0.044534412955465674
0.9797570850202431
0.9554655870445343
0.6153846153846154
0.22672064777327927
0.9595141700404859
-0.9878542510121457
0.3319838056680162
-0.46963562753036436
-0.052631578947368474
-0.7854251012145749
-0.11740890688259109
0.6680161943319838
0.4008097165991902
-0.8380566801619433
0.5708502024291497
-0.1417004048582996
-0.08097165991902833
-0.6923076923076923
-0.9676113360323887
-0.4655870445344129
-0.9757085020242915
-1.0
0.24696356275303644
0.13765182186234814
0.8380566801619433
0.7449392712550607
-0.7935222672064777
-0.39676113360323884
0.7125506072874492
-0.16599190283400822
-0.41295546558704455
-0.3360323886639677
-0.01619433198380571
-0.7773279352226721
0.5020242914979756
0.8906882591093117
0.5587044534412955
-0.1497975708502024
-0.2348178137651823
-0.5910931174089069
0.9716599190283401
0.9190283400809716
0.5870445344129556
-0.8259109311740891
-0.7732793522267206
-0.7570850202429149
-0.736842105263158
0.8825910931174088
0.736842105263158
0.7085020242914979
-0.8866396761133604
-0.3238866396761133
-0.7165991902834008
0.7570850202429149
0.48987854251012153
-0.40485829959514175
-0.12145748987854255
0.834008097165992
0.5222672064777327
0.7165991902834008
0.10526315789473695
-0.49797570850202433
-0.7975708502024291
0.6761133603238865
-0.37246963562753044
-0.012145748987854255
0.4615384615384617
0.7854251012145748
-0.5506072874493927
0.8987854251012146
-0.9271255060728745
-0.21457489878542513
-0.25506072874493924
0.6356275303643726
0.1497975708502024
0.6194331983805668
0.3441295546558705
-0.9068825910931174
0.6396761133603237
-0.21052631578947367
0.4574898785425101
-0.7611336032388664
0.5951417004048583
0.1740890688259109
0.020242914979756943
-0.9919028340080972
0.9919028340080971
0.9109311740890689
0.8056680161943321
0.19838056680161942
-0.631578947368421
0.02429149797570851
-0.6963562753036437
-0.06477732793522262
-0.680161943319838
-0.4817813765182186
-0.1578947368421053
0.32793522267206465
-0.9635627530364372
-0.7813765182186235
0.688259109311741
-0.05668016194331982
-0.5060728744939271
-0.9959514170040485
-0.45344129554655876
-0.8016194331983806
-0.5263157894736843
-0.5425101214574899
-0.6153846153846154
0.631578947368421
-0.6842105263157895
-0.4089068825910931
0.2834008097165992
0.46963562753036436
0.00809716599190291
-0.42914979757085014
-0.6639676113360324
0.21862348178137658
0.5060728744939271
-0.20647773279352222
0.9149797570850202
0.9068825910931175
0.9473684210526316
0.0
-0.5627530364372471
-0.340080971659919
0.7651821862348178
-0.5546558704453441
-0.5870445344129555
-0.8906882591093117
-0.5101214574898785
-0.4412955465587045
0.8502024291497976
0.8582995951417003
0.04858299595141702
0.3157894736842106
0.39676113360323884
-0.10931174089068829
0.1902834008097165
-0.8825910931174089
0.45344129554655876
-0.13765182186234814
-0.1740890688259109
-0.31174089068825916
0.004048582995951344
-0.5829959514170041
0.7773279352226721
0.21457489878542524
-0.22267206477732793
0.6072874493927125
-0.7246963562753037
0.5465587044534412
-0.9149797570850202
-0.020242914979757054
0.14574898785425106
0.7246963562753037
-0.3562753036437246
-0.8502024291497976
0.42105263157894735
-0.5748987854251013
0.07692307692307687
-0.19028340080971662
0.6275303643724697
-0.5222672064777328
0.1336032388663968
0.5668016194331984
-0.8299595141700404
0.18623481781376516
-0.902834008097166
0.7894736842105263
-0.7327935222672064
RANK
345
427
409
329
141
195
344
13
342
422
137
140
149
206
117
237
190
87
394
217
214
476
73
401
492
79
50
453
374
463
24
65
288
145
261
21
216
481
12
202
337
169
490
367
260
256
58
127
285
429
386
350
71
333
423
357
368
250
49
405
369
173
108
62
116
370
494
61
474
166
376
139
231
233
96
416
341
242
434
418
287
9
286
440
135
187
91
181
284
167
10
414
205
60
292
432
283
70
159
90
301
363
452
469
111
483
223
245
448
94
451
392
11
431
45
291
299
430
487
38
76
454
426
235
385
227
81
57
419
33
198
331
343
218
31
428
307
203
455
162
306
439
172
86
211
354
435
379
102
351
175
262
8
163
18
388
193
30
158
480
263
93
16
449
355
317
40
375
36
310
467
98
228
212
229
178
311
68
270
213
290
22
28
224
396
133
4
104
17
362
156
46
472
128
395
403
443
55
59
225
485
316
153
99
466
100
353
300
420
281
361
293
339
465
95
23
210
380
334
258
461
134
305
321
29
239
110
340
27
320
272
417
152
425
332
161
323
240
119
150
199
315
477
356
389
220
322
447
468
438
84
64
408
415
308
39
264
249
120
458
109
6
129
215
14
105
484
221
243
107
47
44
309
384
234
273
174
248
2
289
488
347
143
478
398
77
255
43
154
268
407
54
254
491
462
274
413
67
182
0
471
441
294
327
35
226
80
51
346
69
97
267
196
147
253
82
275
436
155
186
282
114
42
184
297
459
124
259
421
330
236
279
400
37
276
1
74
192
52
56
83
191
252
319
131
460
336
112
75
113
230
482
302
85
5
63
207
247
219
464
404
390
132
437
176
48
144
88
378
32
20
358
442
188
123
180
382
126
138
148
121
165
475
72
312
360
146
489
338
66
53
201
366
278
406
130
269
473
41
326
399
277
486
433
397
402
157
246
208
183
103
26
335
238
387
168
265
424
189
19
232
101
373
352
383
170
479
241
179
372
318
349
314
177
377
303
450
164
78
470
197
391
493
115
280
222
412
209
298
3
200
7
271
381
348
296
304
456
257
457
34
122
15
125
295
371
118
359
136
393
185
445
411
444
365
244
160
92
194
266
106
446
313
325
328
89
251
364
171
324
142
25
410
204
151
