DEGREE
-0.30000000000000004
0.6000000000000001
-0.19999999999999996
0.19999999999999996
0.5
0.19999999999999996
-0.09999999999999998
-0.6
0.10000000000000009
-0.19999999999999996
0.0
0.5
-0.6
0.30000000000000004
-0.30000000000000004
0.10000000000000009
0.0
-0.30000000000000004
-0.4
-0.5
0.10000000000000009
-0.6
-1.0
-0.5
0.7
0.8
0.10000000000000009
-0.19999999999999996
0.0
-0.09999999999999998
0.19999999999999996
0.19999999999999996
-0.09999999999999998
-0.4
0.6000000000000001
0.6000000000000001
-0.6
1.0
0.3999999999999999
-0.09999999999999998
-0.09999999999999998
-0.5
0.5
0.30000000000000004
-0.6
-0.7
-0.30000000000000004
0.0
-0.9
0.30000000000000004
0.0
0.5
0.10000000000000009
0.5
0.30000000000000004
0.0
0.5
-0.30000000000000004
0.5
-0.5
-0.19999999999999996
-0.6
0.3999999999999999
-0.5
-0.09999999999999998
-0.30000000000000004
0.10000000000000009
-0.6
-0.7
-0.19999999999999996
-0.30000000000000004
-0.30000000000000004
0.19999999999999996
-0.19999999999999996
0.6000000000000001
-0.6
-0.5
0.30000000000000004
-0.09999999999999998
-0.6
0.10000000000000009
0.10000000000000009
-0.6
-0.30000000000000004
0.7
0.7
0.30000000000000004
-0.30000000000000004
-0.4
0.30000000000000004
-0.09999999999999998
0.8999999999999999
-0.5
-0.5
0.0
0.6000000000000001
-0.09999999999999998
-0.30000000000000004
-0.4
0.10000000000000009
0.6000000000000001
0.10000000000000009
-0.7
0.7
-0.4
0.0
0.0
0.5
-0.30000000000000004
-0.9
0.10000000000000009
0.10000000000000009
-0.30000000000000004
-0.30000000000000004
0.19999999999999996
0.10000000000000009
-0.4
0.5
-0.4
-0.09999999999999998
0.10000000000000009
-0.5
0.6000000000000001
-0.7
0.0
0.0
0.30000000000000004
-0.19999999999999996
-0.7
0.3999999999999999
0.30000000000000004
-0.6
-0.5
0.8
0.30000000000000004
-0.4
-0.19999999999999996
0.5
1.0
-0.19999999999999996
0.0
-0.30000000000000004
-0.8
0.3999999999999999
-0.5
-0.30000000000000004
-0.09999999999999998
0.30000000000000004
-0.5
-0.7
-0.19999999999999996
-0.09999999999999998
0.5
0.0
-0.30000000000000004
0.3999999999999999
0.30000000000000004
0.0
0.10000000000000009
0.19999999999999996
0.10000000000000009
-0.5
-0.19999999999999996
0.8
0.8
-0.7
-0.30000000000000004
0.19999999999999996
0.0
0.10000000000000009
0.10000000000000009
0.19999999999999996
-0.6
0.0
0.0
-0.4
-0.30000000000000004
-0.09999999999999998
0.0
-0.19999999999999996
0.3999999999999999
-0.30000000000000004
-0.30000000000000004
0.6000000000000001
0.8
0.10000000000000009
-0.09999999999999998
1.0
0.3999999999999999
-0.30000000000000004
-0.4
0.8
0.19999999999999996
0.6000000000000001
-0.09999999999999998
-0.30000000000000004
0.3999999999999999
0.5
0.10000000000000009
0.5
0.19999999999999996
-0.30000000000000004
0.5
-0.19999999999999996
-0.09999999999999998
0.19999999999999996
0.5
-0.6
-0.4
-0.30000000000000004
0.3999999999999999
-0.5
0.30000000000000004
-0.09999999999999998
-0.4
1.0
-0.09999999999999998
-0.6
0.19999999999999996
0.0
0.19999999999999996
-0.09999999999999998
-0.19999999999999996
-0.7
-0.19999999999999996
0.5
0.30000000000000004
0.0
0.0
0.0
0.19999999999999996
-0.09999999999999998
EIGENVECTOR
-0.9971933080383854
0.5664416321300589
-0.8973564197369267
-0.1510612683273641
0.4027833639441545
-0.38177269480138887
-0.924271426215145
-0.9990865477199152
-0.4737391524942026
-0.9099629319834851
-0.6834272334028024
-0.8344158004787225
-0.9987495774231994
-0.7848938057099413
-0.9971933080383854
-0.4739067593410371
-0.8870266623438401
-0.9826790145137997
-0.9936731864039344
-0.8467960569330286
-0.6881857621327407
-0.9608857626128885
-0.999806633317341
-0.995183533906463
0.5912311233638128
-0.025841208643507585
-0.8498978520519754
-0.9898765097229086
-0.46852984147363164
-0.0475458422662417
-0.8918006451951122
-0.7807683581769728
-0.9256112090331371
-0.4678312633605004
-0.07815414760442341
0.6673360329069409
-0.8894557942185833
0.1915900006058473
0.3458285889171202
-0.9746138858276497
-0.301727281233527
-0.9973274625299924
-0.9688748276246159
-0.886704096090603
-0.9616106418466631
-0.9989927526258242
-0.9315469564697791
-0.9854004356465415
-0.9971380522643132
0.10525869482238992
-0.043065645871660285
-0.08079975849403598
-0.9516058038533868
-0.3467596697886113
-0.9550622225495755
-0.9854004356465413
-0.08079975849403542
-0.9733481153790297
-0.15969068975727274
-0.9837676021666131
-0.9704261036334496
-0.9501789772532934
-0.6465812745499602
-0.9997981925661167
-0.9288939650187004
-0.9971933080383852
-0.8081733258015197
-0.956341376993067
-0.9107915920291764
-0.8821919837618291
-0.9986027291724737
-0.9371167741253089
-0.2218955777600996
-0.28179148041174085
-0.07815414760442307
-0.9956829940597383
-0.9654122022395372
0.36994642929848087
-0.916597991367898
-0.9567210177511072
-0.8026484030784691
-0.9185822997649843
-0.945972831269732
-0.9938122202381219
0.0009165477289176938
0.021100851726299386
0.38373383397233973
-0.9450630075236433
-0.8962211800770412
-0.6140682258439704
-0.29070744110570657
-0.002218908588978108
-0.9966949723126767
-0.7820447835872385
-0.4476363315623817
-0.055192434961731984
-0.9316354448167792
-0.9917415174177807
-0.9331928362536824
-0.9803892130022499
-0.4293174340922956
-0.4015467617869266
-0.9994813850726066
-0.3135843022718542
-0.9985825598348006
-0.7860999051038142
-0.9854004356465413
-0.36174463741285756
-0.5681094202417696
-1.0
-0.49089793033190277
-0.17702804415308604
-0.9518733648319153
-0.9555155276559482
0.21029830198137622
-0.5199817953612638
-0.8879881369107772
0.44982443937149097
-0.9901455577673222
-0.3017272812335271
-0.877701039332678
-0.9866213816185598
0.04679015159907762
-0.9557942070839389
-0.7584253196687918
-0.6422042485492583
-0.7685588861160504
-0.9330575597099862
-0.9998026747951801
-0.11650915672155115
-0.21323731549252856
-0.9994688339395114
-0.9989663592103656
0.07440399144351484
0.3522527110233997
-0.9170036097365369
-0.8306947141969685
-0.9688748276246156
1.0
-0.9899747217164002
-0.9824234580914878
-0.8856285719894563
-0.9999869389591611
-0.9755264995081225
-0.9989663592103655
-0.5066580843721837
-0.916597991367898
-0.5171630674355068
-0.9599775749294404
-0.9999740237384972
-0.8926193705144309
-0.8980191269958441
-0.6620262272386914
-0.9854004356465413
-0.9946107566684615
0.25129362906889496
-0.6142291257274403
-0.9158476419636323
-0.9358407044547
-0.8567160900721089
-0.9725344610753947
-0.9997861039983147
-0.9855317386092005
0.700382651737224
0.12297671595830018
-0.9980874124740012
-0.7647295379201251
-0.9818992885770632
0.1164720115504545
-0.4908979303319029
-0.6931948788432082
-0.308540451790993
-0.9998000683273458
-0.9271552484221979
-0.4039999630631347
-0.9554093973420911
-0.9946859554957238
-0.8920193480825802
-0.6422042485492581
-0.8791175750950226
0.3372641493829178
-0.5841388014610678
-0.9939451734383835
-0.0024500270646868882
0.8551780605743788
-0.8914415666942578
-0.9862518662099742
0.950446206077074
-0.8282135876728253
-0.5448069618785274
-0.7805518545193602
0.7681546340347942
-0.7883278728261001
0.6821299309188693
-0.985655329676412
-0.9906487330753099
-0.6657656639202252
0.4100018502712748
-0.9183794778687229
0.4711673068522342
-0.9473373383386265
-0.9998091826911976
-0.23246912938051156
-0.6824918884100186
-0.793252104263132
-0.37752094575231376
-0.8150129161289853
-0.9838455325374168
-0.9936731864039345
-0.9371167741253089
-0.9488649980676882
-0.9046358539030501
-0.5581422639358862
-0.991052026191955
-0.9972462873542809
0.957309364007827
-0.9883183192080025
-0.9961370226186612
-0.926085387120836
-0.9413108726258187
-0.8372695987592366
-0.07539149384933641
-0.9331757462714225
-0.9199521007843503
-0.9947035999101979
-0.9719351991663953
-0.713877907737478
-0.7694860365231448
-0.9363493077411222
-0.938651175259292
-0.8670933814299284
-0.9883183192080026
CENT
-0.9380765554072064
-0.5271995153311368
-0.6916996270471478
0.17849816514824934
-0.36843817059333017
-0.09811815786564249
-0.7889381767963201
-0.816500199953603
-0.4978286097453062
-0.8942346473426582
-0.46980049910772925
-0.2698494313671058
-1.0
-0.2821615763015505
-0.9380765554072064
-0.0482825008703931
-0.2840285457405409
-0.9066638240770806
-0.9891761247475019
0.26618071970245816
-0.8937552177560493
0.056978185400746506
-1.0
-0.8988867208998618
-0.4413064513927213
-0.5139355279618147
-0.2356544696356272
-0.8825381937112551
-0.8325837115488617
-0.7643778751938389
-0.7631133329585846
-0.7998010242352074
-0.791728232140501
-0.9122140618058947
-0.6440435311955329
-0.36465328074909853
0.40651669847214467
-0.13157220658443192
0.06811973763245671
-0.15807257161856603
-0.6078613525683302
-0.981981018608345
-0.7365051742000643
-0.5808474921388889
-0.4817544039767039
-0.9876703420568262
-0.9234068831675097
-0.9801968303438182
0.32303695985080316
0.05974287165110104
0.1300830300325313
-0.8983030713150342
-0.6198181659868882
-0.5560125283207129
-0.29639210455212095
-0.9801968303438182
-0.8983030713150342
-0.525650944826882
-0.5311908412681345
-0.352986803877973
-0.876287593296837
-0.9982216723901619
-0.1820157808764099
-0.5844120954572223
-0.9370236314361824
-0.9380765554072064
-0.061953374061757716
-0.9867630374260635
-0.506155117376003
-0.7996939564039942
-0.9299085929768973
-0.9553072676670329
-0.0765577568372825
-0.499841135601343
-0.6440435311955329
-0.32081602696116507
-0.9431366929682352
-0.8991306009804082
-0.9339481649846408
-0.9828275853305731
-0.823679399372264
-0.06253648953088298
-0.8193633977175256
-0.5061439527764097
-0.6968983255716243
-0.22999582402600238
-0.7255187410483637
-0.9200278109050695
-0.6640533244754145
-0.39055089320639114
-0.43168380682862706
-0.39000135669128144
-0.9859380854204604
-0.9278066319553592
-0.21022201082749126
-0.7035843227531223
-0.9243866155200821
-0.7568248254131004
-0.9433356089727624
-0.5542924764147309
-0.6074218683818093
-0.3883631842047278
-0.969180044882865
-0.3819197446654734
-0.6511331873843202
-0.2596766023362763
-0.9801968303438182
-0.7190336493893237
-0.9380577578525412
-1.0
-0.5205441105666693
0.027988463722090184
0.5271592764814608
-0.9705125035452608
-0.031577663292203684
-0.8631254647381716
-0.9823104541884115
-0.39753985716072404
-0.9488715031252326
-0.6078613525683302
-0.8774040144115012
-0.9858560957736353
-0.7884450371191567
-0.6811015556949447
-0.5400742581994162
0.001220892071223778
-0.628622731586838
-0.9971515156829974
-0.7732995518723178
-0.9466286818930336
0.9203204137951093
-0.9260537259823065
-0.732439046575216
-0.5134438989782051
-0.6442163310518105
-0.9960870958028225
-0.9372129974779576
-0.7365051742000643
-0.6829761868753654
-0.911048364329977
-0.7074020501873339
0.23534089469314123
-0.9997888064857461
-0.640598838936368
-0.732439046575216
-0.9921810451132691
-0.9339481649846408
-0.8162451498998767
-0.9063714103430653
-0.9992960216191537
-0.47468695275697037
-0.7874043566314043
-0.44277110833413
-0.9801968303438182
-0.7862730894419382
0.08346934502252124
-0.7201567036876952
-0.8155977555386122
-0.1747832851404022
-0.5517129022233249
-0.8361454743902006
-0.7102804793198432
-0.20185300949592455
-0.16848650460893533
-0.528620860979953
-0.9255809818818631
-0.8709366567846372
-0.49020319021151415
-0.8406615025244295
-0.5205441105666693
-0.9037689342106439
1.0
-0.7098384150475199
-0.9007044002700643
-0.8401717763178682
-0.8744987272505069
-0.7494762997303485
-0.6846957027370872
0.001220892071223778
-0.9510609622063958
-0.5738513987565472
0.11364107830717551
-0.7106903129276279
-0.9259203267839214
-0.7296367012574316
-0.7995790663519461
-0.9730278295389844
-0.4025516683629149
-0.7843884053913701
-0.09613828177199557
-0.43705732423941024
-0.06830003515113814
-0.6315350677927708
-0.698240682793025
-0.9738448931102535
-0.9316152649509443
-0.5823841837649126
-0.6535447051216582
-0.8159452650583221
-0.6261249686932251
-0.0973228001390265
-0.5965398476560928
-0.7505358790973226
-0.7242135723034655
-0.7634993746772508
-0.6667293385696763
-0.2851415605509522
-0.931196390744474
-0.9891761247475019
-0.9553072676670329
-0.21350694549948734
-0.831962020031743
-0.7491545149857787
-0.24177380603546605
-0.9658963262368423
-0.03533005337723827
-0.8920651394290445
-1.0
-0.6228448933129882
-0.813508370571714
-0.5179579010916378
-0.8568489140855673
-0.91745591277692
-0.12450296051266951
-0.6073734603078839
-0.30164953838490316
-0.7372017833306104
0.491220209605169
-0.5358174453931409
-0.3666041552570697
-0.5221645688443535
-0.8920651394290445
DEGREE_RANK
-0.5497835497835497
0.800865800865801
-0.33333333333333326
0.3333333333333335
0.6623376623376622
0.34199134199134207
-0.20346320346320346
-0.8961038961038961
0.1601731601731602
-0.3246753246753247
-0.030303030303030276
0.6709956709956708
-0.8874458874458875
0.4632034632034632
-0.5411255411255411
0.16883116883116878
-0.02164502164502169
-0.5324675324675325
-0.6536796536796536
-0.7748917748917749
0.17748917748917759
-0.8787878787878788
-1.0
-0.7662337662337662
0.8787878787878789
0.9134199134199135
0.18614718614718617
-0.316017316017316
-0.01298701298701288
-0.19480519480519487
0.35064935064935066
0.35930735930735924
-0.18614718614718606
-0.645021645021645
0.8095238095238095
0.8181818181818181
-0.8701298701298701
0.974025974025974
0.5844155844155845
-0.17748917748917747
-0.1688311688311689
-0.7575757575757576
0.6796536796536798
0.47186147186147176
-0.8614718614718615
-0.9653679653679653
-0.5238095238095238
-0.0043290043290042934
-0.9913419913419913
0.48051948051948057
0.0043290043290042934
0.6883116883116884
0.19480519480519476
0.696969696969697
0.48917748917748916
0.01298701298701288
0.7056277056277056
-0.5151515151515151
0.7142857142857142
-0.748917748917749
-0.3073593073593073
-0.8528138528138528
0.5930735930735931
-0.7402597402597403
-0.16017316017316008
-0.5064935064935066
0.20346320346320335
-0.8441558441558441
-0.9567099567099567
-0.2987012987012987
-0.49783549783549785
-0.48917748917748916
0.36796536796536783
-0.29004329004329
0.8268398268398269
-0.8354978354978355
-0.7316017316017316
0.49783549783549774
-0.1515151515151515
-0.8268398268398268
0.21212121212121215
0.22077922077922074
-0.8181818181818181
-0.48051948051948046
0.8874458874458875
0.8961038961038961
0.5064935064935066
-0.47186147186147187
-0.6363636363636364
0.5151515151515151
-0.1428571428571429
0.9653679653679652
-0.722943722943723
-0.7142857142857144
0.02164502164502169
0.8354978354978355
-0.1341991341991342
-0.4632034632034632
-0.6277056277056278
0.22943722943722955
0.8441558441558441
0.23809523809523814
-0.948051948051948
0.9047619047619047
-0.6190476190476191
0.030303030303030498
0.038961038961039085
0.7229437229437228
-0.4545454545454545
-0.9826839826839827
0.24675324675324672
0.2554112554112553
-0.4458874458874459
-0.4372294372294372
0.37662337662337664
0.2640692640692639
-0.6103896103896105
0.7316017316017316
-0.6017316017316018
-0.1255411255411255
0.27272727272727293
-0.7056277056277056
0.8528138528138527
-0.9393939393939394
0.04761904761904767
0.05627705627705626
0.523809523809524
-0.2813852813852814
-0.9307359307359307
0.6017316017316017
0.5324675324675325
-0.8095238095238095
-0.696969696969697
0.922077922077922
0.5411255411255411
-0.5930735930735931
-0.2727272727272727
0.7402597402597404
0.9826839826839828
-0.264069264069264
0.06493506493506485
-0.4285714285714286
-0.974025974025974
0.6103896103896103
-0.6883116883116883
-0.4199134199134199
-0.11688311688311681
0.5497835497835497
-0.6796536796536796
-0.922077922077922
-0.2554112554112554
-0.10822510822510822
0.748917748917749
0.07359307359307365
-0.4112554112554112
0.6190476190476191
0.5584415584415583
0.08225108225108224
0.2813852813852815
0.38528138528138545
0.2900432900432901
-0.670995670995671
-0.24675324675324672
0.9307359307359309
0.9393939393939394
-0.9134199134199135
-0.4025974025974026
0.39393939393939403
0.09090909090909105
0.2987012987012987
0.3073593073593073
0.4025974025974026
-0.8008658008658008
0.09956709956709964
0.10822510822510822
-0.5844155844155845
-0.3939393939393939
-0.09956709956709953
0.11688311688311681
-0.23809523809523803
0.6277056277056279
-0.3852813852813852
-0.37662337662337664
0.8614718614718615
0.948051948051948
0.31601731601731586
-0.09090909090909083
0.9913419913419914
0.6363636363636365
-0.36796536796536794
-0.5757575757575758
0.9567099567099566
0.4112554112554112
0.8701298701298701
-0.08225108225108224
-0.35930735930735924
0.645021645021645
0.7575757575757576
0.3246753246753249
0.7662337662337662
0.4199134199134198
-0.35064935064935066
0.774891774891775
-0.22943722943722944
-0.07359307359307365
0.4285714285714286
0.7835497835497836
-0.7922077922077922
-0.5670995670995671
-0.34199134199134196
0.6536796536796536
-0.6623376623376623
0.5670995670995671
-0.06493506493506485
-0.5584415584415585
1.0
-0.05627705627705626
-0.7835497835497836
0.4372294372294372
0.12554112554112562
0.445887445887446
-0.04761904761904767
-0.22077922077922085
-0.9047619047619048
-0.21212121212121204
0.7922077922077921
0.5757575757575759
0.1341991341991342
0.1428571428571428
0.1515151515151516
0.4545454545454546
-0.03896103896103886
EIGENVECTOR_RANK
-0.8095238095238095
0.922077922077922
-0.04761904761904767
0.645021645021645
0.8874458874458875
0.5151515151515151
-0.1515151515151515
-0.9047619047619048
0.4545454545454546
-0.07359307359307365
0.2900432900432901
0.11688311688311681
-0.8701298701298701
0.19480519480519476
-0.8181818181818181
0.445887445887446
0.02164502164502169
-0.5324675324675325
-0.7056277056277056
0.09956709956709964
0.2813852813852815
-0.4112554112554112
-0.9653679653679653
-0.7575757575757576
0.9307359307359309
0.7316017316017316
0.09090909090909105
-0.645021645021645
0.4632034632034632
0.7142857142857142
-0.01298701298701288
0.21212121212121215
-0.16017316017316008
0.47186147186147176
0.6796536796536798
0.9393939393939394
0.0043290043290042934
0.8181818181818181
0.8528138528138527
-0.48917748917748916
0.5757575757575759
-0.8354978354978355
-0.4458874458874459
0.030303030303030498
-0.4199134199134199
-0.8961038961038961
-0.19480519480519487
-0.5670995670995671
-0.7922077922077922
0.7922077922077921
0.7229437229437228
0.6623376623376622
-0.33333333333333326
0.5411255411255411
-0.35064935064935066
-0.5844155844155845
0.6709956709956708
-0.48051948051948046
0.6363636363636365
-0.5411255411255411
-0.4545454545454545
-0.3246753246753247
0.3246753246753249
-0.9393939393939394
-0.18614718614718606
-0.8008658008658008
0.1515151515151516
-0.3852813852813852
-0.08225108225108224
0.04761904761904767
-0.8614718614718615
-0.264069264069264
0.6103896103896103
0.5930735930735931
0.6883116883116884
-0.7662337662337662
-0.4285714285714286
0.8701298701298701
-0.10822510822510822
-0.3939393939393939
0.1601731601731602
-0.1341991341991342
-0.2987012987012987
-0.7142857142857144
0.7575757575757576
0.7662337662337662
0.8787878787878789
-0.29004329004329
-0.03896103896103886
0.35930735930735924
0.5844155844155845
0.748917748917749
-0.7835497835497836
0.20346320346320335
0.48051948051948057
0.7056277056277056
-0.20346320346320346
-0.6883116883116883
-0.22943722943722944
-0.5064935064935066
0.48917748917748916
0.5064935064935066
-0.922077922077922
0.5497835497835497
-0.8528138528138528
0.18614718614718617
-0.5757575757575758
0.5324675324675325
0.37662337662337664
-1.0
0.4372294372294372
0.6277056277056279
-0.34199134199134196
-0.36796536796536794
0.8268398268398269
0.4025974025974026
0.01298701298701288
0.9047619047619047
-0.6623376623376623
0.5670995670995671
0.06493506493506485
-0.6190476190476191
0.774891774891775
-0.37662337662337664
0.2554112554112553
0.3333333333333335
0.23809523809523814
-0.21212121212121204
-0.9567099567099567
0.6536796536796536
0.6190476190476191
-0.9134199134199135
-0.8874458874458875
0.7835497835497836
0.8614718614718615
-0.11688311688311681
0.12554112554112562
-0.4372294372294372
1.0
-0.6536796536796536
-0.5238095238095238
0.038961038961039085
-0.9913419913419913
-0.49783549783549785
-0.8787878787878788
0.4199134199134198
-0.09956709956709953
0.4112554112554112
-0.4025974025974026
-0.9826839826839827
-0.030303030303030276
-0.05627705627705626
0.31601731601731586
-0.5584415584415585
-0.7316017316017316
0.8354978354978355
0.35064935064935066
-0.09090909090909083
-0.23809523809523803
0.08225108225108224
-0.47186147186147187
-0.9307359307359307
-0.5930735930735931
0.9567099567099566
0.8095238095238095
-0.8441558441558441
0.24675324675324672
-0.5151515151515151
0.800865800865801
0.4285714285714286
0.27272727272727293
0.5584415584415583
-0.948051948051948
-0.17748917748917747
0.49783549783549774
-0.35930735930735924
-0.7402597402597403
-0.02164502164502169
0.34199134199134207
0.05627705627705626
0.8441558441558441
0.36796536796536783
-0.722943722943723
0.7402597402597404
0.974025974025974
-0.0043290043290042934
-0.6103896103896105
0.9826839826839828
0.1341991341991342
0.39393939393939403
0.22077922077922074
0.9653679653679652
0.17748917748917759
0.948051948051948
-0.6017316017316018
-0.670995670995671
0.3073593073593073
0.8961038961038961
-0.1255411255411255
0.9134199134199135
-0.3073593073593073
-0.974025974025974
0.6017316017316017
0.2987012987012987
0.16883116883116878
0.523809523809524
0.1428571428571428
-0.5497835497835497
-0.696969696969697
-0.2554112554112554
-0.316017316017316
-0.06493506493506485
0.38528138528138545
-0.6796536796536796
-0.8268398268398268
0.9913419913419914
-0.6277056277056278
-0.7748917748917749
-0.1688311688311689
-0.2813852813852814
0.10822510822510822
0.696969696969697
-0.22077922077922085
-0.1428571428571429
-0.748917748917749
-0.4632034632034632
0.2640692640692639
0.22943722943722955
-0.24675324675324672
-0.2727272727272727
0.07359307359307365
-0.6363636363636364
CENT_RANK
-0.696969696969697
0.3333333333333335
0.04761904761904767
0.9307359307359309
0.5584415584415583
0.7662337662337662
-0.21212121212121204
-0.29004329004329
0.4285714285714286
-0.4458874458874459
0.4632034632034632
0.645021645021645
-1.0
0.6363636363636365
-0.6883116883116883
0.8268398268398269
0.6277056277056279
-0.5151515151515151
-0.9134199134199135
0.948051948051948
-0.4372294372294372
0.8787878787878789
-0.9913419913419913
-0.47186147186147187
0.48051948051948057
0.38528138528138545
0.6709956709956708
-0.4112554112554112
-0.3246753246753247
-0.16017316017316008
-0.1428571428571429
-0.24675324675324672
-0.22077922077922085
-0.5324675324675325
0.12554112554112562
0.5757575757575759
0.9653679653679652
0.748917748917749
0.8961038961038961
0.7402597402597404
0.19480519480519476
-0.8441558441558441
-0.09090909090909083
0.2554112554112553
0.445887445887446
-0.8961038961038961
-0.5584415584415585
-0.8354978354978355
0.9567099567099566
0.8874458874458875
0.922077922077922
-0.4632034632034632
0.18614718614718617
0.27272727272727293
0.6103896103896103
-0.8268398268398268
-0.4545454545454545
0.34199134199134207
0.31601731601731586
0.5844155844155845
-0.3939393939393939
-0.948051948051948
0.7142857142857142
0.23809523809523814
-0.6536796536796536
-0.6796536796536796
0.8181818181818181
-0.8874458874458875
0.4025974025974026
-0.23809523809523803
-0.6103896103896105
-0.7575757575757576
0.7922077922077921
0.4199134199134198
0.1341991341991342
0.5930735930735931
-0.7056277056277056
-0.48051948051948046
-0.645021645021645
-0.8614718614718615
-0.3073593073593073
0.8095238095238095
-0.2987012987012987
0.4112554112554112
0.038961038961039085
0.6796536796536798
-0.04761904761904767
-0.5497835497835497
0.09090909090909105
0.523809523809524
0.49783549783549774
0.5324675324675325
-0.8787878787878788
-0.6017316017316018
0.696969696969697
0.02164502164502169
-0.5670995670995671
-0.1341991341991342
-0.7142857142857144
0.2813852813852815
0.21212121212121215
0.5411255411255411
-0.7748917748917749
0.5497835497835497
0.10822510822510822
0.6536796536796536
-0.8181818181818181
-0.02164502164502169
-0.670995670995671
-0.9826839826839827
0.35930735930735924
0.8701298701298701
0.9826839826839828
-0.7835497835497836
0.8441558441558441
-0.36796536796536794
-0.8528138528138528
0.5151515151515151
-0.7316017316017316
0.20346320346320335
-0.4025974025974026
-0.8701298701298701
-0.20346320346320346
0.07359307359307365
0.2987012987012987
0.8528138528138527
0.1601731601731602
-0.9393939393939394
-0.1688311688311689
-0.722943722943723
0.9913419913419914
-0.5930735930735931
-0.07359307359307365
0.39393939393939403
0.11688311688311681
-0.9307359307359307
-0.6623376623376623
-0.08225108225108224
0.06493506493506485
-0.5238095238095238
0.01298701298701288
0.9393939393939394
-0.9653679653679653
0.1428571428571428
-0.06493506493506485
-0.922077922077922
-0.6363636363636364
-0.2813852813852814
-0.5064935064935066
-0.9567099567099567
0.4545454545454546
-0.19480519480519487
0.47186147186147176
-0.8095238095238095
-0.18614718614718606
0.9047619047619047
-0.030303030303030276
-0.264069264069264
0.7229437229437228
0.2900432900432901
-0.33333333333333326
-0.0043290043290042934
0.7056277056277056
0.7316017316017316
0.3246753246753249
-0.5757575757575758
-0.37662337662337664
0.4372294372294372
-0.35064935064935066
0.36796536796536783
-0.49783549783549785
1.0
0.0043290043290042934
-0.48917748917748916
-0.34199134199134196
-0.3852813852813852
-0.11688311688311681
0.05627705627705626
0.8614718614718615
-0.7402597402597403
0.2640692640692639
0.9134199134199135
-0.01298701298701288
-0.5844155844155845
-0.05627705627705626
-0.22943722943722944
-0.7922077922077922
0.5064935064935066
-0.17748917748917747
0.7835497835497836
0.48917748917748916
0.800865800865801
0.1515151515151516
0.030303030303030498
-0.8008658008658008
-0.6277056277056278
0.24675324675324672
0.09956709956709964
-0.2727272727272727
0.16883116883116878
0.774891774891775
0.22943722943722955
-0.1255411255411255
-0.03896103896103886
-0.1515151515151515
0.08225108225108224
0.6190476190476191
-0.6190476190476191
-0.9047619047619048
-0.748917748917749
0.6883116883116884
-0.316017316017316
-0.10822510822510822
0.6623376623376622
-0.7662337662337662
0.8354978354978355
-0.4285714285714286
-0.974025974025974
0.17748917748917759
-0.2554112554112554
0.37662337662337664
-0.35930735930735924
-0.5411255411255411
0.7575757575757576
0.22077922077922074
0.6017316017316017
-0.09956709956709953
0.974025974025974
0.3073593073593073
0.5670995670995671
0.35064935064935066
-0.4199134199134199
RANK
12
22
109
217
142
149
61
127
135
145
18
208
45
67
92
121
79
116
41
47
55
106
153
194
186
113
102
214
71
209
179
118
129
98
76
0
14
65
108
136
64
78
146
195
207
70
93
131
183
165
96
46
87
222
33
139
17
148
170
173
77
23
51
56
9
20
216
231
27
120
60
175
166
115
221
168
174
160
28
211
80
82
7
147
198
157
219
31
69
185
32
6
122
151
154
188
128
29
204
30
97
202
176
212
226
42
137
132
144
184
86
203
156
107
182
161
172
140
95
193
84
2
177
138
123
205
88
197
104
134
34
74
143
192
126
199
218
52
40
119
100
224
201
63
196
43
180
53
99
159
124
228
58
164
1
57
230
110
169
220
25
133
68
83
73
8
167
44
150
10
152
24
190
90
187
117
89
91
101
103
4
229
35
59
75
225
54
206
16
13
11
105
213
26
85
210
94
162
62
158
163
39
37
223
5
200
189
72
191
81
66
15
215
114
125
178
111
21
49
38
155
181
50
3
141
19
48
36
227
112
130
171
