DEGREE
0.0
0.1428571428571428
0.1428571428571428
0.0
0.4285714285714286
0.2857142857142858
0.4285714285714286
0.0
-0.2857142857142857
-0.1428571428571429
0.2857142857142858
0.0
0.0
0.2857142857142858
0.1428571428571428
-0.2857142857142857
0.2857142857142858
0.0
0.1428571428571428
-0.1428571428571429
0.0
-0.5714285714285714
-0.1428571428571429
0.2857142857142858
0.2857142857142858
0.1428571428571428
-0.5714285714285714
-0.1428571428571429
-0.1428571428571429
0.4285714285714286
-0.2857142857142857
0.0
0.4285714285714286
-0.2857142857142857
-0.5714285714285714
0.2857142857142858
-0.4285714285714286
-0.7142857142857143
-0.8571428571428572
-0.2857142857142857
-0.5714285714285714
-0.8571428571428572
0.1428571428571428
-0.2857142857142857
0.0
-0.5714285714285714
0.1428571428571428
-0.1428571428571429
0.0
0.1428571428571428
0.2857142857142858
-0.2857142857142857
-0.1428571428571429
0.4285714285714286
-0.1428571428571429
-0.1428571428571429
0.7142857142857142
0.2857142857142858
-1.0
0.2857142857142858
-0.4285714285714286
-0.2857142857142857
0.0
0.0
-0.1428571428571429
-0.8571428571428572
-0.5714285714285714
-0.4285714285714286
-0.4285714285714286
0.0
0.1428571428571428
-0.5714285714285714
-0.2857142857142857
0.0
-0.1428571428571429
0.2857142857142858
0.0
-0.4285714285714286
0.1428571428571428
-0.8571428571428572
0.2857142857142858
0.4285714285714286
-0.2857142857142857
-0.2857142857142857
-0.2857142857142857
-0.2857142857142857
0.0
-1.0
-0.4285714285714286
-0.7142857142857143
-0.4285714285714286
0.4285714285714286
0.5714285714285714
1.0
0.1428571428571428
0.5714285714285714
0.5714285714285714
-0.2857142857142857
0.2857142857142858
-0.1428571428571429
0.5714285714285714
0.0
0.0
-0.7142857142857143
0.0
0.1428571428571428
-0.4285714285714286
-0.1428571428571429
-0.1428571428571429
-0.2857142857142857
0.1428571428571428
0.0
0.1428571428571428
-0.5714285714285714
-0.8571428571428572
-0.2857142857142857
0.5714285714285714
-1.0
-0.4285714285714286
-0.2857142857142857
-0.5714285714285714
0.2857142857142858
0.0
-0.2857142857142857
-1.0
-0.1428571428571429
0.2857142857142858
0.1428571428571428
0.1428571428571428
-0.5714285714285714
-0.2857142857142857
0.0
-0.7142857142857143
-0.1428571428571429
EIGENVECTOR
-0.9664768821168649
0.09053045763433154
-0.9999262123101209
-0.3019627906211617
0.43062454077673373
0.32918128177513206
-0.8746204252063834
-0.9398961778493516
-0.9998776972378027
-0.9357201936280098
-0.7568594601815436
-0.9999601298226867
-0.9664768821168647
-0.9536199029620708
-0.9013716538637805
-0.8975939301058755
-0.8885900437285669
-0.9031843920770685
-0.1719181465228401
-0.9999918521285679
-0.772923626895405
-0.9809849015128682
-0.22826277193243583
-0.8996636249204848
-0.9459696868580919
0.28978808609340967
-0.999913696114395
-0.9999862814102327
-0.9994017332667964
-0.8746204252063834
-0.44328391608793505
-0.99998991667038
0.0005168480751509552
-0.991378471176648
-0.9854413629971535
0.10009271923368779
-0.9999636144191858
-0.9811663162587071
-0.9999994774480967
-0.9990285147222109
-0.9999832843440379
-0.9999999033365693
-0.9276727710920735
-0.7605510147965195
0.15083181425576186
-0.9896236612471917
-0.8114120689800178
-0.5287830833380267
-0.778363335034923
-0.8114120689800178
-0.8957806797147041
-0.991378471176648
-0.9998819940143587
0.5573918057887426
-0.9059334906168361
-0.9999201875572921
0.32501080771861024
0.3291812817751325
-0.9980497639000511
-0.8957806797147039
-0.9998194027257943
-0.991378471176648
-0.9341127482271417
-0.8935654288054555
-0.44697847356320475
-0.9999935328754346
-0.9991398991915874
-0.9999951983262378
-0.9967123677537234
-0.899493513481768
-0.99980747861628
-0.9999981165886328
-0.9155848272348039
-0.999805527987108
-0.9999395305361136
0.24247139704634302
-0.9664768821168647
-0.9852993878808161
-0.18638569064169785
-0.9985850898912225
-0.9586537203609412
0.31724681397417553
-0.9963330269607971
-0.999996788450862
-0.9999821117926111
-0.9999514817872657
-0.9664768821168647
-0.9999999900859565
-0.9999935184252906
-0.999958905931871
-0.5505520940802495
0.3884212710025723
0.4883594020177533
1.0
-0.8323148759972502
-0.9368163555385426
-0.8590220296312363
-0.9999958056466549
-0.8350206776184873
-0.999953660208191
-0.8594104877856938
-0.8994935134817681
-0.982591170364553
-0.9998079332356282
-0.9664768821168648
-0.2685970279458342
-0.9894920435636837
-0.9999395305361136
-0.999400866752584
-0.44328391608793505
-0.97083102998022
0.13199111783164752
-0.9999144530188465
-0.7733425284462404
-0.9984737459135681
-0.9307692666680817
-0.8594104877856938
-1.0
-0.9952245823281664
-0.9999000841783097
-0.9896236612471917
-0.9998994578429412
-0.8712361457851476
-0.7570071679029852
-0.9999999999999999
-0.9610596943765068
0.32918128177513273
-0.9999512272768664
-0.7663854714899676
-0.9964444114301734
-0.9999514817872657
-0.3244456192228604
-0.9999990674308973
-0.9502643396418227
CENT
-0.9945287530531038
-0.8252354920730678
-0.2933780374415915
-0.5853374939708216
-0.8362697688112988
-0.8766288070438886
-0.9722285860464425
-0.11977825483426208
-0.9260406111256989
-0.9349057617327262
-0.660112318125573
-0.1281918745279691
-0.9945287530531038
-0.9062772634740643
-0.8974219170689502
-0.9988930856871325
0.012877581369833191
-0.993149024774734
-0.6886847665280293
-0.830075705191552
-0.05120650418313888
-0.8868446654164646
-0.8154007583795044
-0.7266110901471842
-0.8619239800934775
-0.9416526220520793
-0.960963400456274
-0.805532668289504
-0.5378918128891298
-0.9722285860464425
-0.9996155620042996
-0.7281799984071659
-0.9274748416010272
-0.9134215133524464
-1.0
-0.5727333183458349
-0.9869812759117891
-1.0
-1.0
-0.8528876487814775
-0.9725470728922742
-0.8868446654164646
-0.9337836440427288
-0.33408562259255226
-0.9904801848820349
-1.0
-0.39809788555631465
0.22534485548638372
-0.728422489893605
-0.39809788555631465
-0.7660855440402833
-0.9134215133524464
-0.6951810717404818
-0.9249951140560156
-0.9603618253217067
-0.8930317875688913
-0.8087997170399596
-0.8766288070438886
-1.0
-0.7660855440402833
0.9826298703404936
-0.9134215133524464
-0.9368758432558817
-0.9222873098785671
-0.9822641706747713
-1.0
-0.9633904843258803
-0.7853758740756954
-0.9157337804557921
-0.957357647902475
-0.4465885017548239
-0.9693332118335412
-0.7504267626228623
-0.8273620060143563
-0.7512186437898616
-0.9057944325812849
-0.9945287530531038
1.0
-0.5153298497036473
-0.9978239358733936
-0.7401244118538159
-0.891375386926895
0.2666041556266405
-0.9093541756028585
-0.6690186043555455
-0.8104771991205829
-0.9945287530531038
-1.0
-0.9028778174357308
-0.9861676088330722
-1.0
-0.8057013565174312
-0.8630857551309767
-0.6060844420768042
-0.04589659972630633
0.17385687093208646
-0.6962350063499847
-0.8726994467558342
-0.3394223535640991
-0.895668954968846
-0.5828452447522812
-0.957357647902475
-0.3467785729807388
-0.9713588512098084
-0.9945287530531038
-0.41135894680119667
-0.9706756721353511
-0.7512186437898616
-0.10939051883297657
-0.9996155620042996
0.3354892271300889
-0.9630696616651826
-0.7169169798668746
-0.7876570834867777
0.9768611847870852
-0.6908961453685789
-0.5828452447522812
-1.0
-0.9559406075361926
-0.7284009933464909
-1.0
-0.7512071679484036
-0.5825229320441458
-0.7390327388049092
-1.0
-0.8510790429179781
-0.8766288070438886
-0.7726087726935792
-0.6798848830270796
-0.91610443815122
-0.8104771991205829
-0.9771777503064554
-0.7754301821342142
0.30415842494072165
DEGREE_RANK
0.007518796992481258
0.33834586466165417
0.35338345864661647
0.022556390977443774
0.8045112781954888
0.5789473684210524
0.8195488721804511
0.037593984962405846
-0.518796992481203
-0.23308270676691734
0.593984962406015
0.05263157894736836
0.06766917293233088
0.6090225563909775
0.368421052631579
-0.5037593984962405
0.62406015037594
0.08270676691729317
0.3834586466165413
-0.21804511278195493
0.09774436090225569
-0.8045112781954887
-0.20300751879699253
0.6390977443609023
0.6541353383458646
0.3984962406015038
-0.7894736842105263
-0.18796992481203
-0.17293233082706772
0.8345864661654134
-0.4887218045112782
0.11278195488721798
0.849624060150376
-0.4736842105263158
-0.7744360902255639
0.6691729323308271
-0.6541353383458647
-0.8646616541353384
-0.9398496240601504
-0.4586466165413534
-0.7593984962406015
-0.924812030075188
0.4135338345864663
-0.443609022556391
0.12781954887218028
-0.744360902255639
0.4285714285714284
-0.1578947368421053
0.1428571428571428
0.4436090225563909
0.6842105263157894
-0.4285714285714286
-0.1428571428571429
0.8646616541353385
-0.1278195488721805
-0.11278195488721798
0.9849624060150375
0.6992481203007519
-1.0
0.7142857142857144
-0.6390977443609023
-0.4135338345864662
0.1578947368421053
0.17293233082706783
-0.09774436090225569
-0.9097744360902256
-0.7293233082706767
-0.6240601503759398
-0.6090225563909775
0.1879699248120299
0.4586466165413534
-0.7142857142857143
-0.3984962406015038
0.20300751879699241
-0.08270676691729328
0.7293233082706765
0.21804511278195493
-0.593984962406015
0.47368421052631593
-0.8947368421052632
0.744360902255639
0.8796992481203008
-0.3834586466165414
-0.368421052631579
-0.3533834586466166
-0.33834586466165406
0.23308270676691722
-0.9849624060150376
-0.5789473684210527
-0.849624060150376
-0.5639097744360901
0.894736842105263
0.9097744360902256
1.0
0.4887218045112782
0.9248120300751881
0.9398496240601504
-0.32330827067669177
0.7593984962406015
-0.06766917293233077
0.9548872180451129
0.24812030075187974
0.26315789473684226
-0.8345864661654135
0.27819548872180433
0.5037593984962405
-0.5488721804511278
-0.052631578947368474
-0.03759398496240596
-0.30827067669172936
0.518796992481203
0.29323308270676685
0.5338345864661653
-0.6992481203007519
-0.8796992481203008
-0.29323308270676696
0.9699248120300752
-0.9699248120300752
-0.5338345864661653
-0.27819548872180455
-0.6842105263157894
0.774436090225564
0.30827067669172936
-0.26315789473684204
-0.9548872180451128
-0.022556390977443663
0.7894736842105263
0.5488721804511278
0.5639097744360904
-0.6691729323308271
-0.24812030075187974
0.3233082706766919
-0.8195488721804511
-0.007518796992481258
EIGENVECTOR_RANK
-0.06766917293233077
0.774436090225564
-0.6090225563909775
0.6842105263157894
0.9548872180451129
0.894736842105263
0.35338345864661647
0.06766917293233088
-0.5037593984962405
0.09774436090225569
0.5789473684210524
-0.7293233082706767
-0.022556390977443663
0.022556390977443774
0.20300751879699241
0.26315789473684226
0.3233082706766919
0.1879699248120299
0.744360902255639
-0.8195488721804511
0.518796992481203
-0.11278195488721798
0.7142857142857144
0.21804511278195493
0.05263157894736836
0.849624060150376
-0.5639097744360901
-0.7894736842105263
-0.4285714285714286
0.33834586466165417
0.6390977443609023
-0.8045112781954887
0.7593984962406015
-0.26315789473684204
-0.17293233082706772
0.7894736842105263
-0.744360902255639
-0.1278195488721805
-0.9398496240601504
-0.3834586466165414
-0.7744360902255639
-0.9548872180451128
0.1428571428571428
0.5488721804511278
0.8195488721804511
-0.20300751879699253
0.4586466165413534
0.6090225563909775
0.4887218045112782
0.47368421052631593
0.29323308270676685
-0.24812030075187974
-0.518796992481203
0.9849624060150375
0.17293233082706783
-0.593984962406015
0.8796992481203008
0.9097744360902256
-0.33834586466165406
0.27819548872180433
-0.4887218045112782
-0.23308270676691734
0.11278195488721798
0.30827067669172936
0.62406015037594
-0.849624060150376
-0.3984962406015038
-0.8646616541353384
-0.32330827067669177
0.24812030075187974
-0.4586466165413534
-0.9097744360902256
0.1578947368421053
-0.443609022556391
-0.6390977443609023
0.8345864661654134
-0.052631578947368474
-0.1578947368421053
0.7293233082706765
-0.368421052631579
0.007518796992481258
0.8646616541353385
-0.29323308270676696
-0.8947368421052632
-0.7593984962406015
-0.6691729323308271
-0.08270676691729328
-0.9699248120300752
-0.8345864661654135
-0.7142857142857143
0.593984962406015
0.9398496240601504
0.9699248120300752
1.0
0.4436090225563909
0.08270676691729317
0.4135338345864663
-0.8796992481203008
0.4285714285714284
-0.6992481203007519
0.3834586466165413
0.23308270676691722
-0.1428571428571429
-0.4736842105263158
-0.03759398496240596
0.6992481203007519
-0.18796992481203
-0.6240601503759398
-0.4135338345864662
0.6541353383458646
-0.09774436090225569
0.8045112781954888
-0.5789473684210527
0.5037593984962405
-0.3533834586466166
0.12781954887218028
0.3984962406015038
-0.9849624060150376
-0.27819548872180455
-0.5488721804511278
-0.21804511278195493
-0.5338345864661653
0.368421052631579
0.5639097744360904
-1.0
-0.007518796992481258
0.9248120300751881
-0.6541353383458647
0.5338345864661653
-0.30827067669172936
-0.6842105263157894
0.6691729323308271
-0.924812030075188
0.037593984962405846
CENT_RANK
-0.7744360902255639
0.09774436090225569
0.7894736842105263
0.5789473684210524
0.05263157894736836
-0.06766917293233077
-0.593984962406015
0.8195488721804511
-0.33834586466165406
-0.3834586466165414
0.5488721804511278
0.8045112781954888
-0.7593984962406015
-0.20300751879699253
-0.1578947368421053
-0.8045112781954887
0.8796992481203008
-0.6992481203007519
0.5037593984962405
0.06766917293233088
0.849624060150376
-0.09774436090225569
0.11278195488721798
0.4285714285714284
0.007518796992481258
-0.4135338345864662
-0.4887218045112782
0.1879699248120299
0.6541353383458646
-0.5789473684210527
-0.8345864661654135
0.4135338345864663
-0.3533834586466166
-0.26315789473684204
-1.0
0.6390977443609023
-0.6691729323308271
-0.9849624060150376
-0.9699248120300752
0.022556390977443774
-0.6090225563909775
-0.08270676691729328
-0.368421052631579
0.774436090225564
-0.6842105263157894
-0.9548872180451128
0.7142857142857144
0.9097744360902256
0.3834586466165413
0.7293233082706765
0.26315789473684226
-0.24812030075187974
0.47368421052631593
-0.32330827067669177
-0.4736842105263158
-0.1278195488721805
0.1578947368421053
-0.052631578947368474
-0.9398496240601504
0.27819548872180433
0.9849624060150375
-0.23308270676691734
-0.3984962406015038
-0.30827067669172936
-0.6390977443609023
-0.924812030075188
-0.518796992481203
0.21804511278195493
-0.27819548872180455
-0.4586466165413534
0.6842105263157894
-0.5338345864661653
0.33834586466165417
0.08270676691729317
0.29323308270676685
-0.18796992481203
-0.744360902255639
1.0
0.6691729323308271
-0.7894736842105263
0.35338345864661647
-0.11278195488721798
0.9248120300751881
-0.21804511278195493
0.5338345864661653
0.12781954887218028
-0.7293233082706767
-0.9097744360902256
-0.17293233082706772
-0.6541353383458647
-0.8947368421052632
0.17293233082706783
-0.007518796992481258
0.5639097744360904
0.8646616541353385
0.894736842105263
0.4586466165413534
-0.022556390977443663
0.7593984962406015
-0.1428571428571429
0.593984962406015
-0.443609022556391
0.744360902255639
-0.5639097744360901
-0.7142857142857143
0.6992481203007519
-0.5488721804511278
0.30827067669172936
0.8345864661654134
-0.8195488721804511
0.9548872180451129
-0.5037593984962405
0.4436090225563909
0.20300751879699241
0.9699248120300752
0.4887218045112782
0.6090225563909775
-0.8796992481203008
-0.4285714285714286
0.3984962406015038
-0.8646616541353384
0.3233082706766919
0.62406015037594
0.368421052631579
-0.849624060150376
0.037593984962405846
-0.03759398496240596
0.24812030075187974
0.518796992481203
-0.29323308270676696
0.1428571428571428
-0.6240601503759398
0.23308270676691722
0.9398496240601504
RANK
34
37
38
45
58
65
87
90
117
120
124
30
109
15
79
0
12
76
86
104
17
44
36
89
64
131
40
6
29
103
106
71
66
111
26
54
69
101
118
25
62
9
42
32
8
53
63
129
68
33
51
61
83
13
75
88
14
99
55
81
21
41
5
57
126
97
92
24
39
125
4
19
73
1
22
85
130
56
91
27
113
67
132
127
50
59
74
107
121
72
80
123
48
119
31
23
112
96
52
115
18
128
84
10
93
3
100
116
122
35
28
78
70
105
46
49
102
98
43
2
11
7
108
20
94
16
95
47
82
133
110
114
60
77
