DEGREE
-0.2666666666666667
0.1333333333333333
-0.06666666666666665
0.06666666666666665
-0.6
0.1333333333333333
0.3999999999999999
-0.1333333333333333
0.19999999999999996
0.0
0.6000000000000001
0.2666666666666666
-0.8666666666666667
0.06666666666666665
-0.33333333333333337
0.2666666666666666
-0.2666666666666667
-0.5333333333333333
0.1333333333333333
-0.4
-0.06666666666666665
-0.1333333333333333
0.19999999999999996
0.06666666666666665
0.0
-0.2666666666666667
-0.6
0.19999999999999996
0.2666666666666666
0.46666666666666656
-0.19999999999999996
0.06666666666666665
-0.2666666666666667
-0.06666666666666665
-0.06666666666666665
0.3999999999999999
-0.4666666666666667
0.06666666666666665
-0.4666666666666667
-0.1333333333333333
0.0
-0.8666666666666667
0.2666666666666666
0.7333333333333334
0.6000000000000001
-0.19999999999999996
0.06666666666666665
0.1333333333333333
0.3999999999999999
0.1333333333333333
0.06666666666666665
-0.33333333333333337
0.8
-0.6666666666666667
0.2666666666666666
0.2666666666666666
0.2666666666666666
-0.8666666666666667
0.0
0.1333333333333333
-0.4666666666666667
0.06666666666666665
-0.06666666666666665
0.19999999999999996
0.2666666666666666
0.6666666666666667
0.06666666666666665
0.5333333333333334
0.06666666666666665
-0.1333333333333333
-0.4
0.3999999999999999
-0.1333333333333333
0.6000000000000001
-0.5333333333333333
0.06666666666666665
-0.06666666666666665
0.06666666666666665
-0.5333333333333333
0.19999999999999996
-0.8666666666666667
0.1333333333333333
0.2666666666666666
0.2666666666666666
0.8666666666666667
0.06666666666666665
0.1333333333333333
0.19999999999999996
0.0
1.0
1.0
0.0
0.19999999999999996
0.1333333333333333
-0.2666666666666667
0.19999999999999996
0.0
-0.2666666666666667
-0.6666666666666667
-0.1333333333333333
-0.2666666666666667
-0.1333333333333333
0.2666666666666666
0.6666666666666667
0.1333333333333333
0.1333333333333333
0.06666666666666665
0.06666666666666665
0.3999999999999999
0.3999999999999999
0.6000000000000001
-0.4
-0.33333333333333337
-0.4
-0.06666666666666665
-0.19999999999999996
0.1333333333333333
0.1333333333333333
0.2666666666666666
0.3999999999999999
-0.6
0.3999999999999999
0.46666666666666656
-0.8666666666666667
0.19999999999999996
-0.06666666666666665
-0.6666666666666667
0.6000000000000001
0.06666666666666665
0.1333333333333333
-0.1333333333333333
0.1333333333333333
0.46666666666666656
0.06666666666666665
-0.33333333333333337
0.33333333333333326
-0.33333333333333337
0.19999999999999996
-0.6666666666666667
-0.2666666666666667
-0.8666666666666667
0.6000000000000001
0.19999999999999996
-0.4
-0.6
0.19999999999999996
0.46666666666666656
0.06666666666666665
-0.8666666666666667
-0.8
0.8666666666666667
-0.33333333333333337
0.46666666666666656
-0.8666666666666667
0.1333333333333333
0.06666666666666665
0.19999999999999996
0.0
0.0
-0.4
0.1333333333333333
0.2666666666666666
0.2666666666666666
0.46666666666666656
-0.19999999999999996
-0.19999999999999996
0.06666666666666665
0.1333333333333333
0.0
-0.1333333333333333
-0.06666666666666665
-0.1333333333333333
0.2666666666666666
0.3999999999999999
-0.19999999999999996
0.06666666666666665
0.0
-0.33333333333333337
0.33333333333333326
0.2666666666666666
0.46666666666666656
0.3999999999999999
0.19999999999999996
0.33333333333333326
-0.5333333333333333
0.6000000000000001
0.3999999999999999
-0.2666666666666667
-0.33333333333333337
0.1333333333333333
0.0
0.06666666666666665
0.8
0.3999999999999999
0.06666666666666665
0.6000000000000001
0.0
-0.1333333333333333
-0.1333333333333333
-0.06666666666666665
-0.19999999999999996
-0.1333333333333333
-0.2666666666666667
0.0
0.0
0.7333333333333334
0.2666666666666666
-0.33333333333333337
-0.06666666666666665
0.06666666666666665
0.19999999999999996
0.1333333333333333
-0.6
0.6666666666666667
0.19999999999999996
0.6666666666666667
0.19999999999999996
0.0
0.19999999999999996
0.2666666666666666
0.0
0.6000000000000001
0.2666666666666666
0.06666666666666665
0.6666666666666667
-0.4
0.33333333333333326
-0.1333333333333333
-0.33333333333333337
-0.19999999999999996
-0.19999999999999996
0.06666666666666665
0.2666666666666666
0.2666666666666666
-0.06666666666666665
0.19999999999999996
0.2666666666666666
0.19999999999999996
0.1333333333333333
-0.19999999999999996
-0.33333333333333337
-0.06666666666666665
0.19999999999999996
0.3999999999999999
0.19999999999999996
0.46666666666666656
0.2666666666666666
-0.1333333333333333
-0.19999999999999996
0.6000000000000001
0.06666666666666665
-0.19999999999999996
-0.4
0.3999999999999999
0.9333333333333333
-0.4666666666666667
-0.06666666666666665
0.1333333333333333
-0.1333333333333333
0.2666666666666666
-0.2666666666666667
0.19999999999999996
-0.1333333333333333
-0.19999999999999996
0.0
-0.7333333333333334
0.5333333333333334
0.2666666666666666
0.19999999999999996
0.06666666666666665
0.33333333333333326
-0.06666666666666665
0.1333333333333333
-0.06666666666666665
0.33333333333333326
-0.8
-0.8
0.0
0.0
-0.2666666666666667
-0.06666666666666665
0.3999999999999999
0.5333333333333334
0.0
-0.5333333333333333
0.2666666666666666
0.2666666666666666
0.9333333333333333
-0.33333333333333337
-0.06666666666666665
0.5333333333333334
0.0
-0.4
0.0
0.06666666666666665
-0.2666666666666667
0.19999999999999996
0.2666666666666666
0.5333333333333334
0.6666666666666667
-0.2666666666666667
-0.1333333333333333
0.1333333333333333
0.1333333333333333
0.6666666666666667
-0.33333333333333337
-0.1333333333333333
0.19999999999999996
0.0
0.1333333333333333
-0.06666666666666665
-0.4
0.19999999999999996
0.46666666666666656
-0.19999999999999996
0.2666666666666666
0.6000000000000001
0.33333333333333326
-0.2666666666666667
0.46666666666666656
0.0
-0.06666666666666665
0.8
0.19999999999999996
0.19999999999999996
0.19999999999999996
0.0
-0.33333333333333337
0.1333333333333333
-0.1333333333333333
0.06666666666666665
0.8
-0.19999999999999996
0.06666666666666665
0.2666666666666666
0.19999999999999996
-0.4666666666666667
0.19999999999999996
0.0
0.33333333333333326
-0.6666666666666667
0.1333333333333333
0.1333333333333333
0.0
0.1333333333333333
-0.4
0.33333333333333326
-0.6
-0.1333333333333333
-0.6666666666666667
0.3999999999999999
0.19999999999999996
-0.33333333333333337
0.1333333333333333
0.0
0.46666666666666656
0.06666666666666665
-0.06666666666666665
0.3999999999999999
0.19999999999999996
0.1333333333333333
0.1333333333333333
-0.4666666666666667
-0.06666666666666665
0.19999999999999996
0.1333333333333333
-0.4666666666666667
0.7333333333333334
-0.19999999999999996
-0.8666666666666667
-0.2666666666666667
-0.19999999999999996
0.19999999999999996
-0.06666666666666665
-0.33333333333333337
-0.2666666666666667
-0.8666666666666667
0.8666666666666667
-0.19999999999999996
0.1333333333333333
0.06666666666666665
-0.4
0.06666666666666665
-0.6
0.1333333333333333
0.2666666666666666
-0.4666666666666667
-0.19999999999999996
-1.0
0.33333333333333326
0.7333333333333334
0.19999999999999996
-0.4
0.2666666666666666
0.19999999999999996
0.46666666666666656
-0.2666666666666667
0.1333333333333333
0.33333333333333326
0.5333333333333334
0.6000000000000001
-0.33333333333333337
-0.8666666666666667
-0.5333333333333333
-0.1333333333333333
0.2666666666666666
0.7333333333333334
0.33333333333333326
-0.1333333333333333
-0.19999999999999996
0.8666666666666667
-0.4666666666666667
0.1333333333333333
-0.33333333333333337
0.1333333333333333
-0.1333333333333333
0.06666666666666665
0.7333333333333334
-0.19999999999999996
0.1333333333333333
1.0
-0.2666666666666667
0.06666666666666665
0.19999999999999996
-0.2666666666666667
0.8
0.2666666666666666
-0.06666666666666665
0.46666666666666656
0.46666666666666656
-0.2666666666666667
0.9333333333333333
-0.7333333333333334
0.19999999999999996
-0.2666666666666667
0.6000000000000001
0.2666666666666666
0.06666666666666665
0.6666666666666667
0.06666666666666665
0.2666666666666666
-0.4
0.06666666666666665
0.9333333333333333
-0.33333333333333337
0.06666666666666665
0.3999999999999999
0.1333333333333333
0.0
0.06666666666666665
0.0
-0.06666666666666665
-0.2666666666666667
0.0
-0.5333333333333333
-0.2666666666666667
0.19999999999999996
-0.4666666666666667
0.06666666666666665
0.1333333333333333
0.0
0.1333333333333333
0.46666666666666656
0.06666666666666665
-0.4666666666666667
-0.4
-0.19999999999999996
-0.19999999999999996
-0.33333333333333337
0.6666666666666667
0.06666666666666665
0.6666666666666667
0.19999999999999996
0.2666666666666666
0.7333333333333334
0.0
-0.06666666666666665
-0.33333333333333337
0.1333333333333333
-0.4666666666666667
-0.4
0.3999999999999999
0.33333333333333326
-0.6666666666666667
0.46666666666666656
0.19999999999999996
-0.4
0.06666666666666665
0.46666666666666656
0.6666666666666667
0.2666666666666666
0.3999999999999999
0.06666666666666665
EIGENVECTOR
-0.991958902049119
-0.9993039541959744
-0.9954680292475109
-0.9934744925705826
-0.9984481383119522
-0.6088713397313315
-0.3157743905102044
-0.982752636318945
-0.40277448224777535
-0.9871156295275113
0.12332486665546738
-0.14540184192300465
-0.9999790168569286
-0.7099377100298676
-0.9994968895889895
-0.9243225477582089
-0.995664091590891
-0.9995759180870307
-0.8068781629680571
-0.9962461873450951
-0.9996887084269299
-0.8304019519384093
-0.9616962914275327
-0.9318100976709799
-0.9948265595607672
-0.9280480281660763
-0.9784745306125493
-0.8963959976062685
-0.9984490604137466
-0.9892094123288541
-0.9979055460425135
-0.9503126187408634
-0.9907487227435973
-0.9566409291092685
-0.9556938538965155
-0.9394167597042731
-0.9992817384737827
-0.9969910163239531
-0.9735763895665374
-0.9761447095616526
-0.8505238452832564
-0.9999019710181545
-0.9243225477582087
0.4806706726746639
-0.862685224709457
-0.96972239528587
-0.996135038889275
-0.9995293465008944
-0.4723057965018188
-0.9325558232191434
-0.708037513328777
-0.9960044007962885
-0.837079386840652
-0.999985597149163
-0.7150233919243038
0.026627870559239764
-0.952072263608594
-0.9999538710921405
-0.9956151411795083
-0.90019777886077
-0.9999398084810022
-0.9996599791631996
-0.9996887084269301
-0.9868701392353691
-0.6065205705404496
-0.852795926691576
-0.9980666674872533
0.26674243706086664
-0.9032503661919091
-0.9992957275713616
-0.9955465301070198
0.09194436832406017
-0.9822819604541577
-0.8233272404146448
-0.9988412468322885
-0.8368480472191655
-0.7909640030880671
-0.9990095771522027
-0.9981326442537258
-0.9636568438976217
-1.0
-0.6678181779129146
-0.9976638746748123
-0.9019887532853301
0.7588722561846248
-0.9954581202296783
-0.41041790659615907
-0.9865782495789308
-0.9530318463951036
1.0
0.9298851057274709
-0.8893726900813135
-0.2098622034834432
-0.9982654853427865
-0.991539445431663
-0.9812863008092343
-0.9997250654184281
-0.8383790985457399
-0.9999068889531455
-0.9470303782169958
-0.9996092055547936
-0.9986535032688901
-0.9324604150834686
0.7124086449966811
-0.9764008052724744
-0.8062852364817723
-0.9876228191602541
-0.9962227512897412
0.05738439489699654
-0.9965809691725079
0.33618487363364347
-0.9998002303411683
-0.9977688904260515
-0.9973799643288409
-0.8478399749554378
-0.989424585599705
-0.14370254418855566
-0.9841831289494236
-0.9902104278713662
-0.8314771003158832
-0.902302213990201
-0.7702895642916257
-0.8862156206542551
-1.0
-0.9993409661200549
-0.9969082947498111
-0.9997940348180079
0.7093622619386435
-0.9966417197099444
-0.9814384722714923
-0.9850974297527841
-0.7780137207161418
-0.9851091696889545
-0.9358159754634348
-0.9802564095198284
-0.9828602200307643
-0.9998838574468308
-0.9029369824883089
-0.9999135378737875
-0.9926539342083663
-0.9999726749935015
-0.8297600886885348
-0.7300274285890727
-0.85926144578344
-0.9136512761554534
-0.930630005019441
-0.9051024239502455
-0.9599313234687644
-0.9999790168569287
-0.999934392985353
0.3553206828126805
-0.9970776102790357
-0.07561416480744765
-0.9999790168569286
-0.5123022304280934
-0.9990755186544146
-0.6091729603468594
-0.9978391541240256
-0.8409778017249092
-0.9983195652874273
-0.9952682483670497
-0.5702623959143542
-0.9976638746748124
0.41936303610490766
-0.4983313438036252
-0.9953311849092946
-0.3173765662008886
-0.950353518393843
-0.9981429735388424
-0.7990078986349175
-0.9976271282593295
-0.9407937844712226
-0.4906072292806879
-0.9966025280515903
-0.9940146219341689
-0.9954301354834301
-0.9927458064392177
-0.9990398055805597
-0.3638963164412926
-0.7900290570468291
-0.3413371783758534
-0.9877727211547601
-0.861078597836308
-0.8115443241231135
-0.9999725969594796
-0.8591033839528084
-0.9599580235416939
-0.5120114670323201
-0.9994799826337256
-0.8433159440539023
-0.9965440791262984
-0.9500838536239962
-0.8627835093287295
-0.9785195368960767
-0.9976628971980909
-0.8253264864984522
-0.9932234958506517
-0.9432943407863507
-0.9876089698766789
-0.31043193506794753
-0.9995427004085077
-0.9943257793001018
-0.9944185691810111
-0.2025938912209465
-0.9350668372052795
0.6277311016128979
-0.9023625978592594
-0.8464343536842421
-0.9575696790372115
-0.9993482603808134
-0.9110219038055966
0.04991016916388502
-0.9999231019504372
0.6923403413818119
-0.728317034539737
0.07803553379489303
-0.9984547154420023
-0.9236386457854772
-0.5165054795832345
-0.8339536838507066
-0.7866530144376395
0.4010887614738592
-0.5702623959143543
-0.9984286636937134
0.2295101774903685
-0.9998152119772614
-0.8983796705711653
-0.9757920160434802
-0.9997698641396717
-0.9960681243859065
-0.9872231447523355
-0.8495004244423343
-0.8064419040631906
-0.19859586346752
-0.7590910240530259
-0.902799086877187
-0.8952820746464575
-0.9855885030718956
-0.4509255743880539
-0.998296931700998
-0.9882644063075499
-0.9987852407499874
-0.7066808503194671
-0.3654580316820625
-0.9506437746743764
0.2187284605474853
-0.830867805770697
-0.9321774313702917
-0.9998519840763801
-0.24938619550889696
-0.9986591894126735
-0.6695973184128764
-0.9999156305754179
-0.17622974786320034
-0.8451571098992056
-0.9970313601119676
-0.790964003088067
-0.9295998169347405
-0.9998375150607224
-0.5702623959143542
-0.9996147029549235
-0.9848439227941755
-0.9994848911627963
-0.9993356630002986
-0.9992101951881908
-0.9996702386779058
-0.8670592427503866
-0.9774632105444987
-0.9575268069328083
-0.998295281754792
-0.49752020379865725
-0.945039309109605
-0.9853423057181335
-0.6319906693329624
-0.9169251207323093
-0.9999970008122124
-0.999977857745428
-0.9966474401428644
-0.9804648393030652
-0.9815516245909659
-0.9984446503423176
-0.28865296984288513
-0.01942801675353656
-0.7518782571441185
-0.9999515962907342
-0.8404279999102339
-0.5977417911928382
0.9727095644593591
-0.9802564095198284
-0.9993760894710771
-0.20186387770267467
-0.9844098134162542
-0.9985128053696604
-0.9706794746683324
-0.4085497611510821
-0.9998937427030462
-0.9084568856590999
0.0822160081930956
0.3143518913115977
-0.8564191630128446
-0.9815162901628488
-0.996613834744179
-0.9995293465008946
-0.7926616547211238
-0.8492126416846646
-0.9855958835451585
-0.9996418583738005
-0.9951802792631022
-0.3125632866359316
-0.9988440134319316
-0.9864592436889257
-0.9822835840553854
-0.9789183899197857
-0.07561416480744765
-0.9739001133726882
-0.9451166353293085
-0.8311306030388483
-0.9216190802554807
-0.7022063563291152
0.14091080791942412
-0.9975053171787956
-0.9919915287341338
0.7741998449773195
-0.3962048775754662
-0.9310520246326764
-0.9993409661200549
-0.9916250823976315
-0.9879904543817035
-0.8601290714381463
-0.9998150156318025
-0.9423678920740729
0.580978417341339
-0.9972727595178463
-0.9901200983211108
0.026627870559240208
-0.7300274285890727
-0.7229336654422075
-0.8287554506574781
-0.9915230531533329
-0.8403598220031008
-0.9998962601753545
-0.9954162445182116
-0.9814384722714924
-0.9971479261040822
-0.8959135990741139
-0.9985128053696604
-0.9828602200307646
-0.9999682189294575
-0.9828448740499366
-0.9998391754449434
-0.8541818387753449
-0.6826184016622594
-0.9467310772423853
-0.955628885096694
-0.9303148559325373
0.27607378293641394
-0.6853270524999155
-0.852632384622241
-0.6345214104121037
-0.9975977932190466
-0.38559347166315383
-0.9994803647644187
-0.9991871455544254
-0.8348281676665047
-0.917635644982934
-0.9278112904323377
-0.9999060419369049
0.6253615212963757
-0.9990533956901714
-0.9999999999999999
-0.9815162901628487
-0.9996154725818892
-0.9377363987550802
-0.9988122274336136
-0.9998838574468308
-0.9836839477867652
-0.99996030899297
0.7467641506535292
-0.9972727595178464
-0.9967780801156737
-0.9914336248605302
-0.9951615669706241
-0.9388238181066116
-0.999945761697998
-0.9889821509283895
-0.9541237501213694
-0.9999003860900865
-0.997965800601455
-0.9999894299260839
-0.975319208838108
0.7020291275215633
-0.9932800575459041
-0.9942768955076174
-0.5303128553711784
-0.9975595970296515
-0.579401392046702
-0.9997278785043991
-0.9485820260847895
-0.9848515695872184
-0.8391134328652026
0.4199505272472883
-0.9970077508212504
-0.9999005256747965
-0.9998015252035795
-0.9960241527443656
-0.9227918460056606
0.6022846669905404
-0.996814512285505
-0.9979082016176521
-0.6695973184128761
0.933098779736713
-0.9991063521469987
-0.7755470178294134
-0.5344615625155247
-0.47144684834740325
-0.9966138347441791
-0.973134947019696
-0.8558147866728703
-0.41073112454992566
-0.9881253592922548
0.8905447458569771
-0.9985461483738736
-0.9989893397274593
-0.943106398515911
-0.9989699445437337
0.413163023852698
-0.8854826996318852
-0.9939552148243866
-0.8796933516309464
0.1911451578482184
-0.9587685178867047
-0.8494069477120589
-0.9388886216707373
-0.9975977932190467
-0.38259070743226387
0.3153947977767124
-0.9374889557180848
-0.6929695817960666
-0.8379437561817291
-0.8495004244423344
-0.9980793598509148
-0.9971483373732081
-0.9691776047026629
0.5437639400972667
-0.995777939544862
-0.9933011265074523
-0.08027665294204278
-0.9814384722714924
-0.9997182482735232
-0.9989748553579003
-0.9946301332523948
-0.9993760894710771
-0.9927929552714565
-0.9977471113744435
-0.9992429692340187
-0.5018471310860289
-0.9201224113369001
-0.9997812796287451
-0.988509153375716
-0.9889821509283897
-0.998763493358293
-0.997493377949972
-0.8303637598680439
-0.9957773673666178
-0.9996452721484913
-0.9724787794013907
-0.94645145146177
-0.9998006933999454
-0.7824330400576744
-0.8422047348652233
-0.98728821540467
-0.8379437561817284
-0.9975977932190467
-0.988330625028364
0.7247718925775775
-0.9564160323604952
-0.9963710640655038
-0.9973298474936
-0.9382544698796077
-0.8992556500539457
-0.9684109532050043
-0.8361802824876664
-0.9687397049413838
-0.9998391754449436
-0.07923964537645967
-0.8757158699497459
-0.9993807985966315
-0.991859330633568
0.48100903501681636
0.715924289163784
-0.9133693103853423
-0.17679403920454717
-0.9978296550309019
CENT
-0.0554027136928279
-0.6114304915677775
-0.8908273540471641
-0.7445601973032469
-0.9845692652552017
-0.7163893528295118
-0.5623352029387216
-0.7576473874033752
-0.7393406018161925
-0.7870340630639051
-0.8602201930377633
-0.7597421343966522
-0.9999165348211791
-0.9465354918944382
-0.782201684082827
-0.47578385524863187
-0.8586112337942691
-0.9481382835748099
-0.6235757775620692
-0.9795693488492792
-0.8684131625026681
-0.8964097720781257
-0.5889066657093032
-0.5466319156701372
-0.03689114962732776
-0.8518901897038228
-0.9951894146858522
-0.3936702352750727
-0.14848464240885428
-0.8161277677002751
-0.17308434946051032
-0.7049000342249221
-0.4106555747199412
-0.8314001664896613
-0.1441310427286624
-0.7056925431348842
-0.8912083990668788
-0.8420861210597708
-0.9838126410326629
-0.8326637205526428
-0.8655124637857528
-0.8273952169901614
-0.47578385524863187
-0.6966680045232931
-0.7256628293173919
-0.9111884564654098
-0.7265262918314674
-0.8248315646046727
-0.5806738818333865
-0.7193110086424377
-0.7120384308683393
-0.6197259099404457
-0.4124757792237159
-0.944834004467516
0.2188615251751127
-0.9584871664720787
0.16607588227813674
-1.0
-0.8610032010997515
-0.5035999141108387
-0.7480322436349702
-0.6347593802326277
-0.8684131625026681
-0.749733374764427
-0.5876867228806224
-0.7292830664683188
-0.7833544205886873
-0.7726610247660612
-0.7437442168172546
-0.645418607095244
-0.7044712506481348
-0.4721776762691178
-0.7332817816142446
-0.4674146813922856
-1.0
-0.8191383989190889
-0.9527059995033196
-0.5552990674530766
-0.9837517717270969
-0.6841827405016605
-0.9984992530483405
-0.15624419585057636
-0.5834676947119091
-0.5864672294520246
-0.660372329106261
-0.6387003183033073
-0.6801264180167627
-0.7513290452400913
-0.7792198669399231
-0.3500122711405853
-0.2934217958689952
0.03852703364457932
-0.8215373233660286
-0.8460828477269713
-0.5100776568642686
-0.8841367690990023
-0.699576249230437
-0.8471496888641601
-0.9392451821199848
-0.5833795680614304
-0.9344728807009745
-0.7411639524407976
-0.5772577618851215
-0.6178494424408641
-0.5533857568151097
-0.5301055888152251
-0.8028608145278426
-0.8572703222091874
-0.6779338546962552
-0.5062890133012761
-0.5701462168562366
-0.8086845217265874
-0.9928698189829301
-0.9577279453474652
-0.2203838656406546
-0.8622238323236708
-0.8937204133821042
-0.9029883555065267
-0.7481347288431883
-0.5785022349024422
-0.9963364258879447
-0.2808828423113453
-0.19181006424838487
-0.9984992530483405
-0.8551061512447153
-0.7157996377814505
-0.92877041348425
-0.944323189748672
-0.6921613577390133
-0.8464193739499277
0.20939272272678355
-0.6651488016440315
-0.3768125749058071
-0.8033103551150118
-0.9757557219581818
-0.7596452304976549
-0.9922677424621491
0.037825169122295055
-0.9095975812750683
-0.32063341673309165
-0.9479668991673973
-0.5983425007219617
-0.9592793701021448
-0.8316164144432077
-0.9963988196811775
-0.811806150424883
-0.21322947544588222
-0.5404466353838654
-0.9999165348211791
-0.9851255882109841
-0.6497443171165523
-0.3974175236175925
-0.7443204763723457
-0.9999165348211791
-0.6916814751489928
-0.6840158127924019
-0.8008635073272133
-0.7640256156244873
-0.5631029475782017
-0.8698400200635918
-0.6290970969076972
-0.8952488227035106
-0.5834676947119091
-0.7915985597465582
-0.9068325645876797
-0.8037568620695654
-0.6513941573472835
0.020792497957726086
-0.7748706546427269
-0.7263562334106879
-0.942253281725748
-0.9451401379174811
-0.7753757159335662
-0.37543155239642323
-0.9591961764424458
-0.7358617623583852
-0.8444119917423691
-0.532570165751835
-0.43609286800644786
-0.3498196238637561
-0.6071657741991652
-0.8487694627330356
-0.6282891864925542
-0.11035231807825474
-0.7915066837523028
-0.801388936603699
-0.19991904160482765
-0.9667373953282841
-0.6136884067515862
-0.856230796774653
-0.9203539001505932
-0.4101219974503306
0.10193454282025449
-0.518114631469514
-0.38027115658023536
-0.6153015174596708
-0.9178218834545236
-0.07504593800296178
-0.7101067468896207
-0.05536980137345793
-0.8481514797182297
-0.9331003592865486
-0.38455412253581
-0.9577197538444961
-0.9313354176235228
-0.7824387696653752
-0.5348564653477155
-0.9878960583589711
-0.40000716128659786
-0.7120657975494501
-0.45082494593001954
-0.8140200990579022
-0.9643692350158601
-0.8898549425272356
-0.693998623441912
-0.6713848987779364
-0.8325342873756117
-0.3060698807989588
-0.7263891636171391
-0.38425135943851874
-0.9757195565680546
-0.4390406680533626
-0.8952488227035106
-0.9202934242647329
-0.3206799474634715
-0.8600687603320869
-0.1985094656228552
-0.43354484030805185
-0.6928996230044009
-0.6040978760493154
-0.9414488722095328
-0.8134670731194787
1.0
-0.899410249067583
-0.9788383911695734
-0.7982031672604675
-0.5036741322113552
-0.9051037921523436
-0.6872825371775296
-0.959150419136068
-0.18103106382626877
-0.49740887330794237
0.9390527984468799
-0.4537047400375882
-0.6100887166138655
0.5761447956785355
-0.4730328022526672
-0.7801643766822899
-0.9453531661370996
-0.7742291601092619
-0.6020718809516178
-0.9775787277834169
-0.9885959850821187
-0.2220141120968342
-0.4010534584273424
-0.9500871532738333
-0.9527059995033196
-0.6904045381803624
-0.9354282365907325
-0.8952488227035106
-0.8835799675045592
-0.6452908722954254
-0.7683804157677188
-0.7488684670831773
-0.6396817823648004
-0.9943694800529825
-0.6531710571026672
-0.5125858804828476
-0.0010623992303708807
-0.6691401860883056
-0.47813654492671476
-0.6542821987834377
-0.6030702304300246
0.7509589108974051
-0.6217814641704498
-0.8510020827375115
-0.988188833971154
-0.16206233910181111
-0.4817321935831457
-0.7003544062994267
-0.8752288305819887
-0.5263834885964032
-0.8774078518210111
-0.9691699419606484
-0.8468444364337253
-0.39908529546723304
-0.7128680070855304
-0.6334344515891838
-0.9757557219581818
-0.6181548649226465
-0.8062327566306752
-0.37475945408231326
-0.9989298672314225
0.27558752740399006
-0.9781734269142398
-0.9054810168359789
-0.4184415897476971
-0.7669373626982052
-0.7493070067619654
-0.7052367423437242
-0.9410432927987823
-0.9622576856568923
-0.8248315646046727
-0.7402804669624931
-0.6652887188430054
-0.7919381786539267
-0.4791373686833308
-0.05172167823583984
-0.8774506925146357
-0.03600496838782141
0.18066763812411435
-0.9788048178376462
-0.5787400349246641
-0.7443204763723457
-0.8950434153124078
-0.7926131995606458
-0.5306252986394477
-0.5379731121721572
-0.546544620815083
-0.6463438113441516
0.0004073463989888726
-0.9706082758231741
-0.5855448203425737
-0.785400725320703
0.3110361279450333
-0.8551061512447153
-0.9263774546678833
-0.2545361972293012
-0.4043478563467795
-0.8635968827677137
-0.6397797000053536
-0.6969093060960021
-0.9795831834718318
-0.3508505897091452
-0.9584871664720787
-0.9592793701021448
-0.8992950802271434
-0.5127537732493163
-0.9404223094277152
-0.3755467082424836
-0.9538520455148134
-0.7245250024655666
-0.8464193739499277
-0.9274435764928173
-0.6362441491787747
-0.9989298672314225
-0.7596452304976549
-0.8172406924740249
-0.6763621137043175
-0.9696778966291857
0.0661425754989009
-0.8136303184863518
-0.9608984342569947
-0.18851437153285078
-0.4421221926646264
-0.3526510006385677
-0.44457383443526755
-0.9346698331466181
0.7764538692326897
-0.7822333080395341
-0.9607947798692
-0.747398432587562
-0.7661730781075956
0.7069349517399326
-0.28630311169837797
-0.532898936145547
-0.8991276954560689
-0.7720636760453878
-0.7832621126152097
-0.9984992530483405
-0.9410432927987823
-0.9390223631702231
-0.5963354254752111
-0.6034751921540503
-0.9922677424621491
-0.31270654494116923
-0.9901115268746377
-0.8184609680270615
-0.9795831834718318
-0.8127501118441447
-0.9448004342529667
-0.8400261099790999
-0.8125051456630284
-0.8889649408423373
-0.9321259517392331
-0.3630088901559747
-0.960384497935628
-0.9154134519169477
-0.9586683363048162
-0.41973689026254446
-0.7160680521849101
-0.7880378760834684
0.0044468645056889855
-0.7926745272159039
-0.6278855996047701
-0.5522207814008588
-0.9755848425386106
0.881904113943947
-0.7144385408379545
-0.5733962132807042
-0.8626380597900734
-0.8581245051901074
-0.9129255395773817
-0.7854744659093366
-0.7270478977467869
-0.7275550516600717
-0.7362868923216568
-0.5603098301557492
-0.9008379196281516
-0.9775787277834169
-0.7040258770906498
-0.7148120315506247
-0.8977614799744351
-0.9832308484646598
-0.6800357213750724
-0.9622576856568923
0.25659246332964747
0.420597813352513
-0.9751797917978321
-0.6073453840475485
-0.22845422920902847
-0.9725516859543032
-0.7290506809049948
-0.4745842397450891
-0.7977034058074168
-0.5848809521796553
-0.11055814228206651
-0.6394501226340232
0.20787672600122198
-0.5973768359419402
-0.9731979986080593
0.04614937815609821
-0.9997936684565218
-0.7822333080395341
-0.992066831452575
-0.7200411158588951
-0.26020018033931724
-0.5975258442536202
-0.7671037022776318
-0.8134670731194787
-0.6037068221066143
-0.9110077552495623
-0.6438328061434373
-0.30369286845753907
-0.9202179757615973
-0.4469231493860981
-0.48489136606875294
-0.8464193739499277
-0.66517557558192
-0.8588476605831885
-0.8035235057711239
-0.6181548649226465
-0.9642161604530964
-0.7689019668932437
-0.9068880893106936
-0.9512293732474703
-0.17799710563044635
-0.9911764495016999
-0.0029066945755155116
-0.9321259517392331
-0.6369167960759878
-0.47786023010737666
0.4223857125039101
-0.5365225152611304
-0.8075957614581194
-0.9756828991736681
-0.9823105297658142
-0.774728630984005
-0.9797010340913379
-0.4704087614952033
-0.8749987125509042
-0.7671037022776318
-0.7822333080395341
-0.9277221110623757
-0.7865295358916792
-0.5549107963933149
-0.9392534439411379
-0.5518626148884087
-0.4267484165591773
-0.9946090206824882
-0.9829182956044623
-0.06404008791205607
-0.47433842929431014
-0.9696778966291857
-0.6282743673659192
-0.7074513045006415
-0.757529240980136
-0.8685407808946142
-0.8157436377865561
-0.8569926485021792
-0.8964232962118673
-0.7573888544660421
-0.1642267788042402
DEGREE_RANK
-0.6422764227642277
0.07723577235772372
-0.35365853658536595
-0.10975609756097571
-0.9024390243902439
0.08130081300813008
0.6382113821138213
-0.451219512195122
0.25609756097560976
-0.2479674796747967
0.8130081300813008
0.43089430894308944
-0.9959349593495935
-0.10569105691056913
-0.7276422764227642
0.434959349593496
-0.6382113821138211
-0.8739837398373984
0.08536585365853666
-0.7967479674796748
-0.34959349593495936
-0.44715447154471544
0.26016260162601634
-0.10162601626016265
-0.24390243902439035
-0.6341463414634145
-0.8983739837398375
0.2642276422764227
0.4390243902439024
0.7195121951219512
-0.5447154471544715
-0.09756097560975618
-0.6300813008130082
-0.3455284552845529
-0.3414634146341464
0.6422764227642277
-0.8455284552845529
-0.09349593495934971
-0.8414634146341463
-0.44308943089430897
-0.23983739837398377
-0.991869918699187
0.44308943089430897
0.910569105691057
0.8170731707317074
-0.540650406504065
-0.08943089430894313
0.08943089430894324
0.646341463414634
0.0934959349593496
-0.08536585365853666
-0.7235772357723578
0.9390243902439024
-0.9308943089430894
0.44715447154471555
0.4512195121951219
0.4552845528455285
-0.9878048780487805
-0.2357723577235773
0.09756097560975618
-0.8373983739837398
-0.08130081300813019
-0.33739837398373995
0.2682926829268293
0.45934959349593507
0.8658536585365855
-0.07723577235772361
0.7886178861788617
-0.07317073170731714
-0.4390243902439025
-0.7926829268292683
0.6504065040650406
-0.434959349593496
0.8211382113821137
-0.8699186991869918
-0.06910569105691056
-0.33333333333333337
-0.0650406504065042
-0.8658536585365854
0.27235772357723587
-0.983739837398374
0.10162601626016254
0.46341463414634143
0.467479674796748
0.9593495934959348
-0.060975609756097615
0.10569105691056913
0.2764227642276422
-0.23170731707317072
0.9918699186991868
0.9959349593495936
-0.22764227642276436
0.2804878048780488
0.10975609756097571
-0.6260162601626016
0.2845528455284554
-0.22357723577235777
-0.6219512195121951
-0.926829268292683
-0.43089430894308944
-0.6178861788617886
-0.426829268292683
0.4715447154471544
0.8699186991869918
0.11382113821138207
0.11788617886178865
-0.056910569105691144
-0.05284552845528456
0.6544715447154472
0.6585365853658536
0.8252032520325203
-0.7886178861788617
-0.7195121951219512
-0.7845528455284553
-0.3292682926829268
-0.5365853658536586
0.12195121951219523
0.1260162601626016
0.4756097560975612
0.6626016260162602
-0.8943089430894309
0.6666666666666665
0.7235772357723576
-0.9796747967479675
0.28861788617886175
-0.32520325203252043
-0.9227642276422764
0.8292682926829267
-0.0487804878048782
0.13008130081300817
-0.4227642276422765
0.13414634146341475
0.7276422764227644
-0.04471544715447162
-0.7154471544715446
0.5853658536585367
-0.7113821138211383
0.29268292682926833
-0.9186991869918699
-0.6138211382113822
-0.975609756097561
0.8333333333333335
0.2967479674796749
-0.7804878048780488
-0.8902439024390244
0.30081300813008127
0.7317073170731707
-0.04065040650406504
-0.9715447154471545
-0.9512195121951219
0.9634146341463417
-0.7073170731707317
0.7357723577235773
-0.967479674796748
0.1382113821138211
-0.03658536585365857
0.30487804878048785
-0.2195121951219513
-0.21544715447154472
-0.7764227642276422
0.1422764227642277
0.47967479674796754
0.4837398373983739
0.7398373983739837
-0.5325203252032521
-0.5284552845528456
-0.0325203252032521
0.14634146341463405
-0.21138211382113836
-0.41869918699187003
-0.32113821138211385
-0.41463414634146345
0.4878048780487805
0.6707317073170733
-0.524390243902439
-0.028455284552845628
-0.20731707317073178
-0.7032520325203252
0.589430894308943
0.49186991869918706
0.7439024390243902
0.6747967479674797
0.3089430894308942
0.5934959349593496
-0.8617886178861789
0.8373983739837398
0.678861788617886
-0.6097560975609757
-0.6991869918699187
0.15040650406504086
-0.2032520325203252
-0.024390243902439046
0.943089430894309
0.6829268292682928
-0.020325203252032575
0.8414634146341462
-0.19918699186991873
-0.41056910569105687
-0.4065040650406505
-0.3170731707317074
-0.5203252032520325
-0.4024390243902439
-0.6056910569105691
-0.19512195121951226
-0.1910569105691058
0.9146341463414633
0.4959349593495934
-0.6951219512195123
-0.3130081300813008
-0.016260162601626105
0.313008130081301
0.15447154471544722
-0.8861788617886179
0.8739837398373982
0.3170731707317074
0.878048780487805
0.32113821138211374
-0.1869918699186992
0.3252032520325203
0.5
-0.18292682926829273
0.845528455284553
0.5040650406504066
-0.012195121951219634
0.8821138211382114
-0.7723577235772358
0.5975609756097562
-0.39837398373983746
-0.6910569105691058
-0.5162601626016261
-0.5121951219512195
-0.008130081300813052
0.5081300813008132
0.5121951219512195
-0.30894308943089444
0.3292682926829269
0.5162601626016259
0.33333333333333326
0.15853658536585358
-0.5081300813008129
-0.6869918699186992
-0.30487804878048785
0.33739837398373984
0.6869918699186992
0.3414634146341464
0.7479674796747968
0.5203252032520327
-0.3943089430894309
-0.5040650406504065
0.8495934959349594
-0.004065040650406582
-0.5
-0.7682926829268293
0.6910569105691056
0.975609756097561
-0.8333333333333334
-0.3008130081300814
0.16260162601626016
-0.3902439024390245
0.524390243902439
-0.6016260162601625
0.345528455284553
-0.38617886178861793
-0.49593495934959353
-0.17886178861788626
-0.9390243902439024
0.7926829268292683
0.5284552845528454
0.34959349593495936
0.0
0.6016260162601625
-0.2967479674796748
0.16666666666666674
-0.29268292682926844
0.6056910569105691
-0.9471544715447154
-0.943089430894309
-0.1747967479674798
-0.1707317073170732
-0.5975609756097562
-0.28861788617886186
0.6951219512195121
0.7967479674796747
-0.16666666666666674
-0.8577235772357723
0.532520325203252
0.5365853658536586
0.9796747967479675
-0.6829268292682926
-0.2845528455284553
0.8008130081300815
-0.16260162601626027
-0.7642276422764228
-0.1585365853658537
0.004065040650406582
-0.5934959349593496
0.3536585365853657
0.5406504065040652
0.8048780487804879
0.8861788617886177
-0.589430894308943
-0.38211382113821146
0.1707317073170731
0.17479674796747968
0.8902439024390245
-0.6788617886178863
-0.3780487804878049
0.3577235772357725
-0.15447154471544722
0.17886178861788626
-0.2804878048780488
-0.7601626016260162
0.3617886178861789
0.7520325203252032
-0.49186991869918695
0.5447154471544715
0.8536585365853657
0.6097560975609757
-0.5853658536585366
0.7560975609756098
-0.15040650406504064
-0.27642276422764234
0.9471544715447153
0.36585365853658525
0.36991869918699183
0.3739837398373984
-0.14634146341463428
-0.6747967479674797
0.18292682926829285
-0.3739837398373984
0.008130081300812941
0.9512195121951219
-0.4878048780487806
0.012195121951219523
0.5487804878048781
0.378048780487805
-0.8292682926829269
0.38211382113821135
-0.1422764227642277
0.6138211382113821
-0.9146341463414634
0.1869918699186992
0.19105691056910556
-0.13821138211382122
0.19512195121951237
-0.7560975609756098
0.6178861788617886
-0.8821138211382114
-0.36991869918699194
-0.9105691056910569
0.6991869918699187
0.38617886178861793
-0.6707317073170731
0.19918699186991873
-0.13414634146341464
0.7601626016260163
0.016260162601626105
-0.27235772357723587
0.7032520325203253
0.3902439024390245
0.2032520325203251
0.20731707317073167
-0.8252032520325203
-0.2682926829268293
0.3943089430894309
0.21138211382113825
-0.8211382113821138
0.9186991869918699
-0.483739837398374
-0.9634146341463414
-0.5813008130081301
-0.47967479674796754
0.39837398373983723
-0.2642276422764228
-0.6666666666666666
-0.5772357723577236
-0.959349593495935
0.967479674796748
-0.47560975609756095
0.21544715447154483
0.020325203252032686
-0.7520325203252033
0.024390243902439046
-0.8780487804878049
0.2195121951219512
0.5528455284552847
-0.8170731707317074
-0.4715447154471546
-1.0
0.621951219512195
0.9227642276422765
0.40243902439024404
-0.7479674796747967
0.556910569105691
0.4065040650406504
0.7642276422764227
-0.5731707317073171
0.22357723577235777
0.6260162601626016
0.8089430894308942
0.8577235772357723
-0.6626016260162602
-0.9552845528455285
-0.8536585365853658
-0.36585365853658536
0.5609756097560974
0.9268292682926829
0.6300813008130082
-0.3617886178861789
-0.467479674796748
0.9715447154471544
-0.8130081300813008
0.22764227642276436
-0.6585365853658537
0.23170731707317072
-0.3577235772357724
0.028455284552845406
0.9308943089430894
-0.46341463414634154
0.23577235772357708
1.0
-0.5691056910569106
0.03252032520325221
0.410569105691057
-0.5650406504065042
0.9552845528455285
0.5650406504065042
-0.26016260162601634
0.7682926829268293
0.7723577235772359
-0.5609756097560976
0.9837398373983739
-0.9349593495934959
0.41463414634146334
-0.556910569105691
0.8617886178861789
0.5691056910569106
0.03658536585365857
0.8943089430894309
0.04065040650406493
0.5731707317073171
-0.7439024390243902
0.04471544715447173
0.9878048780487805
-0.6544715447154472
0.04878048780487809
0.7073170731707317
0.23983739837398388
-0.13008130081300828
0.052845528455284674
-0.1260162601626017
-0.2560975609756099
-0.5528455284552845
-0.12195121951219512
-0.8495934959349594
-0.5487804878048781
0.4186991869918699
-0.8089430894308943
0.05691056910569103
0.24390243902439024
-0.11788617886178865
0.24796747967479682
0.7764227642276422
0.060975609756097615
-0.8048780487804879
-0.7398373983739838
-0.45934959349593496
-0.4552845528455285
-0.6504065040650406
0.8983739837398375
0.0650406504065042
0.9024390243902438
0.4227642276422765
0.5772357723577235
0.934959349593496
-0.11382113821138218
-0.2520325203252033
-0.6463414634146343
0.2520325203252034
-0.8008130081300813
-0.7357723577235773
0.7113821138211383
0.6341463414634145
-0.9065040650406504
0.7804878048780488
0.42682926829268286
-0.7317073170731707
0.06910569105691056
0.7845528455284552
0.9065040650406504
0.5813008130081301
0.7154471544715448
0.07317073170731692
EIGENVECTOR_RANK
-0.27235772357723587
-0.7154471544715446
-0.36585365853658536
-0.30487804878048785
-0.6097560975609757
0.6341463414634145
0.7560975609756098
-0.10975609756097571
0.7235772357723576
-0.17886178861788626
0.8577235772357723
0.8008130081300815
-0.975609756097561
0.5813008130081301
-0.7601626016260162
0.19918699186991873
-0.3780487804878049
-0.7764227642276422
0.5
-0.41056910569105687
-0.8089430894308943
0.4715447154471544
0.016260162601626105
0.1707317073170731
-0.33333333333333337
0.19105691056910556
-0.0487804878048782
0.28861788617886175
-0.6138211382113822
-0.23170731707317072
-0.556910569105691
0.07723577235772372
-0.2479674796747967
0.04065040650406493
0.04878048780487809
0.1260162601626016
-0.7073170731707317
-0.45934959349593496
-0.020325203252032575
-0.03658536585365857
0.36991869918699183
-0.9024390243902439
0.2032520325203251
0.9186991869918699
0.3292682926829269
-0.004065040650406582
-0.4024390243902439
-0.7642276422764228
0.6991869918699187
0.15853658536585358
0.5853658536585367
-0.3902439024390245
0.4390243902439024
-0.9796747967479675
0.5772357723577235
0.8333333333333335
0.0650406504065042
-0.943089430894309
-0.3739837398373984
0.2764227642276422
-0.9308943089430894
-0.8008130081300813
-0.8130081300813008
-0.1747967479674798
0.6382113821138213
0.3617886178861789
-0.5691056910569106
0.878048780487805
0.2520325203252034
-0.7113821138211383
-0.36991869918699194
0.8536585365853657
-0.10162601626016265
0.49186991869918706
-0.6544715447154472
0.44308943089430897
0.5203252032520327
-0.6747967479674797
-0.5772357723577236
0.012195121951219523
-0.991869918699187
0.6178861788617886
-0.5365853658536586
0.27235772357723587
0.975609756097561
-0.3617886178861789
0.7154471544715448
-0.1707317073170732
0.060975609756097615
1.0
0.9878048780487805
0.30081300813008127
0.7764227642276422
-0.5853658536585366
-0.26016260162601634
-0.07317073170731714
-0.8211382113821138
0.42682926829268286
-0.9105691056910569
0.08943089430894324
-0.7804878048780488
-0.6341463414634145
0.16260162601626016
0.9593495934959348
-0.04065040650406504
0.5081300813008132
-0.19512195121951226
-0.4065040650406505
0.8414634146341462
-0.4227642276422765
0.8943089430894309
-0.8414634146341463
-0.5447154471544715
-0.49593495934959353
0.3902439024390245
-0.2357723577235773
0.8048780487804879
-0.13008130081300828
-0.24390243902439035
0.45934959349593507
0.2682926829268293
0.5487804878048781
0.30487804878048785
-1.0
-0.7235772357723578
-0.4552845528455285
-0.8373983739837398
0.9552845528455285
-0.4390243902439025
-0.08536585365853666
-0.14634146341463428
0.5406504065040652
-0.15040650406504064
0.15040650406504086
-0.0650406504065042
-0.12195121951219512
-0.8821138211382114
0.25609756097560976
-0.9146341463414634
-0.2804878048780488
-0.959349593495935
0.47967479674796754
0.5609756097560974
0.3414634146341464
0.23170731707317072
0.17886178861788626
0.24796747967479682
0.024390243902439046
-0.967479674796748
-0.926829268292683
0.8983739837398375
-0.4715447154471546
0.8211382113821137
-0.9715447154471545
0.6747967479674797
-0.6869918699186992
0.6300813008130082
-0.5528455284552845
0.410569105691057
-0.5975609756097562
-0.3455284552845529
0.6585365853658536
-0.5325203252032521
0.910569105691057
0.6869918699186992
-0.34959349593495936
0.7520325203252032
0.07317073170731692
-0.5813008130081301
0.5121951219512195
-0.524390243902439
0.12195121951219523
0.6951219512195121
-0.426829268292683
-0.3130081300813008
-0.3577235772357724
-0.2845528455284553
-0.6788617886178863
0.7439024390243902
0.5284552845528454
0.7479674796747968
-0.19918699186991873
0.33333333333333326
0.4959349593495934
-0.9552845528455285
0.345528455284553
0.020325203252032686
0.678861788617886
-0.7479674796747967
0.40243902439024404
-0.41869918699187003
0.08130081300813008
0.3252032520325203
-0.05284552845528456
-0.5284552845528456
0.4878048780487805
-0.29268292682926844
0.10975609756097571
-0.1910569105691058
0.7642276422764227
-0.7723577235772358
-0.32113821138211385
-0.32520325203252043
0.7804878048780488
0.15447154471544722
0.943089430894309
0.2642276422764227
0.3943089430894309
0.03252032520325221
-0.7317073170731707
0.23983739837398388
0.8373983739837398
-0.9227642276422764
0.9471544715447153
0.5691056910569106
0.845528455284553
-0.6178861788617886
0.20731707317073167
0.6707317073170733
0.4552845528455285
0.532520325203252
0.9024390243902438
0.6544715447154472
-0.6016260162601625
0.8739837398373982
-0.8577235772357723
0.2845528455284554
-0.0325203252032521
-0.8292682926829269
-0.39837398373983746
-0.18292682926829273
0.3739837398373984
0.5040650406504066
0.7886178861788617
0.5528455284552847
0.26016260162601634
0.2967479674796749
-0.1585365853658537
0.7073170731707317
-0.5934959349593496
-0.21138211382113836
-0.6463414634146343
0.589430894308943
0.7398373983739837
0.06910569105691056
0.8699186991869918
0.467479674796748
0.16666666666666674
-0.8739837398373984
0.7723577235772359
-0.6382113821138211
0.6097560975609757
-0.9186991869918699
0.7967479674796747
0.39837398373983723
-0.467479674796748
0.524390243902439
0.1869918699186992
-0.8617886178861789
0.6504065040650406
-0.7845528455284553
-0.13821138211382122
-0.7560975609756098
-0.7195121951219512
-0.6991869918699187
-0.8048780487804879
0.32113821138211374
-0.04471544715447162
0.03658536585365857
-0.589430894308943
0.6910569105691056
0.10569105691056913
-0.15447154471544722
0.6260162601626016
0.22764227642276436
-0.9878048780487805
-0.9634146341463414
-0.44308943089430897
-0.06910569105691056
-0.09756097560975618
-0.6056910569105691
0.7682926829268293
0.8252032520325203
0.556910569105691
-0.9390243902439024
0.41463414634146334
0.6422764227642277
0.9959349593495936
-0.060975609756097615
-0.7398373983739838
0.7845528455284552
-0.13414634146341464
-0.6260162601626016
-0.008130081300813052
0.7195121951219512
-0.8861788617886179
0.24390243902439024
0.8495934959349594
0.8861788617886177
0.34959349593495936
-0.08943089430894313
-0.43089430894308944
-0.7682926829268293
0.5162601626016259
0.38617886178861793
-0.16260162601626027
-0.7926829268292683
-0.3414634146341464
0.7601626016260163
-0.6585365853658537
-0.16666666666666674
-0.10569105691056913
-0.056910569105691144
0.8170731707317074
-0.024390243902439046
0.10162601626016254
0.46341463414634143
0.21544715447154483
0.5934959349593496
0.8617886178861789
-0.5040650406504065
-0.27642276422764234
0.9796747967479675
0.7276422764227644
0.17479674796747968
-0.7276422764227642
-0.2642276422764228
-0.2032520325203252
0.33739837398373984
-0.8536585365853658
0.11788617886178865
0.9308943089430894
-0.483739837398374
-0.23983739837398377
0.8292682926829267
0.5650406504065042
0.5731707317073171
0.4837398373983739
-0.2560975609756099
0.4186991869918699
-0.8902439024390244
-0.35365853658536595
-0.07723577235772361
-0.47560975609756095
0.29268292682926833
-0.6219512195121951
-0.11788617886178865
-0.9512195121951219
-0.11382113821138218
-0.8658536585365854
0.3577235772357725
0.6056910569105691
0.0934959349593496
0.052845528455284674
0.18292682926829285
0.8821138211382114
0.6016260162601625
0.36585365853658525
0.621951219512195
-0.5203252032520325
0.7317073170731707
-0.7520325203252033
-0.6951219512195123
0.4512195121951219
0.22357723577235777
0.19512195121951237
-0.9065040650406504
0.9390243902439024
-0.6829268292682926
-0.9959349593495935
-0.09349593495934971
-0.7886178861788617
0.1422764227642277
-0.6504065040650406
-0.8780487804878049
-0.1260162601626017
-0.9471544715447154
0.9715447154471544
-0.4878048780487806
-0.44715447154471544
-0.2520325203252033
-0.33739837398373995
0.13414634146341475
-0.9349593495934959
-0.22357723577235777
0.05691056910569103
-0.8943089430894309
-0.5650406504065042
-0.983739837398374
-0.028455284552845628
0.9512195121951219
-0.2967479674796748
-0.3170731707317074
0.6666666666666665
-0.5081300813008129
0.646341463414634
-0.8252032520325203
0.08536585365853666
-0.1422764227642277
0.4227642276422765
0.9146341463414633
-0.46341463414634154
-0.8983739837398375
-0.8495934959349594
-0.3943089430894309
0.21138211382113825
0.934959349593496
-0.451219512195122
-0.5609756097560976
0.6138211382113821
0.9918699186991868
-0.6910569105691058
0.5447154471544715
0.6626016260162602
0.7032520325203253
-0.434959349593496
-0.016260162601626105
0.3536585365853657
0.7113821138211383
-0.20731707317073178
0.9837398373983739
-0.6300813008130082
-0.6707317073170731
0.11382113821138207
-0.6626016260162602
0.9065040650406504
0.3089430894308942
-0.30894308943089444
0.313008130081301
0.8658536585365855
0.028455284552845406
0.38211382113821135
0.13008130081300817
-0.5162601626016261
0.7357723577235773
0.8902439024390245
0.14634146341463405
0.5975609756097562
0.434959349593496
0.378048780487805
-0.5731707317073171
-0.47967479674796754
0.0
0.9268292682926829
-0.38617886178861793
-0.3008130081300814
0.8089430894308942
-0.08130081300813019
-0.8170731707317074
-0.6666666666666666
-0.3292682926829268
-0.7357723577235773
-0.28861788617886186
-0.540650406504065
-0.7032520325203252
0.6829268292682928
0.2195121951219512
-0.8333333333333334
-0.2195121951219513
-0.22764227642276436
-0.6422764227642277
-0.5
0.4756097560975612
-0.38211382113821146
-0.7967479674796748
-0.012195121951219634
0.09756097560975618
-0.8455284552845529
0.5365853658536586
0.4065040650406504
-0.1869918699186992
0.43089430894308944
-0.5121951219512195
-0.21544715447154472
0.967479674796748
0.04471544715447173
-0.41463414634146345
-0.49186991869918695
0.1382113821138211
0.2804878048780488
0.008130081300812941
0.44715447154471555
0.004065040650406582
-0.8699186991869918
0.8130081300813008
0.3170731707317074
-0.7439024390243902
-0.2682926829268293
0.9227642276422765
0.9634146341463417
0.23577235772357708
0.7926829268292683
-0.5487804878048781
CENT_RANK
0.8739837398373982
0.34959349593495936
-0.47560975609756095
0.0
-0.8943089430894309
0.08536585365853666
0.46341463414634143
-0.04065040650406504
0.024390243902439046
-0.1585365853658537
-0.4024390243902439
-0.05284552845528456
-0.991869918699187
-0.6869918699186992
-0.11788617886178865
0.589430894308943
-0.3902439024390245
-0.6951219512195123
0.3170731707317074
-0.8577235772357723
-0.43089430894308944
-0.5040650406504065
0.40243902439024404
0.49186991869918706
0.8861788617886177
-0.3617886178861789
-0.9471544715447154
0.6991869918699187
0.8495934959349594
-0.2642276422764228
0.8333333333333335
0.13414634146341475
0.6707317073170733
-0.2967479674796748
0.8536585365853657
0.1260162601626016
-0.47967479674796754
-0.3170731707317074
-0.8902439024390244
-0.30894308943089444
-0.4227642276422765
-0.29268292682926844
0.5934959349593496
0.15853658536585358
0.06910569105691056
-0.5609756097560976
0.05691056910569103
-0.28861788617886186
0.434959349593496
0.08130081300813008
0.11382113821138207
0.3252032520325203
0.6666666666666665
-0.6747967479674797
0.9512195121951219
-0.7317073170731707
0.934959349593496
-1.0
-0.4065040650406505
0.5609756097560974
-0.008130081300813052
0.29268292682926833
-0.426829268292683
-0.024390243902439046
0.4065040650406504
0.04065040650406493
-0.1422764227642277
-0.08943089430894313
0.012195121951219523
0.25609756097560976
0.1382113821138211
0.6097560975609757
0.03658536585365857
0.6178861788617886
-0.9959349593495935
-0.27642276422764234
-0.7113821138211383
0.4715447154471544
-0.8861788617886179
0.1869918699186992
-0.967479674796748
0.845528455284553
0.4227642276422765
0.410569105691057
0.23170731707317072
0.2804878048780488
0.19512195121951237
-0.028455284552845628
-0.10975609756097571
0.7439024390243902
0.7723577235772359
0.9186991869918699
-0.2804878048780488
-0.32520325203252043
0.5487804878048781
-0.46341463414634154
0.15040650406504086
-0.3455284552845529
-0.6382113821138211
0.43089430894308944
-0.6219512195121951
0.016260162601626105
0.44715447154471555
0.33739837398373984
0.47967479674796754
0.5284552845528454
-0.2032520325203252
-0.38211382113821146
0.2032520325203251
0.5528455284552847
0.4552845528455285
-0.22764227642276436
-0.9349593495934959
-0.7235772357723578
0.8008130081300815
-0.41056910569105687
-0.483739837398374
-0.5325203252032521
-0.012195121951219634
0.44308943089430897
-0.9512195121951219
0.7804878048780488
0.8170731707317074
-0.9634146341463414
-0.36991869918699194
0.0934959349593496
-0.6016260162601625
-0.6666666666666666
0.1707317073170731
-0.33739837398373995
0.9471544715447153
0.22764227642276436
0.7154471544715448
-0.20731707317073178
-0.8333333333333334
-0.0487804878048782
-0.9308943089430894
0.9146341463414633
-0.5528455284552845
0.7560975609756098
-0.6910569105691058
0.38617886178861793
-0.7520325203252033
-0.3008130081300814
-0.9552845528455285
-0.23170731707317072
0.8048780487804879
0.5
-0.9878048780487805
-0.8983739837398375
0.24796747967479682
0.6951219512195121
0.004065040650406582
-0.983739837398374
0.17479674796747968
0.19105691056910556
-0.19512195121951226
-0.056910569105691144
0.45934959349593507
-0.4390243902439025
0.30081300813008127
-0.5
0.42682926829268286
-0.1707317073170732
-0.5447154471544715
-0.21544715447154472
0.24390243902439024
0.910569105691057
-0.10162601626016265
0.0650406504065042
-0.6626016260162602
-0.6788617886178863
-0.10569105691056913
0.7235772357723576
-0.7439024390243902
0.03252032520325221
-0.32113821138211385
0.5203252032520327
0.646341463414634
0.7479674796747968
0.3617886178861789
-0.35365853658536595
0.30487804878048785
0.8617886178861789
-0.16666666666666674
-0.19918699186991873
0.8089430894308942
-0.7845528455284553
0.345528455284553
-0.3739837398373984
-0.5853658536585366
0.6747967479674797
0.9308943089430894
0.5365853658536586
0.7113821138211383
0.3414634146341464
-0.5731707317073171
0.8658536585365855
0.11788617886178865
0.878048780487805
-0.34959349593495936
-0.6178861788617886
0.7032520325203253
-0.7195121951219512
-0.6056910569105691
-0.13414634146341464
0.5121951219512195
-0.9024390243902439
0.6869918699186992
0.10975609756097571
0.6260162601626016
-0.2560975609756099
-0.7804878048780488
-0.4715447154471546
0.16260162601626016
0.21138211382113825
-0.30487804878048785
0.7642276422764227
0.060975609756097615
0.7073170731707317
-0.8252032520325203
0.6422764227642277
-0.49593495934959353
-0.5813008130081301
0.7520325203252032
-0.39837398373983746
0.8130081300813008
0.6504065040650406
0.16666666666666674
0.36585365853658525
-0.6585365853658537
-0.2479674796747967
1.0
-0.524390243902439
-0.8536585365853658
-0.1910569105691058
0.556910569105691
-0.5365853658536586
0.18292682926829285
-0.7398373983739838
0.8252032520325203
0.5650406504065042
0.9959349593495936
0.621951219512195
0.3536585365853657
0.975609756097561
0.6056910569105691
-0.11382113821138218
-0.6829268292682926
-0.09349593495934971
0.38211382113821135
-0.8414634146341463
-0.9105691056910569
0.7967479674796747
0.6829268292682928
-0.6991869918699187
-0.7073170731707317
0.17886178861788626
-0.6300813008130082
-0.49186991869918695
-0.45934959349593496
0.26016260162601634
-0.07723577235772361
-0.016260162601626105
0.27235772357723587
-0.9390243902439024
0.23983739837398388
0.5447154471544715
0.8983739837398375
0.21544715447154483
0.5813008130081301
0.23577235772357708
0.378048780487805
0.9837398373983739
0.32113821138211374
-0.3577235772357724
-0.9065040650406504
0.8414634146341462
0.5731707317073171
0.14634146341463405
-0.44715447154471544
0.532520325203252
-0.451219512195122
-0.7886178861788617
-0.3414634146341464
0.6910569105691056
0.10569105691056913
0.2967479674796749
-0.8292682926829269
0.3292682926829269
-0.2195121951219513
0.7276422764227644
-0.975609756097561
0.9593495934959348
-0.8455284552845529
-0.540650406504065
0.6626016260162602
-0.0650406504065042
-0.020325203252032575
0.13008130081300817
-0.6544715447154472
-0.7723577235772358
-0.2845528455284553
0.020325203252032686
0.2195121951219512
-0.1747967479674798
0.5772357723577235
0.8821138211382114
-0.4552845528455285
0.8902439024390245
0.9390243902439024
-0.8495934959349594
0.4390243902439024
0.008130081300812941
-0.4878048780487806
-0.17886178861788626
0.524390243902439
0.5040650406504066
0.4959349593495934
0.2520325203252034
0.9024390243902438
-0.8008130081300813
0.41463414634146334
-0.14634146341463428
0.9634146341463417
-0.36585365853658536
-0.589430894308943
0.7886178861788617
0.678861788617886
-0.41869918699187003
0.2682926829268293
0.15447154471544722
-0.8658536585365854
0.7398373983739837
-0.7276422764227642
-0.7479674796747967
-0.5203252032520325
0.5406504065040652
-0.6463414634146343
0.7195121951219512
-0.7154471544715446
0.07317073170731692
-0.33333333333333337
-0.5934959349593496
0.28861788617886175
-0.9715447154471545
-0.04471544715447162
-0.2682926829268293
0.20731707317073167
-0.7967479674796748
0.9268292682926829
-0.2520325203252033
-0.7642276422764228
0.8211382113821137
0.6382113821138213
0.7357723577235773
0.6341463414634145
-0.6260162601626016
0.9878048780487805
-0.13008130081300828
-0.7601626016260162
-0.004065040650406582
-0.060975609756097615
0.9796747967479675
0.7764227642276422
0.5162601626016259
-0.5162601626016261
-0.08536585365853666
-0.13821138211382122
-0.959349593495935
-0.6504065040650406
-0.6341463414634145
0.39837398373983723
0.3739837398373984
-0.926829268292683
0.7601626016260163
-0.9146341463414634
-0.27235772357723587
-0.8617886178861789
-0.23983739837398377
-0.6707317073170731
-0.3130081300813008
-0.2357723577235773
-0.467479674796748
-0.6138211382113822
0.7317073170731707
-0.7560975609756098
-0.5691056910569106
-0.7357723577235773
0.6585365853658536
0.08943089430894324
-0.16260162601626027
0.9065040650406504
-0.18292682926829273
0.313008130081301
0.4837398373983739
-0.8170731707317074
0.9918699186991868
0.10162601626016254
0.4512195121951219
-0.41463414634146345
-0.38617886178861793
-0.5650406504065042
-0.15040650406504064
0.052845528455284674
0.04878048780487809
0.028455284552845406
0.467479674796748
-0.5284552845528456
-0.8373983739837398
0.1422764227642277
0.09756097560975618
-0.5121951219512195
-0.8821138211382114
0.19918699186991873
-0.7682926829268293
0.9552845528455285
0.967479674796748
-0.8130081300813008
0.3577235772357725
0.7926829268292683
-0.8048780487804879
0.04471544715447173
0.5975609756097562
-0.1869918699186992
0.4186991869918699
0.8577235772357723
0.2764227642276422
0.943089430894309
0.3943089430894309
-0.8089430894308943
0.9227642276422765
-0.9796747967479675
-0.1260162601626017
-0.9227642276422764
0.07723577235772372
0.7845528455284552
0.3902439024390245
-0.07317073170731714
-0.24390243902439035
0.36991869918699183
-0.556910569105691
0.2642276422764227
0.7682926829268293
-0.5772357723577236
0.6300813008130082
0.5691056910569106
-0.3292682926829268
0.22357723577235777
-0.3943089430894309
-0.21138211382113836
0.33333333333333326
-0.7764227642276422
-0.08130081300813019
-0.5487804878048781
-0.7032520325203252
0.8292682926829267
-0.9186991869918699
0.8943089430894309
-0.6097560975609757
0.2845528455284554
0.5853658536585367
0.9715447154471544
0.5081300813008132
-0.22357723577235777
-0.8211382113821138
-0.8739837398373984
-0.09756097560975618
-0.8699186991869918
0.6138211382113821
-0.44308943089430897
-0.06910569105691056
-0.12195121951219512
-0.5975609756097562
-0.15447154471544722
0.4756097560975612
-0.6422764227642277
0.4878048780487805
0.6544715447154472
-0.943089430894309
-0.8780487804878049
0.8699186991869918
0.6016260162601625
-0.7926829268292683
0.3089430894308942
0.12195121951219523
-0.03658536585365857
-0.434959349593496
-0.26016260162601634
-0.3780487804878049
-0.5081300813008129
-0.0325203252032521
0.8373983739837398
RANK
57
74
12
148
153
432
292
345
80
123
369
144
120
26
479
265
112
136
374
434
457
376
252
276
207
149
4
38
78
413
480
466
468
332
378
19
234
311
294
251
409
134
288
220
465
396
418
430
421
321
349
483
283
187
212
452
301
415
352
360
386
142
335
174
239
388
55
334
113
203
340
76
256
455
255
17
140
13
248
171
53
380
127
170
230
300
370
338
476
98
371
258
357
100
201
384
459
204
126
473
343
326
190
223
444
196
387
402
45
441
138
454
164
295
237
117
408
233
336
366
412
490
21
161
222
259
314
116
36
2
213
383
95
260
308
282
280
470
159
487
20
62
40
329
400
115
58
10
225
449
16
401
107
489
189
124
325
25
275
181
200
97
284
129
342
447
93
176
37
381
39
216
143
33
41
47
302
92
75
377
347
29
488
211
351
231
439
379
382
145
111
464
290
165
450
133
106
185
156
235
424
393
315
305
163
184
391
9
474
403
323
66
368
205
359
433
472
14
247
88
172
168
467
249
67
367
453
262
438
471
297
362
157
11
135
346
7
486
491
87
63
298
263
118
60
361
3
152
313
68
101
303
8
406
175
72
65
422
405
404
46
218
169
44
341
435
49
5
390
125
411
398
286
209
50
198
485
35
299
31
70
410
279
96
331
43
214
228
128
154
257
238
79
155
86
414
108
348
215
269
304
448
131
84
271
266
166
150
319
69
261
442
330
264
427
85
460
344
61
287
160
182
484
394
18
274
51
289
451
103
195
188
1
244
419
180
229
440
373
272
250
141
437
429
372
22
64
83
322
425
82
162
99
48
312
119
102
399
110
158
6
407
77
475
104
395
477
23
318
147
317
463
206
365
177
316
105
281
193
337
267
94
109
236
59
241
446
278
306
270
461
15
42
423
482
246
71
469
73
243
210
445
356
354
221
178
227
478
389
296
52
32
191
328
254
208
285
151
27
202
219
194
132
339
173
291
385
355
333
89
179
224
139
375
217
443
90
364
121
436
327
420
253
114
146
186
226
122
353
240
456
30
492
277
81
28
34
426
183
197
481
0
199
307
24
309
458
268
320
392
167
137
91
431
350
192
56
310
428
130
54
416
293
324
417
462
245
363
273
358
397
242
232
