DEGREE
-0.25
0.33333333333333326
0.0
-0.25
0.33333333333333326
-0.6666666666666667
-0.16666666666666663
0.33333333333333326
0.5
-0.5833333333333333
0.0
0.5
0.16666666666666674
0.5833333333333333
0.0
0.25
0.33333333333333326
0.0
-0.08333333333333337
0.33333333333333326
0.25
-0.6666666666666667
0.33333333333333326
0.25
0.08333333333333326
-0.9166666666666666
0.5
-0.5833333333333333
-0.16666666666666663
-0.08333333333333337
-0.08333333333333337
0.33333333333333326
-0.25
-0.5833333333333333
-0.5
0.16666666666666674
0.5
-0.5
0.25
0.33333333333333326
0.8333333333333333
-0.33333333333333337
0.33333333333333326
-0.5
-0.16666666666666663
0.08333333333333326
0.8333333333333333
-0.9166666666666666
0.0
0.5
-0.5
0.33333333333333326
-0.16666666666666663
-0.33333333333333337
-0.25
0.6666666666666667
0.25
-0.41666666666666663
0.08333333333333326
0.5
0.16666666666666674
-0.5833333333333333
0.5833333333333333
-0.6666666666666667
0.25
-0.08333333333333337
0.25
-0.08333333333333337
-0.5
-0.6666666666666667
0.5833333333333333
-0.25
0.16666666666666674
0.33333333333333326
-0.5
1.0
-0.5833333333333333
0.5
0.16666666666666674
0.33333333333333326
-0.25
0.5833333333333333
0.5833333333333333
0.25
-0.5
0.5833333333333333
0.41666666666666674
-0.5833333333333333
0.5833333333333333
0.5
-0.41666666666666663
-0.25
0.25
0.41666666666666674
-0.75
-0.08333333333333337
-0.6666666666666667
0.75
-0.33333333333333337
0.41666666666666674
0.41666666666666674
-0.08333333333333337
0.0
-0.41666666666666663
-0.41666666666666663
0.33333333333333326
0.41666666666666674
-0.5
0.5
0.41666666666666674
-0.5833333333333333
-0.8333333333333334
0.08333333333333326
0.41666666666666674
0.5833333333333333
0.08333333333333326
0.33333333333333326
-0.75
0.33333333333333326
-0.33333333333333337
-0.16666666666666663
-0.41666666666666663
-0.41666666666666663
-0.5833333333333333
0.16666666666666674
0.41666666666666674
-0.16666666666666663
0.08333333333333326
-0.25
-0.08333333333333337
0.08333333333333326
-0.25
0.75
0.5833333333333333
0.08333333333333326
-0.75
0.5833333333333333
0.8333333333333333
0.75
0.08333333333333326
-0.41666666666666663
-0.6666666666666667
0.08333333333333326
0.5
0.08333333333333326
-0.5833333333333333
-0.25
0.0
-0.8333333333333334
-0.9166666666666666
0.16666666666666674
-0.5
-0.25
0.41666666666666674
0.25
-0.16666666666666663
0.16666666666666674
0.6666666666666667
-0.75
-0.5833333333333333
-1.0
0.33333333333333326
0.41666666666666674
0.5
-0.5
-0.75
0.33333333333333326
0.41666666666666674
-0.5833333333333333
-0.16666666666666663
-0.8333333333333334
0.41666666666666674
0.8333333333333333
-0.33333333333333337
0.25
0.33333333333333326
-0.33333333333333337
0.08333333333333326
-0.16666666666666663
0.25
0.25
0.5833333333333333
0.16666666666666674
-0.6666666666666667
-0.25
-0.6666666666666667
0.33333333333333326
0.08333333333333326
EIGENVECTOR
-0.8641771573052476
0.4052027549878696
-0.7826304792914602
0.012078565482551928
-0.7796296849445058
-0.7877897274660892
-0.8884212490921598
-0.6777055946796378
-0.7063965242571715
-0.6821373477453401
-0.03164983258295195
0.5516378095485481
-0.157893515817763
-0.24840393790293847
-0.7273101695104076
-0.7579110655908179
0.4564466295065792
-0.7461656616366343
-0.9343528699212555
0.04606489933140523
-0.8112608115927783
-0.8866421769465795
0.04760202210394948
-0.9001874018824458
-0.5438323047648052
-0.7029801123494219
0.6001372034130703
-0.9584801411991297
-0.8884212490921598
-0.4625589449304264
-0.883288173926023
-0.8989441941476728
-0.8770853768758544
-0.9567707597963186
-0.9030704153253812
0.03328463831091355
0.638681258338744
-0.9624599092766267
-0.9231225029491167
-0.5774015241230341
-0.11112250151409409
-0.6042910837114632
-0.504565142096691
-0.9644704918942563
-0.5773390919981489
-0.9073865464945302
0.9067536620893164
-0.705131787725235
-0.9179225519057701
-0.7598018656769752
-0.9864798626144757
-0.926572722830655
-0.9386680245163606
-0.8676966887442475
-0.6631197267335934
0.6984274108378337
-0.5718909034928215
-0.8486023567368172
0.29253954183210795
0.5187082379606247
-0.7650001235843156
-0.9518566714676793
0.6566224515925678
-0.9212443444309028
0.4305830505007897
-0.9097063013779405
-0.11994004787089074
-0.8064223853351895
-0.8831448354993987
-0.9764055104076944
-0.38767826758680446
0.01207856548255215
-0.9043210000572636
-0.8122640505268782
-0.9641682694567869
1.0
-0.8820587546109079
-0.6383323868177974
-0.6330221954489885
-0.9382908833502482
-0.9784495072848197
0.331454312574087
-0.3563417548272312
-0.9296382692679216
-0.9488917038462104
0.6620116885788716
0.45005803390128496
-0.9486813041587036
-0.24840393790293835
-0.5039638923704772
-0.6492889145627092
-0.9547185527062411
-0.8936094003627015
-0.47516822303639383
-0.969466213837361
-0.8832881739260231
-0.9689162161110264
0.8615332988255513
-0.8356583896729864
0.2613846406731819
-0.881076097912563
-0.9338047019008765
-0.8928670389973979
-0.9365622196367318
-0.6542967457992817
-0.13325861967603714
-0.21449879041653197
-0.9555292110727824
-0.4593850694781526
-0.028156994319874618
-0.9693338145097403
-0.9971051062066477
-0.31303777863497617
0.10007054619015987
0.029995082212445512
-0.8201241300879494
-0.07424740361710436
-0.971374553311111
-0.5819193206328699
-0.9129181539332885
-0.6754023806004065
-0.9829276515554444
-0.8687411087243522
-0.9089792279733977
-0.15698439939434028
0.4432807169190254
-0.9262970917900616
-0.9304439912325614
-0.7971588798145166
-0.923876624183845
-0.1094193214328174
-0.9334856524636463
0.5812042450629191
0.5893458436252255
-0.8926595311997199
-0.9535833165861678
-0.28040240999149335
0.9037172136404428
0.8666878868193764
-0.9065532457524802
-0.9829276515554443
-0.8432453054271056
-0.8853751324513128
-0.2176409697949956
-0.9043323371972642
-0.9241033006891572
-0.6280474410297396
-0.7523935932875087
-0.9994500022736654
-1.0
-0.3709543659993435
-0.9638472879861489
-0.7053924322339544
-0.38850914860163455
0.034488666288144065
-0.8884212490921597
-0.8809027344011053
-0.1149207366361169
-0.9436424712956388
-0.7337209820763634
-0.978827191654657
-0.46788640276863547
-0.5018969773422328
-0.4494062301034275
-0.7379586191462115
-0.9958618984718749
0.43313280376823715
-0.16475776003851816
-0.9529011593146031
-0.8401398946099342
-0.9924021586852978
-0.8810760979125629
0.9037172136404428
-0.6042910837114632
0.2903102139303937
-0.9265727228306548
-0.08360614239573638
-0.8995698405933205
-0.905000878584883
0.09911568864884335
-0.7837632831193236
0.5893458436252244
-0.8810359134591242
-0.8831970195071243
-0.8232753930808758
-0.9342598305445994
-0.09968956386335748
-0.4563990061552887
CENT
0.5103835577347329
-0.8262724116451872
-0.6685149650761733
-0.9776463508664002
-0.6244839188428157
-0.9116013279786517
-0.7975719102768405
-0.5619222770669092
-0.011135296208373946
-0.9811984825458253
-0.6607295245450271
-0.6530925936078186
-0.7583872451673045
-0.5326626757880617
-0.6057283873344215
-0.5191098438153653
-0.8768013471367144
-0.5385758083635113
-0.6222126087135199
-0.3369489766064816
-0.5470835937693401
-0.8011779617379513
-0.7507251535569421
-0.862982523396455
-0.592415525484193
-0.993104314243544
-0.5933873647695892
-0.8459449424349499
-0.7975719102768405
-0.7344916594597211
-0.7649133044101784
-0.7499404272786332
-0.6985632376257045
-0.9787246038714493
-0.9737105934652097
-0.6500622168508552
-0.2503911901270446
-0.9909600698543655
-0.17524520178783853
-0.06826356525122124
0.006266739736547455
-0.9683218326704639
-0.49051223550253553
-0.9956945428494174
-0.6878442878542557
-0.9262516469367728
-0.5748855518199607
-0.9928741696319556
0.07008872768780194
-0.22282207704812562
-0.9420710601308404
-0.7769336775804107
-0.8914053816704592
0.013272733901980027
-0.3755963463093742
-0.14250353228025314
-0.6516356472631618
-0.929011482508007
-0.9619561693799417
-0.8927609505057735
-0.6752049418917943
-0.9802070341887439
-0.6583071368001236
-0.9684501656811405
-0.9482367946995874
-0.8040072561264017
-0.3193802943659517
-0.8070431437873605
-0.929568906566922
-0.8695789235183848
0.07763411109980312
-0.9776463508664002
-0.9000634376056906
-0.44898493109354465
-0.9559305436958876
-0.6073235744265686
-0.9484513040018729
0.10064015630861722
-0.6457835298136885
-0.4746741589244985
-0.77713476992853
0.03132248700130513
-0.3950226262792941
-0.8635774057778558
-0.9586794317940184
-0.39989554413206974
-0.7528357318232868
-0.9734493163522875
-0.5326626757880617
-0.19914818051134575
-0.982668549515778
-0.9725223732451426
-0.8415004348977344
0.13575840209588153
-1.0
-0.7649133044101784
-0.4742252293466507
-0.8742181770317877
-0.9067460940894659
-0.833014728142411
-0.7357876700954507
-0.8757369081263103
-0.7486393783651751
-0.8790076648532149
-0.44095577386389584
-0.7395910988090347
-0.7476761113513894
-0.9394795750530287
-0.05211006764813053
-0.790982149868884
-0.9962906709799763
-0.9876671653591423
-0.5902477758920667
-0.15067766344668432
-0.028436608600918678
0.8286103100635427
-0.7805551284137642
-0.9947730685960094
-0.7297338808222118
-0.8847579177398707
-0.5850832532208672
-0.8639854670562195
-0.6628601611442668
-0.9759617861098596
-0.8502560969754897
-0.7419498198301457
-0.8473549225260069
-0.8541044493423239
-0.7788866914317836
-0.3625260902483214
-0.9245255868185985
-0.8752884806952069
-0.6185519713733074
-0.5345332752163408
-0.6311999037682718
-0.9910861399849906
-0.17779169687257623
-0.7990883431797269
-0.41769864237925736
-0.8503793688793124
-0.8639854670562195
-0.9732691976307849
-0.6115228125423792
-0.392135979753345
-0.8463401540136173
-0.8544015904340698
-0.7329011345609276
-0.5161569242570898
-0.9813844690613954
-1.0
1.0
-0.9844123209755664
-0.6954903498462992
0.8038887967925472
-0.5385950144755483
-0.7975719102768405
-0.6285025708419938
0.23698624728498352
-0.7890912892482338
-0.9894932075746286
-0.9981451494877758
-0.7729997842413475
-0.728747064559194
-0.656663855451594
0.31260496881722344
-0.966957925593625
-0.8404971511300928
-0.4550920969315434
-0.9174060150010017
-0.8227693024820628
-0.4377312453786102
-0.7357876700954507
-0.7990883431797269
-0.9683218326704639
-0.8877584356860202
-0.7769336775804107
-0.9720823527855502
-0.9186011313249651
-0.911046626078401
-0.23593661147264577
-0.6493111736783681
-0.5345332752163408
-0.5582655199324791
-0.9920554052010365
-0.45069219539482364
-0.8372075127694589
-0.150200466781243
0.770118199385063
DEGREE_RANK
-0.42245989304812825
0.33689839572192515
-0.11229946524064172
-0.4117647058823529
0.34759358288770037
-0.8716577540106951
-0.2941176470588235
0.3582887700534758
0.6684491978609626
-0.786096256684492
-0.10160427807486616
0.679144385026738
0.10160427807486627
0.7860962566844918
-0.09090909090909083
0.19786096256684482
0.36898395721925126
-0.0802139037433155
-0.19786096256684493
0.3796791443850269
0.2085561497326205
-0.8609625668449198
0.39037433155080214
0.2192513368983957
-0.03743315508021383
-0.9893048128342246
0.6898395721925132
-0.7754010695187166
-0.28342245989304804
-0.18716577540106938
-0.17647058823529405
0.4010695187165776
-0.4010695187165775
-0.7647058823529411
-0.6684491978609626
0.1122994652406415
0.7005347593582887
-0.6577540106951871
0.22994652406417115
0.41176470588235303
0.9572192513368982
-0.4866310160427807
0.42245989304812825
-0.6470588235294117
-0.2727272727272727
-0.0267379679144385
0.9679144385026739
-0.9786096256684492
-0.06951871657754005
0.7112299465240643
-0.6363636363636365
0.4331550802139037
-0.26203208556149726
-0.47593582887700525
-0.39037433155080203
0.9037433155080214
0.2406417112299466
-0.5614973262032086
-0.016042780748662944
0.7219251336898396
0.12299465240641694
-0.7540106951871658
0.7967914438502675
-0.8502673796791443
0.2513368983957218
-0.1657754010695186
0.26203208556149726
-0.15508021390374327
-0.625668449197861
-0.839572192513369
0.8074866310160429
-0.3796791443850267
0.1336898395721926
0.44385026737967914
-0.6149732620320856
1.0
-0.7433155080213905
0.732620320855615
0.14438502673796805
0.45454545454545436
-0.36898395721925126
0.8181818181818181
0.8288770053475936
0.2727272727272727
-0.6042780748663101
0.839572192513369
0.5401069518716577
-0.732620320855615
0.8502673796791442
0.7433155080213905
-0.5508021390374331
-0.3582887700534759
0.28342245989304793
0.5508021390374331
-0.9251336898395722
-0.14438502673796783
-0.8288770053475936
0.9251336898395721
-0.4652406417112299
0.5614973262032086
0.572192513368984
-0.13368983957219238
-0.05882352941176461
-0.5401069518716577
-0.5294117647058822
0.46524064171123003
0.5828877005347592
-0.5935828877005347
0.7540106951871657
0.5935828877005347
-0.7219251336898396
-0.9572192513368984
-0.005347593582887611
0.6042780748663101
0.8609625668449197
0.005347593582887722
0.4759358288770055
-0.9144385026737968
0.4866310160427807
-0.4545454545454545
-0.2513368983957218
-0.518716577540107
-0.5080213903743316
-0.7112299465240641
0.15508021390374327
0.6149732620320854
-0.2406417112299465
0.016042780748662944
-0.3475935828877005
-0.12299465240641705
0.026737967914438387
-0.33689839572192504
0.9358288770053476
0.8716577540106951
0.03743315508021383
-0.9037433155080214
0.8823529411764708
0.9786096256684493
0.946524064171123
0.048128342245989275
-0.49732620320855614
-0.8181818181818181
0.05882352941176472
0.7647058823529411
0.06951871657754016
-0.7005347593582888
-0.3262032085561497
-0.048128342245989164
-0.946524064171123
-0.9679144385026738
0.1657754010695187
-0.5828877005347594
-0.31550802139037426
0.625668449197861
0.2941176470588236
-0.22994652406417115
0.17647058823529416
0.9144385026737969
-0.893048128342246
-0.6898395721925134
-1.0
0.49732620320855614
0.6363636363636365
0.7754010695187166
-0.5721925133689839
-0.8823529411764706
0.5080213903743316
0.6470588235294119
-0.679144385026738
-0.2192513368983956
-0.9358288770053476
0.6577540106951871
0.9893048128342246
-0.44385026737967914
0.30481283422459904
0.5187165775401068
-0.4331550802139036
0.08021390374331538
-0.20855614973262027
0.31550802139037426
0.3262032085561497
0.893048128342246
0.18716577540106938
-0.8074866310160428
-0.3048128342245988
-0.7967914438502673
0.5294117647058822
0.09090909090909083
EIGENVECTOR_RANK
-0.1657754010695186
0.7754010695187166
-0.0267379679144385
0.6363636363636365
-0.016042780748662944
-0.048128342245989164
-0.3475935828877005
0.1336898395721926
0.08021390374331538
0.12299465240641694
0.6149732620320854
0.8502673796791442
0.5080213903743316
0.45454545454545436
0.06951871657754016
0.016042780748662944
0.8288770053475936
0.03743315508021383
-0.6577540106951871
0.6898395721925132
-0.0802139037433155
-0.31550802139037426
0.7005347593582887
-0.4117647058823529
0.28342245989304793
0.1122994652406415
0.893048128342246
-0.7967914438502673
-0.33689839572192504
0.34759358288770037
-0.28342245989304804
-0.39037433155080203
-0.19786096256684493
-0.786096256684492
-0.42245989304812825
0.6684491978609626
0.9037433155080214
-0.8074866310160428
-0.5401069518716577
0.2513368983957218
0.5614973262032086
0.22994652406417115
0.2941176470588236
-0.839572192513369
0.26203208556149726
-0.47593582887700525
0.9893048128342246
0.10160427807486627
-0.518716577540107
0.005347593582887722
-0.946524064171123
-0.5828877005347594
-0.6898395721925134
-0.17647058823529405
0.15508021390374327
0.9358288770053476
0.2727272727272727
-0.15508021390374327
0.7540106951871657
0.839572192513369
-0.005347593582887611
-0.732620320855615
0.9144385026737969
-0.5294117647058822
0.7860962566844918
-0.49732620320855614
0.5401069518716577
-0.06951871657754005
-0.26203208556149726
-0.893048128342246
0.4010695187165776
0.6470588235294119
-0.4331550802139036
-0.09090909090909083
-0.8288770053475936
1.0
-0.2513368983957218
0.18716577540106938
0.19786096256684482
-0.679144385026738
-0.9037433155080214
0.7647058823529411
0.42245989304812825
-0.6042780748663101
-0.7219251336898396
0.9251336898395721
0.8181818181818181
-0.7112299465240641
0.46524064171123003
0.30481283422459904
0.17647058823529416
-0.7647058823529411
-0.3796791443850267
0.3262032085561497
-0.8716577540106951
-0.2941176470588235
-0.8502673796791443
0.946524064171123
-0.12299465240641705
0.732620320855615
-0.22994652406417115
-0.6363636363636365
-0.36898395721925126
-0.6684491978609626
0.1657754010695187
0.5294117647058822
0.4866310160427807
-0.7754010695187166
0.3582887700534758
0.625668449197861
-0.8609625668449198
-0.9786096256684492
0.4331550802139037
0.7219251336898396
0.6577540106951871
-0.10160427807486616
0.6042780748663101
-0.8823529411764706
0.2406417112299466
-0.5080213903743316
0.14438502673796805
-0.9251336898395722
-0.18716577540106938
-0.4866310160427807
0.5187165775401068
0.8074866310160429
-0.5721925133689839
-0.6149732620320856
-0.05882352941176461
-0.5508021390374331
0.572192513368984
-0.625668449197861
0.8609625668449197
0.8716577540106951
-0.3582887700534759
-0.7540106951871658
0.44385026737967914
0.9679144385026739
0.9572192513368982
-0.4652406417112299
-0.9358288770053476
-0.14438502673796783
-0.3048128342245988
0.4759358288770055
-0.44385026737967914
-0.5614973262032086
0.2085561497326205
0.026737967914438387
-0.9893048128342246
-1.0
0.41176470588235303
-0.8181818181818181
0.09090909090909083
0.39037433155080214
0.679144385026738
-0.3262032085561497
-0.20855614973262027
0.5508021390374331
-0.7005347593582888
0.05882352941176472
-0.9144385026737968
0.33689839572192515
0.31550802139037426
0.3796791443850269
0.048128342245989275
-0.9679144385026738
0.7967914438502675
0.49732620320855614
-0.7433155080213905
-0.13368983957219238
-0.9572192513368984
-0.2406417112299465
0.9786096256684493
0.2192513368983957
0.7433155080213905
-0.5935828877005347
0.5935828877005347
-0.4010695187165775
-0.4545454545454545
0.7112299465240643
-0.03743315508021383
0.8823529411764708
-0.2192513368983956
-0.2727272727272727
-0.11229946524064172
-0.6470588235294117
0.5828877005347592
0.36898395721925126
CENT_RANK
0.9572192513368982
-0.2192513368983956
0.18716577540106938
-0.7967914438502673
0.31550802139037426
-0.5294117647058822
-0.14438502673796783
0.4331550802139037
0.8502673796791442
-0.8288770053475936
0.2085561497326205
0.2406417112299466
-0.005347593582887611
0.5080213903743316
0.36898395721925126
0.5294117647058822
-0.4331550802139036
0.4759358288770055
0.3262032085561497
0.7005347593582887
0.45454545454545436
-0.17647058823529405
0.016042780748662944
-0.3475935828877005
0.39037433155080214
-0.9358288770053476
0.3796791443850269
-0.2727272727272727
-0.13368983957219238
0.10160427807486627
-0.0267379679144385
0.026737967914438387
0.14438502673796805
-0.8074866310160428
-0.7647058823529411
0.26203208556149726
0.7219251336898396
-0.893048128342246
0.7754010695187166
0.8181818181818181
0.8609625668449197
-0.7005347593582888
0.5508021390374331
-0.9572192513368984
0.1657754010695187
-0.5721925133689839
0.42245989304812825
-0.9251336898395722
0.893048128342246
0.7433155080213905
-0.6149732620320856
-0.05882352941176461
-0.47593582887700525
0.8716577540106951
0.679144385026738
0.8074866310160429
0.2513368983957218
-0.5828877005347594
-0.6684491978609626
-0.4866310160427807
0.17647058823529416
-0.8181818181818181
0.2192513368983957
-0.7112299465240641
-0.625668449197861
-0.18716577540106938
0.7112299465240643
-0.19786096256684493
-0.5935828877005347
-0.39037433155080203
0.9037433155080214
-0.786096256684492
-0.49732620320855614
0.6042780748663101
-0.6470588235294117
0.3582887700534758
-0.6363636363636365
0.9144385026737969
0.28342245989304793
0.5614973262032086
-0.06951871657754005
0.8823529411764708
0.6577540106951871
-0.3582887700534759
-0.6577540106951871
0.6470588235294119
0.005347593582887722
-0.7540106951871658
0.5187165775401068
0.7540106951871657
-0.8502673796791443
-0.732620320855615
-0.26203208556149726
0.9251336898395721
-1.0
-0.016042780748662944
0.572192513368984
-0.4010695187165775
-0.5080213903743316
-0.22994652406417115
0.08021390374331538
-0.42245989304812825
0.03743315508021383
-0.44385026737967914
0.6149732620320854
0.06951871657754016
0.048128342245989275
-0.6042780748663101
0.8288770053475936
-0.11229946524064172
-0.9679144385026738
-0.8716577540106951
0.4010695187165776
0.7860962566844918
0.839572192513369
0.9893048128342246
-0.09090909090909083
-0.946524064171123
0.12299465240641694
-0.4545454545454545
0.41176470588235303
-0.3796791443850267
0.19786096256684482
-0.7754010695187166
-0.3048128342245988
0.05882352941176472
-0.2941176470588235
-0.3262032085561497
-0.0802139037433155
0.6898395721925132
-0.5614973262032086
-0.4117647058823529
0.33689839572192515
0.4866310160427807
0.2941176470588236
-0.9037433155080214
0.7647058823529411
-0.1657754010695186
0.6363636363636365
-0.31550802139037426
-0.36898395721925126
-0.7433155080213905
0.34759358288770037
0.6684491978609626
-0.28342245989304804
-0.33689839572192504
0.1122994652406415
0.5401069518716577
-0.839572192513369
-0.9893048128342246
1.0
-0.8609625668449198
0.15508021390374327
0.9786096256684493
0.46524064171123003
-0.12299465240641705
0.30481283422459904
0.9358288770053476
-0.10160427807486616
-0.8823529411764706
-0.9786096256684492
-0.03743315508021383
0.1336898395721926
0.22994652406417115
0.946524064171123
-0.679144385026738
-0.2513368983957218
0.5828877005347592
-0.5401069518716577
-0.20855614973262027
0.625668449197861
0.09090909090909083
-0.15508021390374327
-0.6898395721925134
-0.4652406417112299
-0.048128342245989164
-0.7219251336898396
-0.5508021390374331
-0.518716577540107
0.732620320855615
0.2727272727272727
0.49732620320855614
0.44385026737967914
-0.9144385026737968
0.5935828877005347
-0.2406417112299465
0.7967914438502675
0.9679144385026739
RANK
94
149
160
110
43
117
25
47
183
135
37
159
111
151
90
148
9
61
33
3
71
123
34
87
141
91
176
63
41
173
165
58
84
74
76
64
50
107
68
57
45
130
177
168
5
178
98
72
59
52
174
119
103
16
101
131
97
69
121
140
83
23
145
127
139
124
126
144
27
92
166
185
99
1
169
67
65
21
137
172
6
28
155
109
158
116
128
80
51
175
161
30
95
12
86
22
31
102
106
125
105
100
171
29
146
118
162
32
152
44
60
2
122
10
62
163
11
56
35
180
78
134
156
4
18
132
142
75
14
26
24
112
120
46
7
182
20
154
17
133
181
13
88
15
147
42
79
96
167
184
73
104
170
138
85
82
143
54
129
19
66
36
179
49
89
136
38
113
186
55
39
108
114
8
40
53
81
48
70
77
93
157
164
0
187
153
115
150
