DEGREE
0.30000000000000004
-0.6
-0.19999999999999996
-0.19999999999999996
-0.09999999999999998
0.0
-0.4
-0.5
-0.5
0.30000000000000004
-0.5
0.10000000000000009
0.0
0.0
0.30000000000000004
0.5
-0.30000000000000004
0.30000000000000004
-0.6
-0.30000000000000004
0.0
0.0
-0.19999999999999996
0.10000000000000009
0.3999999999999999
0.3999999999999999
-0.09999999999999998
-0.8
-0.5
0.19999999999999996
0.19999999999999996
-0.9
0.30000000000000004
0.30000000000000004
0.19999999999999996
-0.09999999999999998
-0.6
0.7
0.8
0.10000000000000009
-0.7
0.7
-0.4
0.30000000000000004
-0.4
-0.09999999999999998
-0.7
0.3999999999999999
0.30000000000000004
0.0
-0.09999999999999998
0.3999999999999999
0.6000000000000001
0.30000000000000004
-0.5
-0.09999999999999998
-0.6
0.6000000000000001
0.0
0.0
0.3999999999999999
0.10000000000000009
0.5
-0.19999999999999996
-0.19999999999999996
-0.30000000000000004
-0.4
0.19999999999999996
0.6000000000000001
0.5
0.10000000000000009
-0.09999999999999998
-0.5
0.5
-0.7
-0.4
0.10000000000000009
-0.19999999999999996
-0.30000000000000004
0.0
-0.4
0.0
0.0
-0.30000000000000004
-0.30000000000000004
-0.30000000000000004
-0.30000000000000004
0.0
-0.4
-0.09999999999999998
0.3999999999999999
0.0
-0.6
-0.30000000000000004
-0.19999999999999996
0.10000000000000009
0.0
-0.30000000000000004
-0.19999999999999996
-0.4
0.0
-0.19999999999999996
-0.09999999999999998
0.19999999999999996
0.3999999999999999
0.5
-0.5
0.10000000000000009
0.10000000000000009
-0.09999999999999998
0.30000000000000004
-0.09999999999999998
0.10000000000000009
0.30000000000000004
-0.09999999999999998
0.30000000000000004
-0.30000000000000004
-1.0
-0.6
-0.19999999999999996
0.6000000000000001
-0.30000000000000004
0.5
-0.19999999999999996
-0.19999999999999996
0.10000000000000009
-0.30000000000000004
-0.5
-0.5
-0.09999999999999998
0.10000000000000009
0.0
-0.19999999999999996
0.19999999999999996
-0.09999999999999998
0.0
-0.5
0.30000000000000004
-0.30000000000000004
-0.30000000000000004
0.30000000000000004
0.10000000000000009
0.0
0.0
-0.19999999999999996
0.19999999999999996
0.30000000000000004
0.10000000000000009
-0.30000000000000004
-0.09999999999999998
-0.30000000000000004
0.30000000000000004
0.0
-0.4
0.19999999999999996
0.3999999999999999
-0.30000000000000004
-0.19999999999999996
0.10000000000000009
0.19999999999999996
0.0
0.10000000000000009
-0.9
0.0
-0.4
0.3999999999999999
-0.5
-0.19999999999999996
-0.5
0.19999999999999996
-0.30000000000000004
-0.4
0.19999999999999996
-0.4
-0.30000000000000004
0.5
-0.7
0.0
-0.7
-0.30000000000000004
0.0
1.0
0.3999999999999999
0.6000000000000001
-0.30000000000000004
0.10000000000000009
-0.19999999999999996
-0.09999999999999998
0.6000000000000001
0.5
0.3999999999999999
-0.19999999999999996
-0.7
-0.09999999999999998
-0.6
0.30000000000000004
-0.09999999999999998
0.10000000000000009
0.5
0.19999999999999996
0.19999999999999996
-0.30000000000000004
-0.19999999999999996
0.0
-0.09999999999999998
-0.5
-0.09999999999999998
0.30000000000000004
-0.8
0.10000000000000009
-0.19999999999999996
-0.4
-0.4
-0.30000000000000004
0.30000000000000004
0.0
0.0
0.19999999999999996
0.6000000000000001
0.10000000000000009
0.0
-0.09999999999999998
-0.4
0.0
-0.4
-0.19999999999999996
0.7
0.0
-0.6
-0.09999999999999998
-0.30000000000000004
0.7
-0.09999999999999998
0.8
0.0
-0.19999999999999996
-0.09999999999999998
-0.09999999999999998
0.3999999999999999
-0.30000000000000004
0.3999999999999999
-0.30000000000000004
-0.4
-0.6
-0.09999999999999998
0.6000000000000001
-0.19999999999999996
0.10000000000000009
-0.09999999999999998
0.0
-0.6
-0.30000000000000004
0.30000000000000004
0.0
-0.19999999999999996
0.0
0.30000000000000004
-0.19999999999999996
0.10000000000000009
0.3999999999999999
0.3999999999999999
0.5
-0.30000000000000004
-0.30000000000000004
-0.09999999999999998
-0.7
-0.4
0.19999999999999996
0.30000000000000004
0.5
-0.30000000000000004
0.3999999999999999
0.6000000000000001
-0.09999999999999998
0.30000000000000004
0.5
-0.19999999999999996
0.30000000000000004
-0.30000000000000004
-0.09999999999999998
-0.5
0.10000000000000009
0.3999999999999999
-0.19999999999999996
-1.0
0.30000000000000004
-0.30000000000000004
-0.5
-0.19999999999999996
0.0
0.5
-0.4
-0.9
-0.6
-0.4
-0.4
-0.5
-0.4
-0.09999999999999998
0.30000000000000004
-0.30000000000000004
0.7
0.10000000000000009
-0.6
-0.09999999999999998
-0.4
0.8
-0.19999999999999996
-0.30000000000000004
-0.19999999999999996
-0.09999999999999998
-0.19999999999999996
-0.4
-0.09999999999999998
-0.09999999999999998
-0.19999999999999996
0.0
-0.09999999999999998
-0.5
-0.09999999999999998
-0.4
0.3999999999999999
0.19999999999999996
0.5
-0.30000000000000004
0.3999999999999999
-0.4
0.19999999999999996
0.0
0.5
0.3999999999999999
0.19999999999999996
0.0
-0.19999999999999996
-0.09999999999999998
0.30000000000000004
EIGENVECTOR
-0.9990826597931499
-0.995628078561733
-0.997395278273029
-0.9347555278657447
-0.8691911342107829
-0.6703314068253936
-0.9904465037318785
-0.9968854706894523
-0.9999869435509731
-0.9897998649422046
-0.9999923481785765
-0.9993681842558299
-0.999873272959411
-0.9995934329246855
-0.07246864171589207
-0.7029266490993731
-0.9999547835638991
-0.40029477422630866
-0.9976972543798406
-0.9999449592805392
-0.9999533434637654
-0.9953421462676764
-0.9659391907673154
-0.994640209866668
-0.7770236022224498
-0.08999633768592141
-0.9999439743486954
-0.980656180677618
-0.7893249754143192
-0.9977161732945798
-0.9971158364535486
-0.9688707635791666
-0.7989459441154025
-0.9990213026094779
-0.9991453212265268
-0.9940850113418859
-0.9997627396890209
0.7638611337440941
-0.9794517673574509
-0.9999213407816286
-0.9999833308811215
0.327091544009563
-0.9999726953954121
-0.13561793594910265
-0.9966058611470494
-0.9991858137756389
-0.9998660493147057
-0.719250922319709
-0.9995465171577179
-0.9998417275497723
-0.995325069825277
-0.9860292218670874
0.32069860897496105
-0.17494778176439185
-0.8217500506662305
-0.9985720944129564
-0.9963864558068721
-0.9984810858625186
-0.9995934329246855
-0.9999775381144058
-0.8243749041828612
-0.999892948416915
-0.9989594935488132
-0.9998133482741924
-0.9940864056828413
-0.9999449592805392
-0.9998872358708304
-0.9927844125345696
0.7034241530078953
0.6206095639420324
-0.9840992090075061
-0.9996486695105287
-0.9999785764424435
0.3683317851089327
-0.9999895707431014
-0.98774431004921
-0.2208717948792489
-0.8220371300399639
-0.9930987684351223
-0.9962892574046541
-0.9999673680488199
-0.9998963633610507
-0.991683988290359
-0.9877816161433781
-0.9938678742371665
-0.9987923713823446
-0.9980905023979932
-0.8913764919374361
-0.9991869106319913
-0.9982404288380342
-0.719250922319709
-0.7802384812889297
-0.9997492321929157
-0.9998885639426216
-0.9892675531879932
-0.844478903950102
-0.9706935775586822
-0.9800276386596926
-0.9992022887918084
-0.9999567304040354
-0.8071049604508806
-0.9995820496423237
-0.9999439743486954
-0.9862971718092843
-0.9986452449648455
-0.9989496322938183
-0.9508782254517925
-0.9983042084524717
-0.4887351629865613
-0.9942822413803901
-0.17494778176439196
-0.6177136055578721
-0.8043045549120386
-0.6747329246296391
-0.9355204301312687
-0.9990826597931497
-0.9960742416911054
-1.0
-0.999762739689021
-0.9923380491157044
-0.4024144650463256
-0.9959630954183063
-0.6562906288428894
-0.9999100230373467
-0.996969968867535
-0.9805942529768583
-0.8843627004297151
-0.843083477362193
-0.9999923481785765
-0.9995354852054502
-0.9751287636051119
-0.8183064405453022
-0.9084215177480527
-0.10459847459989935
-0.999961482566999
-0.9932460122119386
-0.9999080404192368
-0.9932671293503854
-0.9992153761377696
-0.9996950504638593
0.047131380048965
-0.9943888083440167
-0.9958025449988525
-0.9999150501375531
-0.9995820496423237
-0.9588073903413568
-0.9989342291948813
-0.9998583819638927
-0.9998246979930084
-0.9940058582731542
-0.9994353129298371
-0.18303797717329073
-0.9977204939081528
-0.99991126387509
-0.7728836978949745
-0.18339085200624505
-0.9992933632671588
-0.9608522250859541
-0.9898968990489164
-0.9996738964738406
-0.9998813654130491
-0.03301422938237175
-0.999998864022631
-0.9996325387981252
-0.9921831751813015
-0.9863284466767525
-0.999953595909789
-0.9991937010765108
-0.9987349084027253
-0.9916544948913181
-0.9874891521708485
-0.9996147721496272
-0.9930538817024479
-0.9936831045333323
-0.9945105031507524
-0.9818175416854678
-0.999804315664466
-0.9581897061186924
-0.9999895707431014
-0.9958995060100496
-0.9953106130934967
1.0
-0.5879227668575533
-0.998900470304373
-0.9169283285863858
-0.9932128975975808
-0.9988317609480813
-0.7603612077740842
0.6710202226894997
-0.219101504891974
-0.7026786815922186
-0.9998709480362394
-0.999804315664466
-0.8225671452878656
-0.9999970275410096
-0.4962525096911644
-0.99634825423665
-0.9999697120017397
0.4541687869415947
-0.9939995141314633
-0.9980555797788387
-0.7021900958465906
-0.8771719198250918
-0.9994509994678926
-0.986442639476574
-0.4567868338844726
-0.6313067049436012
-0.9991003057220047
-0.9999877052052626
-0.9998214017183961
-0.727496101990563
-0.985312439260522
-0.5426958486264886
-0.9998158494843059
-0.12811131336220494
-0.9928772338984303
-0.4949457851760558
-0.9996768987176399
0.22886582393106125
-0.9095308642243349
-0.6896004603347441
-0.9955544153924373
-0.9422179703148231
-0.9987165918858832
-0.9881682751195964
-0.9927559643869519
0.7969403781127502
-0.9107685946056049
-0.9999559395233548
-0.997274951358623
-0.6989590444951606
-0.9831612319962344
-0.6313067049436014
-0.9823048711974453
-0.9952827130333134
-0.9995910831293016
-0.9621081444110757
-0.9873322325607015
0.42774251260558116
-0.9951285165347002
-0.9815032381466338
-0.9985094709549739
-0.989378769227263
-0.9981600653093324
-0.9999451761094608
-0.7399731853996118
-0.9985533191770573
-0.9877493219821886
-0.9999706887717824
-0.9996622729106728
-0.9999942803356964
-0.9893877906589894
-0.9987015773387351
-0.9206408928428998
-0.9998812664804979
-0.04829878083824202
-0.7718152206749541
-0.9968093980651432
-0.9938949057440146
-0.9906889153679609
-0.9893690842995193
-0.9808471431832374
-0.9999099333060945
-0.8790141943744477
-0.8525494883586526
-0.998088371653237
-0.9999839673819341
-0.9999449370068064
-0.9919377693817639
-0.0003531299743556593
-0.9998553067228495
-0.9988679064758988
0.7208842993999034
-0.9274562764429178
-0.9863787129145426
0.3319109747080766
-0.9992441018776018
-0.9932671293503854
-0.999183991506942
-0.9999451761094608
-0.8217500506662304
-0.9965775050193894
-0.9815032381466339
-0.9999632609829967
-0.9999998024549084
-0.17494778176439207
-0.9999607901059615
-0.9986657728819567
-0.8544147138306337
-0.9953421462676764
-0.702926649099373
-0.996744463885306
-0.9999999272060881
-0.999825741701297
-0.9993631519376385
-0.9070089610016664
-0.9963700344713511
-0.9999719659899711
-0.9996056091269411
0.5464001642336049
-0.9992524740697615
-0.9857536347388313
-0.9523226741347149
-0.7537445467724591
-0.9994668979495958
-0.9996319138459167
0.5721571560392389
-0.9999775170349344
-0.9999547835638991
-0.9869568619703251
-0.999928436084118
-0.9026267825739247
-0.9996601729340359
-0.989455526981237
-0.9998259325317174
-0.9923380491157044
-0.9982817491179332
-0.9999472623769721
-0.9878093482231805
-0.9876007164271483
-0.9963622970667033
-0.9821822299499265
-0.10459847459989957
0.6687771352657548
-0.9994347744032663
-0.9856691557392766
-0.9993517396615881
-0.995889882758468
-0.9946253530046808
0.6102147833221045
-0.995577735132795
-0.9939938521569445
-0.960689513238663
-0.9916650111583414
-0.9992699449275898
-0.999294229859159
CENT
-0.7759463268014253
-0.951344063252483
-0.709058735811682
-0.958339340008573
-0.8455181217440886
-0.7791522643940723
-0.9830522722836588
-0.9980821137343823
-1.0
-0.8871429217451896
-0.9741392545526081
-0.6469414501326831
-0.9115741927636185
-0.9553116201831315
-0.7286303719672642
-0.587556065366857
-0.9949043124288635
-0.7228636903127963
-0.9300921504899303
-0.9406066693794141
-0.964923668263132
-0.7318608032104881
-0.8444056850560667
-0.8785327964542884
-0.8695020540383585
-0.692154850157866
-0.9885955829649057
-0.6765176901149572
-0.8701199413381893
-0.538346927995599
-0.2908361740317692
-1.0
-0.9320246721654963
-0.6689035422375461
-0.9918424966922208
-0.9772233410115444
-1.0
-0.7771084842854143
-0.32362887277565167
-0.713232925337808
-0.7890857732236428
-0.5602568867988191
-0.9903737631232765
-0.7040548293163
-1.0
-0.9516381344294151
-0.6575382194786792
-0.929648986073997
-0.7681589287244195
-0.8994176890701566
-0.8695713007467702
-0.8182611717592322
-0.7623763897678254
-0.869340924842606
-0.9889262023629233
-0.7455163342531312
-1.0
-0.683998612590341
-0.9553116201831315
-0.922481734577048
-0.14005336215395547
-0.7752544673554125
-0.9233974269261949
-0.7903723640650643
-0.6678918389678212
-0.9406066693794141
-0.9998847077519852
-0.9338265526836329
-0.9536282192231146
-0.8282632409308963
-0.9529862027283369
-0.7290598666909354
-1.0
-0.7112841402567172
-1.0
-0.9470068439665388
-0.8891163302557996
-0.9465210275739453
-0.9686333638336387
-0.8617718696329848
-0.974727216114752
-0.7837916473059692
-0.9168982341655949
-0.8848824592548028
-0.955707438830877
-0.8448002668773591
-0.9583600856674793
-0.7335809480583193
-0.9760017298404616
-0.5260908325435317
-0.929648986073997
-0.9934500542966638
-0.9951936073544466
-0.9362452447244587
-0.6409281755151968
-0.7781174883448958
-0.7696254394387928
-0.9026584585389043
-0.9834987897029428
-0.7478056325585288
-0.8904606810606334
-0.8901109580930683
-0.9885955829649057
-0.9534383227741422
-0.7905806380119252
-0.9139386249580791
-0.1340897947958819
-0.17961029584767607
-0.6922975485776272
0.28410993768289305
-0.869340924842606
-0.9153888366036409
-0.8092186701071661
-0.4446557866543941
-0.8137015984057581
-0.7759463268014253
-0.9931647596283555
-1.0
-1.0
-0.9889194988086729
-0.18167975971616768
-0.9607667611820294
-0.6626397034740727
-0.9702304667997245
-0.8754281296507824
-0.21190186694357072
-0.7769640504291794
-0.9704151728148517
-0.9741392545526081
-0.8403031336389913
-0.6477890582545307
-0.4221234483888626
-0.8210712378728325
-0.791104491324147
-0.9751649494006444
-0.6717120123702006
-0.8963927023421249
-0.7807154948808668
-0.986896977656048
-0.9452327945815118
-0.841424977856489
-0.8886115006185806
-0.6284092481628765
-0.9235975404642484
-0.8901109580930683
-0.3688788156601315
-0.7652217134282406
-0.9750698044546159
-0.8541298872354676
-0.91537885312879
-0.9264247792060942
-0.16895600833453206
-0.7239948194747272
-0.9994464963708284
-0.12003291955769091
-0.4842010002636794
-0.9923572104764725
-0.4012418433811522
-0.6048498876169114
-0.87595019141624
-0.9877372971828413
-0.9060025280454533
-0.8589669929387009
-0.7087534832002477
-0.14521554703564898
-0.7099796546955054
-0.9826630443959359
-0.9724280094530481
-0.9584978149106071
-0.8134414371790638
-0.6945394966600915
-0.9945331347816615
-0.7859794651167178
-0.9412255116575682
-0.9925917390940125
-0.24477016350011704
-0.9926819541090666
-0.7571253385582275
-1.0
-0.2728438064744185
-0.9640939485933218
-0.7143527936979864
-0.4999694709879581
-0.9649220963143172
-0.41337258997075166
-0.9438316408269015
-0.8970332859825256
-0.8894996789065203
-0.8800677062273681
-0.33685414507162637
-0.970728373864974
-0.9987813727029993
-0.9926819541090666
-0.8628446991628057
-0.9292717351974866
-0.6152476998037304
-0.7935760091505084
-0.9176673385755238
-0.8985645592696223
-0.6975097183085366
0.016232283268123426
-0.8564842264417389
-0.8017262452005289
-0.853783764002221
-0.5157421217075424
-0.9999576477456272
-0.8385414112027972
-0.9804474939148855
-1.0
-0.909869290410436
-0.7106830003020863
-0.9876048091503643
-0.9933886062123315
-0.8456185425517861
-0.9328303503630574
-0.8930155018358833
-0.8079747133487477
-0.8634344698062828
-0.5267959432113419
-0.45120282122402755
-0.6162062528019772
-0.7957090332317832
-0.8478623300235517
-0.39127253398146267
-0.8479928389025813
-0.6569051003016162
-0.6650307706162613
-0.9369306501502721
-0.9916589238656823
-0.4702180012412702
-0.13529891793629145
-0.9388282278043045
-0.8385414112027972
-0.6015089660562137
-0.7865230996191659
-0.6739618460867365
0.1455430257653223
-0.9472093308293518
-0.9092380133097155
-0.5270653043739291
-0.8961877108640725
-0.9269409141772295
-0.9167149946242
-0.5999938986756957
-0.9059047624270737
-0.4877821232990376
-0.712750983962368
-0.7325384900419603
-0.97110630218727
-0.5069392559029279
-0.9796358863727429
-0.9779067371521569
-0.7342224557434904
-0.8126268127294926
-0.9411449742319554
-0.9510630803767
0.07392808803239759
-0.8316956856670421
-0.635817649225412
-0.25687662398352173
-0.8060920304074759
-0.9162642588907576
-0.8885565353512577
-0.9057671948892011
-0.9694966759591029
-0.9913071422122449
-0.9999647064546894
-0.9230625974949545
-0.6540098560691097
-0.6436103139097871
-0.9558668729321115
-0.8050141450828303
-0.7750516592634836
-0.7804717698053987
-0.6863220085998647
-0.599334570030915
-0.8496095289342218
-0.7807154948808668
-0.9576955556821971
-0.9059047624270737
-0.9889262023629233
-0.5031673226229874
-0.8961877108640725
-0.9910532652283593
-1.0
-0.869340924842606
-0.9837670044010294
-0.8723521834600401
-0.9360052098663489
-0.7318608032104881
-0.587556065366857
-0.9668778779872425
-0.9292717351974866
-0.990792605738371
-0.9254718553923322
-0.041183635981591804
0.04654961167588412
-0.9960164401347168
-0.7708257506730525
-0.9984673915426998
-0.9575607944499215
-0.8287219108064936
1.0
-0.9733390945953453
-0.8590419532170325
-0.862268323371586
-0.4778999580125938
-0.9852608436313404
-0.9949043124288635
-0.6292088277976223
-0.9539930671980977
-0.8584113169456529
-0.9717874811012915
-0.37047694026049294
-0.9845673627527395
-0.9889194988086729
-0.8933252461579395
-0.9833719931590144
-0.9880677239644504
-0.9417803306384224
-0.8690133941890286
-0.882330715867192
-0.791104491324147
-0.9719225397624941
-0.7986191328576643
-0.8373909733657257
-0.9177377957434238
-0.21906734690012108
-0.5412922542370313
-0.9634038869725677
-0.5266504108244483
-0.734585827242533
-0.6700092064103792
-0.9166742346872421
-0.8590578252268438
-0.8009496206895234
DEGREE_RANK
0.5283582089552237
-0.9164179104477612
-0.3731343283582089
-0.36716417910447763
-0.17611940298507467
0.05074626865671639
-0.7432835820895523
-0.844776119402985
-0.8388059701492537
0.5343283582089553
-0.8328358208955224
0.27761194029850733
0.05671641791044779
0.0626865671641792
0.5402985074626867
0.808955223880597
-0.5880597014925373
0.5462686567164179
-0.9104477611940298
-0.5820895522388059
0.06865671641791038
0.07462686567164178
-0.3611940298507462
0.28358208955223896
0.68955223880597
0.6955223880597015
-0.17014925373134326
-0.9701492537313433
-0.826865671641791
0.4208955223880597
0.4268656716417911
-0.9880597014925373
0.5522388059701493
0.5582089552238807
0.4328358208955223
-0.16417910447761186
-0.9044776119402985
0.9522388059701492
0.982089552238806
0.28955223880597014
-0.9582089552238806
0.9582089552238806
-0.7373134328358208
0.5641791044776119
-0.7313432835820894
-0.15820895522388057
-0.9522388059701492
0.7014925373134329
0.5701492537313433
0.08059701492537297
-0.15223880597014927
0.707462686567164
0.898507462686567
0.5761194029850745
-0.8208955223880597
-0.14626865671641798
-0.8985074626865671
0.9044776119402984
0.08656716417910437
0.092537313432836
0.7134328358208955
0.29552238805970155
0.8149253731343284
-0.35522388059701493
-0.3492537313432835
-0.5761194029850747
-0.7253731343283583
0.4388059701492537
0.91044776119403
0.8208955223880596
0.30149253731343295
-0.14029850746268646
-0.8149253731343284
0.826865671641791
-0.9462686567164179
-0.7194029850746269
0.30746268656716413
-0.34328358208955223
-0.5701492537313433
0.09850746268656718
-0.7134328358208955
0.10447761194029859
0.11044776119402999
-0.5641791044776119
-0.5582089552238805
-0.5522388059701493
-0.5462686567164179
0.11641791044776117
-0.7074626865671642
-0.13432835820895517
0.7194029850746271
0.12238805970149258
-0.8925373134328358
-0.5402985074626865
-0.33731343283582094
0.31343283582089554
0.12835820895522376
-0.5343283582089552
-0.33134328358208953
-0.7014925373134329
0.13432835820895517
-0.3253731343283581
-0.12835820895522387
0.4447761194029851
0.7253731343283583
0.8328358208955222
-0.808955223880597
0.31940298507462694
0.3253731343283581
-0.12238805970149258
0.5820895522388059
-0.11641791044776117
0.33134328358208953
0.5880597014925373
-0.11044776119402977
0.5940298507462687
-0.5283582089552239
-1.0
-0.8865671641791045
-0.31940298507462683
0.9164179104477612
-0.5223880597014925
0.8388059701492536
-0.31343283582089554
-0.30746268656716425
0.3373134328358207
-0.5164179104477612
-0.8029850746268656
-0.7970149253731343
-0.10447761194029848
0.34328358208955234
0.14029850746268657
-0.30149253731343284
0.4507462686567163
-0.09850746268656718
0.14626865671641776
-0.791044776119403
0.6000000000000001
-0.5104477611940298
-0.5044776119402985
0.6059701492537315
0.34925373134328375
0.15223880597014916
0.1582089552238808
-0.29552238805970144
0.4567164179104477
0.6119402985074627
0.35522388059701493
-0.4985074626865672
-0.09253731343283578
-0.4925373134328358
0.6179104477611941
0.16417910447761197
-0.6955223880597015
0.4626865671641791
0.7313432835820897
-0.4865671641791044
-0.28955223880597014
0.36119402985074633
0.4686567164179105
0.17014925373134338
0.36716417910447774
-0.982089552238806
0.17611940298507456
-0.6895522388059702
0.7373134328358208
-0.7850746268656716
-0.28358208955223885
-0.7791044776119402
0.4746268656716419
-0.4805970149253731
-0.6835820895522388
0.4805970149253731
-0.6776119402985075
-0.4746268656716418
0.8447761194029852
-0.9402985074626866
0.18208955223880596
-0.9343283582089552
-0.4686567164179104
0.18805970149253737
1.0
0.7432835820895523
0.9223880597014926
-0.4626865671641791
0.3731343283582089
-0.27761194029850744
-0.08656716417910448
0.9283582089552238
0.8507462686567164
0.7492537313432837
-0.27164179104477615
-0.9283582089552239
-0.08059701492537308
-0.8805970149253731
0.6238805970149255
-0.07462686567164178
0.3791044776119403
0.8567164179104478
0.4865671641791045
0.4925373134328359
-0.4567164179104477
-0.26567164179104474
0.19402985074626855
-0.06865671641791038
-0.7731343283582089
-0.06268656716417909
0.6298507462686567
-0.9641791044776119
0.3850746268656715
-0.25970149253731345
-0.6716417910447761
-0.6656716417910448
-0.4507462686567164
0.6358208955223881
0.19999999999999996
0.20597014925373136
0.4985074626865671
0.9343283582089552
0.3910447761194029
0.21194029850746254
-0.05671641791044779
-0.6597014925373135
0.21791044776119417
-0.6537313432835821
-0.25373134328358204
0.9641791044776118
0.22388059701492558
-0.8746268656716418
-0.0507462686567165
-0.444776119402985
0.9701492537313434
-0.04477611940298498
0.9880597014925374
0.22985074626865676
-0.24776119402985075
-0.03880597014925369
-0.032835820895522394
0.7552238805970148
-0.4388059701492537
0.7611940298507462
-0.4328358208955224
-0.6477611940298507
-0.8686567164179104
-0.0268656716417911
0.9402985074626866
-0.24179104477611946
0.3970149253731343
-0.020895522388059695
0.23582089552238816
-0.8626865671641791
-0.4268656716417911
0.6417910447761193
0.24179104477611935
-0.23582089552238805
0.24776119402985075
0.6477611940298507
-0.22985074626865665
0.4029850746268655
0.7671641791044777
0.7731343283582088
0.8626865671641792
-0.4208955223880596
-0.4149253731343283
-0.01492537313432829
-0.9223880597014925
-0.6417910447761195
0.5044776119402985
0.6537313432835821
0.8686567164179104
-0.408955223880597
0.7791044776119402
0.9462686567164178
-0.008955223880596996
0.6597014925373135
0.8746268656716418
-0.22388059701492535
0.6656716417910449
-0.4029850746268657
-0.0029850746268657025
-0.7671641791044777
0.40895522388059713
0.7850746268656716
-0.21791044776119406
-0.9940298507462687
0.6716417910447763
-0.3970149253731343
-0.7611940298507462
-0.21194029850746277
0.25373134328358216
0.880597014925373
-0.6358208955223881
-0.9761194029850746
-0.8567164179104478
-0.6298507462686567
-0.6238805970149254
-0.755223880597015
-0.6179104477611941
0.0029850746268655914
0.6776119402985075
-0.3910447761194029
0.9761194029850746
0.41492537313432853
-0.8507462686567164
0.008955223880596996
-0.6119402985074627
0.9940298507462686
-0.20597014925373125
-0.3850746268656716
-0.19999999999999996
0.014925373134328401
-0.19402985074626866
-0.6059701492537313
0.020895522388059584
0.02686567164179099
-0.18805970149253726
0.25970149253731334
0.032835820895522394
-0.7492537313432837
0.0388059701492538
-0.6
0.791044776119403
0.5104477611940299
0.8865671641791044
-0.3791044776119403
0.7970149253731345
-0.5940298507462687
0.5164179104477611
0.26567164179104474
0.8925373134328358
0.8029850746268656
0.5223880597014925
0.27164179104477615
-0.18208955223880596
0.044776119402985204
0.6835820895522389
EIGENVECTOR_RANK
-0.36716417910447763
-0.08059701492537308
-0.19402985074626866
0.4507462686567163
0.5283582089552237
0.7194029850746271
0.15223880597014916
-0.17014925373134326
-0.9343283582089552
0.16417910447761197
-0.9641791044776119
-0.4626865671641791
-0.6895522388059702
-0.5283582089552239
0.8686567164179104
0.6835820895522389
-0.8388059701492537
0.791044776119403
-0.19999999999999996
-0.7970149253731343
-0.8208955223880597
-0.06268656716417909
0.3910447761194029
-0.0268656716417911
0.6238805970149255
0.8626865671641792
-0.7791044776119402
0.34925373134328375
0.6119402985074627
-0.20597014925373125
-0.18208955223880596
0.3850746268656715
0.6059701492537315
-0.35522388059701493
-0.3791044776119403
0.008955223880596996
-0.6
0.9880597014925374
0.36716417910447774
-0.7611940298507462
-0.9223880597014925
0.91044776119403
-0.8985074626865671
0.8388059701492536
-0.15223880597014927
-0.3910447761194029
-0.6776119402985075
0.6716417910447763
-0.4985074626865672
-0.6597014925373135
-0.0507462686567165
0.27761194029850733
0.9044776119402984
0.8328358208955222
0.5820895522388059
-0.27761194029850744
-0.14029850746268646
-0.25970149253731345
-0.5223880597014925
-0.9104477611940298
0.5582089552238807
-0.7194029850746269
-0.3492537313432835
-0.6238805970149254
0.0029850746268655914
-0.791044776119403
-0.7074626865671642
0.092537313432836
0.9761194029850746
0.9582089552238806
0.30149253731343295
-0.5582089552238805
-0.9164179104477612
0.9223880597014926
-0.9522388059701492
0.22388059701492558
0.7970149253731345
0.5701492537313433
0.07462686567164178
-0.11641791044776117
-0.8746268656716418
-0.7253731343283583
0.12835820895522376
0.21194029850746254
0.0388059701492538
-0.31343283582089554
-0.22985074626865665
0.5044776119402985
-0.3970149253731343
-0.24179104477611946
0.6656716417910449
0.6179104477611941
-0.5940298507462687
-0.7134328358208955
0.19402985074626855
0.5462686567164179
0.3791044776119403
0.36119402985074633
-0.408955223880597
-0.8507462686567164
0.5940298507462687
-0.5044776119402985
-0.7731343283582089
0.27164179104477615
-0.28358208955223885
-0.34328358208955223
0.4328358208955223
-0.25373134328358204
0.7731343283582088
-0.0029850746268657025
0.8208955223880596
0.7432835820895523
0.6000000000000001
0.7134328358208955
0.4447761194029851
-0.3611940298507462
-0.11044776119402977
-1.0
-0.6059701492537313
0.11044776119402999
0.7850746268656716
-0.10447761194029848
0.7253731343283583
-0.7432835820895523
-0.17611940298507467
0.35522388059701493
0.5104477611940299
0.5522388059701493
-0.9582089552238806
-0.4925373134328358
0.3731343283582089
0.5880597014925373
0.4865671641791045
0.8507462686567164
-0.8626865671641791
0.0626865671641792
-0.7313432835820894
0.05671641791044779
-0.4149253731343283
-0.5880597014925373
0.8925373134328358
-0.008955223880596996
-0.08656716417910448
-0.755223880597015
-0.5104477611940298
0.41492537313432853
-0.33731343283582094
-0.6716417910447761
-0.6417910447761195
0.014925373134328401
-0.4746268656716418
0.8149253731343284
-0.21194029850746277
-0.7492537313432837
0.6298507462686567
0.808955223880597
-0.4388059701492537
0.4029850746268655
0.1582089552238808
-0.5761194029850747
-0.7014925373134329
0.880597014925373
-0.982089552238806
-0.5522388059701493
0.11641791044776117
0.26567164179104474
-0.826865671641791
-0.4029850746268657
-0.30746268656716425
0.14029850746268657
0.23582089552238816
-0.5402985074626865
0.08059701492537297
0.044776119402985204
-0.01492537313432829
0.3253731343283581
-0.6179104477611941
0.4208955223880597
-0.9462686567164179
-0.09850746268656718
-0.04477611940298498
1.0
0.7492537313432837
-0.33134328358208953
0.4686567164179105
0.06865671641791038
-0.31940298507462683
0.6417910447761193
0.9701492537313434
0.8029850746268656
0.68955223880597
-0.6835820895522388
-0.6119402985074627
0.5641791044776119
-0.9761194029850746
0.7611940298507462
-0.12238805970149258
-0.8805970149253731
0.9343283582089552
0.020895522388059584
-0.21791044776119406
0.6955223880597015
0.5223880597014925
-0.4805970149253731
0.25373134328358216
0.7791044776119402
0.7373134328358208
-0.3731343283582089
-0.9402985074626866
-0.6358208955223881
0.6597014925373135
0.29552238805970155
0.7552238805970148
-0.6298507462686567
0.8447761194029852
0.08656716417910437
0.7671641791044777
-0.5820895522388059
0.898507462686567
0.4805970149253731
0.707462686567164
-0.06865671641791038
0.4388059701492537
-0.30149253731343284
0.19999999999999996
0.09850746268656718
0.9940298507462686
0.4746268656716419
-0.844776119402985
-0.18805970149253726
0.7014925373134329
0.30746268656716413
0.7313432835820897
0.31343283582089554
-0.03880597014925369
-0.5164179104477612
0.3970149253731343
0.24179104477611935
0.9283582089552238
-0.032835820895522394
0.3373134328358207
-0.26567164179104474
0.18208955223880596
-0.23582089552238805
-0.8029850746268656
0.6537313432835821
-0.27164179104477615
0.21791044776119417
-0.8865671641791045
-0.5701492537313433
-0.9701492537313433
0.17611940298507456
-0.29552238805970144
0.4626865671641791
-0.6955223880597015
0.8746268656716418
0.6358208955223881
-0.16417910447761186
0.032835820895522394
0.14626865671641776
0.18805970149253737
0.34328358208955234
-0.7373134328358208
0.5164179104477611
0.5402985074626867
-0.22388059701492535
-0.9283582089552239
-0.7850746268656716
0.12238805970149258
0.8865671641791044
-0.6656716417910448
-0.3253731343283581
0.982089552238806
0.4567164179104477
0.25970149253731334
0.9164179104477612
-0.4208955223880596
0.05074626865671639
-0.3850746268656716
-0.808955223880597
0.5761194029850745
-0.14626865671641798
0.33134328358208953
-0.8686567164179104
-0.9880597014925373
0.826865671641791
-0.8567164179104478
-0.28955223880597014
0.5343283582089553
-0.05671641791044779
0.6776119402985075
-0.15820895522388057
-0.9940298507462687
-0.6477611940298507
-0.4567164179104477
0.4925373134328359
-0.13432835820895517
-0.8925373134328358
-0.5343283582089552
0.9402985074626866
-0.4268656716417911
0.28358208955223896
0.4268656716417911
0.6477611940298507
-0.4865671641791044
-0.5462686567164179
0.9462686567164178
-0.9044776119402985
-0.8328358208955224
0.24776119402985075
-0.7671641791044777
0.4985074626865671
-0.5641791044776119
0.17014925373134338
-0.6537313432835821
0.10447761194029859
-0.24776119402985075
-0.8149253731343284
0.20597014925373136
0.22985074626865676
-0.12835820895522387
0.31940298507462694
0.8567164179104478
0.9641791044776118
-0.4686567164179104
0.28955223880597014
-0.4507462686567164
-0.09253731343283578
-0.020895522388059695
0.9522388059701492
-0.07462686567164178
0.02686567164179099
0.40895522388059713
0.13432835820895517
-0.4328358208955224
-0.444776119402985
CENT_RANK
0.35522388059701493
-0.4388059701492537
0.5223880597014925
-0.5104477611940298
0.11641791044776117
0.33134328358208953
-0.6895522388059702
-0.8925373134328358
-1.0
-0.06268656716417909
-0.6298507462686567
0.6477611940298507
-0.19999999999999996
-0.4805970149253731
0.4686567164179105
0.7194029850746271
-0.8746268656716418
0.4805970149253731
-0.3253731343283581
-0.3791044776119403
-0.5522388059701493
0.4507462686567163
0.12835820895522376
-0.03880597014925369
-0.0029850746268657025
0.5582089552238807
-0.755223880597015
0.5761194029850745
-0.01492537313432829
0.7432835820895523
0.880597014925373
-0.9940298507462687
-0.33134328358208953
0.6000000000000001
-0.8149253731343284
-0.6597014925373135
-0.9880597014925373
0.34328358208955234
0.8746268656716418
0.4925373134328359
0.28955223880597014
0.7313432835820897
-0.7850746268656716
0.5343283582089553
-0.982089552238806
-0.444776119402985
0.6238805970149255
-0.31940298507462683
0.3910447761194029
-0.15223880597014927
-0.008955223880596996
0.18805970149253737
0.4029850746268655
0.0029850746268655914
-0.7791044776119402
0.4208955223880597
-0.9761194029850746
0.5701492537313433
-0.4746268656716418
-0.25970149253731345
0.9402985074626866
0.36716417910447774
-0.27164179104477615
0.28358208955223896
0.6059701492537315
-0.3731343283582089
-0.9164179104477612
-0.34328358208955223
-0.4626865671641791
0.17611940298507456
-0.4507462686567164
0.4626865671641791
-0.9701492537313433
0.5044776119402985
-0.9641791044776119
-0.4208955223880596
-0.08059701492537308
-0.4149253731343283
-0.5641791044776119
0.044776119402985204
-0.6358208955223881
0.30746268656716413
-0.24179104477611946
-0.05671641791044779
-0.4865671641791044
0.12238805970149258
-0.5164179104477612
0.4388059701492537
-0.6537313432835821
0.7671641791044777
-0.31343283582089554
-0.8567164179104478
-0.8805970149253731
-0.35522388059701493
0.6597014925373135
0.3373134328358207
0.3850746268656715
-0.15820895522388057
-0.7014925373134329
0.41492537313432853
-0.10447761194029848
-0.09850746268656718
-0.7492537313432837
-0.4567164179104477
0.27761194029850733
-0.20597014925373125
0.9522388059701492
0.9223880597014926
0.5522388059701493
0.9940298507462686
0.008955223880596996
-0.21791044776119406
0.21194029850746254
0.826865671641791
0.19402985074626855
0.36119402985074633
-0.844776119402985
-0.9582089552238806
-0.9522388059701492
-0.7671641791044777
0.9164179104477612
-0.5283582089552239
0.6179104477611941
-0.5761194029850747
-0.0268656716417911
0.91044776119403
0.34925373134328375
-0.5820895522388059
-0.6238805970149254
0.14029850746268657
0.6417910447761193
0.8328358208955222
0.18208955223880596
0.26567164179104474
-0.6477611940298507
0.5880597014925373
-0.13432835820895517
0.31343283582089554
-0.7253731343283583
-0.408955223880597
0.13432835820895517
-0.07462686567164178
0.6776119402985075
-0.27761194029850744
-0.09253731343283578
0.8626865671641792
0.3970149253731343
-0.6417910447761195
0.08059701492537297
-0.21194029850746277
-0.28955223880597014
0.9283582089552238
0.4746268656716419
-0.9104477611940298
0.9582089552238806
0.8029850746268656
-0.8208955223880597
0.8447761194029852
0.6955223880597015
-0.032835820895522394
-0.7373134328358208
-0.18208955223880596
0.0626865671641792
0.5283582089552237
0.9343283582089552
0.5164179104477611
-0.6835820895522388
-0.6119402985074627
-0.5223880597014925
0.19999999999999996
0.5462686567164179
-0.8626865671641791
0.30149253731343295
-0.3910447761194029
-0.826865671641791
0.898507462686567
-0.8388059701492537
0.40895522388059713
-0.9462686567164179
0.8865671641791044
-0.5402985074626865
0.4865671641791045
0.791044776119403
-0.5462686567164179
0.8388059701492536
-0.4029850746268657
-0.14029850746268646
-0.08656716417910448
-0.04477611940298498
0.8686567164179104
-0.5880597014925373
-0.9044776119402985
-0.8328358208955224
0.032835820895522394
-0.30746268656716425
0.68955223880597
0.25970149253731334
-0.24776119402985075
-0.14626865671641798
0.5402985074626867
0.9701492537313434
0.07462686567164178
0.23582089552238816
0.08656716417910437
0.7731343283582088
-0.9223880597014925
0.14626865671641776
-0.6776119402985075
-0.9402985074626866
-0.19402985074626866
0.5104477611940299
-0.7313432835820894
-0.8507462686567164
0.11044776119402999
-0.33731343283582094
-0.11044776119402977
0.21791044776119417
0.02686567164179099
0.7552238805970148
0.8208955223880596
0.6835820895522389
0.25373134328358216
0.10447761194029859
0.8507462686567164
0.09850746268656718
0.6298507462686567
0.6119402985074627
-0.3611940298507462
-0.808955223880597
0.8149253731343284
0.9462686567164178
-0.36716417910447763
0.15223880597014916
0.7014925373134329
0.29552238805970155
0.5820895522388059
0.9880597014925374
-0.4268656716417911
-0.18805970149253726
0.7492537313432837
-0.12835820895522387
-0.29552238805970144
-0.23582089552238805
0.707462686567164
-0.17611940298507467
0.7970149253731345
0.4985074626865671
0.4447761194029851
-0.5940298507462687
0.7791044776119402
-0.6716417910447761
-0.6656716417910448
0.4328358208955223
0.20597014925373136
-0.3850746268656716
-0.4328358208955224
0.982089552238806
0.16417910447761197
0.6656716417910449
0.8925373134328358
0.22388059701492558
-0.22388059701492535
-0.06865671641791038
-0.16417910447761186
-0.5701492537313433
-0.8029850746268656
-0.9283582089552239
-0.26567164179104474
0.6358208955223881
0.6537313432835821
-0.4925373134328358
0.22985074626865676
0.3731343283582089
0.3253731343283581
0.5641791044776119
0.7134328358208955
0.092537313432836
0.31940298507462694
-0.5044776119402985
-0.17014925373134326
-0.7731343283582089
0.7850746268656716
-0.12238805970149258
-0.7970149253731343
-0.9343283582089552
0.014925373134328401
-0.7074626865671642
-0.020895522388059695
-0.3492537313432835
0.4567164179104477
0.7253731343283583
-0.5582089552238805
-0.30149253731343284
-0.791044776119403
-0.28358208955223885
0.9641791044776118
0.9761194029850746
-0.8865671641791045
0.3791044776119403
-0.8985074626865671
-0.4985074626865672
0.17014925373134338
1.0
-0.6179104477611941
0.05671641791044779
0.0388059701492538
0.808955223880597
-0.7194029850746269
-0.8686567164179104
0.6716417910447763
-0.4686567164179104
0.06865671641791038
-0.6
0.8567164179104478
-0.7134328358208955
-0.7611940298507462
-0.11641791044776117
-0.6955223880597015
-0.7432835820895523
-0.3970149253731343
0.020895522388059584
-0.0507462686567165
0.27164179104477615
-0.6059701492537313
0.24776119402985075
0.1582089552238808
-0.25373134328358204
0.9044776119402984
0.7373134328358208
-0.5343283582089552
0.7611940298507462
0.4268656716417911
0.5940298507462687
-0.22985074626865665
0.05074626865671639
0.24179104477611935
RANK
8
31
36
44
56
72
74
117
118
178
208
284
266
205
66
153
191
299
7
297
92
16
308
171
91
212
116
176
192
174
156
34
228
265
283
293
42
54
280
119
315
26
102
318
160
211
138
307
314
286
98
317
6
166
207
250
251
35
88
134
147
80
10
128
303
167
323
312
248
190
127
123
264
78
291
20
183
180
329
121
168
86
3
278
300
270
84
13
58
310
68
103
70
45
1
255
237
75
77
139
185
319
173
254
19
65
231
227
93
288
67
214
32
18
47
90
194
292
241
150
294
143
62
267
59
326
197
82
242
333
261
111
149
105
12
209
238
161
244
279
263
97
49
198
186
136
240
282
316
215
100
101
144
187
76
141
262
9
83
321
188
23
159
124
287
28
50
24
53
110
285
320
217
193
305
79
334
304
162
311
201
148
203
276
224
222
213
4
85
22
140
129
206
232
325
257
301
69
132
51
114
169
253
112
216
260
271
202
335
324
221
196
133
322
104
63
40
234
172
81
137
277
273
5
95
37
126
0
115
61
272
298
96
48
146
52
177
99
55
331
252
87
247
21
289
71
14
152
17
181
39
246
73
210
165
2
163
43
199
170
108
25
274
57
27
235
135
332
33
64
226
122
46
225
268
130
11
269
94
258
309
142
220
195
158
233
243
275
15
290
41
328
29
239
218
330
89
204
249
281
182
245
155
306
229
219
113
131
184
157
223
313
145
189
38
30
179
259
175
327
125
120
107
151
164
60
230
106
154
295
200
296
256
236
109
302
