DEGREE
-0.4482758620689655
0.3793103448275863
0.24137931034482762
-0.31034482758620685
0.5172413793103448
-0.31034482758620685
-0.5172413793103448
-0.3793103448275862
0.4482758620689655
-0.4482758620689655
0.17241379310344818
0.3793103448275863
-0.9310344827586207
-0.4482758620689655
0.24137931034482762
0.3793103448275863
0.10344827586206895
0.4482758620689655
0.3793103448275863
0.10344827586206895
0.5862068965517242
-0.4482758620689655
0.034482758620689724
-0.4482758620689655
0.4482758620689655
0.4482758620689655
0.10344827586206895
-0.31034482758620685
0.5172413793103448
0.3793103448275863
-0.5172413793103448
0.6551724137931034
-0.5172413793103448
0.17241379310344818
0.7931034482758621
0.5862068965517242
-0.1724137931034483
0.31034482758620685
0.17241379310344818
-0.5862068965517242
-0.10344827586206895
-0.31034482758620685
0.6551724137931034
-0.3793103448275862
0.5862068965517242
0.5172413793103448
-0.03448275862068961
-0.03448275862068961
-0.24137931034482762
0.3793103448275863
-0.10344827586206895
-0.1724137931034483
-0.5862068965517242
0.5172413793103448
0.3793103448275863
0.034482758620689724
-0.6551724137931034
0.10344827586206895
0.24137931034482762
-0.7931034482758621
0.5172413793103448
-0.1724137931034483
0.3793103448275863
0.3793103448275863
-0.3793103448275862
0.6551724137931034
0.9310344827586208
0.034482758620689724
0.24137931034482762
0.3793103448275863
-0.5172413793103448
0.10344827586206895
0.3793103448275863
0.10344827586206895
0.17241379310344818
0.10344827586206895
0.24137931034482762
0.6551724137931034
-0.03448275862068961
0.24137931034482762
-0.7241379310344828
-0.5172413793103448
0.5172413793103448
-0.5862068965517242
0.6551724137931034
1.0
0.10344827586206895
0.31034482758620685
0.5862068965517242
0.10344827586206895
0.3793103448275863
0.10344827586206895
0.5172413793103448
0.034482758620689724
-0.31034482758620685
-0.03448275862068961
0.3793103448275863
0.4482758620689655
0.31034482758620685
0.24137931034482762
-0.03448275862068961
0.5172413793103448
-0.5172413793103448
-0.24137931034482762
0.5862068965517242
-0.9310344827586207
0.5172413793103448
0.10344827586206895
0.5862068965517242
-0.4482758620689655
0.5172413793103448
0.5172413793103448
-0.24137931034482762
-0.31034482758620685
-0.5862068965517242
-0.5172413793103448
0.5862068965517242
-0.24137931034482762
0.7931034482758621
-0.03448275862068961
0.4482758620689655
-0.24137931034482762
0.3793103448275863
-0.1724137931034483
-0.10344827586206895
0.24137931034482762
0.31034482758620685
0.5172413793103448
0.24137931034482762
0.5862068965517242
-0.5862068965517242
-0.1724137931034483
0.3793103448275863
0.5862068965517242
0.17241379310344818
-0.03448275862068961
0.24137931034482762
0.4482758620689655
-0.03448275862068961
0.7241379310344827
0.4482758620689655
-0.03448275862068961
-0.5172413793103448
0.5862068965517242
0.24137931034482762
-0.10344827586206895
0.24137931034482762
0.034482758620689724
0.17241379310344818
-0.5862068965517242
-0.4482758620689655
0.4482758620689655
0.4482758620689655
0.3793103448275863
0.31034482758620685
0.24137931034482762
-0.9310344827586207
0.24137931034482762
0.17241379310344818
0.5172413793103448
0.17241379310344818
0.7241379310344827
0.034482758620689724
-0.4482758620689655
0.5862068965517242
-0.3793103448275862
-0.03448275862068961
0.10344827586206895
0.31034482758620685
0.3793103448275863
0.10344827586206895
0.31034482758620685
-0.6551724137931034
0.7241379310344827
0.24137931034482762
0.5172413793103448
-0.31034482758620685
0.31034482758620685
-0.5172413793103448
0.034482758620689724
0.034482758620689724
0.5172413793103448
0.5862068965517242
0.3793103448275863
0.10344827586206895
-0.03448275862068961
0.5862068965517242
0.5172413793103448
0.31034482758620685
0.3793103448275863
0.4482758620689655
0.5172413793103448
0.6551724137931034
-0.5862068965517242
0.5862068965517242
-0.7931034482758621
0.24137931034482762
0.5862068965517242
0.6551724137931034
-0.5172413793103448
0.10344827586206895
0.24137931034482762
-0.24137931034482762
0.034482758620689724
0.31034482758620685
0.17241379310344818
-0.03448275862068961
0.31034482758620685
-0.31034482758620685
-0.5172413793103448
-0.24137931034482762
-0.31034482758620685
0.24137931034482762
-0.3793103448275862
-0.7241379310344828
-0.7241379310344828
-0.1724137931034483
0.10344827586206895
0.5172413793103448
-0.1724137931034483
0.034482758620689724
0.6551724137931034
0.31034482758620685
0.17241379310344818
0.31034482758620685
0.24137931034482762
0.6551724137931034
-0.10344827586206895
0.4482758620689655
0.31034482758620685
0.24137931034482762
-0.8620689655172413
-0.1724137931034483
0.31034482758620685
0.5172413793103448
0.7931034482758621
-0.5862068965517242
0.5862068965517242
0.10344827586206895
-0.10344827586206895
-0.5862068965517242
0.034482758620689724
0.24137931034482762
-0.24137931034482762
-0.1724137931034483
0.3793103448275863
-0.5862068965517242
0.3793103448275863
0.31034482758620685
0.5862068965517242
-0.24137931034482762
-0.10344827586206895
0.034482758620689724
0.4482758620689655
-0.5862068965517242
0.034482758620689724
0.3793103448275863
0.4482758620689655
0.3793103448275863
0.3793103448275863
-0.5172413793103448
-0.4482758620689655
-0.10344827586206895
-0.1724137931034483
0.034482758620689724
-0.10344827586206895
0.3793103448275863
0.24137931034482762
-0.31034482758620685
0.5862068965517242
0.24137931034482762
-0.24137931034482762
0.4482758620689655
0.034482758620689724
0.5862068965517242
0.034482758620689724
0.4482758620689655
0.24137931034482762
0.4482758620689655
-0.3793103448275862
0.31034482758620685
0.17241379310344818
-0.1724137931034483
0.5172413793103448
0.034482758620689724
-0.1724137931034483
0.10344827586206895
0.5862068965517242
0.17241379310344818
-0.5172413793103448
-0.1724137931034483
0.7931034482758621
0.3793103448275863
-0.5172413793103448
0.10344827586206895
0.17241379310344818
0.7931034482758621
0.31034482758620685
0.3793103448275863
-0.6551724137931034
0.034482758620689724
0.5862068965517242
-0.10344827586206895
0.8620689655172413
-0.10344827586206895
0.5172413793103448
0.17241379310344818
0.3793103448275863
0.24137931034482762
-0.24137931034482762
-0.5862068965517242
-0.3793103448275862
-0.1724137931034483
0.5862068965517242
0.5172413793103448
0.9310344827586208
0.31034482758620685
-1.0
-1.0
0.4482758620689655
-0.10344827586206895
-0.4482758620689655
0.5862068965517242
0.3793103448275863
0.5862068965517242
-0.24137931034482762
-0.7931034482758621
0.4482758620689655
0.5862068965517242
0.7931034482758621
-0.10344827586206895
0.4482758620689655
0.17241379310344818
-0.7241379310344828
0.5862068965517242
0.31034482758620685
0.5862068965517242
0.5862068965517242
-0.1724137931034483
-0.03448275862068961
0.5172413793103448
0.17241379310344818
-0.7931034482758621
-0.03448275862068961
0.7241379310344827
-0.1724137931034483
0.5862068965517242
0.3793103448275863
0.4482758620689655
0.31034482758620685
0.17241379310344818
0.24137931034482762
0.10344827586206895
0.17241379310344818
0.24137931034482762
0.3793103448275863
-0.1724137931034483
-0.03448275862068961
-0.7931034482758621
-0.7931034482758621
0.10344827586206895
0.4482758620689655
0.6551724137931034
0.5172413793103448
0.31034482758620685
0.034482758620689724
0.4482758620689655
-0.24137931034482762
-0.7931034482758621
-0.4482758620689655
0.5172413793103448
0.6551724137931034
0.10344827586206895
0.4482758620689655
-0.24137931034482762
-0.31034482758620685
0.034482758620689724
-0.4482758620689655
0.034482758620689724
0.24137931034482762
0.3793103448275863
0.7241379310344827
0.31034482758620685
0.7241379310344827
0.31034482758620685
0.034482758620689724
0.24137931034482762
-0.4482758620689655
0.034482758620689724
-0.3793103448275862
0.17241379310344818
-0.5862068965517242
0.10344827586206895
-0.3793103448275862
EIGENVECTOR
-0.965337677980637
-0.4658153581350043
0.05479664085246738
-0.9853425871374151
0.5281072235686666
-0.9972370511492264
-0.9984969912150871
-0.8921804241978795
-0.9850590572157718
-0.979107821588258
0.1720089018923665
-0.2835907441827159
-1.0
-0.9017959218138809
-0.35612263604794026
-0.9794588470854698
-0.9278187458075735
0.4443702423244549
-0.6661800121149182
-0.4837879286453771
-0.6432632463745718
-0.9622223413527534
-0.9664532116107731
-0.9525943389837875
-0.8673378779869219
-0.4517754927748102
-0.9533160750088424
-0.927392365090479
-0.9691043901229472
-0.9846011577365789
-0.9881552886052292
-0.6757066355510435
-0.9274113667007061
-0.8768505862935472
0.5440537683503466
0.20229824472241176
-0.29945156055208433
-0.5607819544702219
-0.3971265255191526
-0.9795247020771054
-0.8594670791883439
-0.9766501296011036
0.7995365232027922
-0.995670150027328
-0.9815313221276538
0.37995701844924845
-0.772384836365916
-0.9075541110296059
-0.8076031550544069
0.08761418222886053
-0.995351739670475
-0.8698768805647104
-0.9829950365658369
0.21087199405077328
-0.16808970394412015
-0.9495099246638887
-0.7058085419918343
-0.45340361319026445
-0.7691593896428844
-0.943385459361701
-0.6663470669553533
-0.8621829017994411
0.2420815828505518
-0.534962061997958
-0.8839271404774005
0.3357544745958638
0.8834872596228815
-0.849701061304349
-0.7697726525887889
-0.7589304774014716
-0.863302221524076
-0.9785041658684851
-0.8788947741583715
-0.011507402196441308
-0.5253827254233656
-0.9362720355687294
-0.49026962359245063
0.6562713328865544
-0.9819374061680098
-0.9870760933167401
-0.9969725678671738
-0.9398029360116885
-0.6877688346528577
-0.938471174566445
-0.9748797769147987
1.0
-0.8904149390618016
-0.5518535398422677
0.08071546987219191
-0.11413180156936342
-0.7021256461726959
-0.94737592461775
0.19056732367367135
-0.9844484119026881
-0.8099646486492101
-0.8339366446548031
0.24741846261573563
-0.3138888920057523
-0.9165755002070717
-0.7633293577226639
-0.4290953446762058
-0.9254223805302193
-0.9933599657024339
-0.9898199695752045
0.7430928361491598
-0.9609267908764858
0.3427320723300331
-0.26714325451857523
0.7210414322611243
-0.9978714080158567
0.3278258757494694
-0.6443600434527355
-0.9783274108852797
-0.8785879652170301
-0.9820709857829308
-0.8926681953447958
-0.9769053894749881
-0.7911777802198763
0.7619608607054758
-0.9469158171196992
0.03376444507048393
-0.8877053431170243
-0.6826051785281306
-0.279099962837397
-0.9148440281798804
-0.18417577525673534
-0.9808789566052295
-0.6988239364533353
-0.9815010240320428
-0.5915486896247377
-0.9991966651535892
-0.9732013317188751
-0.881185439457982
-0.9753772445962839
-0.5606839833220898
-0.8260538369544242
-0.5411982315932579
-0.0575909447770071
-0.9147606725640294
-0.6758606068499106
-0.2633827950114498
-0.8096359517967606
-0.9777294259058961
0.24618187157478966
-0.7166345810959021
-0.9467749512969079
-0.729384679129087
-0.9843244825031657
-0.806718259387956
-0.9899099811707346
-0.9902381494061899
-0.9831559805839465
-0.8294070684373522
-0.7778629424271231
-0.9132378358282345
-0.3971200840353054
-0.9374247807355941
-0.9412965545735718
-0.8653526842390794
-0.9898157133015315
-0.8795869346186401
-0.985702116715226
-0.870600682372095
-0.7875676655664713
-0.9805785160787729
-0.9879764706343991
-0.9696108709119908
-0.011507402196441419
-0.7480866821359218
-0.8733082414413835
-0.881464844414769
0.23827721736874485
-0.9974266876185309
0.6603112531892261
0.19816959340361628
-0.9689057911617244
-0.928041322044197
-0.4813561022669586
-0.9809701157955867
-0.963921219364642
-0.8063719272367555
0.0015595184147483288
-0.6393169534983485
-0.63570324350004
-0.8991436093884899
-0.981677262241811
0.43319853108045114
0.5379494291106899
-0.5678036657001654
-0.6960714221274678
0.18208296230446663
-0.6507156299768098
0.7060886980040584
-0.9976711408653112
-0.5495020087371636
-0.7236809994735239
-0.8371269388572291
0.4518540513301159
0.19343113908176268
-0.9898317476341765
-0.7719002933206406
-0.4864681385906986
-0.9937567498441876
-0.9118496210208105
-0.9798393989532973
-0.7233114222177245
-0.8138513141923494
-0.7310021010992287
-0.9850560336081118
-0.9988160211048798
-0.7290833264080547
-0.9826314552031221
-0.8439624371806305
-0.9835689847183953
-0.9081263091630037
-0.998632457038791
-0.9923594928651138
-0.1133676515739176
-0.585056584087841
-0.9958293183097
-0.5154161319248175
-0.5217267223703608
-0.784196689407511
-0.7846986761657908
-0.3735303071492714
-0.7435339822046814
0.4476158054414763
-0.9382886434671532
-0.3428713910079306
-0.7110391674981884
-0.12210014688108872
-0.9502913561337714
-0.6705723445350164
-0.7046241641170494
-0.9898157133015316
0.8103809654889245
-0.9659614006312552
-0.5336768527774647
-0.9922435552331949
-0.9551926121684149
-0.9832803938840305
-0.49783161146694643
-0.8841635722922445
-0.9815508340997413
-0.9898214886322768
-0.7885131791115554
-0.905222464103111
0.18275935656311448
0.15950811411708132
-0.981991966277975
-0.9354477164117054
-0.9751106896116242
-0.9899164662273827
-0.02359619004747182
-0.9976711408653111
-0.24204872314975967
-0.845629391354088
-0.6427893668818885
-0.5456667409491465
-0.3672448191580495
-0.9947106769734507
-0.9913350449321839
-0.9855749990935692
-0.5998333792956323
-0.41444429129517235
-0.8457931574391049
-0.5487615316262509
-0.8828816252967316
-0.8832514776341368
-0.7607089503638589
0.18673819841720074
-0.9829117650445365
0.4071381454692411
-0.9298126485236493
-0.48597906404569136
-0.7905145691820277
-0.6386769875833973
-0.8301517741547422
-0.5254042197857487
-0.8914531014288863
-0.9813538501015217
-0.8539938282086752
-0.8881869500247785
-0.5123320124670989
-0.8419658115387353
-0.9402078526986747
-0.8062925201699089
-0.6083033212461395
-0.8453426697463449
-0.9288028046108531
-0.9094256409974227
-0.48339013058327196
-0.8759559228343234
-0.9942229127880221
-0.35689898751047566
-0.5033228606382549
0.7902976401945081
-0.9691974007864014
-0.7933177545821006
-0.9948338159290167
-0.8262462590030959
0.3798226225377559
-0.9950206023472596
0.8889917273988199
-0.9897074323435229
-0.9898157133015315
-0.9118651097955398
-0.4354543584773024
-0.5557310527100559
-0.8529314589976529
-0.9955655938504545
-0.8797161842765607
-0.9962776953056829
-0.7766237730364584
0.0015595184147485508
0.939404908884724
-0.9870500983338443
-0.9711423624607693
-0.9665339792509671
-0.984623854922677
-0.8147345762851009
-0.9970524418373578
-0.9863207558434013
-0.692596636678152
-0.7306475343273405
-0.9826989283733158
-0.934420139105356
-0.4414128444721943
0.47889073368405244
0.8253816538934506
-0.22255600983341317
-0.9469612699124477
-0.7571525725135569
-0.7079384102985433
-0.8280241694799553
-0.12231240599648752
-0.511834453163818
-0.9851237959511782
-0.9208663215063482
-0.8638431457542481
-0.6593337200226814
-0.9309745807987214
-0.758483826435862
-0.8998926373055421
0.44471303228375736
-0.9960150668486781
0.5745694609561405
-0.9856563840902794
-0.8145934632965227
-0.9307170615501175
-0.9445166270120967
-0.7010649724099112
-0.9091397607944941
-0.785320836450746
-0.7118255913837723
-0.9843631650521082
-0.8692129480793271
-0.8412537011238388
-0.9465633521189788
-0.96890417203484
-0.9937194569081513
-0.042805015084330655
-0.5030607300534353
0.2477677574512973
-0.8100928838497437
-0.7959626303237974
-0.8525298581585766
-0.8709051212158669
-0.9987438098847174
-0.5721136145790504
0.0711905985775727
-0.5525561706036565
-0.6768704976746059
-0.8431985692612096
-0.8983454332346287
-0.9008069728132528
-0.7987103460807435
-0.99023814940619
-0.2929179576981049
-0.3327733268290246
0.12305125218175772
-0.9784235888099686
-0.9039784986042267
0.720528988874704
0.1392875173253263
-0.26770170848941655
-0.07867481154188027
-0.9902236220421121
-0.9119159618260366
-0.8914531014288865
-0.9923569711529904
-0.9955655938504545
-0.8062925201699092
-0.969784734832359
CENT
-0.9325041853895473
-0.4082759767499784
-0.8877516208153916
-0.9961128742885583
-0.027741637883053505
-0.9891672973733298
-0.9958272593556362
-0.9652876333635688
-0.7425041220976285
-0.5454427572814367
-0.9595031366185517
-0.20685208855333426
-0.9652756340435669
-0.24929104031422233
-0.6393428125676817
-0.8208018804501671
0.4836672139895464
-0.8098588310732224
-0.6860216554894274
-0.15604397641576495
-0.6989596464620013
-0.899072440811274
-0.6831025107039621
-0.8714778894292889
-0.6549555026765816
-0.5826860217754242
-0.8302716380597985
-0.3158912364359465
-0.5545612177175916
-0.7376120065883519
0.07219478367269128
-0.4580560241022713
-0.9924418292230127
-0.7810733393455688
-0.4733656338736886
-0.6639908621458319
-0.8608764650028753
-0.40610933526271376
-0.19515133445509159
-0.36973502616881515
-0.9180462409665318
-0.9195051872039501
-0.7220027863274092
-0.7259037022250828
-0.668908223961844
-0.7103777743299551
-0.6691795684518309
-0.7748364867022938
-0.8523883326288701
-0.055690477653521975
-0.9808426755868639
-0.6752662600166944
-0.9374823326749747
0.3626475190192193
0.2764268162653274
-0.2886590014612823
-0.9735894725983874
-0.3988238636623519
-0.08642505491107555
-0.9810344873538402
-0.2825058512524177
-0.9854968854082464
-0.8218083151583905
-0.5919855240425606
-0.989327446199353
0.23940545966053928
-0.4174381277672631
-0.7827152458756143
-0.9421066382201062
-0.5817482543459449
0.22764075302922593
-0.07977068074353699
-0.5929528442899181
-0.916852732561516
-0.7655716084601782
-0.7644817200222953
-0.8906095318064833
-0.3880418534090262
-0.3155533447439399
-0.6533690966694696
-0.9959029449133455
-0.9580185876834285
-0.5435332306749187
-0.9826421848197724
-0.6713968846286426
-0.5876551153719591
-0.7680546101383228
0.08485412657897395
-0.5572463467292093
-0.8346868525496721
-0.9007386901673877
-0.45969044977284146
-0.43301454561699093
0.7784915459063537
-0.9514149658399899
-0.7754366748764201
-0.7082744033828687
-0.07973170081832204
-0.24472191654008357
-0.22544639618449602
-0.007602079290728425
-0.5424926612470797
-0.9634325757178476
-0.5879708417558668
-0.6136590163439515
-0.992538156817601
-0.7473320025595751
-0.3800351197700427
-0.6476035648954273
-0.9936176956117561
-0.6131630840906221
-0.5788912291062192
-0.5880107064872477
-0.9389767862773476
-0.9061725633726745
-0.9827763479610325
-0.7960334127673236
-0.8591258099193831
-0.5829318330933895
-0.315754123318995
0.0989302814426356
-0.8947882083341326
-0.8051258922724319
-0.9365690799111326
-0.9304629398307397
-0.00033706314776549284
-0.8482900881794974
-0.638731005156846
-0.9131172822683401
-0.44588889842119817
-0.9998669349434004
-0.8894487046704016
-0.1423078133352369
-0.7273660413717415
1.0
-0.7293633413159282
-0.5665066840055057
-0.683515443397241
-0.6041977136359282
-0.32823636369566267
-0.5218110501518303
-0.7785565344280442
0.6645571820570344
-0.5820628963153869
-0.937312517239222
-0.834445636857834
-0.5635947936966135
-0.6029037245462755
-0.7970319997974189
-0.9777776319744406
-0.982756015734215
-0.7006669068688302
-0.5517213285613862
-0.5736551230707406
-0.7180361490930182
0.5004097840256656
-0.964485445877125
-0.8128893885195987
-0.5111175189847923
-0.8330867104736777
-0.7769679669304481
-0.7752223998506791
-0.7580210518854469
-0.9581256826377151
-0.6750206008406194
-0.9965710431983972
-0.7791545338619152
-0.916852732561516
-0.8187213542729173
-0.6009271010997916
-0.6069004492604424
-0.8641795919925654
-0.9270428308263061
-0.6110947550623733
-0.8650139466453769
-0.13194129774518493
-0.8856684157052176
-0.8529307379442684
-0.9269326444135862
-0.14801500666572365
-0.8947747592669152
-0.3635368273626176
-0.21367606934832573
-0.7420753645019721
-0.6696134864704566
-0.5202819844401823
-0.22236921647478725
-0.3659141955548765
-0.7408406044889198
-0.23160378869063902
-0.7145094538848296
-0.4876727083770419
-0.7724103387856098
-0.9187540328065948
-0.7430266997737425
-0.9981824918968553
-0.4535975946584707
-0.5416828486799548
-0.3993613723518654
-0.9932130486295978
-0.8681231605383386
-0.7736141821710129
-0.9097637896854354
-0.7641510543642971
-0.8653362128071858
-0.838303854721023
-0.9352470870054831
0.31598741549055975
-0.9891674410967853
-0.9971212260901409
-0.8771809385762318
-0.9146962886717367
-0.4012256904959979
-0.973207614585808
-0.428116290853953
-0.9549667450552202
-0.5990341712156705
-0.7605424395488836
-0.44429151857103655
-0.9817581655064203
0.5451014812032398
-0.718373534257754
-0.8735607268384966
-0.8613525852978241
-0.4519521022982518
-0.6573402769530654
-0.5923749469585934
-0.7296735913173134
-0.486266299855317
-0.924741220638392
-0.8191069742374512
-0.9907365945922396
-0.5225236700969103
-0.9489739855373848
-0.8330867104736777
-0.3122649135517249
-0.9307087077837123
-0.7462814488282873
-0.8790257115640767
-0.24500302943924557
-0.8480537934019229
0.5931019635888979
-0.8432538067596117
-0.8510948231714008
-0.7134754872649256
-0.09363848650804585
-0.9853100544445581
-0.4773439238785676
-0.6768190147352632
-0.9281391744196396
0.623886682008781
-0.8476391292565522
-0.7883608794959048
-0.6549076065634802
-0.9187540328065948
-0.729093983157358
-0.8840703414037386
-0.7299014397514335
-0.8602321242984778
-0.6856106712033248
-0.8390597524367132
-0.9585947862760338
-0.6231188970728874
-0.4527497767685642
-0.4702906143151734
-0.956654886831043
-0.8375409267346595
-0.6460701382715036
-0.9597955981803206
-0.4983261643738035
-0.8687571700506572
-0.964739781412798
-0.7773109230151772
-0.13465182714361545
-0.6225615479077238
-0.7926364737264673
-0.8440422378901358
-0.38621822258049165
-0.7654001147236339
-0.9938800190686307
-0.8383089653673496
-0.8519681672869579
-0.9283530001411352
-0.6174409309378028
-0.8246938413589935
-0.6367679477417847
-0.9254779999094358
-0.5234664773531008
-0.6195438674975287
-0.9956753973046402
-0.6985125736924256
-0.002379844969358391
-0.8219409805585723
-0.8991711637218909
-0.7417194684631763
-0.8941996312748803
-0.7838685994279233
-0.5919996192031968
-0.5426725367233237
-0.9993495711678921
-0.844332178438322
-0.23559194877357348
-0.9023858956195282
-0.5078777892594197
-0.1945727239988283
-0.8330867104736777
-0.4749641654578355
-0.13164609872506605
-0.08370214255717334
-0.971468216317936
-0.9950482216556209
-0.9782186691910014
-0.9863423804252955
-0.28823539456487834
-0.3635368273626176
-0.3503019758354641
-0.8322167172793603
-0.9981304302114345
-1.0
-0.8732355900281445
-0.9382418541633099
-0.972706137537896
-0.8168976504330252
-0.7374921757627004
-0.48340791748591583
-0.9348441529536476
-0.9979735657427431
-0.73665712613769
-0.7554869585752271
-0.8516860292315467
-0.9010080186985566
0.13592353831680914
-0.9050134012108633
-0.9848230085891726
-0.7574471168774946
-0.6643628142402089
-0.7644398936920231
-0.8723582419227804
-0.7011617504292105
-0.5974138044053967
-0.7823391969600025
-0.7495821226518071
-0.9911920204353906
-0.904531190908724
-0.3364380413218512
-0.9814911807543639
-0.7292611076480896
-0.8182042083499383
-0.720020490378777
-0.6875623659356367
0.11461676037972302
0.27890638848920024
-0.6194407396735747
-0.7763370324873402
-0.8626257302263927
-0.5112794175523028
-0.3090349058075217
-0.9503495620104215
-0.9958217053916987
-0.9788241946001979
-0.9402387322706145
-0.6345914051906503
-0.0897570980480743
-0.23292012104626358
-0.2497099790399986
-0.9283567302343225
-0.8666610020691512
-0.976204810893769
-0.9539363545457004
-0.8989246151735434
-0.7749494268330543
-0.49169456202005013
-0.735913963937402
-0.8581189287900327
-0.8018936552424671
-0.9103229945853626
-0.6561456361268209
-0.982756015734215
-0.6946525540153465
-0.6489093121643398
-0.5512851861977893
-0.47330636300686146
-0.5929606007364645
-0.7302762608271531
-0.2533459414033844
-0.8890948283781459
-0.7713432711437929
-0.9970256098614212
-0.7374560263084784
-0.9938800190686307
-0.8595438765809978
-0.9950482216556209
-0.9254779999094358
-0.7949448159973564
DEGREE_RANK
-0.7608142493638677
0.3078880407124682
0.03816793893129766
-0.6488549618320612
0.5928753180661577
-0.643765903307888
-0.83206106870229
-0.6946564885496184
0.470737913486005
-0.7557251908396947
-0.058524173027989845
0.3129770992366414
-0.989821882951654
-0.7506361323155216
0.04325699745547085
0.31806615776081415
-0.17557251908396954
0.4758269720101782
0.32315521628498733
-0.17048346055979646
0.7201017811704835
-0.7455470737913485
-0.2926208651399491
-0.7404580152671756
0.48091603053435117
0.48600508905852413
-0.1653944020356235
-0.638676844783715
0.5979643765903309
0.3282442748091603
-0.8269720101781171
0.8676844783715014
-0.821882951653944
-0.05343511450381688
0.9541984732824427
0.7251908396946565
-0.5216284987277354
0.18575063613231557
-0.04834605597964381
-0.8982188295165394
-0.43511450381679395
-0.633587786259542
0.8727735368956742
-0.6895674300254453
0.7302798982188294
0.6030534351145038
-0.36895674300254455
-0.3638676844783715
-0.5928753180661578
0.33333333333333326
-0.4300254452926209
-0.5165394402035624
-0.8931297709923665
0.608142493638677
0.33842239185750644
-0.28753180661577604
-0.9134860050890585
-0.16030534351145043
0.04834605597964381
-0.9694656488549618
0.6132315521628497
-0.5114503816793894
0.3435114503816794
0.3486005089058526
-0.6844783715012723
0.8778625954198473
0.9898218829516539
-0.2824427480916031
0.053435114503816994
0.35368956743002533
-0.816793893129771
-0.15521628498727746
0.3587786259541985
-0.1501272264631044
-0.04325699745547085
-0.14503816793893132
0.058524173027989734
0.8829516539440203
-0.3587786259541985
0.06361323155216292
-0.9338422391857506
-0.811704834605598
0.6183206106870229
-0.8880407124681934
0.8880407124681935
1.0
-0.13994910941475824
0.19083969465648853
0.7353689567430026
-0.13486005089058528
0.3638676844783715
-0.12977099236641232
0.6234096692111959
-0.2773536895674301
-0.628498727735369
-0.35368956743002555
0.36895674300254444
0.4910941475826973
0.19592875318066172
0.06870229007633588
-0.3486005089058525
0.6284987277353691
-0.806615776081425
-0.5877862595419847
0.7404580152671756
-0.9847328244274809
0.633587786259542
-0.12468193384223925
0.7455470737913485
-0.7353689567430026
0.638676844783715
0.6437659033078882
-0.5826972010178118
-0.623409669211196
-0.8829516539440203
-0.8015267175572519
0.7506361323155217
-0.5776081424936388
0.9592875318066159
-0.3435114503816794
0.4961832061068703
-0.5725190839694656
0.3740458015267176
-0.5063613231552163
-0.4249363867684479
0.07379134860050884
0.20101781170483468
0.6488549618320609
0.07888040712468203
0.7557251908396947
-0.8778625954198473
-0.5012722646310434
0.3791348600508906
0.7608142493638677
-0.038167938931297773
-0.33842239185750644
0.08396946564885499
0.5012722646310432
-0.33333333333333337
0.9236641221374047
0.5063613231552162
-0.3282442748091603
-0.7964376590330788
0.7659033078880406
0.08905852417302818
-0.41984732824427484
0.09414758269720092
-0.27226463104325704
-0.0330788804071247
-0.8727735368956743
-0.7302798982188295
0.5114503816793894
0.5165394402035624
0.38422391857506377
0.20610687022900764
0.0992366412213741
-0.9796437659033079
0.10432569974554706
-0.027989821882951627
0.6539440203562341
-0.022900763358778664
0.9287531806615776
-0.2671755725190841
-0.7251908396946565
0.7709923664122138
-0.6793893129770994
-0.32315521628498733
-0.11959287531806628
0.2111959287531806
0.3893129770992365
-0.11450381679389321
0.2162849872773538
-0.9083969465648856
0.9338422391857506
0.10941475826972002
0.6590330788804071
-0.6183206106870229
0.22137404580152675
-0.7913486005089059
-0.262086513994911
-0.25699745547073793
0.6641221374045803
0.7760814249363868
0.3944020356234097
-0.10941475826972014
-0.31806615776081437
0.7811704834605597
0.6692111959287532
0.22646310432569972
0.39949109414758266
0.5216284987277353
0.6743002544529262
0.8931297709923665
-0.8676844783715013
0.7862595419847329
-0.9643765903307888
0.11450381679389321
0.7913486005089059
0.8982188295165394
-0.7862595419847328
-0.10432569974554706
0.11959287531806617
-0.5674300254452926
-0.25190839694656486
0.2315521628498729
-0.0178117048346057
-0.3129770992366413
0.23664122137404586
-0.61323155216285
-0.7811704834605597
-0.5623409669211197
-0.6081424936386768
0.12468193384223936
-0.6743002544529262
-0.9287531806615776
-0.9236641221374046
-0.4961832061068703
-0.0992366412213741
0.6793893129770994
-0.4910941475826972
-0.2468193384223919
0.9033078880407126
0.24173027989821882
-0.012722646310432628
0.2468193384223918
0.1297709923664121
0.9083969465648853
-0.4147582697201019
0.5267175572519085
0.25190839694656497
0.13486005089058528
-0.9745547073791349
-0.48600508905852424
0.25699745547073793
0.6844783715012723
0.9643765903307888
-0.8625954198473282
0.7964376590330788
-0.09414758269720114
-0.4096692111959288
-0.8575063613231553
-0.24173027989821894
0.13994910941475824
-0.5572519083969466
-0.48091603053435117
0.40458015267175584
-0.8524173027989822
0.4096692111959288
0.2620865139949109
0.8015267175572518
-0.5521628498727735
-0.40458015267175573
-0.23664122137404586
0.5318066157760815
-0.8473282442748091
-0.2315521628498728
0.41475826972010177
0.5368956743002546
0.41984732824427495
0.4249363867684479
-0.7760814249363868
-0.7201017811704835
-0.39949109414758266
-0.4758269720101781
-0.22646310432569983
-0.3944020356234097
0.4300254452926209
0.14503816793893143
-0.6030534351145038
0.806615776081425
0.1501272264631044
-0.5470737913486006
0.5419847328244274
-0.22137404580152675
0.811704834605598
-0.21628498727735368
0.5470737913486006
0.15521628498727735
0.5521628498727735
-0.6692111959287532
0.2671755725190841
-0.007633587786259666
-0.47073791348600513
0.6895674300254453
-0.21119592875318072
-0.46564885496183217
-0.08905852417302806
0.8167938931297709
-0.0025445292620865922
-0.7709923664122137
-0.4605597964376591
0.9694656488549618
0.43511450381679384
-0.7659033078880407
-0.08396946564885499
0.002544529262086259
0.974554707379135
0.27226463104325704
0.440203562340967
-0.9033078880407125
-0.20610687022900775
0.8218829516539441
-0.38931297709923673
0.9847328244274809
-0.38422391857506366
0.6946564885496183
0.007633587786259666
0.44529262086514
0.16030534351145054
-0.5419847328244275
-0.8422391857506362
-0.6641221374045801
-0.455470737913486
0.8269720101781171
0.6997455470737914
0.994910941475827
0.27735368956743023
-1.0
-0.9949109414758269
0.5572519083969465
-0.3791348600508907
-0.7150127226463106
0.8320610687022902
0.45038167938931295
0.837150127226463
-0.5368956743002544
-0.9592875318066157
0.5623409669211197
0.8422391857506362
0.9796437659033079
-0.3740458015267176
0.5674300254452926
0.012722646310432628
-0.9185750636132316
0.8473282442748091
0.28244274809160297
0.8524173027989821
0.8575063613231553
-0.45038167938931306
-0.3078880407124682
0.7048346055979644
0.017811704834605813
-0.9541984732824428
-0.30279898218829526
0.9389312977099238
-0.44529262086514
0.8625954198473282
0.45547073791348613
0.5725190839694658
0.28753180661577615
0.022900763358778553
0.1653944020356235
-0.07888040712468203
0.027989821882951738
0.17048346055979646
0.4605597964376591
-0.4402035623409669
-0.2977099236641222
-0.9491094147582697
-0.9440203562340967
-0.07379134860050895
0.5776081424936386
0.9134860050890585
0.7099236641221374
0.2926208651399491
-0.20101781170483468
0.5826972010178118
-0.5318066157760815
-0.9389312977099237
-0.7099236641221374
0.7150127226463106
0.9185750636132315
-0.06870229007633588
0.5877862595419847
-0.5267175572519085
-0.5979643765903309
-0.1959287531806616
-0.7048346055979644
-0.19083969465648865
0.17557251908396942
0.46564885496183206
0.9440203562340967
0.2977099236641221
0.9491094147582697
0.30279898218829526
-0.18575063613231557
0.1806615776081426
-0.6997455470737913
-0.1806615776081425
-0.6590330788804072
0.0330788804071247
-0.8371501272264631
-0.06361323155216292
-0.6539440203562341
EIGENVECTOR_RANK
-0.48091603053435117
0.5368956743002546
0.7404580152671756
-0.7404580152671756
0.9083969465648853
-0.9491094147582697
-0.9745547073791349
-0.20610687022900775
-0.7302798982188295
-0.5877862595419847
0.7760814249363868
0.6284987277353691
-1.0
-0.23664122137404586
0.5979643765903309
-0.5928753180661578
-0.3282442748091603
0.8829516539440203
0.3282442748091603
0.5216284987277353
0.3486005089058526
-0.47073791348600513
-0.4910941475826972
-0.45038167938931306
-0.08905852417302806
0.5470737913486006
-0.455470737913486
-0.31806615776081437
-0.5114503816793894
-0.7150127226463106
-0.7811704834605597
0.3129770992366414
-0.32315521628498733
-0.12468193384223925
0.9185750636132315
0.811704834605598
0.6183206106870229
0.40458015267175584
0.5725190839694658
-0.5979643765903309
-0.06361323155216292
-0.5572519083969466
0.9694656488549618
-0.9185750636132316
-0.633587786259542
0.8676844783715014
0.1501272264631044
-0.25190839694656486
0.06361323155216292
0.7557251908396947
-0.9033078880407125
-0.0992366412213741
-0.6793893129770994
0.8167938931297709
0.6692111959287532
-0.4402035623409669
0.25699745547073793
0.5419847328244274
0.1653944020356235
-0.40458015267175573
0.32315521628498733
-0.06870229007633588
0.8269720101781171
0.45038167938931295
-0.17048346055979646
0.8524173027989821
0.9847328244274809
-0.04325699745547085
0.16030534351145054
0.1806615776081426
-0.07379134860050895
-0.5826972010178118
-0.13486005089058528
0.7150127226463106
0.46564885496183206
-0.36895674300254455
0.5063613231552162
0.9287531806615776
-0.6488549618320612
-0.7709923664122137
-0.9389312977099237
-0.38931297709923673
0.2926208651399491
-0.38422391857506366
-0.5419847328244275
1.0
-0.19083969465648865
0.4249363867684479
0.7506361323155217
0.6844783715012723
0.2671755725190841
-0.43511450381679395
0.7964376590330788
-0.7099236641221374
0.053435114503816994
0.002544529262086259
0.837150127226463
0.6132315521628497
-0.30279898218829526
0.17048346055979646
0.5623409669211197
-0.3129770992366413
-0.8676844783715013
-0.806615776081425
0.9541984732824427
-0.46564885496183217
0.8575063613231553
0.6437659033078882
0.9491094147582697
-0.9694656488549618
0.8473282442748091
0.3435114503816794
-0.5725190839694656
-0.12977099236641232
-0.6590330788804072
-0.21119592875318072
-0.5623409669211197
0.10432569974554706
0.9592875318066159
-0.4249363867684479
0.7353689567430026
-0.1806615776081425
0.2977099236641221
0.633587786259542
-0.2977099236641222
0.6641221374045803
-0.61323155216285
0.27735368956743023
-0.628498727735369
0.38422391857506377
-0.9949109414758269
-0.5368956743002544
-0.1501272264631044
-0.5521628498727735
0.4096692111959288
0.027989821882951738
0.44529262086514
0.6997455470737914
-0.2926208651399491
0.3078880407124682
0.6488549618320609
0.058524173027989734
-0.5674300254452926
0.8320610687022902
0.23664122137404586
-0.41984732824427484
0.2162849872773538
-0.6997455470737913
0.06870229007633588
-0.821882951653944
-0.8371501272264631
-0.6844783715012723
0.012722646310432628
0.13994910941475824
-0.28753180661577604
0.5776081424936386
-0.3740458015267176
-0.39949109414758266
-0.08396946564885499
-0.8015267175572519
-0.13994910941475824
-0.7557251908396947
-0.10432569974554706
0.11959287531806617
-0.6081424936386768
-0.7760814249363868
-0.5216284987277354
0.7201017811704835
0.19592875318066172
-0.11450381679389321
-0.15521628498727746
0.8218829516539441
-0.9541984732824428
0.9338422391857506
0.806615776081425
-0.5063613231552163
-0.33333333333333337
0.5318066157760815
-0.6183206106870229
-0.4758269720101781
0.07379134860050884
0.7251908396946565
0.3587786259541985
0.36895674300254444
-0.22137404580152675
-0.643765903307888
0.8778625954198473
0.9134860050890585
0.39949109414758266
0.28244274809160297
0.7811704834605597
0.33842239185750644
0.9389312977099238
-0.9592875318066157
0.4300254452926209
0.22646310432569972
-0.0025445292620865922
0.8982188295165394
0.8015267175572518
-0.816793893129771
0.15521628498727735
0.5114503816793894
-0.8778625954198473
-0.27226463104325704
-0.6030534351145038
0.2315521628498729
0.04325699745547085
0.20610687022900764
-0.7251908396946565
-0.989821882951654
0.22137404580152675
-0.6641221374045801
-0.022900763358778664
-0.6946564885496184
-0.25699745547073793
-0.9796437659033079
-0.8625954198473282
0.6895674300254453
0.3893129770992365
-0.9236641221374046
0.4758269720101782
0.470737913486005
0.13486005089058528
0.1297709923664121
0.5826972010178118
0.20101781170483468
0.8931297709923665
-0.3791348600508907
0.6030534351145038
0.2468193384223918
0.6793893129770994
-0.44529262086514
0.31806615776081415
0.2620865139949109
-0.7913486005089059
0.974554707379135
-0.48600508905852424
0.45547073791348613
-0.8524173027989822
-0.4605597964376591
-0.6895674300254453
0.5012722646310432
-0.17557251908396954
-0.638676844783715
-0.811704834605598
0.11450381679389321
-0.2468193384223919
0.7862595419847329
0.7709923664122138
-0.6539440203562341
-0.3638676844783715
-0.5470737913486006
-0.8269720101781171
0.7099236641221374
-0.9643765903307888
0.6539440203562341
-0.0330788804071247
0.35368956743002533
0.440203562340967
0.5877862595419847
-0.8880407124681934
-0.8473282442748091
-0.7455470737913485
0.3791348600508906
0.5674300254452926
-0.038167938931297773
0.43511450381679384
-0.16030534351145043
-0.1653944020356235
0.17557251908396942
0.7913486005089059
-0.6743002544529262
0.8727735368956742
-0.3435114503816794
0.5165394402035624
0.10941475826972002
0.3638676844783715
0.007633587786259666
0.4605597964376591
-0.1959287531806616
-0.623409669211196
-0.058524173027989845
-0.18575063613231557
0.48091603053435117
-0.012722646310432628
-0.3944020356234097
0.07888040712468203
0.3740458015267176
-0.027989821882951627
-0.33842239185750644
-0.2671755725190841
0.5267175572519085
-0.11959287531806628
-0.8829516539440203
0.5928753180661577
0.4910941475826973
0.9643765903307888
-0.5165394402035624
0.0992366412213741
-0.8931297709923665
0.022900763358778553
0.8625954198473282
-0.8982188295165394
0.9898218829516539
-0.7862595419847328
-0.7964376590330788
-0.2773536895674301
0.5572519083969465
0.41475826972010177
-0.05343511450381688
-0.9083969465648856
-0.14503816793893132
-0.9338422391857506
0.14503816793893143
0.7302798982188294
0.994910941475827
-0.7659033078880407
-0.5318066157760815
-0.4961832061068703
-0.7201017811704835
0.0330788804071247
-0.9440203562340967
-0.7608142493638677
0.28753180661577615
0.2111959287531806
-0.6692111959287532
-0.3587786259541985
0.5521628498727735
0.9033078880407126
0.9796437659033079
0.6590330788804071
-0.4300254452926209
0.19083969465648853
0.25190839694656497
0.017811704834605813
0.6743002544529262
0.48600508905852413
-0.7353689567430026
-0.3078880407124682
-0.07888040712468203
0.33333333333333326
-0.35368956743002555
0.18575063613231557
-0.22646310432569983
0.8880407124681935
-0.9287531806615776
0.9236641221374047
-0.7506361323155216
0.03816793893129766
-0.3486005089058525
-0.4096692111959288
0.27226463104325704
-0.262086513994911
0.12468193384223936
0.24173027989821882
-0.7048346055979644
-0.09414758269720114
-0.007633587786259666
-0.4147582697201019
-0.5012722646310434
-0.8727735368956743
0.7048346055979644
0.4961832061068703
0.8422391857506362
0.04834605597964381
0.09414758269720092
-0.04834605597964381
-0.10941475826972014
-0.9847328244274809
0.3944020356234097
0.7455470737913485
0.41984732824427495
0.30279898218829526
-0.0178117048346057
-0.21628498727735368
-0.2315521628498728
0.08905852417302818
-0.8422391857506362
0.6234096692111959
0.608142493638677
0.7608142493638677
-0.5776081424936388
-0.24173027989821894
0.9440203562340967
0.7659033078880406
0.638676844783715
0.6946564885496183
-0.83206106870229
-0.2824427480916031
-0.20101781170483468
-0.8575063613231553
-0.9134860050890585
0.08396946564885499
-0.5267175572519085
CENT_RANK
-0.633587786259542
0.633587786259542
-0.45038167938931306
-0.9541984732824428
0.8880407124681935
-0.8676844783715013
-0.9440203562340967
-0.7608142493638677
0.012722646310432628
0.470737913486005
-0.7302798982188295
0.806615776081425
-0.7557251908396947
0.7608142493638677
0.27735368956743023
-0.21119592875318072
0.9643765903307888
-0.1806615776081425
0.17048346055979646
0.8218829516539441
0.1501272264631044
-0.4910941475826972
0.18575063613231557
-0.4096692111959288
0.2468193384223918
0.41475826972010177
-0.2315521628498728
0.7099236641221374
0.45547073791348613
0.0330788804071247
0.9083969465648853
0.5877862595419847
-0.8931297709923665
-0.12468193384223925
0.5674300254452926
0.2315521628498729
-0.3638676844783715
0.638676844783715
0.811704834605598
0.6743002544529262
-0.5623409669211197
-0.5776081424936388
0.0992366412213741
0.09414758269720092
0.22137404580152675
0.1297709923664121
0.2162849872773538
-0.07888040712468203
-0.33333333333333337
0.8829516539440203
-0.806615776081425
0.19592875318066172
-0.6590330788804072
0.9592875318066159
0.9440203562340967
0.7353689567430026
-0.7811704834605597
0.6539440203562341
0.8625954198473282
-0.811704834605598
0.7455470737913485
-0.8575063613231553
-0.21628498727735368
0.3893129770992365
-0.8778625954198473
0.9389312977099238
0.6284987277353691
-0.13486005089058528
-0.6793893129770994
0.4249363867684479
0.9338422391857506
0.8727735368956742
0.3740458015267176
-0.5572519083969466
-0.05343511450381688
-0.04325699745547085
-0.46564885496183217
0.6590330788804071
0.7201017811704835
0.25699745547073793
-0.9491094147582697
-0.7150127226463106
0.4758269720101782
-0.8269720101781171
0.20610687022900764
0.40458015267175584
-0.058524173027989845
0.9134860050890585
0.45038167938931295
-0.262086513994911
-0.5012722646310434
0.5826972010178118
0.6183206106870229
0.994910941475827
-0.6946564885496184
-0.09414758269720114
0.13486005089058528
0.8778625954198473
0.7709923664122138
0.7913486005089059
0.8931297709923665
0.48600508905852413
-0.7404580152671756
0.39949109414758266
0.32315521628498733
-0.8982188295165394
-0.0025445292620865922
0.6692111959287532
0.2671755725190841
-0.9083969465648856
0.3282442748091603
0.4300254452926209
0.3944020356234097
-0.6692111959287532
-0.5267175572519085
-0.8422391857506362
-0.16030534351145043
-0.3486005089058525
0.4096692111959288
0.7150127226463106
0.9185750636132315
-0.48091603053435117
-0.17557251908396954
-0.6488549618320612
-0.623409669211196
0.9033078880407126
-0.3129770992366413
0.28244274809160297
-0.5419847328244275
0.608142493638677
-0.9949109414758269
-0.4605597964376591
0.8320610687022902
0.08905852417302818
1.0
0.07379134860050884
0.440203562340967
0.1806615776081426
0.3435114503816794
0.7048346055979644
0.5063613231552162
-0.11450381679389321
0.9898218829516539
0.41984732824427495
-0.6539440203562341
-0.25699745547073793
0.44529262086514
0.3486005089058526
-0.1653944020356235
-0.7913486005089059
-0.8371501272264631
0.14503816793893143
0.4605597964376591
0.43511450381679384
0.11450381679389321
0.9694656488549618
-0.7455470737913485
-0.18575063613231557
0.5216284987277353
-0.25190839694656486
-0.10432569974554706
-0.08905852417302806
-0.022900763358778664
-0.7201017811704835
0.20101781170483468
-0.9592875318066157
-0.11959287531806628
-0.5521628498727735
-0.20101781170483468
0.35368956743002533
0.33842239185750644
-0.3791348600508907
-0.6030534351145038
0.33333333333333326
-0.38422391857506366
0.8422391857506362
-0.44529262086514
-0.33842239185750644
-0.5979643765903309
0.8269720101781171
-0.4758269720101781
0.6844783715012723
0.8015267175572518
0.017811704834605813
0.2111959287531806
0.5114503816793894
0.7964376590330788
0.6793893129770994
0.027989821882951738
0.7862595419847329
0.11959287531806617
0.5419847328244274
-0.06870229007633588
-0.5725190839694656
0.007633587786259666
-0.9847328244274809
0.5928753180661577
0.4910941475826973
0.6488549618320609
-0.9033078880407125
-0.39949109414758266
-0.07379134860050895
-0.5318066157760815
-0.0330788804071247
-0.38931297709923673
-0.27226463104325704
-0.643765903307888
0.9541984732824427
-0.8727735368956743
-0.9694656488549618
-0.4300254452926209
-0.5470737913486006
0.6437659033078882
-0.7760814249363868
0.6234096692111959
-0.7048346055979644
0.3587786259541985
-0.027989821882951627
0.6132315521628497
-0.821882951653944
0.974554707379135
0.10941475826972002
-0.4249363867684479
-0.36895674300254455
0.6030534351145038
0.23664122137404586
0.3791348600508906
0.06870229007633588
0.5470737913486006
-0.5826972010178118
-0.20610687022900775
-0.8829516539440203
0.5012722646310432
-0.6844783715012723
-0.2468193384223919
0.7251908396946565
-0.628498727735369
0.002544529262086259
-0.43511450381679395
0.7659033078880406
-0.3078880407124682
0.9796437659033079
-0.28753180661577604
-0.31806615776081437
0.12468193384223936
0.8524173027989821
-0.8524173027989822
0.5572519083969465
0.19083969465648853
-0.6081424936386768
0.9847328244274809
-0.30279898218829526
-0.14503816793893132
0.25190839694656497
-0.5674300254452926
0.08396946564885499
-0.4402035623409669
0.06361323155216292
-0.3587786259541985
0.17557251908396942
-0.2824427480916031
-0.7251908396946565
0.2977099236641221
0.5979643765903309
0.5776081424936386
-0.7099236641221374
-0.2671755725190841
0.27226463104325704
-0.7353689567430026
0.5318066157760815
-0.40458015267175573
-0.7506361323155216
-0.10941475826972014
0.837150127226463
0.30279898218829526
-0.1501272264631044
-0.2926208651399491
0.6641221374045803
-0.04834605597964381
-0.9185750636132316
-0.2773536895674301
-0.3282442748091603
-0.61323155216285
0.31806615776081415
-0.22646310432569983
0.28753180661577615
-0.5928753180661578
0.4961832061068703
0.3078880407124682
-0.9338422391857506
0.15521628498727735
0.8982188295165394
-0.22137404580152675
-0.4961832061068703
0.022900763358778553
-0.47073791348600513
-0.13994910941475824
0.38422391857506377
0.48091603053435117
-0.989821882951654
-0.2977099236641222
0.7760814249363868
-0.5114503816793894
0.5267175572519085
0.8167938931297709
-0.24173027989821894
0.5623409669211197
0.8473282442748091
0.8676844783715014
-0.7659033078880407
-0.9287531806615776
-0.7964376590330788
-0.8625954198473282
0.7404580152671756
0.6895674300254453
0.6946564885496183
-0.23664122137404586
-0.9796437659033079
-1.0
-0.41984732824427484
-0.6641221374045801
-0.7709923664122137
-0.19083969465648865
0.03816793893129766
0.5521628498727735
-0.638676844783715
-0.9745547073791349
0.04834605597964381
-0.012722646310432628
-0.32315521628498733
-0.5063613231552163
0.9287531806615776
-0.5216284987277354
-0.8473282442748091
-0.0178117048346057
0.22646310432569972
-0.038167938931297773
-0.4147582697201019
0.13994910941475824
0.3638676844783715
-0.12977099236641232
-0.007633587786259666
-0.8880407124681934
-0.5165394402035624
0.6997455470737914
-0.816793893129771
0.07888040712468203
-0.1959287531806616
0.10432569974554706
0.1653944020356235
0.9236641221374047
0.9491094147582697
0.3129770992366414
-0.0992366412213741
-0.3740458015267176
0.5165394402035624
0.7302798982188294
-0.6895674300254453
-0.9389312977099237
-0.8015267175572519
-0.6743002544529262
0.2926208651399491
0.8575063613231553
0.7811704834605597
0.7557251908396947
-0.6183206106870229
-0.3944020356234097
-0.7862595419847328
-0.6997455470737913
-0.48600508905852424
-0.08396946564885499
0.5368956743002546
0.053435114503816994
-0.3435114503816794
-0.17048346055979646
-0.5368956743002544
0.24173027989821882
-0.83206106870229
0.16030534351145054
0.2620865139949109
0.46564885496183206
0.5725190839694658
0.36895674300254444
0.058524173027989734
0.7506361323155217
-0.455470737913486
-0.06361323155216292
-0.9643765903307888
0.04325699745547085
-0.9134860050890585
-0.35368956743002555
-0.9236641221374046
-0.5877862595419847
-0.15521628498727746
RANK
318
130
299
195
317
326
209
387
165
3
80
6
358
289
310
391
279
389
109
199
105
32
342
231
64
208
5
312
61
246
333
115
150
377
83
219
345
59
50
359
311
149
367
56
213
321
309
7
12
271
156
102
268
10
261
163
81
265
215
368
94
357
233
68
360
113
320
52
144
123
206
325
0
236
124
365
282
249
172
178
286
392
229
41
193
254
40
73
167
211
128
375
202
114
332
343
302
330
90
293
21
369
121
180
295
76
131
385
2
176
256
238
210
222
319
337
23
270
200
366
204
174
171
354
223
36
258
390
117
373
177
48
281
329
243
126
240
251
300
276
242
260
280
205
266
89
145
159
234
305
316
26
284
292
62
15
230
168
347
322
157
17
122
374
148
116
393
275
252
296
67
340
33
166
141
272
160
353
95
161
370
47
201
192
386
86
74
278
75
336
203
217
162
334
328
341
106
237
194
8
183
294
188
29
323
388
327
372
383
257
227
135
346
255
133
43
42
348
221
154
190
244
45
96
338
151
20
290
378
349
18
259
137
22
248
51
164
84
184
46
44
335
35
225
376
24
253
79
379
108
267
14
127
285
361
262
274
288
352
283
104
110
173
170
138
147
169
216
339
382
72
226
297
63
112
103
85
118
25
143
69
111
153
136
146
88
28
152
380
9
82
298
101
197
287
232
140
185
355
158
303
269
371
191
228
324
247
306
34
381
264
91
31
196
263
224
129
218
92
214
66
1
37
212
198
57
77
277
107
39
187
181
314
315
344
139
27
119
78
235
356
55
313
60
384
364
13
239
98
301
363
189
99
186
182
11
38
304
19
179
132
273
175
307
245
362
58
308
71
97
49
4
100
291
125
30
87
120
350
331
70
65
54
351
207
53
16
155
220
241
250
142
93
134
