DEGREE
-0.2777777777777778
-0.5555555555555556
0.38888888888888884
-0.5
0.16666666666666674
-0.38888888888888884
0.05555555555555558
0.0
0.16666666666666674
0.22222222222222232
0.2777777777777777
0.33333333333333326
-0.7222222222222222
-0.4444444444444444
0.0
0.38888888888888884
0.6666666666666667
0.0
-0.16666666666666663
-0.2222222222222222
-0.7777777777777778
-0.16666666666666663
0.11111111111111116
-0.2222222222222222
0.4444444444444444
-0.2777777777777778
0.05555555555555558
0.6111111111111112
-0.2777777777777778
-0.05555555555555558
0.16666666666666674
0.7777777777777777
-0.5
0.33333333333333326
0.05555555555555558
0.22222222222222232
-0.2222222222222222
0.16666666666666674
0.6111111111111112
-0.2777777777777778
-0.05555555555555558
-0.05555555555555558
-0.5555555555555556
0.2777777777777777
0.11111111111111116
0.16666666666666674
0.16666666666666674
0.05555555555555558
0.11111111111111116
0.0
-0.8888888888888888
-0.5
-0.33333333333333337
0.5
-0.38888888888888884
-0.16666666666666663
0.0
0.05555555555555558
-0.4444444444444444
-0.38888888888888884
0.2777777777777777
0.11111111111111116
0.05555555555555558
-0.38888888888888884
-0.16666666666666663
-0.16666666666666663
0.11111111111111116
-0.05555555555555558
0.22222222222222232
-0.2777777777777778
-0.11111111111111116
0.16666666666666674
0.2777777777777777
0.7222222222222223
-0.16666666666666663
-0.2222222222222222
0.16666666666666674
-0.2222222222222222
-0.16666666666666663
-1.0
0.16666666666666674
0.38888888888888884
-0.2777777777777778
0.11111111111111116
0.05555555555555558
0.4444444444444444
0.33333333333333326
0.22222222222222232
-0.4444444444444444
-0.16666666666666663
-0.16666666666666663
-0.9444444444444444
0.05555555555555558
0.4444444444444444
0.05555555555555558
-0.05555555555555558
-0.16666666666666663
-0.16666666666666663
-0.6666666666666667
-0.11111111111111116
0.38888888888888884
0.05555555555555558
0.05555555555555558
-0.2777777777777778
-0.2777777777777778
-0.4444444444444444
-0.2777777777777778
0.38888888888888884
-0.05555555555555558
-0.16666666666666663
-0.16666666666666663
-0.2222222222222222
0.11111111111111116
-1.0
0.11111111111111116
0.11111111111111116
-0.2222222222222222
-0.2777777777777778
0.16666666666666674
-0.7222222222222222
0.11111111111111116
-0.4444444444444444
0.0
-0.11111111111111116
-0.2222222222222222
0.6111111111111112
0.33333333333333326
0.2777777777777777
0.8888888888888888
1.0
0.6666666666666667
-0.5
0.22222222222222232
0.4444444444444444
0.4444444444444444
0.16666666666666674
-0.16666666666666663
0.16666666666666674
0.2777777777777777
-0.11111111111111116
0.2777777777777777
0.0
0.22222222222222232
0.5
0.11111111111111116
-0.05555555555555558
-1.0
-0.11111111111111116
-0.33333333333333337
-0.05555555555555558
0.22222222222222232
-0.4444444444444444
-0.16666666666666663
0.16666666666666674
0.33333333333333326
0.22222222222222232
0.11111111111111116
-0.33333333333333337
0.11111111111111116
0.0
0.22222222222222232
-0.5555555555555556
0.05555555555555558
-0.4444444444444444
-0.16666666666666663
0.0
0.05555555555555558
0.2777777777777777
0.22222222222222232
0.05555555555555558
-0.05555555555555558
0.05555555555555558
0.05555555555555558
-0.33333333333333337
-0.33333333333333337
0.11111111111111116
-0.8888888888888888
0.05555555555555558
0.11111111111111116
-0.2222222222222222
0.6111111111111112
-0.5
0.2777777777777777
0.38888888888888884
0.38888888888888884
0.38888888888888884
0.16666666666666674
-0.5555555555555556
0.11111111111111116
0.2777777777777777
-0.9444444444444444
0.11111111111111116
0.05555555555555558
0.2777777777777777
0.8333333333333333
0.16666666666666674
0.11111111111111116
-0.05555555555555558
0.0
0.22222222222222232
-0.38888888888888884
-0.16666666666666663
-0.2222222222222222
0.2777777777777777
0.38888888888888884
0.0
-0.11111111111111116
-0.38888888888888884
0.16666666666666674
-0.2777777777777778
-0.33333333333333337
0.5555555555555556
0.2777777777777777
0.33333333333333326
0.16666666666666674
-0.05555555555555558
-0.05555555555555558
0.22222222222222232
-0.2777777777777778
0.16666666666666674
0.38888888888888884
0.0
-0.11111111111111116
0.0
-0.2777777777777778
0.0
0.33333333333333326
-0.2777777777777778
-0.05555555555555558
-0.33333333333333337
0.22222222222222232
0.2777777777777777
-0.2777777777777778
-0.5
0.11111111111111116
0.22222222222222232
-0.2222222222222222
-0.16666666666666663
-0.5
0.7777777777777777
-0.11111111111111116
-0.16666666666666663
-0.6111111111111112
-0.5
-0.2777777777777778
0.0
0.38888888888888884
-0.2777777777777778
0.16666666666666674
0.0
0.5555555555555556
-0.2777777777777778
0.16666666666666674
-0.5
-0.2222222222222222
-0.33333333333333337
0.2777777777777777
-0.2777777777777778
0.0
0.16666666666666674
0.6111111111111112
0.4444444444444444
0.33333333333333326
-0.2222222222222222
-0.2222222222222222
0.05555555555555558
-0.11111111111111116
-0.2777777777777778
-0.2777777777777778
-0.2777777777777778
-0.38888888888888884
0.2777777777777777
0.38888888888888884
0.11111111111111116
-0.2777777777777778
-0.5555555555555556
0.38888888888888884
-0.16666666666666663
-0.11111111111111116
-0.6666666666666667
0.16666666666666674
-0.2222222222222222
-0.2777777777777778
0.38888888888888884
0.22222222222222232
-0.16666666666666663
-0.11111111111111116
0.2777777777777777
0.33333333333333326
-0.11111111111111116
0.33333333333333326
0.22222222222222232
0.2777777777777777
0.38888888888888884
0.05555555555555558
-0.2777777777777778
-0.6111111111111112
0.05555555555555558
-0.5555555555555556
0.11111111111111116
0.16666666666666674
-0.11111111111111116
0.0
-0.7777777777777778
0.16666666666666674
0.38888888888888884
0.33333333333333326
-0.11111111111111116
0.05555555555555558
-0.2222222222222222
0.11111111111111116
0.11111111111111116
-0.05555555555555558
EIGENVECTOR
-0.8744306761172469
-0.9814040729202439
-0.006227257443404466
-0.9158907373748302
-0.7928045188310372
-0.35964181544523055
-0.9616437392072145
-0.8339998640365387
0.1794280662961112
-0.9619065609332447
-0.9799556071272635
-0.5594874242792401
-0.9509742633662129
-0.9015317682507635
-0.9806549203365582
0.28584455886591487
0.641939181844555
-0.9142570843464283
-0.8099108324467499
-0.9911556268614835
-0.9316663300966725
-0.9136842889145588
-0.7006857869087847
-0.8456648330799368
0.38831377280704715
-0.9948662886867554
-0.8353738602244511
0.4467272475199222
-0.9909595940834612
-0.8073402550067001
-0.9108901122989956
0.873313340014847
-0.9919076011296344
0.21663502639374177
-0.9839262089465876
-0.7411277419831072
-0.9949979864280648
-0.045036826754228154
0.2804280946363642
-0.9144856025413286
-0.9906710397979467
-0.9383392379983049
-0.8935890717050436
-0.6596040193808431
-0.17274520516080127
-0.9262284905576244
-0.7813200610085956
-0.9894961905078946
-0.90526806790375
-0.9897846118043755
-0.9999281469675466
-0.9959874134867645
-0.950742007525899
0.3789074906747629
-0.8731566751900511
-0.8065023581347656
-0.9906910555732029
-0.9473444799466082
-0.9052535244732932
-0.8693245910970036
-0.9851994193080325
-0.7189683696118294
-0.9888680427100055
-0.9812069307091321
-0.9968684214148289
-0.9702579071358597
-0.8279336585528441
-0.7972906457745879
-0.23546233969518937
-0.9941568898519203
-0.943452065716008
-0.3862044622037276
-0.9381594738425328
0.8392128747767558
-0.951156777852716
-0.6098189379589167
-0.9696830039997058
-0.9097964115510744
-0.9924936583631939
-0.9995437557792739
-0.6851313323663497
-0.7489630869697843
-0.9953416825101284
-0.8807737414150392
-0.14194451669594954
-0.26399235257270026
-0.9685921759886923
-0.9710753753223852
-0.9728931399522956
-0.5983520064585967
-0.9940296499283715
-0.9988537595139754
-0.7620818132330933
0.4137899044726181
-0.9675879982177581
-0.9887843320375315
-0.9935787036659544
-0.5118356532043056
-0.9968661189706166
-0.9642009260645232
0.3784246316863622
-0.9783872864771236
-0.1651161678851073
-0.8657756011447275
-0.7591443313498865
-0.9312943225683565
-0.9369353901587132
0.42106859436680266
-0.9888874104043739
-0.996868421414829
-0.10063841331229262
-0.9984094539205708
-0.9399854227631537
-1.0
-0.9451933895704328
-0.9893543076577609
-0.9941567432716533
-0.8830453119760769
-0.9228788505210826
-0.9579609659760029
-0.6553370694447775
-0.9728931399522955
-0.986539252612069
-0.3945755524353115
-0.4869044125199883
0.6552864700754801
0.24825036527403088
-0.9858994421680685
0.8327063209098939
1.0
0.7622692773013426
-0.9990768142596573
-0.9672669153764617
-0.715439249121657
0.5548559106293851
-0.48049834999189334
-0.8488967706771169
-0.971296228051587
0.07323365761123424
-0.6451326134456823
-0.9138526789850769
-0.24737343447331195
-0.5598238310019132
0.5179578028851393
-0.24919991600769453
-0.912644960240567
-0.9999750089867968
-0.3809250530334598
-0.8519343043702958
-0.7587669143150829
-0.66464531074793
-0.9826406356770818
-0.9707720914636084
-0.5139368118817274
0.11452874247845224
0.009058279771436473
-0.22423425807860098
-0.8890273317027862
-0.963055881823157
-0.5679709019728315
-0.7898063675748515
-0.9400876808095515
-0.9747653990975906
-0.9361799563287896
-0.7947986402371363
-0.9908900983389289
-0.15592773879885036
-0.7080998506852942
-0.9841483758070334
-0.8529000402171454
-0.9189845659766716
-0.9936295667529417
-0.03835124084925867
-0.8769310566757555
-0.3148567024860167
-0.9141647905793072
-0.9987161574397696
-0.9824599642730583
-0.9840520172823958
-0.9472893904482445
0.4884879092838126
-0.9948969457682897
-0.6241573237969698
-0.44276045296215616
-0.650283586082359
0.3886508268947857
-0.4680332548383691
-0.9750652010554214
-0.9541873678041395
0.17903652041583062
-0.9991994397084035
-0.6915411325051191
-0.0022936278052363424
-0.7551215998096796
0.7982179442499078
-0.6483245747725668
-0.958736657448127
-0.9905266241738204
-0.21598736197260293
-0.7408385388762808
-0.9696783189932279
-0.8420212475016091
-0.973392958207639
-0.6839303331141857
0.2576275289112684
-0.2473734344733124
-0.8465612474269673
-0.9985101028444593
0.2545735637230804
-0.8843534283224049
-0.9950275226113723
0.44851355978244745
-0.5854559740129894
0.28645087560932625
-0.23280720887490902
-0.9853823712565944
-0.7938568906723953
-0.682788902857589
-0.8456127532642452
-0.17367460868226792
0.3827001514144701
-0.9670293849334674
-0.9414639081446465
-0.9959150455527129
-0.9961887850873679
-0.9886035139611188
-0.9740792091423135
-0.29284975641678346
-0.9893966871365536
-0.8936865599322151
-0.7102025469140372
-0.6795395874387871
-0.797475988401849
-0.9984627211168309
-0.8372881655631985
0.20181948211149292
-0.6919015685733012
-0.9937036093611826
-0.996200399474889
0.7400344922372262
-0.533069062939054
-0.8412057414521009
-0.9843445558428184
-0.939044177015462
-0.9974030682663436
-0.9633603972374218
0.3784246316863622
-0.9983534637488708
-0.9756378755528385
-0.14653852957823554
-0.35875103471413494
-0.7974759884018489
0.21130645528896452
-0.9972530934656445
-0.993354282594526
-0.9974629665931811
-0.5259635419933706
-0.8830453119760768
-0.9959150455527128
-0.9869552942826763
0.4591814516459731
-0.35688713810275763
-0.12613121117251047
-0.7143917728657296
-0.9071309663670774
-0.9904369742678334
-0.7582435584281378
-0.7272062450993382
-0.994365376568643
-0.961038947632913
-0.9953918707315529
-0.9272034429843625
-0.45170729035689583
-0.7789185019924555
-0.883045311976077
-0.9750652010554216
-0.23138094464624337
-0.786618448726157
-0.9929423490678162
-0.9418557168338775
-0.2868912992890562
-0.9969073352734084
-0.9974030682663435
-0.11335837217004308
-0.6484950880511144
-0.8392030182440404
-0.9530017001077224
-0.9853586535441146
-0.4524916806853707
-0.9161973518533693
0.24296656290614993
-0.6843523896375517
-0.967932156664131
-0.9786990622888312
-0.9688474525157033
-0.8274780943580249
-0.9966265742209254
-0.8228142807654251
-0.9964003101070545
-0.9697682171163512
-0.9770040379233319
-0.9934420247013287
-0.9614819157242137
-0.9603033954847635
-0.6682579268916987
0.4776442090599684
0.3103837685628854
-0.9091808095804418
-0.75196077107654
-0.8618697484018869
-0.9452058356574118
-0.9669158412114217
-0.7459291191239492
CENT
-0.6299219507237683
-0.7659009466175489
-0.7924554013069735
-0.9995334492951082
-0.8737795471054933
-0.9799353734154861
-0.22355403464063428
-0.8727210315232227
-0.8477541362942989
-0.6114132673634429
-0.7353132311431543
-0.8023075925607814
-0.9952793724853904
-0.9837587883021663
-0.9036208738193823
-0.7930996518538918
-0.6632171759157548
-0.8057141851518898
-0.8884000453519866
-0.770489386621412
-0.9876452709899689
-0.18562793540380784
-0.8444082061952904
-0.9076364419887093
-0.5935235181884049
-0.9779944670628801
-0.8154482047265996
-0.6873023024305034
-0.9727181714188515
-0.928365052006354
-0.7414585080646199
-0.7853141534927149
-0.9849012617584891
-0.5185951102080223
-0.7086605626299655
-0.8994320800945521
-0.7973867336524348
-0.6854396284103066
-0.04065466073750046
-0.6953774360269959
-0.8772715813064804
-0.9061488011300028
-0.9724554673314901
-0.8349836979780354
-0.9272128030099941
-0.2126638187535188
-0.9162088197935113
-0.9315323480736449
-0.6709544847898854
-0.4170093204591101
-0.983996419296725
-0.9468829717561968
-0.9527685749665254
-0.7443157096135238
-0.988991647753992
-0.6676060609712458
-0.5598786571379815
-0.24180709126457367
-0.9863437834559773
-0.9653470424088654
-0.23486459329704767
-0.9263602170741723
-0.32391231309574486
-0.18557530147387014
-0.9464785640980151
-0.525331447361546
-0.8024217503038071
-0.046311009268972914
-0.37652276914740856
-0.9787338500746249
-0.8254696582450242
-0.6541928914581696
-0.541206862199879
-0.8291408842949143
-0.6806317952587284
-0.906128337361744
-0.38989356733041225
-0.4646236544201394
-0.9752232802090947
-1.0
-0.8827709439073592
-0.6174242320681661
-0.9387492561706622
-0.6284064123130602
-0.31767406430767375
-0.5864326426318287
-0.47260655724811473
-0.6684332669784678
-0.7632897646938459
-0.8945319807212968
-0.9094882670341943
-0.9118601330175076
-0.911445282605385
-0.7084306351637186
-0.4254409421470594
-0.7417562950468286
-0.9697096581146294
-0.9083309457568887
-0.9927465659966652
-0.9665885679971459
-0.7276283173650602
-0.6522172734314011
-0.8617281529879175
-0.5107112944832553
-0.529919108026442
-0.9891565577367813
-0.7262969149606744
-0.8281275231412767
-0.897287764330373
-0.9464785640980151
-0.9760269719356632
-0.8017473694819792
-0.3101230259297958
-0.999370288638004
-0.5853861231595585
-0.8883408817191342
-0.9583667522888161
-0.9892010141980514
-0.29477993017422266
-0.9991932770773787
-0.5533938698056967
-0.7632897646938459
-0.6981169433594989
-0.9431518657202298
-0.9626319964964353
-0.845623559353186
-0.5921948160805265
-0.837003927449257
-0.47265053109573363
-0.3943138471000861
-0.771212224114644
-0.9499446725664623
-0.6972066848698049
-0.6715590654414183
-0.9090386671154176
1.0
-0.9775421211016722
-0.7867177652507719
-0.33529492146580187
-0.948260775918243
-0.10970282291872935
-0.7989822288621037
-0.8305398307129501
-0.626101104659532
-0.023771901515097338
0.009038021653738904
-0.9971341588355442
-0.894466740280712
-0.623323900885209
-0.8789964103380488
-0.8608520157345502
-0.7517973578674683
-0.5584411016742925
-0.6098983100262938
-0.6665250519519945
-0.6178139018020534
-0.4905458985375234
-0.48160768771834817
-0.12526852995458448
-0.8894600684217819
-0.8858102106155424
-0.9856993980062244
-0.6963439968582232
-0.6825877332416526
-0.9379510623551295
-0.9415397909898071
-0.7120486238528916
-0.7908793385707338
-0.7588450891453369
-0.8312326019905745
-0.8282771169278482
-0.6906325884511362
-0.8720846733160794
-0.9308504493038423
-0.9755805528700169
-0.5783722941182194
-0.9039911491303048
-0.6885131285916455
-0.7374860004917765
-0.9400006278969631
-0.7017620400372167
-0.9276413853522227
-0.4532199787175185
-0.7752841154000203
-0.707340655832318
-0.685719449527193
-0.7574396407244578
-0.993653550615544
-0.7151100606757437
-0.528481684964438
-0.9959709626143264
-0.8838845354901891
-0.7469417112871399
-0.8854439641060421
-0.5424704413481469
-0.9050569000135131
-0.49373222176322107
-0.8387342253196953
-0.8813972825427074
-0.6488091544330612
-0.9605061241370383
-0.8947605998694761
-0.6362286594541979
-0.8094526306507195
-0.15255359225763954
-0.7989822288621037
-0.8011013203183697
-0.9004092696846536
-0.9020193774095921
-0.018637038667526085
-0.9793194068759242
-0.4385641219405453
-0.8196360022669107
-0.867525273519685
-0.6806768006757087
-0.8874231780532228
-0.9344323860665084
-0.8239313956178933
-0.4112915194288922
-0.3365209132292365
-0.8731720494054743
-0.8257730488384523
-0.8544511727310776
-0.8132573320330965
-0.782879461221459
-0.8877880520475582
-0.7930136988964813
-0.976217516474159
-0.9219882909376257
-0.9854551065009761
-0.9066470157731529
-0.3291391366359131
-0.9598534081866069
-0.9795226092197379
-0.7103240472643157
-0.8867952189486739
-0.24506350634071805
-0.7888979281837508
-0.9773661598073207
-0.3493233842073362
-0.8648414524434781
-0.9549091321801118
-0.8797056327678232
-0.9526904382715684
-0.9649113706454252
-0.9158502227962735
-0.7276283173650602
-0.8887616814394114
-0.7910697136036974
-0.5466044820967533
-0.6198333460803929
-0.9598534081866069
-0.9343608001791451
-0.8972922290630664
-0.8851270059021227
-0.9723792216873783
-0.6660254671314851
-0.9892010141980514
-0.8132573320330965
-0.7675644554057491
-0.5537104386838952
-0.5740991601977751
-0.5401948825896778
-0.06567614554058099
-0.47030789672671613
-0.8979415039245618
-0.1660722037023895
-0.9146011190349697
-0.8647661923702725
-0.9071712741349218
-0.906597982882426
-0.5815828550612072
-0.5995007716331774
-0.8622965918795371
-0.9892010141980514
-0.993653550615544
-0.2886426723725496
-0.8994410928451971
-0.8972842738265844
-0.9996747731883068
-0.20228248576137742
-0.96350358317528
-0.9649113706454252
-0.7643534321145025
-0.8534083230020157
-0.3142562673349263
-0.8264201972231071
-0.7775346146109741
-0.8302799826654841
-0.863055904532805
-0.864712833022686
-0.741974100339819
-0.7088276976400925
-0.29123745179851335
-0.754950314429567
-0.9203515360503625
-0.9939050542618216
-0.8789168535127948
-0.9810626016114077
-0.6547776828761565
-0.5099257060319063
-0.9285305496500339
-0.9468691936282347
-0.9999808374351452
-0.84623306310784
-0.9049633572200665
-0.8889573204239497
-0.53386038916662
-0.25332937719267756
-0.9577671160037319
-0.8336039008492175
-0.7211111824196038
-0.9433111235139747
DEGREE_RANK
-0.6666666666666667
-0.9038461538461539
0.7564102564102564
-0.8653846153846154
0.3141025641025641
-0.7628205128205128
0.02564102564102555
-0.08974358974358965
0.3205128205128205
0.46794871794871784
0.5705128205128205
0.6858974358974359
-0.9423076923076923
-0.8076923076923077
-0.08333333333333326
0.7628205128205128
0.9551282051282053
-0.07692307692307676
-0.40384615384615374
-0.5064102564102564
-0.9551282051282052
-0.39743589743589736
0.16666666666666674
-0.4999999999999999
0.8589743589743588
-0.6602564102564104
0.03205128205128194
0.9230769230769229
-0.6538461538461537
-0.1794871794871794
0.32692307692307687
0.9743589743589742
-0.858974358974359
0.6923076923076923
0.038461538461538325
0.47435897435897445
-0.4935897435897436
0.33333333333333326
0.9294871794871795
-0.6474358974358974
-0.17307692307692302
-0.16666666666666663
-0.8974358974358975
0.5769230769230769
0.1730769230769229
0.33974358974358987
0.34615384615384603
0.044871794871794934
0.17948717948717952
-0.07051282051282048
-0.967948717948718
-0.8525641025641025
-0.717948717948718
0.8974358974358974
-0.7564102564102564
-0.39102564102564097
-0.0641025641025641
0.0512820512820511
-0.8012820512820513
-0.75
0.5833333333333333
0.18589743589743568
0.05769230769230771
-0.7435897435897436
-0.3846153846153846
-0.3782051282051281
0.1923076923076923
-0.16025641025641024
0.4807692307692306
-0.641025641025641
-0.26923076923076916
0.35256410256410264
0.5897435897435896
0.9679487179487181
-0.3717948717948717
-0.4871794871794872
0.3589743589743588
-0.4807692307692307
-0.3653846153846153
-1.0
0.3653846153846154
0.7692307692307692
-0.6346153846153846
0.19871794871794868
0.0641025641025641
0.8653846153846154
0.6987179487179489
0.4871794871794872
-0.7948717948717949
-0.3589743589743589
-0.35256410256410253
-0.9807692307692307
0.07051282051282048
0.8717948717948716
0.07692307692307687
-0.15384615384615374
-0.34615384615384615
-0.33974358974358976
-0.9294871794871795
-0.2628205128205128
0.7756410256410255
0.08333333333333326
0.08974358974358965
-0.6282051282051282
-0.6217948717948718
-0.7884615384615384
-0.6153846153846154
0.7820512820512822
-0.14743589743589736
-0.33333333333333326
-0.32692307692307687
-0.47435897435897434
0.20512820512820507
-0.9935897435897436
0.21153846153846145
0.21794871794871806
-0.46794871794871795
-0.608974358974359
0.3717948717948718
-0.9358974358974359
0.22435897435897423
-0.782051282051282
-0.05769230769230771
-0.2564102564102563
-0.46153846153846156
0.9358974358974359
0.7051282051282051
0.5961538461538463
0.9935897435897436
1.0
0.9615384615384615
-0.8461538461538461
0.4935897435897436
0.8782051282051282
0.8846153846153846
0.3782051282051282
-0.3205128205128205
0.3846153846153846
0.6025641025641024
-0.2499999999999999
0.608974358974359
-0.05128205128205121
0.5
0.903846153846154
0.23076923076923084
-0.14102564102564097
-0.9871794871794872
-0.2435897435897435
-0.7115384615384616
-0.13461538461538458
0.5064102564102564
-0.7756410256410257
-0.3141025641025641
0.3910256410256412
0.7115384615384617
0.5128205128205128
0.237179487179487
-0.7051282051282051
0.2435897435897436
-0.04487179487179482
0.5192307692307692
-0.891025641025641
0.09615384615384626
-0.7692307692307692
-0.3076923076923076
-0.038461538461538436
0.10256410256410242
0.6153846153846152
0.5256410256410258
0.10897435897435903
-0.12820512820512808
0.11538461538461542
0.1217948717948718
-0.6987179487179487
-0.6923076923076923
0.25
-0.9615384615384616
0.1282051282051282
0.2564102564102564
-0.45512820512820507
0.9423076923076923
-0.8397435897435898
0.6217948717948718
0.7884615384615383
0.7948717948717949
0.8012820512820513
0.39743589743589736
-0.8846153846153846
0.2628205128205128
0.6282051282051282
-0.9743589743589743
0.2692307692307694
0.13461538461538458
0.6346153846153846
0.9871794871794872
0.40384615384615397
0.27564102564102555
-0.1217948717948717
-0.03205128205128205
0.5320512820512819
-0.7371794871794872
-0.3012820512820512
-0.4487179487179487
0.641025641025641
0.8076923076923077
-0.02564102564102555
-0.23717948717948711
-0.7307692307692307
0.41025641025641013
-0.6025641025641025
-0.6858974358974359
0.9102564102564101
0.6474358974358976
0.7179487179487178
0.41666666666666674
-0.11538461538461531
-0.10897435897435892
0.5384615384615385
-0.5961538461538461
0.42307692307692313
0.8141025641025641
-0.019230769230769162
-0.23076923076923062
-0.012820512820512775
-0.5897435897435898
-0.0064102564102563875
0.7243589743589742
-0.5833333333333334
-0.10256410256410242
-0.6794871794871794
0.5448717948717949
0.6538461538461537
-0.5769230769230769
-0.8333333333333334
0.28205128205128216
0.5512820512820513
-0.4423076923076923
-0.2948717948717948
-0.8269230769230769
0.9807692307692308
-0.22435897435897423
-0.28846153846153844
-0.9166666666666666
-0.8205128205128205
-0.5705128205128205
0.0
0.8205128205128205
-0.5641025641025641
0.4294871794871793
0.0064102564102563875
0.9166666666666667
-0.5576923076923077
0.4358974358974359
-0.8141025641025641
-0.4358974358974359
-0.6730769230769231
0.6602564102564104
-0.5512820512820512
0.012820512820512775
0.4423076923076923
0.9487179487179487
0.891025641025641
0.7307692307692308
-0.4294871794871794
-0.423076923076923
0.14102564102564097
-0.21794871794871784
-0.5448717948717948
-0.5384615384615384
-0.5320512820512822
-0.7243589743589743
0.6666666666666665
0.8269230769230769
0.2884615384615383
-0.5256410256410255
-0.8782051282051282
0.8333333333333335
-0.28205128205128194
-0.21153846153846156
-0.9230769230769231
0.4487179487179487
-0.41666666666666663
-0.5192307692307692
0.8397435897435896
0.5576923076923077
-0.27564102564102555
-0.20512820512820507
0.6730769230769231
0.737179487179487
-0.19871794871794868
0.7435897435897436
0.5641025641025641
0.6794871794871795
0.8461538461538463
0.14743589743589736
-0.5128205128205128
-0.9102564102564102
0.15384615384615374
-0.8717948717948718
0.2948717948717947
0.45512820512820507
-0.1923076923076923
0.019230769230769162
-0.9487179487179487
0.46153846153846145
0.8525641025641026
0.75
-0.1858974358974359
0.16025641025641013
-0.41025641025641024
0.3012820512820513
0.3076923076923075
-0.09615384615384603
EIGENVECTOR_RANK
0.02564102564102555
-0.5384615384615384
0.737179487179487
-0.1217948717948717
0.20512820512820507
0.5705128205128205
-0.32692307692307687
0.1282051282051282
0.7756410256410255
-0.33333333333333326
-0.5192307692307692
0.4807692307692306
-0.26923076923076916
-0.038461538461538436
-0.5256410256410255
0.8333333333333335
0.9487179487179487
-0.10897435897435892
0.15384615384615374
-0.7115384615384616
-0.16666666666666663
-0.08974358974358965
0.33974358974358987
0.08333333333333326
0.8782051282051282
-0.7948717948717949
0.1217948717948718
0.903846153846154
-0.7051282051282051
0.16025641025641013
-0.07692307692307676
0.9935897435897436
-0.717948717948718
0.7948717948717949
-0.5576923076923077
0.2884615384615383
-0.8076923076923077
0.7243589743589742
0.8269230769230769
-0.11538461538461531
-0.6858974358974359
-0.1923076923076923
-0.02564102564102555
0.40384615384615397
0.6730769230769231
-0.14743589743589736
0.22435897435897423
-0.6602564102564104
-0.05128205128205121
-0.6666666666666667
-0.9871794871794872
-0.8461538461538461
-0.2628205128205128
0.8653846153846154
0.03205128205128194
0.16666666666666674
-0.6923076923076923
-0.2564102564102563
-0.04487179487179482
0.038461538461538325
-0.5833333333333334
0.3076923076923075
-0.6346153846153846
-0.5320512820512822
-0.8846153846153846
-0.423076923076923
0.13461538461538458
0.18589743589743568
0.6346153846153846
-0.782051282051282
-0.23076923076923062
0.5576923076923077
-0.1858974358974359
0.9871794871794872
-0.27564102564102555
0.4487179487179487
-0.41025641025641024
-0.07051282051282048
-0.7243589743589743
-0.9807692307692307
0.3589743589743588
0.27564102564102555
-0.8205128205128205
0.012820512820512775
0.6987179487179489
0.608974358974359
-0.39102564102564097
-0.4358974358974359
-0.4487179487179487
0.45512820512820507
-0.7692307692307692
-0.9615384615384616
0.237179487179487
0.891025641025641
-0.3782051282051281
-0.6282051282051282
-0.75
0.5064102564102564
-0.8782051282051282
-0.35256410256410253
0.8589743589743588
-0.5064102564102564
0.6794871794871795
0.044871794871794934
0.2435897435897436
-0.16025641025641024
-0.1794871794871794
0.8974358974358974
-0.641025641025641
-0.891025641025641
0.7179487179487178
-0.9358974358974359
-0.20512820512820507
-1.0
-0.23717948717948711
-0.6474358974358974
-0.7756410256410257
-0.0064102564102563875
-0.14102564102564097
-0.2948717948717948
0.41025641025641013
-0.45512820512820507
-0.608974358974359
0.5512820512820513
0.5128205128205128
0.9551282051282053
0.8076923076923077
-0.6025641025641025
0.9807692307692308
1.0
0.9679487179487181
-0.967948717948718
-0.3717948717948717
0.3141025641025641
0.9423076923076923
0.5192307692307692
0.07051282051282048
-0.4423076923076923
0.7564102564102564
0.4358974358974359
-0.09615384615384603
0.6282051282051282
0.47435897435897445
0.9358974358974359
0.6153846153846152
-0.08333333333333326
-0.9935897435897436
0.5641025641025641
0.0641025641025641
0.25
0.39743589743589736
-0.5512820512820512
-0.4294871794871794
0.5
0.7628205128205128
0.75
0.6538461538461537
-0.019230769230769162
-0.33974358974358976
0.46794871794871784
0.21153846153846145
-0.21153846153846156
-0.47435897435897434
-0.17307692307692302
0.1923076923076923
-0.6987179487179487
0.6858974358974359
0.33333333333333326
-0.5705128205128205
0.05769230769230771
-0.13461538461538458
-0.7564102564102564
0.7307692307692308
0.019230769230769162
0.5897435897435896
-0.10256410256410242
-0.9551282051282052
-0.5448717948717948
-0.5641025641025641
-0.2499999999999999
0.9294871794871795
-0.8012820512820513
0.4423076923076923
0.5448717948717949
0.41666666666666674
0.8846153846153846
0.5256410256410258
-0.4807692307692307
-0.28846153846153844
0.7692307692307692
-0.9743589743589743
0.35256410256410264
0.7435897435897436
0.2628205128205128
0.9743589743589742
0.4294871794871793
-0.3012820512820512
-0.6794871794871794
0.6602564102564104
0.2948717948717947
-0.40384615384615374
0.09615384615384626
-0.46153846153846156
0.3717948717948718
0.8205128205128205
0.6217948717948718
0.07692307692307687
-0.9487179487179487
0.8141025641025641
-0.012820512820512775
-0.8141025641025641
0.9102564102564101
0.46153846153846145
0.8397435897435896
0.641025641025641
-0.5961538461538461
0.19871794871794868
0.3782051282051282
0.08974358974358965
0.6666666666666665
0.8717948717948716
-0.3653846153846153
-0.21794871794871784
-0.8397435897435898
-0.8525641025641025
-0.6217948717948718
-0.46794871794871795
0.5961538461538463
-0.6538461538461537
-0.03205128205128205
0.32692307692307687
0.3846153846153846
0.1730769230769229
-0.9423076923076923
0.11538461538461542
0.7820512820512822
0.34615384615384603
-0.7628205128205128
-0.858974358974359
0.9615384615384615
0.4871794871794872
0.10256410256410242
-0.5769230769230769
-0.19871794871794868
-0.9166666666666666
-0.34615384615384615
0.8525641025641026
-0.9294871794871795
-0.4935897435897436
0.6923076923076923
0.5769230769230769
0.17948717948717952
0.7884615384615383
-0.9038461538461539
-0.7371794871794872
-0.9230769230769231
0.4935897435897436
0.0
-0.8333333333333334
-0.6153846153846154
0.9166666666666667
0.5833333333333333
0.7051282051282051
0.3205128205128205
-0.05769230769230771
-0.6730769230769231
0.2564102564102564
0.3012820512820513
-0.7884615384615384
-0.3141025641025641
-0.8269230769230769
-0.15384615384615374
0.5384615384615385
0.23076923076923084
0.0064102564102563875
-0.4871794871794872
0.6474358974358976
0.21794871794871806
-0.7307692307692307
-0.22435897435897423
0.6025641025641024
-0.8974358974358975
-0.9102564102564102
0.7115384615384617
0.42307692307692313
0.10897435897435903
-0.28205128205128194
-0.5897435897435898
0.5320512820512819
-0.12820512820512808
0.8012820512820513
0.3653846153846154
-0.3846153846153846
-0.5128205128205128
-0.39743589743589736
0.14102564102564097
-0.8717948717948718
0.14743589743589736
-0.8653846153846154
-0.41666666666666663
-0.4999999999999999
-0.7435897435897436
-0.3205128205128205
-0.3076923076923076
0.3910256410256412
0.9230769230769229
0.8461538461538463
-0.0641025641025641
0.2692307692307694
0.0512820512820511
-0.2435897435897435
-0.3589743589743589
0.28205128205128216
CENT_RANK
0.5064102564102564
0.17948717948717952
0.10256410256410242
-0.9807692307692307
-0.19871794871794868
-0.8333333333333334
0.903846153846154
-0.1858974358974359
-0.10897435897435892
0.5512820512820513
0.2692307692307694
0.0512820512820511
-0.9487179487179487
-0.8461538461538461
-0.39102564102564097
0.08974358974358965
0.46794871794871784
0.038461538461538325
-0.2948717948717948
0.16666666666666674
-0.8846153846153846
0.9230769230769229
-0.08974358974358965
-0.4487179487179487
0.5705128205128205
-0.8076923076923077
0.012820512820512775
0.3910256410256412
-0.7628205128205128
-0.5384615384615384
0.2564102564102564
0.13461538461538458
-0.858974358974359
0.6923076923076923
0.32692307692307687
-0.3653846153846153
0.08333333333333326
0.40384615384615397
0.9743589743589742
0.3717948717948718
-0.20512820512820507
-0.423076923076923
-0.7564102564102564
-0.07051282051282048
-0.5256410256410255
0.9102564102564101
-0.4999999999999999
-0.5576923076923077
0.4358974358974359
0.7756410256410255
-0.8525641025641025
-0.6346153846153846
-0.6602564102564104
0.237179487179487
-0.891025641025641
0.4487179487179487
0.6153846153846152
0.891025641025641
-0.8782051282051282
-0.7307692307692307
0.8974358974358974
-0.5192307692307692
0.8333333333333335
0.9294871794871795
-0.6217948717948718
0.6858974358974359
0.044871794871794934
0.9679487179487181
0.8012820512820513
-0.8141025641025641
-0.0064102564102563875
0.4807692307692306
0.6538461538461537
-0.038461538461538436
0.42307692307692313
-0.41666666666666663
0.7948717948717949
0.75
-0.7692307692307692
-1.0
-0.23717948717948711
0.5448717948717949
-0.5833333333333334
0.5128205128205128
0.8397435897435896
0.5833333333333333
0.737179487179487
0.4423076923076923
0.1923076923076923
-0.32692307692307687
-0.46794871794871795
-0.4807692307692307
-0.47435897435897434
0.33333333333333326
0.7692307692307692
0.25
-0.7435897435897436
-0.45512820512820507
-0.9230769230769231
-0.7371794871794872
0.27564102564102555
0.4871794871794872
-0.13461538461538458
0.6987179487179489
0.6730769230769231
-0.8974358974358975
0.2884615384615383
-0.02564102564102555
-0.34615384615384615
-0.6153846153846154
-0.782051282051282
0.05769230769230771
0.8525641025641026
-0.9743589743589743
0.5897435897435896
-0.28846153846153844
-0.6794871794871794
-0.9166666666666666
0.8589743589743588
-0.967948717948718
0.6346153846153846
0.19871794871794868
0.35256410256410264
-0.6025641025641025
-0.7051282051282051
-0.09615384615384603
0.5769230769230769
-0.07692307692307676
0.7307692307692308
0.7884615384615383
0.16025641025641013
-0.6474358974358974
0.3589743589743588
0.4294871794871793
-0.46153846153846156
1.0
-0.8012820512820513
0.1282051282051282
0.8205128205128205
-0.641025641025641
0.9551282051282053
0.07051282051282048
-0.05128205128205121
0.5192307692307692
0.9807692307692308
0.9935897435897436
-0.9615384615384616
-0.3205128205128205
0.5256410256410258
-0.21794871794871784
-0.12820512820512808
0.22435897435897423
0.6217948717948718
0.5576923076923077
0.45512820512820507
0.5384615384615385
0.7179487179487178
0.7243589743589742
0.9487179487179487
-0.3141025641025641
-0.2628205128205128
-0.8717948717948718
0.3653846153846154
0.41025641025641013
-0.5769230769230769
-0.5961538461538461
0.3076923076923075
0.11538461538461542
0.20512820512820507
-0.05769230769230771
-0.03205128205128205
0.3782051282051282
-0.1794871794871794
-0.5512820512820512
-0.7756410256410257
0.6025641025641024
-0.39743589743589736
0.3846153846153846
0.2628205128205128
-0.5897435897435898
0.34615384615384603
-0.5320512820512822
0.7564102564102564
0.15384615384615374
0.33974358974358987
0.39743589743589736
0.21153846153846145
-0.9358974358974359
0.3012820512820513
0.6794871794871795
-0.9551282051282052
-0.2435897435897435
0.23076923076923084
-0.2564102564102563
0.6474358974358976
-0.41025641025641024
0.7115384615384617
-0.08333333333333326
-0.23076923076923062
0.4935897435897436
-0.6987179487179487
-0.33333333333333326
0.5
0.03205128205128194
0.9423076923076923
0.07692307692307687
0.0641025641025641
-0.3782051282051281
-0.3846153846153846
0.9871794871794872
-0.8205128205128205
0.7628205128205128
0.0064102564102563875
-0.17307692307692302
0.41666666666666674
-0.27564102564102555
-0.5705128205128205
0.0
0.7820512820512822
0.8141025641025641
-0.1923076923076923
-0.012820512820512775
-0.1217948717948717
0.019230769230769162
0.14102564102564097
-0.28205128205128194
0.09615384615384626
-0.7884615384615384
-0.5128205128205128
-0.8653846153846154
-0.4358974358974359
0.8269230769230769
-0.6923076923076923
-0.8269230769230769
0.3141025641025641
-0.26923076923076916
0.8846153846153846
0.1217948717948718
-0.7948717948717949
0.8076923076923077
-0.16666666666666663
-0.6666666666666667
-0.22435897435897423
-0.6538461538461537
-0.7243589743589743
-0.4935897435897436
0.28205128205128216
-0.3012820512820512
0.10897435897435903
0.641025641025641
0.5320512820512819
-0.6858974358974359
-0.5641025641025641
-0.35256410256410253
-0.2499999999999999
-0.75
0.46153846153846145
-0.9102564102564102
0.02564102564102555
0.1730769230769229
0.6282051282051282
0.608974358974359
0.6602564102564104
0.9615384615384615
0.7435897435897436
-0.3589743589743589
0.9358974358974359
-0.4871794871794872
-0.16025641025641024
-0.4423076923076923
-0.4294871794871794
0.5961538461538463
0.5641025641025641
-0.14102564102564097
-0.9038461538461539
-0.9294871794871795
0.8717948717948716
-0.3717948717948717
-0.33974358974358976
-0.9871794871794872
0.9166666666666667
-0.7115384615384616
-0.717948717948718
0.18589743589743568
-0.11538461538461531
0.8461538461538463
-0.019230769230769162
0.14743589743589736
-0.04487179487179482
-0.14743589743589736
-0.15384615384615374
0.2435897435897436
0.3205128205128205
0.8653846153846154
0.21794871794871806
-0.5064102564102564
-0.9423076923076923
-0.21153846153846156
-0.8397435897435898
0.47435897435897445
0.7051282051282051
-0.5448717948717948
-0.6282051282051282
-0.9935897435897436
-0.10256410256410242
-0.40384615384615374
-0.3076923076923076
0.6666666666666665
0.8782051282051282
-0.6730769230769231
-0.0641025641025641
0.2948717948717947
-0.608974358974359
RANK
79
303
279
3
113
119
146
190
12
296
187
275
98
117
257
274
105
54
20
58
161
229
32
50
13
298
5
233
210
69
25
136
238
227
110
174
78
28
42
255
96
99
59
244
282
281
124
200
232
251
116
309
241
52
243
131
139
51
302
64
109
312
123
165
179
82
164
216
252
47
173
301
29
181
44
61
228
295
46
245
267
91
92
90
134
97
23
269
230
270
41
75
195
305
176
14
208
207
277
35
265
253
108
278
201
89
147
159
306
247
18
115
225
215
235
160
193
254
191
80
198
242
149
297
40
4
220
7
172
213
240
268
290
289
273
102
150
222
284
8
304
125
22
197
127
43
310
169
142
288
73
170
107
286
221
70
217
212
26
223
258
203
17
66
11
111
206
141
205
36
15
226
2
248
167
237
137
31
224
287
183
130
19
259
1
283
88
121
168
186
294
151
192
53
291
95
30
178
10
100
246
106
311
188
166
234
292
34
93
184
180
122
132
162
39
171
177
27
185
37
163
214
74
133
48
87
55
154
256
16
299
71
101
199
202
0
83
143
148
250
155
81
9
153
272
24
126
85
114
271
175
261
56
152
260
120
249
194
72
262
307
104
189
65
33
103
300
196
156
157
128
86
264
77
182
211
94
49
218
129
76
68
239
219
138
231
62
84
285
112
118
293
276
308
236
57
60
6
45
280
21
63
266
204
158
140
263
67
38
144
209
145
135
