DEGREE
0.33333333333333326
0.39393939393939403
0.030303030303030276
-0.7575757575757576
0.09090909090909083
0.21212121212121215
-0.21212121212121215
-0.2727272727272727
0.39393939393939403
-0.2727272727272727
-0.1515151515151515
-0.2727272727272727
0.21212121212121215
-0.5757575757575757
-0.4545454545454546
0.696969696969697
-0.030303030303030276
0.09090909090909083
-0.21212121212121215
-0.09090909090909094
-0.1515151515151515
-0.3939393939393939
0.09090909090909083
0.33333333333333326
-0.030303030303030276
-0.21212121212121215
0.39393939393939403
-0.2727272727272727
0.2727272727272727
0.33333333333333326
0.030303030303030276
0.030303030303030276
0.030303030303030276
-0.2727272727272727
0.1515151515151516
0.21212121212121215
-0.5151515151515151
-0.030303030303030276
0.1515151515151516
0.1515151515151516
0.39393939393939403
-0.4545454545454546
0.21212121212121215
0.33333333333333326
0.09090909090909083
0.09090909090909083
0.21212121212121215
0.4545454545454546
0.21212121212121215
-0.21212121212121215
-0.030303030303030276
-0.5757575757575757
0.7575757575757576
-0.1515151515151515
-0.030303030303030276
0.21212121212121215
0.2727272727272727
0.5151515151515151
-0.3939393939393939
0.09090909090909083
0.1515151515151516
0.33333333333333326
0.39393939393939403
-0.5757575757575757
-0.030303030303030276
0.09090909090909083
0.030303030303030276
-0.33333333333333337
0.39393939393939403
0.2727272727272727
-0.4545454545454546
-0.2727272727272727
0.21212121212121215
-0.4545454545454546
-0.030303030303030276
1.0
-0.09090909090909094
-0.7575757575757576
0.21212121212121215
-0.1515151515151515
0.1515151515151516
-0.33333333333333337
0.8787878787878789
0.1515151515151516
0.39393939393939403
0.1515151515151516
0.2727272727272727
-0.3939393939393939
-0.3939393939393939
0.6363636363636365
0.1515151515151516
0.030303030303030276
0.5151515151515151
0.33333333333333326
0.1515151515151516
-0.030303030303030276
-0.2727272727272727
0.5151515151515151
-0.09090909090909094
0.09090909090909083
-0.3939393939393939
-0.4545454545454546
-0.21212121212121215
0.696969696969697
-0.33333333333333337
0.21212121212121215
0.39393939393939403
0.7575757575757576
-0.2727272727272727
-0.6363636363636364
-0.9393939393939394
-0.3939393939393939
0.21212121212121215
0.21212121212121215
-0.1515151515151515
-0.3939393939393939
-0.2727272727272727
0.1515151515151516
0.030303030303030276
0.8181818181818181
-0.21212121212121215
0.39393939393939403
-0.09090909090909094
0.030303030303030276
-0.7575757575757576
-0.5151515151515151
0.2727272727272727
-0.4545454545454546
-0.6363636363636364
0.09090909090909083
-0.09090909090909094
0.1515151515151516
0.696969696969697
0.696969696969697
-0.09090909090909094
0.33333333333333326
-0.3939393939393939
-0.2727272727272727
0.1515151515151516
-1.0
-0.6363636363636364
0.21212121212121215
-0.1515151515151515
0.030303030303030276
0.1515151515151516
-0.21212121212121215
-0.33333333333333337
0.39393939393939403
-0.21212121212121215
-0.1515151515151515
0.39393939393939403
-0.3939393939393939
-0.2727272727272727
-0.1515151515151515
0.39393939393939403
0.21212121212121215
0.8181818181818181
0.030303030303030276
0.5151515151515151
0.39393939393939403
0.2727272727272727
0.5151515151515151
0.2727272727272727
-0.21212121212121215
-0.5151515151515151
0.09090909090909083
-0.4545454545454546
-0.09090909090909094
0.1515151515151516
-0.09090909090909094
-0.1515151515151515
-0.2727272727272727
0.5757575757575757
0.09090909090909083
-0.1515151515151515
-0.696969696969697
0.09090909090909083
0.5757575757575757
0.33333333333333326
0.030303030303030276
0.4545454545454546
-0.09090909090909094
0.4545454545454546
0.6363636363636365
-0.1515151515151515
0.2727272727272727
-0.3939393939393939
0.09090909090909083
-0.33333333333333337
0.1515151515151516
0.09090909090909083
-0.09090909090909094
-0.2727272727272727
-0.33333333333333337
-0.6363636363636364
-0.6363636363636364
-0.030303030303030276
0.09090909090909083
-0.21212121212121215
-0.5151515151515151
-0.030303030303030276
0.030303030303030276
0.33333333333333326
-0.5151515151515151
0.33333333333333326
0.1515151515151516
-0.3939393939393939
0.5151515151515151
-0.1515151515151515
-0.5151515151515151
-0.1515151515151515
0.09090909090909083
-0.5151515151515151
0.5757575757575757
-0.09090909090909094
-0.5151515151515151
0.030303030303030276
-0.030303030303030276
0.4545454545454546
-0.5151515151515151
-0.030303030303030276
0.21212121212121215
-0.21212121212121215
0.4545454545454546
0.030303030303030276
-0.09090909090909094
0.1515151515151516
0.7575757575757576
0.1515151515151516
-0.3939393939393939
0.39393939393939403
0.09090909090909083
0.030303030303030276
-0.33333333333333337
-0.1515151515151515
-0.5757575757575757
-0.21212121212121215
-0.09090909090909094
-0.030303030303030276
0.4545454545454546
0.1515151515151516
0.1515151515151516
-0.3939393939393939
0.1515151515151516
-0.5151515151515151
-0.21212121212121215
-0.21212121212121215
0.4545454545454546
-0.09090909090909094
0.21212121212121215
-0.030303030303030276
0.09090909090909083
-0.5151515151515151
-0.2727272727272727
-0.21212121212121215
0.39393939393939403
-0.2727272727272727
0.33333333333333326
0.1515151515151516
-0.21212121212121215
0.21212121212121215
0.09090909090909083
-0.33333333333333337
0.8787878787878789
-0.4545454545454546
0.1515151515151516
-0.09090909090909094
0.39393939393939403
-0.2727272727272727
0.030303030303030276
0.6363636363636365
0.2727272727272727
-0.09090909090909094
-0.1515151515151515
-0.33333333333333337
-0.21212121212121215
0.2727272727272727
0.33333333333333326
-0.09090909090909094
-0.1515151515151515
0.09090909090909083
0.33333333333333326
-0.3939393939393939
-0.030303030303030276
0.2727272727272727
-0.030303030303030276
-0.2727272727272727
-0.3939393939393939
-0.030303030303030276
0.33333333333333326
-0.1515151515151515
0.09090909090909083
0.4545454545454546
0.1515151515151516
-0.2727272727272727
0.4545454545454546
0.8181818181818181
-0.09090909090909094
-0.2727272727272727
0.6363636363636365
-0.4545454545454546
-0.21212121212121215
-0.2727272727272727
0.09090909090909083
-0.4545454545454546
0.8787878787878789
-0.21212121212121215
1.0
-0.030303030303030276
0.030303030303030276
0.1515151515151516
0.33333333333333326
-0.09090909090909094
0.21212121212121215
-0.1515151515151515
-0.1515151515151515
0.21212121212121215
-0.33333333333333337
0.09090909090909083
-0.1515151515151515
-0.3939393939393939
-0.3939393939393939
-0.21212121212121215
-0.21212121212121215
0.2727272727272727
-0.2727272727272727
0.5757575757575757
-0.030303030303030276
-0.1515151515151515
0.2727272727272727
-0.1515151515151515
0.39393939393939403
-0.7575757575757576
0.2727272727272727
0.1515151515151516
-0.4545454545454546
-0.6363636363636364
-0.21212121212121215
0.2727272727272727
-0.33333333333333337
-0.1515151515151515
-0.33333333333333337
0.09090909090909083
0.2727272727272727
0.030303030303030276
-0.21212121212121215
0.2727272727272727
-0.33333333333333337
-0.6363636363636364
0.21212121212121215
-0.33333333333333337
-0.33333333333333337
0.030303030303030276
-0.33333333333333337
-0.21212121212121215
-0.5757575757575757
0.09090909090909083
0.6363636363636365
-0.2727272727272727
0.5151515151515151
-0.09090909090909094
-0.030303030303030276
0.09090909090909083
0.39393939393939403
EIGENVECTOR
-0.7088358947242619
-0.995608943551675
-0.9987280567995079
-0.9907453541581374
-0.9982907950821857
-0.8658940106366904
-0.9946165357254073
-0.9997819305412137
0.052062955171533476
-0.9839796757958936
-0.881359691851449
-0.9353318727568002
-0.798982233673395
-0.9918812354052113
-0.9998913100386791
0.5701906031915187
-0.9997440525048101
-0.9434634914907162
-0.9938829949389709
-0.7595709603756027
-0.9978324840604226
-0.9964943503727662
-0.8228988690829011
-0.91057389544256
-0.618706251053548
-0.8821381772119006
-0.43594067590663144
-0.9993696818339312
-0.550759759156938
-0.9980616098852625
-0.9557923076952131
-0.14893345779174605
-0.8509777713237718
-0.855409732149207
-0.96690050072828
-0.8676673253931517
-0.9023830592758763
-0.9975037426893618
-0.9306158129767356
-0.99190411612317
0.06158482944069643
-0.9962260537099118
-0.9722360785659709
0.1752643647863501
-0.7331540239107541
-0.6834878768731674
-0.42253166123415264
0.1438723371589159
-0.9987853380870174
-0.9919503595942178
-0.9896034611996164
-0.993411708660876
0.8274169241727409
-0.9748307969494525
-0.4212053908922524
-0.9981011800882514
-0.9923918155767284
-0.9954816857760833
-0.9312162469849635
-0.9369976844462156
-0.9976849109512778
-0.9948451463410524
-0.03897348779900389
-0.978388249463972
-0.9818724901331435
-0.9516236540240055
-0.9386809532603985
-0.9982345154889395
0.3845870138594769
-0.9986492551070663
-0.5279513657962134
-0.9415227337499633
-0.8204318602334212
-0.969476042164539
-0.7297899388749352
1.0
-0.9996844469665934
-0.999906685022976
-0.991198247615424
-0.9878560749274429
-0.9583523933007925
-0.9976137951689904
0.8706815356982376
-0.9624600106100256
-0.4272286916709257
-0.8074583724224697
-0.8566617830505389
-0.9993109963792783
-0.96924492895621
0.6683697329390721
-0.979508226041636
-0.8982176253330677
0.0009735924641902649
-0.956706385327229
-0.9637473185390574
-0.9990164107437846
-0.9871122006730539
-0.872794899247172
-0.9853192986003998
-0.491651018401962
-0.9823089546499786
-0.6029753967877267
-0.9925808087302305
0.463931930414871
-0.992821157619327
-0.9479004935876261
0.44624020644949236
0.5508342570208697
-0.9993590317669582
-1.0
-0.9991858391988604
-0.9997976345456707
-0.8290777986823996
-0.9951675985717329
-0.9988928560107
-0.96924492895621
-0.9323671190442139
-0.998415007426052
-0.9495345846446159
0.8706574349944294
-0.9650887377839601
-0.9912597071113644
-0.9421329597513158
-0.9939872286300451
-0.9977321758209275
-0.99618305788541
-0.9941089746718458
-0.5737289337072999
-0.9989641044393499
-0.9984873459592418
-0.8288640116585462
-0.9265244927909766
0.7481191166742756
0.427370733282292
-0.9996844469665936
-0.9939445588932855
-0.9470610258364024
-0.9998823353053771
-0.724703691712665
-0.9991120768600708
-0.9994003161822338
-0.8870705398706028
-0.9810314648551042
-0.9457909180452594
-0.9612066890209009
-0.9536713385646829
-0.7169973642855472
-0.2335536076437419
-0.9917791713240358
-0.9784206202622122
-0.9966082598151105
-0.9996350283128642
-0.9653805964705331
-0.8757668760970483
-0.9971507577619843
-0.9941705500851016
0.8570444263606813
-0.7770059823858759
-0.9957170061290933
-0.6433411315777948
-0.9984619101087918
-0.9933790104777653
-0.8784693195702523
-0.9916753286892976
-0.9999762014608025
-0.9367550749860742
-0.9992247882671281
-0.11939238006945818
-0.9975748668381809
-0.9876677133901461
-0.9935204443025083
-0.9011011450967273
-0.9954883032401655
-0.9996245019738311
-0.9996829697624727
-0.9999988148913127
-0.9146709581020245
0.16789132706590415
-0.9981156276433998
-0.6554548850904323
-0.9944712230394491
-0.5504588127869283
0.3646554973948706
0.6683697329390719
-0.9980509238060616
-0.9973443866298107
-0.967278006651364
-0.9995028872333354
-0.9496119805259502
-0.9449350395903225
-0.7360884394203882
-0.8412398613899945
-0.9981892548322089
-0.9995407043874532
-0.9999816645999619
-0.9806174348335153
-0.965687532638741
-0.8514743525560131
-0.9998475903113471
-0.9991656378154185
-0.28947878673282224
-0.9981887637923123
-0.08059889368718276
-0.9999515988638631
0.3259706917749814
-0.5205332586153802
-0.9715913460452351
-0.9968268390077134
-0.8767312505565437
-0.999956794010227
-0.9976175161273799
-0.9793291225880296
-0.9970095985509702
0.3785343820016802
-0.7595709603756026
-0.9827249503985471
-0.8770494444777671
-0.9996674722591422
-0.9949441216525474
-0.9998749475016058
-0.8082911155188386
-0.9069890533454916
-0.9997902963731794
-0.9953864973391576
-0.99959318691478
-0.9990353834422823
-0.7407827348041639
0.7298875243494809
-0.9278247759326719
-0.9999529363169453
-0.993312737977514
-0.8161222526835137
-0.7388657530368097
-0.9951838410828934
-0.6869233681742373
-0.9996713503113084
-0.9733384315421986
-0.931398334626365
-0.5431025330338813
-0.20294541142188738
-0.9247025090853398
0.12372661337758295
-0.9682471994236215
-0.9991876521319081
-0.9994871738465295
-0.9762797371428433
-0.9994649020006269
-0.8603610031441298
-0.9805563503774029
-0.9975515737357903
-0.9983695434534925
-0.9983785242190103
-0.9995551227303622
-0.998756908328971
-0.8925593327838379
-0.9960525191223676
-0.7345096586482021
-0.9604749634996301
-0.9317514557440119
-0.9995686563925712
-0.7857551325429042
-0.9783749434463203
-0.9995962633545232
0.868066860026651
-0.996578360707366
-0.9989821487433037
-0.9990353834422822
0.1450477878745775
-0.9998906213798178
-0.9789976092081332
0.6982742743697301
-0.9971081978948904
-0.9682387555887413
-0.9335283130892242
-0.953049939611522
-0.999410524521213
-0.9490824360162938
-0.21159836384985986
-0.9887607984415363
-0.9794834191427256
-0.9554340054852288
0.017708939360114195
-0.9999529363169452
-0.9997288954364462
-0.9893912678280983
-0.9990251917452956
-0.9963092618056941
-0.9995785315402508
-0.9185045740192712
-0.4341253114222381
-0.9920930902894284
-0.7714906692536223
0.45280795146382835
-0.5602561368661789
-0.9943142668946727
0.20233856229370373
0.6019636753276643
-0.9912627109142845
-0.9929603205444487
0.6212768583676718
-0.9995047156028611
-0.9880010184270618
-0.947904128918129
-0.9815556654854756
-0.9991921113645479
0.9301214985006179
-0.96508873778396
0.866902441904638
-0.9891225070860798
-0.998413921463549
-0.9970213443431146
-0.8429053764395729
-0.7305054505423031
-0.7979415170384936
-0.9748307969494524
-0.9935204443025083
-0.1807226638366033
-0.9995986166857016
-0.9012673995177438
-0.9981569938128552
-0.9976520200099099
-0.9964943503727662
-0.9914009558901478
-0.9991531459667896
-0.998955215384744
-0.9918291751838141
0.6051482383535165
-0.9983212803638991
-0.9981293342748581
-0.9905698144331969
-0.9890441711647137
0.19657879911033938
-0.9907453541581374
-0.9975204020331588
-0.99913259063037
-0.47207325611505324
-0.9926605704369343
-0.9953849134585319
-0.9182703090303251
-0.9721269385191053
-0.992811996442641
-0.9120701202412723
-0.8608596198271903
-0.9878953372639464
-0.9983247692090516
-0.8821381772119006
-0.3875376397471709
-0.9595252788947072
-0.9999420981388988
-0.9975136989098738
-0.9973539299270838
-0.9998816094121236
-0.9833184743818163
-0.9998759545227606
-0.9662243805512363
-0.999322977161988
-0.9787369906514695
0.594140736528358
-0.9965813643601349
-0.9964176339168851
-0.9941942252259647
-0.9247206649696958
-0.77242902387242
0.1965787991103396
CENT
-0.35321062030382866
-0.2877638347448612
-0.8599860358507236
-1.0
-0.32632316497835456
-0.7644541686474178
-0.9323964540256215
-0.899741917115717
-0.0012966316036288061
-0.3675893410432063
-0.6558297159495905
-0.9034758167479812
-0.7186423755672053
-0.9291320472681571
-0.9634720973696741
-0.4684757056425549
-0.928558257695431
-0.7286405419189457
-0.7224164729669136
-0.8978424134319787
-0.6432296088852256
-0.9785228065601921
-0.21563761848848018
-0.6404662984097418
-0.7684599455682144
-0.7896047607498347
0.7750192378615048
-0.9552597639220066
-0.6673179955551305
-0.6982947846736203
-0.47985082736307894
-0.7946916337326472
-0.9264952104895752
-0.9797873646139614
-0.5181414206931332
-0.6623356200193626
-0.9789075508585554
0.3639302760576033
-0.7170288276651062
0.04436423891464858
-0.6810587037819731
-0.9149368945315988
-0.49495293416193487
-0.6616646215669839
-0.23717453742030647
0.9323799202188972
-0.295842458543903
-0.3101943143810447
-0.6488575639359139
-0.8894543657130144
-0.5941760755750307
-0.9526720597698544
-0.87215269541715
-0.750441834992783
-0.6177304193961008
-0.3716569901473643
-0.433408611070767
-0.39881777089098214
-0.857358802961839
-0.8920415086431688
-0.9189149197596744
-0.44054996715110095
-0.8201607091185609
-0.9701298789973982
-0.6746983957161656
-0.550902936850427
-0.97139359839474
-0.9491307422747497
-0.6196954640620624
-0.7568319097430328
-0.9665631735943355
-0.9333966807869114
0.04661377632458108
-0.8496340398532971
-0.6928129903577023
-0.6560000802610135
-0.9319401922491277
-0.9549915224424858
-0.13698430050825128
-0.29026026833147467
0.8746606097844307
-0.0603786963585744
-0.4836139729383422
-0.2611979651219807
-0.3439553446182997
-0.27556347357416766
1.0
-0.9630127538673328
-0.9849724077446982
-0.7738637346143321
0.026061126080587194
-0.16335455267580423
-0.5706037424587149
-0.2515860897302259
-0.4014161350133706
-0.861561342183945
-0.6274285437630323
-0.1567419434186137
0.04495153724658807
-0.020024434992717777
-0.6740795485127478
-0.8251522174186139
-0.9407537476740344
-0.6322811878399007
-0.25497609715224234
-0.7394955384516391
-0.9130749734520416
-0.7257116311301295
-0.1607082181015257
-0.9993031211388272
-0.9431388135529992
-0.974556659524581
-0.7137644658351825
-0.08743012925849014
-0.8329185572817714
-0.9849724077446982
-0.9428652720477316
-0.8344497387255936
-0.9077509394353818
-0.7872475548035167
-0.9932038632018528
-0.14669971855248676
-0.7825934448304892
-0.11359917338698144
-0.9471121924477958
-0.8919270136013835
-0.7255292477539992
-0.988732455623394
-0.9713519678995118
-0.6234841318424602
-0.6934565035753761
-0.7892425744623344
-0.5929936378800704
-0.5734739556452573
-0.9319401922491277
-0.7232075996490059
-0.9313582752462333
-0.9697697812968336
-0.19440149003024276
-0.9973805736767677
-0.9710570274294567
-0.874583254284804
-0.37100199540453027
-0.1125955623749747
-0.35570807545565464
-0.8109274082024258
-0.7620763291113699
-0.6683232796431571
-0.13327796373270062
-0.45685613134964764
-0.69205446823716
-0.936159561841355
-0.05009830738516652
-0.624752712444072
-0.39005856898169367
-0.803645835765207
-0.8328648068642579
-0.6724438997557907
-0.8117306166131748
-0.07554541259834446
-0.7871489590227799
-0.14438520956516354
-0.04582756796979426
-0.018896511625369095
-0.9946787785291982
-0.7854521390524578
-0.9936013280727954
-0.8684651860100655
-0.09952457209174159
-0.7770249893062713
-0.9450873762275778
-0.5857998911360325
-0.45589932390217125
-0.6878677771916852
-0.8867497650916054
-0.9889879635273291
0.5177297108899004
-0.25502720111666954
-0.5821438382169302
-0.6838680149075611
-0.5530624692767043
-0.6546434747473149
-0.8064901990177371
-0.7738637346143321
-0.7417565247031133
-0.7677812755547134
-0.6431045549844909
-0.5462150347647992
-0.9704099704927434
-0.7408117705872292
-0.4893169246614111
0.33745903944192857
-0.8178734404363197
-0.9352355180997917
-0.99985274128466
-0.9936681535018513
-0.3714945108057961
-0.6394871178444087
-0.972726809844985
-0.9540867201885093
-0.7829309268364302
-0.8270084215030337
-0.5044584436945173
-0.9950305389850065
-0.766759153510512
-0.43624559675442987
-0.7133498353265777
-0.47503354507354334
-0.1447730842200894
-0.9882105090944311
-0.4913948183234691
0.09168458235600041
-0.9695908566581227
-0.8713919312310335
-0.8978424134319787
-0.9022278855185354
-0.6721292219744746
-0.9284288295727153
-0.778981398172213
-0.9496396814872046
-0.6237115358155962
-0.6772153435783944
-0.9368662114142109
-0.5773969119819722
-0.7878064219696503
-0.8795493892886991
-0.42489230655728105
-0.27474065911682355
-0.24701595634731954
-0.995853468027271
-0.5783817759789278
-0.6799500827938054
-0.5775108943741274
-0.9708815454761124
-0.8113862531331049
-0.99328983000355
-0.9662431105119874
-0.1677041790370568
-0.5845868439058173
-0.629896437894973
-0.1798441350484803
-0.9585087371236015
-0.9241473793656103
-0.7101649848016903
-0.9681422078994906
-0.1952385834914907
-0.9077595992919881
-0.1894240529322223
-0.6679082993314815
-0.6246028899093681
-0.8399372810508665
-0.8444392462806878
-0.8512061077787862
-0.8343001225348156
-0.908411679560325
-0.901046898504909
-0.970473870310938
-0.3811550283043049
-0.7443241877987088
-0.7750544661991193
-0.6193988519284448
-0.5789372844435823
-0.886605304636097
-0.41437410706336464
-0.9981700884642752
-0.6997095665970623
-0.8795493892886991
-0.648412740120773
-0.9590382112075362
-0.45122682789728596
-0.8969585585480553
-0.9131554488553518
-0.5847574320836666
-0.8340565038940629
-0.9108682415231503
-0.9550528018470595
-0.42201007682176384
-0.8710436317614796
-0.3615131279020215
-0.5689569353107047
0.1823111627362881
-0.6761749883616898
-0.995853468027271
-0.9586024794287248
-0.4073101199598297
-0.921980352075247
-0.7412800704182905
-0.9369567756147811
-0.6266421966159914
-0.6004378157986221
-0.5539213930913187
-0.7802939120953174
-0.831805661401549
-0.8595566920048583
-0.894154422846986
-0.6117647014254323
-0.8000928049649872
-0.13633320254905812
-0.9257842159103916
-0.056370824401777875
-0.7285408616484566
-0.9267682869678897
-0.8597594939440732
-0.3134305065457218
-0.9809447458168861
-0.8259357167591901
-0.9932038632018528
-0.5863596288124053
-0.8167905650952967
-0.8905266361155497
-0.50359329291443
0.26829661775255653
-0.33444296975828414
-0.48168281292893034
-0.750441834992783
-0.9450873762275778
-0.0824495850841438
-0.7528034977974172
-0.44627281178602585
-0.7524707545696743
-0.8073331616109012
-0.9785228065601921
-0.9156425148598164
-0.9648629210826282
-0.6860335564005495
-0.5391612709342429
-0.8585109857266552
-0.8908212109741741
-0.8987186206831054
-0.2056303129010708
-0.37994826360081846
-0.868126562036158
-1.0
-0.7278139576318232
-0.5479106511048291
-0.9968940010112805
-0.9149618752280156
-0.752999192588853
-0.4624426222988933
-0.9947357792687465
-0.4397626982000512
-0.9518010874100101
-0.6115850026900347
-0.16759261409054182
-0.9015919507576313
-0.7896047607498347
-0.5539390932784167
-0.9517903857302386
-0.8597315882238783
-0.9041623335641137
-0.7744274420063614
-0.9147340931080168
-0.6083352589055757
-0.9767559070232965
-0.9555938654840307
-0.9922790241912779
0.0702805406762852
-0.8806790003030158
-0.8461992016624763
-0.7746380109277746
-0.4023339273036005
-0.9119315672532444
-0.3014561822316396
-0.868126562036158
DEGREE_RANK
0.6033057851239669
0.6859504132231404
0.008264462809917328
-0.9889807162534435
0.112947658402204
0.3994490358126721
-0.47107438016528924
-0.5922865013774105
0.6914600550964187
-0.5867768595041323
-0.33884297520661155
-0.581267217630854
0.4049586776859506
-0.9228650137741047
-0.8347107438016529
0.9228650137741048
-0.1019283746556473
0.11845730027548207
-0.46556473829201106
-0.21212121212121215
-0.33333333333333337
-0.7741046831955922
0.12396694214876036
0.6088154269972452
-0.09641873278236912
-0.46005509641873277
0.696969696969697
-0.5757575757575757
0.5096418732782368
0.6143250688705235
0.01377410468319562
0.01928374655647369
0.024793388429751984
-0.5702479338842975
0.25619834710743805
0.4104683195592287
-0.8953168044077136
-0.09090909090909094
0.2617079889807161
0.2672176308539944
0.7024793388429751
-0.8292011019283747
0.415977961432507
0.6198347107438016
0.12947658402203865
0.13498622589531672
0.4214876033057853
0.7851239669421488
0.42699724517906334
-0.4545454545454545
-0.08539944903581265
-0.9173553719008264
0.9449035812672175
-0.3278236914600551
-0.07988980716253435
0.43250688705234164
0.5151515151515151
0.8347107438016528
-0.768595041322314
0.14049586776859502
0.2727272727272727
0.6253443526170799
0.7079889807162534
-0.9118457300275482
-0.07438016528925617
0.1460055096418733
0.030303030303030498
-0.6804407713498623
0.7134986225895317
0.5206611570247932
-0.8236914600550964
-0.5647382920110193
0.43801652892561993
-0.8181818181818181
-0.06887052341597799
0.9944903581267217
-0.20661157024793397
-0.9834710743801653
0.443526170798898
-0.3223140495867768
0.2782369146005508
-0.6749311294765841
0.977961432506887
0.2837465564738293
0.71900826446281
0.2892561983471076
0.5261707988980715
-0.7630853994490359
-0.7575757575757576
0.8953168044077133
0.29476584022038566
0.03581267217630857
0.8402203856749311
0.6308539944903582
0.30027548209366395
-0.0633608815426997
-0.559228650137741
0.8457300275482094
-0.20110192837465557
0.15151515151515138
-0.7520661157024794
-0.8126721763085399
-0.4490358126721763
0.9283746556473829
-0.6694214876033058
0.4490358126721763
0.7245179063360883
0.9504132231404958
-0.5537190082644627
-0.9614325068870524
-0.9944903581267217
-0.746556473829201
0.4545454545454546
0.46005509641873266
-0.3168044077134986
-0.7410468319559229
-0.5482093663911846
0.30578512396694224
0.04132231404958686
0.9614325068870522
-0.443526170798898
0.7300275482093666
-0.1955922865013774
0.046831955922865154
-0.977961432506887
-0.8898071625344353
0.53168044077135
-0.8071625344352618
-0.9559228650137741
0.1570247933884299
-0.1900826446280992
0.3112947658402203
0.9338842975206612
0.9393939393939394
-0.18457300275482091
0.6363636363636362
-0.7355371900826446
-0.5426997245179063
0.3168044077134986
-1.0
-0.9504132231404959
0.46556473829201095
-0.3112947658402204
0.052341597796143224
0.3223140495867769
-0.4380165289256198
-0.6639118457300275
0.7355371900826446
-0.43250688705234164
-0.30578512396694213
0.7410468319559229
-0.7300275482093663
-0.5371900826446281
-0.30027548209366384
0.7465564738292012
0.47107438016528946
0.9669421487603305
0.05785123966942152
0.8512396694214877
0.7520661157024793
0.5371900826446281
0.856749311294766
0.5426997245179064
-0.42699724517906334
-0.884297520661157
0.1625344352617082
-0.8016528925619835
-0.17906336088154273
0.32782369146005497
-0.17355371900826444
-0.29476584022038566
-0.5316804407713498
0.8732782369146006
0.16804407713498626
-0.28925619834710736
-0.9669421487603306
0.17355371900826455
0.8787878787878787
0.6418732782369145
0.06336088154269981
0.7906336088154271
-0.16804407713498615
0.7961432506887054
0.9008264462809916
-0.2837465564738292
0.5482093663911847
-0.7245179063360881
0.17906336088154262
-0.6584022038567493
0.33333333333333326
0.18457300275482091
-0.16253443526170797
-0.5261707988980716
-0.652892561983471
-0.9449035812672176
-0.9393939393939394
-0.05785123966942152
0.1900826446280992
-0.42148760330578505
-0.8787878787878788
-0.052341597796143335
0.06887052341597788
0.6473829201101928
-0.8732782369146006
0.6528925619834709
0.33884297520661155
-0.71900826446281
0.862258953168044
-0.278236914600551
-0.8677685950413223
-0.2727272727272727
0.19559228650137728
-0.8622589531680441
0.884297520661157
-0.15702479338842978
-0.8567493112947658
0.07438016528925617
-0.04683195592286493
0.8016528925619835
-0.8512396694214877
-0.04132231404958675
0.47658402203856753
-0.41597796143250687
0.8071625344352618
0.07988980716253447
-0.1515151515151515
0.34435261707988984
0.9559228650137741
0.34986225895316814
-0.7134986225895317
0.7575757575757576
0.20110192837465557
0.08539944903581254
-0.6473829201101928
-0.2672176308539944
-0.9063360881542699
-0.4104683195592287
-0.1460055096418733
-0.03581267217630857
0.81267217630854
0.35537190082644643
0.3608815426997245
-0.7079889807162534
0.3663911845730028
-0.8457300275482094
-0.4049586776859504
-0.3994490358126722
0.8181818181818181
-0.14049586776859502
0.4820936639118458
-0.030303030303030276
0.20661157024793386
-0.8402203856749312
-0.5206611570247934
-0.3939393939393939
0.7630853994490359
-0.5151515151515151
0.6584022038567494
0.3719008264462811
-0.38842975206611563
0.4876033057851241
0.21212121212121193
-0.6418732782369145
0.9834710743801653
-0.7961432506887052
0.37741046831955916
-0.13498622589531672
0.7685950413223139
-0.5096418732782368
0.09090909090909083
0.9063360881542701
0.5537190082644627
-0.12947658402203854
-0.26170798898071623
-0.6363636363636362
-0.38292011019283745
0.559228650137741
0.6639118457300277
-0.12396694214876036
-0.25619834710743794
0.21763085399449045
0.6694214876033058
-0.7024793388429752
-0.024793388429752095
0.5647382920110193
-0.019283746556473913
-0.5041322314049587
-0.696969696969697
-0.01377410468319551
0.6749311294765841
-0.25068870523415976
0.22314049586776874
0.8236914600550964
0.38292011019283745
-0.4986225895316805
0.8292011019283747
0.972451790633609
-0.11845730027548207
-0.4931129476584022
0.9118457300275482
-0.790633608815427
-0.37741046831955927
-0.4876033057851239
0.2286501377410468
-0.7851239669421488
0.9889807162534436
-0.371900826446281
1.0
-0.008264462809917328
0.09641873278236934
0.38842975206611574
0.6804407713498624
-0.11294765840220389
0.4931129476584022
-0.24517906336088158
-0.2396694214876034
0.4986225895316805
-0.6308539944903582
0.2341597796143251
-0.234159779614325
-0.6914600550964187
-0.6859504132231404
-0.3663911845730028
-0.3608815426997245
0.5702479338842974
-0.4820936639118457
0.8898071625344353
-0.0027548209366391463
-0.2286501377410468
0.5757575757575757
-0.22314049586776863
0.7741046831955922
-0.9724517906336088
0.581267217630854
0.3939393939393938
-0.7796143250688705
-0.9338842975206612
-0.3553719008264462
0.586776859504132
-0.6253443526170799
-0.21763085399449034
-0.6198347107438016
0.2396694214876034
0.5922865013774103
0.10192837465564741
-0.349862258953168
0.5977961432506889
-0.6143250688705234
-0.9283746556473829
0.5041322314049586
-0.6088154269972452
-0.6033057851239669
0.1074380165289257
-0.5977961432506886
-0.34435261707988984
-0.9008264462809917
0.24517906336088147
0.9173553719008265
-0.4765840220385674
0.8677685950413223
-0.1074380165289256
0.0027548209366390353
0.25068870523415976
0.7796143250688705
EIGENVECTOR_RANK
0.6198347107438016
-0.37741046831955927
-0.6473829201101928
-0.15702479338842978
-0.5922865013774105
0.43801652892561993
-0.3278236914600551
-0.8953168044077136
0.8016528925619835
-0.07988980716253435
0.3994490358126721
0.2617079889807161
0.5261707988980715
-0.20110192837465557
-0.9449035812672176
0.9063360881542701
-0.8898071625344353
0.2286501377410468
-0.2837465564738292
0.559228650137741
-0.5371900826446281
-0.41597796143250687
0.4986225895316805
0.34435261707988984
0.6473829201101928
0.3939393939393938
0.7079889807162534
-0.768595041322314
0.6694214876033058
-0.5482093663911846
0.1570247933884299
0.7685950413223139
0.47107438016528946
0.46005509641873266
0.08539944903581254
0.43250688705234164
0.35537190082644643
-0.4820936639118457
0.29476584022038566
-0.20661157024793397
0.8071625344352618
-0.3994490358126722
0.03581267217630857
0.8347107438016528
0.5922865013774103
0.6308539944903582
0.7245179063360883
0.8181818181818181
-0.6584022038567493
-0.21212121212121215
-0.14049586776859502
-0.2672176308539944
0.9614325068870522
0.024793388429751984
0.7300275482093666
-0.5537190082644627
-0.22314049586776863
-0.3663911845730028
0.2892561983471076
0.25068870523415976
-0.5261707988980716
-0.33333333333333337
0.7851239669421488
0.0027548209366390353
-0.05785123966942152
0.17906336088154262
0.24517906336088147
-0.5867768595041323
0.8732782369146006
-0.6418732782369145
0.6859504132231404
0.2396694214876034
0.5041322314049586
0.052341597796143224
0.6033057851239669
1.0
-0.8787878787878788
-0.9504132231404959
-0.16253443526170797
-0.1019283746556473
0.1460055096418733
-0.5096418732782368
0.9889807162534436
0.12396694214876036
0.71900826446281
0.5206611570247932
0.4545454545454546
-0.7520661157024794
0.05785123966942152
0.9338842975206612
-0.030303030303030276
0.3719008264462811
0.7906336088154271
0.15151515151515138
0.11845730027548207
-0.6859504132231404
-0.09090909090909094
0.42699724517906334
-0.08539944903581265
0.696969696969697
-0.0633608815426997
0.6528925619834709
-0.2286501377410468
0.8953168044077133
-0.24517906336088158
0.20661157024793386
0.884297520661157
0.9008264462809916
-0.7630853994490359
-1.0
-0.7300275482093663
-0.9063360881542699
0.4876033057851241
-0.34435261707988984
-0.6639118457300275
0.06336088154269981
0.2727272727272727
-0.6253443526170799
0.1900826446280992
0.9834710743801653
0.1074380165289257
-0.16804407713498615
0.2341597796143251
-0.29476584022038566
-0.5316804407713498
-0.3939393939393939
-0.30027548209366384
0.6584022038567494
-0.6749311294765841
-0.6363636363636362
0.4931129476584022
0.30578512396694224
0.9559228650137741
0.8787878787878787
-0.8732782369146006
-0.28925619834710736
0.21212121212121193
-0.9338842975206612
0.6088154269972452
-0.7079889807162534
-0.7741046831955922
0.38292011019283745
-0.04683195592286493
0.21763085399449045
0.12947658402203865
0.16804407713498626
0.6143250688705235
0.7465564738292012
-0.1900826446280992
-0.0027548209366391463
-0.4380165289256198
-0.8512396694214877
0.10192837465564741
0.4214876033057853
-0.46556473829201106
-0.30578512396694213
0.9669421487603305
0.5426997245179064
-0.38292011019283745
0.6418732782369145
-0.6308539944903582
-0.26170798898071623
0.4049586776859506
-0.18457300275482091
-0.9834710743801653
0.25619834710743805
-0.746556473829201
0.7741046831955922
-0.5041322314049587
-0.09641873278236912
-0.278236914600551
0.3663911845730028
-0.371900826446281
-0.8457300275482094
-0.8677685950413223
-0.9944903581267217
0.33333333333333326
0.8292011019283747
-0.559228650137741
0.6363636363636362
-0.3223140495867768
0.6749311294765841
0.862258953168044
0.9393939393939394
-0.5426997245179063
-0.47107438016528924
0.07988980716253447
-0.7961432506887052
0.18457300275482091
0.22314049586776874
0.581267217630854
0.4820936639118458
-0.581267217630854
-0.8071625344352618
-0.9889807162534435
-0.04132231404958675
0.09641873278236934
0.46556473829201095
-0.9118457300275482
-0.7245179063360881
0.7410468319559229
-0.5757575757575757
0.7796143250688705
-0.9614325068870524
0.856749311294766
0.6914600550964187
0.046831955922865154
-0.443526170798898
0.415977961432507
-0.977961432506887
-0.5151515151515151
-0.019283746556473913
-0.4490358126721763
0.8677685950413223
0.5647382920110193
-0.06887052341597799
0.4104683195592287
-0.8567493112947658
-0.33884297520661155
-0.9173553719008264
0.5151515151515151
0.34986225895316814
-0.9008264462809917
-0.3608815426997245
-0.8292011019283747
-0.7024793388429752
0.5702479338842974
0.9504132231404958
0.30027548209366395
-0.9669421487603306
-0.25619834710743794
0.5096418732782368
0.5757575757575757
-0.349862258953168
0.6253443526170799
-0.8622589531680441
0.030303030303030498
0.2837465564738293
0.6804407713498624
0.7575757575757576
0.3168044077134986
0.81267217630854
0.06887052341597788
-0.7355371900826446
-0.790633608815427
0.01377410468319562
-0.7851239669421488
0.4490358126721763
-0.03581267217630857
-0.4986225895316805
-0.6088154269972452
-0.6143250688705234
-0.8126721763085399
-0.652892561983471
0.37741046831955916
-0.38842975206611563
0.586776859504132
0.13498622589531672
0.2782369146005508
-0.8181818181818181
0.5371900826446281
0.008264462809917328
-0.8347107438016529
0.977961432506887
-0.42699724517906334
-0.6804407713498623
-0.696969696969697
0.8236914600550964
-0.9393939393939394
-0.01377410468319551
0.9449035812672175
-0.46005509641873277
0.07438016528925617
0.2672176308539944
0.17355371900826455
-0.7796143250688705
0.19559228650137728
0.7520661157024793
-0.11845730027548207
-0.024793388429752095
0.1625344352617082
0.7961432506887054
-0.9724517906336088
-0.884297520661157
-0.13498622589531672
-0.6914600550964187
-0.4049586776859504
-0.8236914600550964
0.3223140495867769
0.7134986225895317
-0.21763085399449034
0.5537190082644627
0.8898071625344353
0.6639118457300277
-0.3168044077134986
0.8512396694214877
0.9173553719008265
-0.17355371900826444
-0.25068870523415976
0.9283746556473829
-0.8016528925619835
-0.11294765840220389
0.20110192837465557
-0.052341597796143335
-0.7410468319559229
0.9944903581267217
0.112947658402204
0.972451790633609
-0.12947658402203854
-0.6198347107438016
-0.4545454545454545
0.47658402203856753
0.5977961432506889
0.53168044077135
0.01928374655647369
-0.2727272727272727
0.7630853994490359
-0.8402203856749312
0.3608815426997245
-0.5702479338842975
-0.5206611570247934
-0.42148760330578505
-0.17906336088154273
-0.71900826446281
-0.6694214876033058
-0.1955922865013774
0.9228650137741048
-0.5977961432506886
-0.5647382920110193
-0.1460055096418733
-0.12396694214876036
0.8402203856749311
-0.1515151515151515
-0.4931129476584022
-0.7134986225895317
0.7024793388429751
-0.234159779614325
-0.3553719008264462
0.32782369146005497
0.04132231404958686
-0.2396694214876034
0.33884297520661155
0.443526170798898
-0.1074380165289256
-0.6033057851239669
0.38842975206611574
0.7355371900826446
0.14049586776859502
-0.9559228650137741
-0.4876033057851239
-0.4765840220385674
-0.9283746556473829
-0.07438016528925617
-0.9228650137741047
0.09090909090909083
-0.7575757575757576
-0.008264462809917328
0.9118457300275482
-0.43250688705234164
-0.4104683195592287
-0.3112947658402204
0.3112947658402203
0.5482093663911847
0.8457300275482094
CENT_RANK
0.6584022038567494
0.7079889807162534
-0.3223140495867768
-1.0
0.6749311294765841
-0.04132231404958675
-0.6143250688705234
-0.4545454545454545
0.9173553719008265
0.6418732782369145
0.21763085399449045
-0.4765840220385674
0.06887052341597788
-0.5922865013774105
-0.7575757575757576
0.5151515151515151
-0.5867768595041323
0.030303030303030498
0.06336088154269981
-0.443526170798898
0.2396694214876034
-0.8567493112947658
0.7575757575757576
0.25068870523415976
-0.05785123966942152
-0.1515151515151515
0.9834710743801653
-0.7245179063360881
0.19559228650137728
0.10192837465564741
0.5041322314049586
-0.15702479338842978
-0.5702479338842975
-0.8677685950413223
0.46005509641873266
0.20110192837465557
-0.8622589531680441
0.972451790633609
0.07438016528925617
0.9283746556473829
0.14049586776859502
-0.5316804407713498
0.47658402203856753
0.20661157024793386
0.7520661157024793
0.9944903581267217
0.696969696969697
0.6859504132231404
0.2286501377410468
-0.3994490358126722
0.34435261707988984
-0.7024793388429752
-0.3608815426997245
-0.008264462809917328
0.3168044077134986
0.6253443526170799
0.5647382920110193
0.6033057851239669
-0.29476584022038566
-0.42148760330578505
-0.5482093663911846
0.5482093663911847
-0.21212121212121215
-0.7961432506887052
0.1625344352617082
0.43801652892561993
-0.8292011019283747
-0.6804407713498623
0.30578512396694224
-0.030303030303030276
-0.7741046831955922
-0.6198347107438016
0.9393939393939394
-0.2837465564738292
0.112947658402204
0.21212121212121193
-0.6088154269972452
-0.7134986225895317
0.8347107438016528
0.7024793388429751
0.9889807162534436
0.884297520661157
0.4931129476584022
0.7245179063360883
0.6639118457300277
0.7134986225895317
1.0
-0.7520661157024794
-0.884297520661157
-0.06887052341597799
0.9228650137741048
0.8016528925619835
0.4104683195592287
0.7410468319559229
0.5977961432506889
-0.3278236914600551
0.2727272727272727
0.81267217630854
0.9338842975206612
0.9063360881542701
0.16804407713498626
-0.21763085399449034
-0.6473829201101928
0.2617079889807161
0.7355371900826446
0.024793388429751984
-0.5151515151515151
0.046831955922865154
0.8071625344352618
-0.9834710743801653
-0.6584022038567493
-0.8402203856749312
0.07988980716253447
0.8677685950413223
-0.24517906336088158
-0.8787878787878788
-0.652892561983471
-0.26170798898071623
-0.4876033057851239
-0.12947658402203854
-0.9173553719008264
0.8181818181818181
-0.1074380165289256
0.8512396694214877
-0.6749311294765841
-0.41597796143250687
0.052341597796143224
-0.8953168044077136
-0.8236914600550964
0.30027548209366395
0.1074380165289257
-0.14049586776859502
0.34986225895316814
0.4049586776859506
-0.6033057851239669
0.05785123966942152
-0.5977961432506886
-0.790633608815427
0.7741046831955922
-0.9724517906336088
-0.8181818181818181
-0.3663911845730028
0.6363636363636362
0.856749311294766
0.6528925619834709
-0.18457300275482091
-0.03581267217630857
0.18457300275482091
0.8457300275482094
0.5261707988980715
0.11845730027548207
-0.6308539944903582
0.8953168044077133
0.2837465564738293
0.6088154269972452
-0.16804407713498615
-0.2396694214876034
0.17355371900826455
-0.1955922865013774
0.8787878787878787
-0.12396694214876036
0.8292011019283747
0.9008264462809916
0.9118457300275482
-0.9393939393939394
-0.11845730027548207
-0.9283746556473829
-0.34435261707988984
0.862258953168044
-0.09090909090909094
-0.6694214876033058
0.3608815426997245
0.53168044077135
0.12396694214876036
-0.3939393939393939
-0.9008264462809917
0.977961432506887
0.7300275482093666
0.37741046831955916
0.13498622589531672
0.43250688705234164
0.22314049586776874
-0.17355371900826444
-0.0633608815426997
0.008264462809917328
-0.052341597796143335
0.24517906336088147
0.4490358126721763
-0.8016528925619835
0.01928374655647369
0.4876033057851241
0.9669421487603305
-0.20661157024793397
-0.6253443526170799
-0.9889807162534435
-0.9338842975206612
0.6308539944903582
0.25619834710743805
-0.8347107438016529
-0.7079889807162534
-0.11294765840220389
-0.2286501377410468
0.46556473829201095
-0.9504132231404959
-0.04683195592286493
0.559228650137741
0.08539944903581254
0.5096418732782368
0.8236914600550964
-0.8898071625344353
0.4820936639118458
0.9504132231404958
-0.7851239669421488
-0.3553719008264462
-0.4380165289256198
-0.47107438016528924
0.17906336088154262
-0.581267217630854
-0.09641873278236912
-0.6859504132231404
0.29476584022038566
0.15151515151515138
-0.6363636363636362
0.3994490358126721
-0.13498622589531672
-0.37741046831955927
0.5702479338842974
0.71900826446281
0.7465564738292012
-0.9614325068870524
0.38842975206611574
0.1460055096418733
0.3939393939393938
-0.8126721763085399
-0.1900826446280992
-0.9228650137741047
-0.768595041322314
0.7906336088154271
0.3719008264462811
0.2672176308539944
0.7851239669421488
-0.7355371900826446
-0.559228650137741
0.09090909090909083
-0.7796143250688705
0.7685950413223139
-0.4931129476584022
0.7796143250688705
0.1900826446280992
0.2892561983471076
-0.2672176308539944
-0.2727272727272727
-0.28925619834710736
-0.25619834710743794
-0.4986225895316805
-0.46005509641873277
-0.8071625344352618
0.6143250688705235
0.0027548209366390353
-0.08539944903581265
0.3112947658402203
0.38292011019283745
-0.38842975206611563
0.581267217630854
-0.977961432506887
0.09641873278236934
-0.371900826446281
0.2341597796143251
-0.746556473829201
0.5371900826446281
-0.43250688705234164
-0.5206611570247934
0.3663911845730028
-0.25068870523415976
-0.5041322314049587
-0.71900826446281
0.5757575757575757
-0.349862258953168
0.6473829201101928
0.415977961432507
0.9559228650137741
0.1570247933884299
-0.9559228650137741
-0.7410468319559229
0.586776859504132
-0.5537190082644627
0.01377410468319562
-0.6418732782369145
0.2782369146005508
0.33884297520661155
0.42699724517906334
-0.1019283746556473
-0.234159779614325
-0.30578512396694213
-0.42699724517906334
0.3223140495867769
-0.16253443526170797
0.8402203856749311
-0.5647382920110193
0.8898071625344353
0.03581267217630857
-0.5757575757575757
-0.3168044077134986
0.6804407713498624
-0.8732782369146006
-0.22314049586776863
-0.9118457300275482
0.35537190082644643
-0.20110192837465557
-0.4049586776859504
0.47107438016528946
0.9614325068870522
0.6694214876033058
0.4986225895316805
-0.0027548209366391463
-0.6639118457300275
0.8732782369146006
-0.019283746556473913
0.5426997245179064
-0.01377410468319551
-0.17906336088154273
-0.8512396694214877
-0.5426997245179063
-0.7630853994490359
0.12947658402203865
0.4545454545454546
-0.30027548209366384
-0.4104683195592287
-0.4490358126721763
0.7630853994490359
0.6198347107438016
-0.33884297520661155
-0.9944903581267217
0.04132231404958686
0.443526170798898
-0.9669421487603306
-0.5371900826446281
-0.024793388429752095
0.5206611570247932
-0.9449035812672176
0.5537190082644627
-0.696969696969697
0.32782369146005497
0.7961432506887054
-0.46556473829201106
-0.1460055096418733
0.4214876033057853
-0.6914600550964187
-0.3112947658402204
-0.4820936639118457
-0.07438016528925617
-0.5261707988980716
0.33333333333333326
-0.8457300275482094
-0.7300275482093663
-0.9063360881542699
0.9449035812672175
-0.38292011019283745
-0.278236914600551
-0.07988980716253435
0.5922865013774103
-0.5096418732782368
0.6914600550964187
-0.33333333333333337
RANK
3
332
194
109
264
139
335
229
282
203
339
164
195
166
235
120
306
355
175
127
209
88
115
304
33
36
21
321
353
111
198
66
128
140
233
256
188
63
137
212
244
70
236
323
14
87
268
283
241
354
27
275
77
199
51
341
347
219
67
124
170
315
110
116
102
287
222
151
193
71
6
76
134
136
13
16
217
301
32
298
242
285
60
322
336
41
351
271
106
361
274
254
246
118
349
11
215
344
255
7
328
19
214
270
294
59
125
327
309
49
174
262
357
225
266
141
52
213
277
167
331
363
95
2
302
348
293
326
58
252
73
358
251
250
117
253
273
114
156
292
201
305
101
62
192
308
158
234
145
320
182
155
296
31
25
345
131
224
119
160
165
200
122
291
218
169
259
359
350
89
183
24
185
204
5
146
69
337
317
319
53
314
258
184
286
189
105
17
300
333
107
126
135
18
12
38
112
206
243
265
29
130
74
150
173
324
179
40
231
221
281
64
100
157
216
147
248
28
35
43
75
10
181
48
267
20
186
23
197
103
239
96
288
153
249
220
129
68
260
54
295
342
352
289
50
132
307
171
272
238
178
261
230
232
223
133
92
279
346
290
180
65
334
187
325
34
202
310
42
210
190
82
313
30
207
15
338
149
172
269
318
61
340
205
56
226
276
263
284
360
94
57
154
257
330
55
196
142
9
278
144
0
84
312
4
303
47
362
46
79
1
85
227
83
177
104
93
228
44
22
329
245
138
247
240
237
343
91
108
97
121
208
161
78
297
148
123
143
168
113
316
159
81
299
152
162
99
163
8
90
39
98
72
356
211
280
311
191
37
176
26
80
45
86
