DEGREE
0.8333333333333333
0.16666666666666674
0.0
-0.33333333333333337
0.0
-0.16666666666666663
-0.5
-0.8333333333333334
-0.16666666666666663
-0.16666666666666663
0.6666666666666667
-0.6666666666666667
-0.33333333333333337
0.16666666666666674
0.0
0.0
-0.5
-0.33333333333333337
-0.33333333333333337
0.0
-0.5
-0.33333333333333337
-0.8333333333333334
-0.33333333333333337
-1.0
-0.5
0.0
0.16666666666666674
0.0
-0.5
0.0
-0.33333333333333337
0.0
0.33333333333333326
0.5
0.33333333333333326
-0.33333333333333337
-0.16666666666666663
-0.16666666666666663
-0.33333333333333337
-0.5
0.16666666666666674
-0.33333333333333337
0.6666666666666667
-0.16666666666666663
0.33333333333333326
-0.16666666666666663
0.0
0.6666666666666667
1.0
0.16666666666666674
-0.5
-0.33333333333333337
-0.16666666666666663
0.5
0.16666666666666674
0.0
-0.16666666666666663
-0.5
0.33333333333333326
-0.33333333333333337
0.0
-0.8333333333333334
-0.16666666666666663
-0.33333333333333337
0.0
0.33333333333333326
-0.6666666666666667
0.5
-0.5
-0.5
0.6666666666666667
0.0
-0.6666666666666667
0.0
-0.16666666666666663
-0.16666666666666663
0.0
-0.16666666666666663
-0.16666666666666663
-0.33333333333333337
-0.33333333333333337
-0.33333333333333337
-0.16666666666666663
-0.6666666666666667
-0.8333333333333334
0.0
-0.6666666666666667
-0.16666666666666663
0.16666666666666674
0.33333333333333326
-0.33333333333333337
0.5
-0.16666666666666663
0.0
-0.33333333333333337
0.0
0.16666666666666674
-0.5
0.0
0.0
-0.5
-0.6666666666666667
-0.33333333333333337
-0.5
0.16666666666666674
0.33333333333333326
0.16666666666666674
0.5
0.16666666666666674
-0.5
-0.16666666666666663
0.0
-0.6666666666666667
0.33333333333333326
-0.5
0.16666666666666674
0.5
-0.33333333333333337
-0.5
-0.5
-0.33333333333333337
0.16666666666666674
-0.6666666666666667
0.0
0.6666666666666667
-0.33333333333333337
-0.16666666666666663
0.0
-0.5
-0.6666666666666667
-0.33333333333333337
-0.16666666666666663
-0.5
0.16666666666666674
-0.33333333333333337
-0.33333333333333337
0.6666666666666667
0.0
-0.33333333333333337
0.33333333333333326
0.0
-0.6666666666666667
-0.16666666666666663
0.0
-0.33333333333333337
-0.5
0.0
-0.5
-0.33333333333333337
-0.33333333333333337
0.5
-0.5
-0.6666666666666667
-0.33333333333333337
-0.33333333333333337
-0.6666666666666667
-0.5
-0.6666666666666667
-0.16666666666666663
-0.5
-0.16666666666666663
0.8333333333333333
0.16666666666666674
0.16666666666666674
0.33333333333333326
-0.33333333333333337
0.16666666666666674
-0.6666666666666667
-0.8333333333333334
-1.0
-0.33333333333333337
-0.33333333333333337
0.16666666666666674
-0.16666666666666663
0.0
0.33333333333333326
0.33333333333333326
0.16666666666666674
0.8333333333333333
-0.6666666666666667
-1.0
-0.6666666666666667
-0.6666666666666667
0.33333333333333326
0.5
-0.16666666666666663
-0.5
-0.33333333333333337
-0.16666666666666663
-0.33333333333333337
0.33333333333333326
0.16666666666666674
0.33333333333333326
0.16666666666666674
0.0
0.33333333333333326
-0.6666666666666667
0.16666666666666674
EIGENVECTOR
1.0
-0.9997402525820732
-0.9999886327712992
-0.9999953542442619
-0.9999747855458339
-0.9999982051779884
-0.9982227911673613
-0.9999978910642788
-0.9999999923889441
-0.7315347246001861
-0.9995805233653324
-0.9999998655653712
-0.9999998844283394
0.03866225362568354
-0.9999869963111376
-0.9999745662902662
-0.9999999977888074
-0.9999215343533332
-0.9999999916324586
-0.999879037053253
-0.9999999941047161
-0.9999971006469317
-0.9991674334705859
-0.9999509740886565
-0.9998064863682539
-0.9999952683743353
-0.9989790135797257
-0.9999999709955298
-0.9997369524059504
-0.9226678853885072
-0.9119091907522632
-0.999999999727462
-0.9991228938845017
-0.9967484364437501
0.7756450438692188
-0.9999997708007935
-0.9999900940684042
-0.9998088109355545
-0.9936233182983277
-0.9935046999657943
-0.9999983074794209
-0.9994950841514431
-0.999999999727462
0.7357745223430461
-0.40601269335995926
-0.9995960048152632
-0.7166028275697389
-0.24117274952957413
0.8460194627727484
-0.9999999302562549
-0.8501096249048864
-0.9999888123517126
-0.6326049715615332
-0.9999999976792772
-0.9994443212798952
-0.9999999317922464
-0.9999999652255702
-0.9999997811128354
-0.799624448866048
-0.9999863387598243
-0.9999752080968485
-0.9996477810597101
-0.9991674334705858
-0.9884188115556286
-0.7371919880138527
-0.9999912209019938
-0.9988874119996054
-0.9932115166788956
0.5114073421680407
-0.9999991220347982
-0.9995761400443073
0.799935572599733
-0.9968153896687464
-0.9999999576875322
-0.9997990455771023
-0.9628400160227835
-0.9999998587031782
-0.9999999845205315
-0.9884188115556286
-0.9998897697845959
-0.9999893116737938
-0.6326049715615333
-0.9999923203188253
-0.8927028309168107
-0.842694556079185
-0.9999999956208201
-0.41134300371850874
-0.9543774590304966
-0.34011866568275106
-0.9999999703880706
0.6685227946565822
-0.9999999291833936
0.7954116211920912
-0.6780312022299917
-0.9979669206660985
-0.9999999179926167
-0.9999999693191619
-0.999999934795085
-0.9943599651692934
-0.9975974574054037
-0.9998675515079899
-0.9999188748979008
-0.9999982370533981
-0.9998733222403435
-0.9861800657184719
-0.9999999317922467
0.08768481799057448
-0.9992029503022734
-0.999999946273236
-0.9998233240499063
-0.8982070662255979
-0.999987610730801
-0.9999825492238221
-0.9999997784066682
-0.9999999599075075
-1.0
-0.9997443186811399
-0.000781703174333015
-0.9887324526723382
-0.9982286340042931
-0.9999999999999999
-0.9999706723794091
-0.8686265410551713
-0.9990558416142961
-0.9999999338559791
0.5634687832377308
-0.9998689585679821
-0.9985949376562373
-0.6735379987029385
-0.9999948349225743
-0.9999999796015971
-0.999919118453274
-0.9998067178829272
-0.9999985251956715
-0.9929723771294444
-0.9993592577352071
-0.9999706723794091
-0.9999999373194477
-0.9999998536691673
-0.9999893227024954
-0.9995891367208609
-0.9425579698407668
-0.9999986910254203
-0.9224765113123359
-0.9999480026618343
-0.999985856581106
-0.9999983109123556
-0.9999088373683793
-0.999999996232383
-0.9887324526723382
-0.9997657320688016
-0.9999999700288164
-0.9997471600837999
-0.999965116406323
-0.9999999549087563
-0.9985490315183652
-0.9999998655653712
-0.9999999797594573
-0.9999973830828682
-0.9999995058056652
-0.9999999920582834
-0.9994931662182056
-0.9999999465616964
-0.9999998396985755
-0.9999738098907338
-0.9999994635642093
-0.9999996511087175
-0.9999935383673421
-0.9999973830828683
-0.9840926118486536
-0.9999999988042549
-0.9887324526723381
-0.9999999735498079
-0.2762569985991197
-0.9999937538608739
-0.9999998536691674
-0.9999999589875346
-0.5605219152093883
-0.999999964001446
0.28838827807233014
-0.9395255396250866
-0.9999998159697496
-0.8426945560791851
-0.9561818218172524
-0.9994633653173842
-0.9994735009034755
-0.922476511312336
-0.9999937619366859
-0.9999999849409369
-0.99844847810486
-0.9999870867278067
-0.9999828559135264
-0.8686265410551715
0.24545794713864888
0.03866225362568332
-0.9999912209019935
-0.9999999545218055
-0.7333472648589197
-0.8686265410551715
CENT
0.250520444112309
0.6173638344226582
-0.05184135399295464
-0.33443629538342345
0.05559374181722965
0.18738395122078777
-0.14219128242333678
-0.3247740038653594
-0.8482818804116234
0.27355226448769554
0.7830559605329208
-0.6595680203970133
-0.3856411875977719
0.0795520055902248
-0.20284169433961607
0.05559374181722965
-0.7840753266865915
-0.25210391858067815
-0.8491581692830745
0.49473197352376874
-0.8500337040332939
0.21557935339795997
-0.8350463859488084
0.3076638452388669
-0.562335393261844
-0.3974688244577157
0.9248882979121502
-0.8403611837253162
0.6673443231537546
-0.12136005775776126
-0.5982590379122228
-0.9483123004794831
0.9433925370702301
0.9841084250049403
0.17743808049535637
-0.3696948488241881
-0.24622937168288372
0.6070203639257146
0.8704338053937353
0.7078220425908328
0.23192466800410627
0.9065621268133304
-0.9483123004794831
-0.06030031329641816
-0.32615881280741976
0.9372045120647932
-0.3843200560582718
-0.1181271251994992
0.24016214479669462
-0.47108447634716
-0.4857743786451536
-0.32615881280741976
-0.35354363203638284
-0.7822079851106856
0.9341179971691083
-0.2637748587590013
-0.4808976596819662
-0.02960900225841656
0.3602359485859872
-0.2403285404589245
-0.01749254168489378
0.7916102923120627
-0.8350463859488084
0.6567038879419305
0.14992925756208852
-0.18138095718561864
0.8734181732269513
-0.6448164047089328
0.06660308515284674
-0.5074768813614199
-0.2043615691890791
0.17942209799975495
0.8974650154798767
-0.5916082855624254
0.5941766505603054
0.8030783460440589
-0.365676405435853
-0.8385926508433887
0.6567038879419305
0.271444485319952
0.48509937793626645
-0.35354363203638284
-0.25503139022718746
-0.40529189348026895
0.5865156867291317
-1.0
-0.3247740038653594
-0.1229736914441133
-0.07539978182848339
-0.6699864415136203
0.16362159238122587
-0.6048713095348275
0.2216887100645637
0.09636857331370852
0.9968112471848993
-0.6015699629110838
-0.6854323565411478
-0.2695715978519958
0.5215078826919819
0.9841084250049403
0.40997184496391603
0.7078220425908328
-0.5600526346231709
0.5967378269810368
-0.24180622206224145
-0.2637748587590013
-0.10838276652565393
0.8734181732269513
-0.4808976596819662
0.49956895692006986
-0.5646136715106476
-0.2447566349117447
-0.12619531015747198
-0.7255870336598951
-0.6730929632450687
-0.9491046003682727
0.5967378269810368
-0.11001159173825203
0.3228205300544842
-0.3136413146867746
-0.9491046003682727
0.20343246790276504
-0.39222595233471125
0.5763534125987608
-0.2652264521496017
-0.05692280059845656
0.8379159454913341
0.9157031148895503
0.09824886952954848
-0.3038204537158462
-0.506281497031726
0.7632498662232929
0.5890655887243721
0.11908981475289226
0.9004925302471081
0.6461270251585565
0.20343246790276504
-0.47722708442365036
-0.3816735966906337
0.45652835060005037
0.9218216399196342
0.4541692903744903
-0.5110558332400811
-0.6037719223571827
0.19940463568267952
-0.020964871651105388
0.17347774542512617
0.3076638452388669
-0.9939739274568812
0.3228205300544842
0.5662504802151365
-0.6668711772257043
-0.008774754619481073
0.14216016617577676
-0.27678155188106546
0.9218216399196342
-0.6595680203970133
-0.5904960620577044
-0.5002864909002058
-0.11326351358708464
-0.8500337040332939
1.0
-0.6606142729409434
-0.37103148150891363
0.057422923317298036
-0.1181271251994992
-0.1148866169351841
-0.2594104066712164
-0.5002864909002058
-0.7680963494100465
-0.9992488433298278
0.3228205300544842
-0.49546867495701763
-0.020964871651105388
-0.2666764380170674
-0.3816735966906337
-0.6647894591491156
-0.15011988174771285
-0.6741265340564513
0.223730517848165
-0.41950706521563685
-0.17207796244686824
0.5865156867291317
-0.6168949669985374
0.7973353876720386
0.7773751597748644
-0.6037719223571827
-0.27821877314727916
-0.8552711303631462
0.9714884923661236
-0.2825209451158732
-0.04674160685946205
-0.39222595233471125
0.4354160868960242
0.0795520055902248
-0.18138095718561864
-0.6699864415136203
-0.3453899565366314
-0.39222595233471125
DEGREE_RANK
0.9696969696969697
0.4444444444444444
0.14141414141414144
-0.48484848484848486
0.15151515151515138
-0.12121212121212122
-0.7373737373737373
-0.9696969696969697
-0.11111111111111116
-0.101010101010101
0.9090909090909092
-0.9191919191919192
-0.4747474747474748
0.4545454545454546
0.16161616161616155
0.1717171717171717
-0.7272727272727273
-0.46464646464646464
-0.4545454545454546
0.18181818181818188
-0.7171717171717171
-0.44444444444444453
-0.9595959595959596
-0.43434343434343436
-1.0
-0.7070707070707071
0.19191919191919204
0.46464646464646453
0.202020202020202
-0.696969696969697
0.21212121212121193
-0.4242424242424243
0.2222222222222221
0.6666666666666665
0.8282828282828283
0.6767676767676767
-0.41414141414141414
-0.09090909090909094
-0.08080808080808077
-0.4040404040404041
-0.6868686868686869
0.4747474747474747
-0.39393939393939403
0.9191919191919193
-0.07070707070707072
0.6868686868686869
-0.06060606060606066
0.23232323232323226
0.9292929292929293
1.0
0.48484848484848486
-0.6767676767676767
-0.38383838383838387
-0.0505050505050505
0.8383838383838385
0.49494949494949503
0.24242424242424243
-0.04040404040404044
-0.6666666666666667
0.696969696969697
-0.3737373737373738
0.2525252525252526
-0.9494949494949495
-0.030303030303030276
-0.36363636363636365
0.26262626262626254
0.7070707070707072
-0.9090909090909091
0.8484848484848484
-0.6565656565656566
-0.6464646464646464
0.9393939393939394
0.2727272727272727
-0.898989898989899
0.2828282828282829
-0.02020202020202022
-0.010101010101010166
0.29292929292929304
-1.1102230246251565e-16
0.010101010101009944
-0.3535353535353535
-0.3434343434343434
-0.33333333333333337
0.02020202020202011
-0.8888888888888888
-0.9393939393939394
0.3030303030303032
-0.8787878787878788
0.030303030303030276
0.5050505050505052
0.7171717171717171
-0.3232323232323233
0.8585858585858586
0.04040404040404044
0.31313131313131315
-0.31313131313131315
0.3232323232323231
0.5151515151515151
-0.6363636363636364
0.33333333333333326
0.3434343434343434
-0.6262626262626263
-0.8686868686868687
-0.303030303030303
-0.6161616161616161
0.5252525252525253
0.7272727272727273
0.5353535353535352
0.8686868686868687
0.5454545454545454
-0.606060606060606
0.050505050505050386
0.3535353535353536
-0.8585858585858586
0.7373737373737372
-0.5959595959595959
0.5555555555555556
0.8787878787878787
-0.29292929292929293
-0.5858585858585859
-0.5757575757575757
-0.2828282828282829
0.5656565656565655
-0.8484848484848485
0.36363636363636354
0.9494949494949494
-0.2727272727272728
0.06060606060606055
0.3737373737373737
-0.5656565656565656
-0.8383838383838383
-0.26262626262626265
0.07070707070707072
-0.5555555555555556
0.5757575757575757
-0.2525252525252525
-0.24242424242424243
0.9595959595959596
0.38383838383838387
-0.23232323232323238
0.7474747474747474
0.39393939393939403
-0.8282828282828283
0.08080808080808088
0.4040404040404042
-0.22222222222222232
-0.5454545454545454
0.41414141414141414
-0.5353535353535354
-0.21212121212121215
-0.202020202020202
0.8888888888888888
-0.5252525252525253
-0.8181818181818181
-0.19191919191919193
-0.18181818181818188
-0.8080808080808081
-0.5151515151515151
-0.797979797979798
0.09090909090909105
-0.5050505050505051
0.101010101010101
0.9797979797979797
0.5858585858585859
0.595959595959596
0.7575757575757576
-0.17171717171717182
0.6060606060606062
-0.7878787878787878
-0.9292929292929293
-0.98989898989899
-0.16161616161616166
-0.1515151515151515
0.6161616161616161
0.11111111111111094
0.4242424242424241
0.7676767676767677
0.7777777777777777
0.6262626262626263
0.9898989898989898
-0.7777777777777778
-0.9797979797979798
-0.7676767676767677
-0.7575757575757576
0.7878787878787878
0.898989898989899
0.1212121212121211
-0.49494949494949503
-0.14141414141414144
0.13131313131313127
-0.13131313131313138
0.797979797979798
0.6363636363636362
0.8080808080808082
0.6464646464646464
0.43434343434343425
0.8181818181818183
-0.7474747474747474
0.6565656565656566
EIGENVECTOR_RANK
1.0
0.1212121212121211
-0.22222222222222232
-0.3535353535353535
-0.13131313131313138
-0.4040404040404041
0.36363636363636354
-0.39393939393939403
-0.898989898989899
0.7373737373737372
0.1717171717171717
-0.5959595959595959
-0.606060606060606
0.8787878787878787
-0.19191919191919193
-0.12121212121212122
-0.9494949494949495
-0.0505050505050505
-0.8787878787878788
-1.1102230246251565e-16
-0.9090909090909091
-0.36363636363636365
0.2727272727272727
-0.07070707070707072
0.07070707070707072
-0.3434343434343434
0.3030303030303032
-0.8181818181818181
0.13131313131313127
0.5858585858585859
0.6161616161616161
-0.9696969696969697
0.2828282828282829
0.4040404040404042
0.9595959595959596
-0.5050505050505051
-0.26262626262626265
0.050505050505050386
0.4242424242424241
0.43434343434343425
-0.4242424242424243
0.19191919191919204
-0.9797979797979798
0.9494949494949494
0.8181818181818183
0.15151515151515138
0.7474747474747474
0.8484848484848484
0.9898989898989898
-0.6363636363636364
0.6767676767676767
-0.23232323232323238
0.7777777777777777
-0.9393939393939394
0.23232323232323226
-0.6565656565656566
-0.7777777777777778
-0.5252525252525253
0.7070707070707072
-0.18181818181818188
-0.14141414141414144
0.14141414141414144
0.26262626262626254
0.5050505050505052
0.7171717171717171
-0.2828282828282829
0.31313131313131315
0.4444444444444444
0.9191919191919193
-0.46464646464646464
0.18181818181818188
0.9797979797979797
0.39393939393939403
-0.7373737373737373
0.08080808080808088
0.5353535353535352
-0.5757575757575757
-0.8585858585858586
0.49494949494949503
-0.010101010101010166
-0.24242424242424243
0.7878787878787878
-0.29292929292929293
0.6363636363636362
0.696969696969697
-0.9191919191919192
0.8080808080808082
0.5555555555555556
0.8282828282828283
-0.8080808080808081
0.9393939393939394
-0.6262626262626263
0.9696969696969697
0.7575757575757576
0.3737373737373737
-0.6161616161616161
-0.7878787878787878
-0.6767676767676767
0.41414141414141414
0.38383838383838387
0.030303030303030276
-0.030303030303030276
-0.41414141414141414
0.010101010101009944
0.5151515151515151
-0.6464646464646464
0.8888888888888888
0.2525252525252526
-0.696969696969697
0.04040404040404044
0.6262626262626263
-0.21212121212121215
-0.1515151515151515
-0.5151515151515151
-0.7575757575757576
-1.0
0.11111111111111094
0.8585858585858586
0.48484848484848486
0.3535353535353536
-0.98989898989899
-0.09090909090909094
0.6666666666666665
0.29292929292929304
-0.6666666666666667
0.9292929292929293
0.02020202020202011
0.3232323232323231
0.7676767676767677
-0.33333333333333337
-0.8383838383838383
-0.04040404040404044
0.06060606060606055
-0.44444444444444453
0.4545454545454546
0.24242424242424243
-0.101010101010101
-0.6868686868686869
-0.5656565656565656
-0.2525252525252525
0.16161616161616155
0.5656565656565655
-0.4545454545454546
0.595959595959596
-0.06060606060606066
-0.17171717171717182
-0.43434343434343436
-0.02020202020202022
-0.9292929292929293
0.4747474747474747
0.09090909090909105
-0.797979797979798
0.101010101010101
-0.08080808080808077
-0.7272727272727273
0.33333333333333326
-0.5858585858585859
-0.8484848484848485
-0.38383838383838387
-0.48484848484848486
-0.8888888888888888
0.202020202020202
-0.7070707070707071
-0.5454545454545454
-0.11111111111111116
-0.4747474747474748
-0.49494949494949503
-0.303030303030303
-0.3737373737373738
0.5252525252525253
-0.9595959595959596
0.46464646464646453
-0.8282828282828283
0.8383838383838385
-0.31313131313131315
-0.5555555555555556
-0.7474747474747474
0.797979797979798
-0.7676767676767677
0.9090909090909092
0.5757575757575757
-0.5353535353535354
0.6868686868686869
0.5454545454545454
0.2222222222222221
0.21212121212121193
0.6060606060606062
-0.3232323232323233
-0.8686868686868687
0.3434343434343434
-0.202020202020202
-0.16161616161616166
0.6464646464646464
0.898989898989899
0.8686868686868687
-0.2727272727272728
-0.7171717171717171
0.7272727272727273
0.6565656565656566
CENT_RANK
0.4242424242424241
0.6868686868686869
0.11111111111111094
-0.303030303030303
0.18181818181818188
0.33333333333333326
-0.02020202020202022
-0.2727272727272728
-0.8888888888888888
0.4444444444444444
0.7777777777777777
-0.7171717171717171
-0.4040404040404041
0.2222222222222221
-0.07070707070707072
0.19191919191919204
-0.8383838383838383
-0.13131313131313138
-0.898989898989899
0.5656565656565655
-0.9191919191919192
0.3737373737373737
-0.8585858585858586
0.4545454545454546
-0.5959595959595959
-0.44444444444444453
0.9191919191919193
-0.8787878787878788
0.7272727272727273
0.010101010101009944
-0.6363636363636364
-0.9494949494949495
0.9494949494949494
0.9696969696969697
0.31313131313131315
-0.3535353535353535
-0.12121212121212122
0.6767676767676767
0.8282828282828283
0.7373737373737372
0.4040404040404042
0.8787878787878787
-0.9393939393939394
0.09090909090909105
-0.29292929292929293
0.9393939393939394
-0.39393939393939403
0.02020202020202011
0.41414141414141414
-0.4747474747474748
-0.5151515151515151
-0.2828282828282829
-0.33333333333333337
-0.8282828282828283
0.9292929292929293
-0.17171717171717182
-0.5050505050505051
0.13131313131313127
0.5050505050505052
-0.09090909090909094
0.16161616161616155
0.7878787878787878
-0.8484848484848485
0.7070707070707072
0.2828282828282829
-0.06060606060606066
0.8383838383838385
-0.696969696969697
0.21212121212121193
-0.5656565656565656
-0.08080808080808077
0.3232323232323231
0.8585858585858586
-0.6262626262626263
0.6464646464646464
0.8080808080808082
-0.3434343434343434
-0.8686868686868687
0.7171717171717171
0.43434343434343425
0.5555555555555556
-0.3232323232323233
-0.14141414141414144
-0.4545454545454546
0.6161616161616161
-1.0
-0.26262626262626265
-1.1102230246251565e-16
0.08080808080808088
-0.7676767676767677
0.29292929292929304
-0.6767676767676767
0.38383838383838387
0.24242424242424243
0.9898989898989898
-0.6464646464646464
-0.797979797979798
-0.202020202020202
0.5858585858585859
0.9797979797979797
0.5151515151515151
0.7474747474747474
-0.5858585858585859
0.6565656565656566
-0.101010101010101
-0.16161616161616166
0.07070707070707072
0.8484848484848484
-0.49494949494949503
0.5757575757575757
-0.606060606060606
-0.11111111111111116
-0.010101010101010166
-0.8080808080808081
-0.7777777777777778
-0.9696969696969697
0.6666666666666665
0.06060606060606055
0.4747474747474747
-0.2525252525252525
-0.9595959595959596
0.3535353535353536
-0.43434343434343436
0.6060606060606062
-0.18181818181818188
0.101010101010101
0.8181818181818183
0.8888888888888888
0.2525252525252526
-0.24242424242424243
-0.5555555555555556
0.7575757575757576
0.6363636363636362
0.26262626262626254
0.8686868686868687
0.696969696969697
0.36363636363636354
-0.48484848484848486
-0.38383838383838387
0.5454545454545454
0.898989898989899
0.5353535353535352
-0.5757575757575757
-0.6666666666666667
0.3434343434343434
0.14141414141414144
0.3030303030303032
0.46464646464646453
-0.9797979797979798
0.48484848484848486
0.595959595959596
-0.7474747474747474
0.1717171717171717
0.2727272727272727
-0.21212121212121215
0.9090909090909092
-0.7070707070707071
-0.6161616161616161
-0.5454545454545454
0.050505050505050386
-0.9090909090909091
1.0
-0.7272727272727273
-0.36363636363636365
0.202020202020202
0.030303030303030276
0.04040404040404044
-0.1515151515151515
-0.5353535353535354
-0.8181818181818181
-0.98989898989899
0.49494949494949503
-0.5252525252525253
0.15151515151515138
-0.19191919191919193
-0.3737373737373738
-0.7373737373737373
-0.030303030303030276
-0.7878787878787878
0.39393939393939403
-0.46464646464646464
-0.04040404040404044
0.6262626262626263
-0.6868686868686869
0.797979797979798
0.7676767676767677
-0.6565656565656566
-0.22222222222222232
-0.9292929292929293
0.9595959595959596
-0.23232323232323238
0.1212121212121211
-0.4242424242424243
0.5252525252525253
0.23232323232323226
-0.0505050505050505
-0.7575757575757576
-0.31313131313131315
-0.41414141414141414
RANK
85
170
148
115
120
31
42
188
20
160
18
8
27
77
22
62
16
53
169
113
96
178
114
89
196
151
176
162
11
156
67
183
91
143
186
95
30
73
157
110
24
102
142
69
130
158
168
172
50
56
108
137
49
180
83
25
122
192
198
12
46
138
175
163
35
76
52
81
197
3
44
51
7
86
119
129
190
187
154
97
174
124
55
105
167
82
17
36
111
104
59
70
14
65
195
181
177
6
112
87
29
47
165
166
159
117
106
88
43
125
2
191
57
145
173
60
152
4
15
164
68
13
194
93
128
133
153
64
90
146
34
71
5
144
121
136
21
92
179
40
48
0
79
9
23
147
118
149
171
58
100
193
141
139
80
19
109
98
150
123
84
182
132
74
103
116
37
1
135
63
78
28
39
101
131
185
10
61
184
75
126
38
66
107
72
134
41
127
140
155
26
54
45
32
189
33
99
94
161
