DEGREE
-0.30000000000000004
-0.4
-0.4
0.30000000000000004
1.0
-0.7
0.0
-0.19999999999999996
-0.09999999999999998
0.5
-0.30000000000000004
-0.30000000000000004
0.8999999999999999
0.0
0.0
-0.5
-0.19999999999999996
0.3999999999999999
-0.7
-0.30000000000000004
-0.6
-0.5
-0.19999999999999996
-0.19999999999999996
-0.4
0.0
0.19999999999999996
-0.6
-0.5
-0.4
0.0
-0.7
0.0
0.8999999999999999
-0.19999999999999996
-0.09999999999999998
-0.5
-0.19999999999999996
0.30000000000000004
-0.19999999999999996
-0.5
0.19999999999999996
0.30000000000000004
0.0
-0.5
-0.7
-0.5
-0.09999999999999998
-0.09999999999999998
-0.09999999999999998
-0.8
-0.7
-0.19999999999999996
-0.9
0.10000000000000009
0.0
-0.5
-0.6
-0.30000000000000004
0.8999999999999999
-0.5
-0.09999999999999998
-0.30000000000000004
0.30000000000000004
0.0
-0.19999999999999996
0.0
-0.4
0.0
-0.9
0.10000000000000009
-0.4
-0.19999999999999996
0.10000000000000009
-0.19999999999999996
-0.4
-0.30000000000000004
0.8999999999999999
-0.19999999999999996
0.5
-0.19999999999999996
-0.30000000000000004
-0.6
0.10000000000000009
-0.7
-0.30000000000000004
-0.8
-0.6
-0.4
-0.30000000000000004
0.0
-0.4
-0.09999999999999998
-0.4
0.3999999999999999
0.0
-0.30000000000000004
-0.4
-0.30000000000000004
-0.30000000000000004
-0.30000000000000004
-0.30000000000000004
-0.5
0.0
-0.8
-0.09999999999999998
-0.5
-0.19999999999999996
0.0
-0.30000000000000004
-0.5
-0.19999999999999996
0.10000000000000009
0.3999999999999999
0.3999999999999999
-0.5
-0.8
-0.6
-0.19999999999999996
-0.5
-0.09999999999999998
-0.4
-0.6
0.10000000000000009
-0.09999999999999998
0.19999999999999996
-0.5
-0.4
-0.4
-0.30000000000000004
-0.5
0.8999999999999999
-0.7
-0.4
-0.4
-0.5
-0.4
-0.19999999999999996
-0.19999999999999996
0.10000000000000009
-0.9
-0.09999999999999998
-0.19999999999999996
-0.7
-0.09999999999999998
0.0
-0.7
0.10000000000000009
-0.5
-0.19999999999999996
0.3999999999999999
-0.30000000000000004
-0.5
-0.4
-0.5
-0.5
0.19999999999999996
0.0
-0.30000000000000004
-0.30000000000000004
0.6000000000000001
-0.30000000000000004
-0.4
-0.4
-0.19999999999999996
-0.30000000000000004
0.30000000000000004
-0.30000000000000004
-0.8
-0.7
-0.19999999999999996
0.5
-0.7
-0.4
-0.7
0.0
-0.4
-0.7
-0.30000000000000004
-0.7
-0.19999999999999996
-0.5
0.0
-0.19999999999999996
-0.30000000000000004
-0.7
-0.19999999999999996
-0.30000000000000004
-0.7
0.6000000000000001
0.10000000000000009
0.5
-0.5
0.7
-0.5
-0.4
-0.7
-0.4
-0.5
0.10000000000000009
-0.5
-0.4
0.0
-0.19999999999999996
-0.19999999999999996
0.19999999999999996
-0.30000000000000004
0.10000000000000009
-0.09999999999999998
0.0
-0.4
-0.4
-0.09999999999999998
-0.30000000000000004
0.0
0.10000000000000009
0.8999999999999999
0.6000000000000001
0.30000000000000004
-0.5
-0.09999999999999998
-0.9
-0.09999999999999998
0.3999999999999999
0.8
-0.4
-0.30000000000000004
-0.4
-0.19999999999999996
-0.19999999999999996
0.10000000000000009
-0.09999999999999998
-0.09999999999999998
-0.5
-0.19999999999999996
-0.4
-0.19999999999999996
-0.6
0.0
-0.4
0.8
0.3999999999999999
-0.30000000000000004
-0.4
0.7
0.0
0.0
-0.19999999999999996
-0.7
-0.09999999999999998
-0.8
0.0
-0.30000000000000004
-1.0
0.0
-0.7
0.6000000000000001
-0.09999999999999998
0.10000000000000009
-0.30000000000000004
0.0
-0.6
0.0
-0.30000000000000004
-0.6
-0.19999999999999996
-0.4
-0.09999999999999998
-0.6
-0.5
-0.09999999999999998
0.10000000000000009
-0.4
-0.9
-0.19999999999999996
0.19999999999999996
-0.7
-0.4
-0.19999999999999996
-0.6
0.7
-0.09999999999999998
-0.4
-0.9
0.6000000000000001
-0.4
0.6000000000000001
EIGENVECTOR
-0.9999999778413449
-0.8180747548918161
-0.9999937852020208
-0.995479122185637
0.8602305085007438
-0.9997384406780715
-0.9795938388102202
-0.9976470676012327
-0.9946347460165836
-0.3598436821326484
-0.9998715349382202
-0.9981923290483817
0.9400616755464406
-0.9999952178700706
-0.12444142972889793
-0.999987845000735
-0.9209965273216768
-0.9943297994576583
-0.9999883400742635
-0.9977109441144886
-0.9986032118509334
-0.9999783807448527
-0.8020504757571496
-0.9944274896197556
-0.9999398052282054
-0.9754496285072106
-0.9942000398453266
-0.9999957591511713
-0.9999972189331363
-0.9866394434201158
-0.9331521273329306
-0.9969318212534856
-0.9850408314831798
0.920744365563644
-0.9999884102320391
-0.999991735225885
-0.9999794300278969
-0.9981640932882136
-0.8287345001029912
-0.9871423063707246
-0.999157443365587
-0.40149302321934355
-0.9923257798164428
-0.9809105624062803
-0.9999991189577876
-0.9999960052368152
-0.999979430027897
-0.9986642451850148
-0.9991322900195609
-0.9998994355114966
-0.9999999765338723
-0.999986815203069
-0.9999985508724369
-0.9999999999999999
-0.9981145542592376
-0.9999969865362204
-0.9970126518289396
-0.9995693909906476
-0.9999988034642003
0.9999999999999998
-0.9997080677025671
-0.9760042414134275
-0.9809685933812032
-0.9443641854162834
-0.7154691754125249
-0.9695677048192431
-0.5162859606033481
-0.9985086485171109
-0.9997354215366007
-0.9999919987828195
-0.9973223188088074
-0.999135287629693
-0.9958876631103772
-0.950073839392248
-0.9922990632874582
-0.9999954341561428
-0.999999977841345
0.9234387110860904
-0.9999999219654775
0.3822179249616735
-0.7836175342526066
-0.9960189265438609
-0.9999650522879435
-0.9669532839130777
-0.9999982309674645
-0.9999987059827773
-0.9999960729184256
-0.9998630650691378
-0.9999984548682403
-0.9624156709524377
-0.8194529883488448
-0.9995021509433566
-0.9986642451850148
-0.9697374077604874
-0.9812226321104534
-0.998188780684965
-0.9987269510152821
-0.9570600701567591
-0.999771216239324
-0.999997147949112
-0.9999646166394278
-0.9995591963264121
-0.9999521180137225
-0.9981505585184356
-0.9999996143276693
-0.9822832657203483
-0.9945947394789478
-0.9879655868022671
-0.9963207724811985
-0.9695574793223224
-0.999708067702567
-0.9999918228760393
-0.4073500424930999
-0.3003440502050053
0.38833399845569905
-0.9975524480010515
-0.9999972905715543
-0.9984268804419064
-0.9809923447856278
-0.9999986175337715
-0.9877280341146429
-0.9964845308704895
-0.9997103995994092
-0.9292193917298893
-0.914487266210037
-0.9903651098262317
-0.9994204107033654
-0.9994273012527848
-0.993345517249213
-0.9999990936048505
-0.999956684844758
1.0
-0.999976031847214
-0.9817937739845057
-0.9999477265684332
-0.9999621508225303
-0.8425875210904679
-0.9999999691736365
-0.9958107080519155
-0.9848791159018837
-1.0
-0.7051471982755353
-0.9999999691736365
-0.9999997766353643
-0.9999971138257284
-0.4285715436836921
-0.9999982309674648
-0.9963217478993164
-0.9808775189725734
-0.9981640932882135
-0.983397795190915
-0.990462773928755
-0.9999783807448526
-0.8628446076238133
-0.9999099740395039
-0.9997739238668624
-0.9767730185033401
-0.9633717888483246
-0.999616653576797
-0.999999977841345
0.3838501997380568
-0.9768770301118188
-0.999978789745285
-0.9997738070543171
-0.9978942554207861
-0.9955093636932906
-0.9443641854162834
-0.999987219556893
-0.999999995541633
-0.9999909409735184
-0.9994167331371804
-0.99482115838041
-0.9998770397497345
-0.9999954341561428
-0.9990919462525772
-0.9944968249558331
-0.9999954341561427
-0.999976031847214
-0.9933784384625111
-0.9999723382614919
-0.9999918228760394
-0.9999580997479122
-0.951231184417963
-0.9977911672177525
-0.9999142294167411
-0.9999593810397084
-0.7432991088416421
-0.9993651777484535
-0.9981308404051032
0.12548898057799507
-0.7090043069844838
-0.9893935385973296
-0.9999820790050654
0.7811906275138034
-0.997921656914265
-0.9973798572705228
-0.9999889227630772
-0.9987677026483798
-0.999998387695234
-0.9902834431164377
-0.9971486515756904
-0.9999627686830534
-0.9999757854322343
-0.9997328848346886
-0.5333248462673028
-0.9960302012865231
-0.9992688947464067
-0.5013112396300632
-0.9986697059206612
-0.9948594872064959
-0.9999779806087778
-0.9999954341561428
-0.9940841461878088
-0.9999678134150626
-0.9673885309295598
-0.9897783308973114
0.985825079487793
0.39189783131450384
-0.7084830927068853
-0.9999972189331363
-0.9879029535073827
-0.9999955516647283
-0.8666229742633658
0.30588105585794634
0.9361673642603678
-0.9995952005856102
-0.9999992082088472
-0.8710309704169847
-0.9501682613553799
-0.999746416881388
-0.9963217478993164
-0.9999999216953378
-0.9999917314161365
-0.9999973412163775
-0.9922990632874582
-0.9999956528042869
-0.9999999691736365
-0.9999080357130848
-0.9999952178700706
-0.9999762627165405
0.7703311715069978
-0.9904762050263591
-0.9999505194185659
-0.8505410325395112
0.7275204184041655
-0.986281531888799
-0.9999952178700706
-0.9997698262377323
-0.9999588845937527
-0.9986697059206612
-0.9999998161145291
-0.7591065637356496
-0.999987219556893
-0.9999999988754691
-0.9512311844179628
-0.9999578341533051
0.4054015420272743
-0.9999343230639642
-0.9802508610233914
-0.9959936733912745
-0.9999929451559081
-0.9999990151084573
-0.999677546637753
-0.9764294113788419
-0.9979137719031562
-0.9978942554207861
-0.9999989734436633
-0.9433919358462212
-0.99562039114745
-0.9999998474767599
-0.29961113891563385
-0.6524996611520425
-0.999999630070257
-0.999999311054726
-0.9999999219654775
-0.9956356199140773
-0.9969318212534857
-0.9999754919719852
-0.9999971446814538
-0.9999994562604467
0.742173496197035
-0.9986292612159058
-0.9997671178253253
-0.9999999766149318
0.6417683329762058
-0.9847082478720705
0.6512244152638662
CENT
-0.7192910206790873
0.7384599149292796
-0.39468438296057917
0.42729768969671933
0.7928723525758066
0.11332320831828402
0.4954225430348329
0.3026813774837651
0.3637462123452442
0.5624939192594698
-0.3404378263659771
-0.24964427943307954
0.8947187147684303
-0.3636893481433584
0.8633170263146137
-0.4288558265635495
0.7362289008139067
0.15300551704589527
-0.12798367070727412
0.18428487997879106
-0.3668253959892751
-0.22645523713602023
0.6748962945876551
0.2505567412081282
-0.3668253959892751
-0.08563358159353962
0.4125445367445164
-0.7725012705663358
-0.3307951347004423
-0.16901219675646695
0.14528933273808553
-0.3156415142864212
0.23248516535026376
0.7928723525758066
-0.1872412601867739
-0.1968588390218473
-0.2633548667192409
-0.248494923372389
0.25552332779877474
0.2655058651758888
-0.3047011124514143
0.9845897230190288
0.5705669481302775
0.5766475318428055
-0.28921881611249534
-0.5256865254972001
-0.2633548667192409
-0.11911288095687944
-0.1530032285869396
-0.23345685253497994
-0.6829902762268303
-0.5953217393955679
-0.4706826374339549
-1.0
-0.24388694489582718
-0.46685526242738395
0.4217491933664812
0.11784662598453122
-0.28699109013077384
0.8874239253171083
-0.5256865254972001
-0.05663411258028683
-0.03243486338016943
0.6156799089089511
0.9217179332529148
0.48578699283668425
0.8137162560382478
-0.06989334228710953
-0.12165349368957412
-0.7601898350077828
0.43472588070209994
-0.05530099062012883
0.08205344138065662
0.7429305020377062
-0.05530099062012883
-0.7565397082372194
-0.7192910206790873
0.7928723525758066
-0.6131073119587307
0.7340007323798032
0.7496578621387266
-0.13804895504470116
-0.5082645037679914
0.7859783495536008
-0.49805318651623187
-0.45238778490254594
-0.5953217393955679
0.11181856344816943
-0.4716374835994771
0.5991343829113103
0.3026813774837651
-0.5275047354184733
-0.11911288095687944
0.4723927253577007
0.5786793336317775
0.3372796881829607
-0.07516065411772777
0.4685860878453636
0.054342984133828764
-0.3254047658218113
-0.36473561119218534
-0.3446989129724012
-0.28252355285459096
-0.32215903481019437
-0.7631003623212289
0.28905769097806067
0.16387734898097617
0.2992640457346374
0.48386672865865177
0.36730932355095813
-0.5256865254972001
-0.20283336157163312
0.8947187147684303
0.5645085024652465
0.870515547646969
-0.028359433160109804
-0.4933809656366953
0.31470244598511554
0.6032555291197466
-0.8532836838516807
-0.06725192129293445
-0.28140414279081627
-0.5293199852910349
0.6302916253627773
0.28905769097806067
0.6365926126458947
-0.1505227181342983
0.02151390275115861
0.1969856855215386
-0.627292269998545
-0.3297189732507041
0.8874239253171083
-0.01880252550883388
0.5404936997689185
-0.5482031990077216
-0.5437362843193827
0.7677245566190809
-0.5919005092302758
0.004688152357952502
0.2341190584481927
-1.0
0.41806092376412995
-0.5919005092302758
-0.6931596337152286
-0.461090118279483
0.6856901169098175
-0.49805318651623187
0.4199039882607203
0.1623192601527943
-0.248494923372389
0.2505567412081282
0.44780893432735436
-0.22645523713602023
0.7859783495536008
-0.07516065411772777
0.02292530605568488
0.401569059281373
0.6471465051101546
-0.2969843184559713
-0.7192910206790873
1.0
-0.11529276562449065
-0.155479023240241
0.02292530605568488
0.4125445367445164
0.004688152357952502
0.6156799089089511
-0.1824053280255824
-0.8236873423185233
-0.14055324782559553
0.04570432917839429
0.5786793336317775
-0.3761844322097352
-0.7565397082372194
0.2688480930023518
0.001903648974668437
-0.7565397082372194
-0.01880252550883388
-0.0632800404623729
-0.5192993755591218
-0.20283336157163312
-0.5490944196631682
0.696552039057357
0.3164274553337094
-0.25651836328258226
-0.35211977502697667
0.7052910428345043
-0.29255288237239785
0.11181856344816943
0.6727456457791037
0.3566443115120126
0.6198418078759704
-0.4773498577442351
0.7791110674733421
-0.0378498744889223
-0.1714576639337022
-0.5772386781634873
0.22271916305561934
-0.45723053998438934
0.6115282546163121
-0.05663411258028683
-0.2276248692833045
-0.07778657536074551
-0.03920026641015906
0.4973565274265659
0.42544604034000044
-0.14803747839576076
0.46668613184318164
-0.10505150036001165
0.37088057901085625
-0.2111510085000139
-0.7565397082372194
0.08205344138065662
-0.17511721328265473
0.7836862942150409
0.6429170818691983
0.832450710909846
0.9617098586563171
0.5012314032971452
-0.3307951347004423
0.24560650103522375
-0.47924764330071934
0.6302916253627773
0.8753304842780332
0.8300981618175982
-0.38135230280793453
-0.6798410558433265
0.6770496418263299
0.46099966740631526
0.03000388169192636
0.4199039882607203
-0.610584450909435
-0.20164068844264693
-0.43871894972024805
-0.05530099062012883
-0.7268512884208567
-0.5919005092302758
-0.533845207099664
-0.3636893481433584
-0.21941466977378354
0.9266698271117482
0.572591343599858
-0.23229260790798523
0.25386597767134966
0.8537633159447595
0.235754738197951
-0.3636893481433584
0.05578793900946777
-0.6655504304461919
-0.10505150036001165
-0.6453730695915054
0.5424816641472363
-0.1824053280255824
-0.8851949425659117
0.696552039057357
-0.3926430397027827
0.7273332468236482
0.057234379699889315
0.3690939315049335
-0.053966551996306844
-0.3264847544710293
-0.556198383584992
-0.08432894017641746
-0.07516065411772777
0.24067252671173778
0.4125445367445164
-0.4397006687101461
0.143751002829978
-0.31455186783859745
-0.506414771284363
0.6032555291197466
0.5564648034184538
-0.4347837435189076
-0.7170119507761642
-0.6131073119587307
0.44405998913649225
-0.3156415142864212
-0.2276248692833045
-0.46205299001347877
-0.7009146283438719
0.8160473627353095
0.20337730237255336
-0.3090890160138623
-0.6837760902145702
0.8113881885937251
0.2688480930023518
0.7519060653861616
DEGREE_RANK
-0.22377622377622386
-0.4825174825174825
-0.47552447552447563
0.7622377622377623
1.0
-0.9090909090909091
0.4125874125874125
0.006993006993006867
0.25174825174825166
0.8531468531468533
-0.21678321678321688
-0.2097902097902098
0.9580419580419579
0.4195804195804196
0.4265734265734267
-0.6853146853146854
0.013986013986014179
0.8041958041958042
-0.9020979020979021
-0.20279720279720292
-0.7692307692307693
-0.6783216783216783
0.020979020979021046
0.027972027972027913
-0.46853146853146854
0.43356643356643354
0.7202797202797204
-0.7622377622377623
-0.6713286713286712
-0.4615384615384617
0.4405594405594404
-0.8951048951048951
0.4475524475524477
0.965034965034965
0.034965034965035
0.25874125874125875
-0.6643356643356644
0.04195804195804209
0.7692307692307692
0.04895104895104896
-0.6573426573426573
0.7272727272727273
0.7762237762237763
0.4545454545454546
-0.6503496503496503
-0.8881118881118881
-0.6433566433566433
0.26573426573426584
0.2727272727272727
0.2797202797202796
-0.951048951048951
-0.8811188811188811
0.055944055944055826
-0.993006993006993
0.6153846153846154
0.46153846153846145
-0.6363636363636364
-0.7552447552447552
-0.19580419580419584
0.9720279720279721
-0.6293706293706294
0.2867132867132869
-0.18881118881118897
0.7832167832167831
0.46853146853146854
0.06293706293706292
0.47552447552447563
-0.4545454545454546
0.4825174825174825
-0.986013986013986
0.6223776223776223
-0.4475524475524476
0.06993006993007
0.6293706293706294
0.07692307692307687
-0.44055944055944063
-0.18181818181818188
0.979020979020979
0.08391608391608396
0.8601398601398602
0.09090909090909083
-0.1748251748251749
-0.7482517482517483
0.6363636363636365
-0.8741258741258742
-0.16783216783216792
-0.9440559440559441
-0.7412587412587412
-0.43356643356643365
-0.16083916083916094
0.4895104895104896
-0.4265734265734267
0.29370629370629375
-0.4195804195804197
0.8111888111888113
0.49650349650349646
-0.15384615384615397
-0.4125874125874126
-0.146853146853147
-0.1398601398601399
-0.13286713286713303
-0.12587412587412594
-0.6223776223776224
0.5034965034965035
-0.9370629370629371
0.3006993006993006
-0.6153846153846154
0.09790209790209792
0.5104895104895104
-0.11888111888111896
-0.6083916083916083
0.104895104895105
0.6433566433566433
0.8181818181818181
0.8251748251748252
-0.6013986013986015
-0.9300699300699301
-0.7342657342657343
0.11188811188811187
-0.5944055944055944
0.3076923076923077
-0.40559440559440574
-0.7272727272727273
0.6503496503496504
0.3146853146853148
0.7342657342657342
-0.5874125874125874
-0.39860139860139865
-0.39160839160839167
-0.11188811188811199
-0.5804195804195804
0.9860139860139858
-0.8671328671328671
-0.3846153846153847
-0.3776223776223777
-0.5734265734265734
-0.37062937062937074
0.11888111888111896
0.12587412587412605
0.6573426573426573
-0.9790209790209791
0.32167832167832167
0.13286713286713292
-0.8601398601398602
0.32867132867132853
0.5174825174825175
-0.8531468531468531
0.6643356643356644
-0.5664335664335665
0.1398601398601398
0.8321678321678323
-0.1048951048951049
-0.5594405594405594
-0.36363636363636376
-0.5524475524475525
-0.5454545454545454
0.7412587412587412
0.5244755244755244
-0.09790209790209803
-0.09090909090909094
0.8811188811188813
-0.08391608391608396
-0.35664335664335667
-0.3496503496503498
0.14685314685314688
-0.07692307692307698
0.7902097902097902
-0.06993006993007
-0.9230769230769231
-0.8461538461538461
0.15384615384615397
0.8671328671328671
-0.8391608391608392
-0.3426573426573427
-0.8321678321678322
0.5314685314685315
-0.33566433566433573
-0.8251748251748252
-0.06293706293706303
-0.8181818181818181
0.16083916083916083
-0.5384615384615385
0.5384615384615385
0.1678321678321677
-0.05594405594405605
-0.8111888111888113
0.174825174825175
-0.04895104895104896
-0.8041958041958042
0.8881118881118881
0.6713286713286715
0.874125874125874
-0.5314685314685315
0.9230769230769231
-0.5244755244755245
-0.32867132867132876
-0.7972027972027972
-0.32167832167832167
-0.5174825174825175
0.6783216783216783
-0.5104895104895105
-0.3146853146853148
0.5454545454545454
0.18181818181818188
0.18881118881118875
0.7482517482517483
-0.04195804195804209
0.6853146853146852
0.33566433566433584
0.5524475524475523
-0.3076923076923077
-0.30069930069930073
0.3426573426573427
-0.034965034965035
0.5594405594405596
0.6923076923076923
0.9930069930069931
0.895104895104895
0.7972027972027973
-0.5034965034965035
0.3496503496503496
-0.972027972027972
0.35664335664335667
0.8391608391608392
0.9440559440559442
-0.29370629370629375
-0.027972027972028024
-0.2867132867132868
0.19580419580419584
0.20279720279720292
0.6993006993006994
0.36363636363636376
0.3706293706293706
-0.49650349650349657
0.2097902097902098
-0.2797202797202798
0.21678321678321688
-0.7202797202797203
0.5664335664335665
-0.2727272727272728
0.951048951048951
0.846153846153846
-0.020979020979021046
-0.26573426573426573
0.93006993006993
0.5734265734265733
0.5804195804195806
0.22377622377622375
-0.7902097902097902
0.3776223776223777
-0.916083916083916
0.5874125874125875
-0.013986013986014068
-1.0
0.5944055944055944
-0.7832167832167832
0.9020979020979021
0.3846153846153846
0.7062937062937062
-0.006993006993007089
0.6013986013986012
-0.7132867132867133
0.6083916083916086
-1.1102230246251565e-16
-0.7062937062937062
0.23076923076923084
-0.25874125874125886
0.39160839160839167
-0.6993006993006994
-0.4895104895104896
0.39860139860139876
0.7132867132867131
-0.2517482517482518
-0.965034965034965
0.2377622377622377
0.7552447552447552
-0.7762237762237763
-0.2447552447552449
0.2447552447552448
-0.6923076923076923
0.9370629370629371
0.4055944055944056
-0.23776223776223782
-0.958041958041958
0.9090909090909092
-0.23076923076923084
0.916083916083916
EIGENVECTOR_RANK
-0.958041958041958
0.7202797202797204
-0.6153846153846154
0.22377622377622375
0.951048951048951
-0.22377622377622386
0.49650349650349646
0.08391608391608396
0.2447552447552448
0.8321678321678323
-0.2797202797202798
-0.006993006993007089
0.979020979020979
-0.6363636363636364
0.8531468531468533
-0.5384615384615385
0.6573426573426573
0.2727272727272727
-0.5454545454545454
0.07692307692307687
-0.027972027972028024
-0.47552447552447563
0.7272727272727273
0.26573426573426584
-0.32867132867132876
0.5314685314685315
0.2797202797202796
-0.6853146853146854
-0.7412587412587412
0.39860139860139876
0.6433566433566433
0.13286713286713292
0.4125874125874125
0.9580419580419579
-0.5524475524475525
-0.5804195804195804
-0.49650349650349657
0.013986013986014179
0.7062937062937062
0.39160839160839167
-0.1048951048951049
0.8251748251748252
0.3076923076923077
0.47552447552447563
-0.8391608391608392
-0.6923076923076923
-0.5034965034965035
-0.04195804195804209
-0.09090909090909094
-0.29370629370629375
-0.9440559440559441
-0.5174825174825175
-0.7902097902097902
-0.993006993006993
0.034965034965035
-0.7062937062937062
0.11888111888111896
-0.16083916083916094
-0.8111888111888113
0.9930069930069931
-0.18881118881118897
0.5244755244755244
0.46853146853146854
0.6223776223776223
0.7552447552447552
0.5454545454545454
0.7972027972027973
-0.020979020979021046
-0.21678321678321688
-0.6013986013986015
0.104895104895105
-0.09790209790209803
0.18881118881118875
0.6153846153846154
0.32167832167832167
-0.6643356643356644
-0.972027972027972
0.965034965034965
-0.9090909090909091
0.874125874125874
0.7342657342657342
0.174825174825175
-0.4125874125874126
0.5664335664335665
-0.7622377622377623
-0.8041958041958042
-0.6993006993006994
-0.2727272727272728
-0.7832167832167832
0.5804195804195806
0.7132867132867131
-0.146853146853147
-0.04895104895104896
0.5384615384615385
0.4545454545454546
-1.1102230246251565e-16
-0.06993006993007
0.5874125874125875
-0.2517482517482518
-0.7272727272727273
-0.40559440559440574
-0.15384615384615397
-0.3496503496503498
0.020979020979021046
-0.8671328671328671
0.4405594405594404
0.25174825174825166
0.3706293706293706
0.16083916083916083
0.5524475524475523
-0.19580419580419584
-0.5874125874125874
0.8181818181818181
0.8391608391608392
0.8881118881118881
0.09090909090909083
-0.7482517482517483
-0.013986013986014068
0.46153846153846145
-0.7972027972027972
0.3846153846153846
0.1398601398601398
-0.20279720279720292
0.6503496503496504
0.6643356643356644
0.3426573426573427
-0.13286713286713303
-0.1398601398601399
0.3006993006993006
-0.8321678321678322
-0.35664335664335667
1.0
-0.4545454545454546
0.4475524475524477
-0.33566433566433573
-0.39160839160839167
0.6993006993006994
-0.9230769230769231
0.19580419580419584
0.4195804195804196
-1.0
0.7762237762237763
-0.9300699300699301
-0.8811188811188811
-0.7132867132867133
0.8111888111888113
-0.7692307692307693
0.14685314685314688
0.4825174825174825
0.006993006993006867
0.43356643356643354
0.33566433566433584
-0.4825174825174825
0.6853146853146852
-0.3076923076923077
-0.26573426573426573
0.5104895104895104
0.5734265734265733
-0.1748251748251749
-0.965034965034965
0.8811188811188813
0.5034965034965035
-0.4895104895104896
-0.25874125874125886
0.055944055944055826
0.21678321678321688
0.6293706293706294
-0.5244755244755245
-0.9790209790209791
-0.5664335664335665
-0.12587412587412594
0.2377622377622377
-0.2867132867132868
-0.6433566433566433
-0.08391608391608396
0.25874125874125875
-0.6503496503496503
-0.4475524475524476
0.29370629370629375
-0.4265734265734267
-0.5944055944055944
-0.37062937062937074
0.5944055944055944
0.06993006993007
-0.3146853146853148
-0.3846153846153847
0.7482517482517483
-0.11888111888111896
0.027972027972027913
0.8601398601398602
0.7622377622377623
0.36363636363636376
-0.5104895104895105
0.9440559440559442
0.04195804195804209
0.09790209790209792
-0.5594405594405594
-0.07692307692307698
-0.7762237762237763
0.3496503496503496
0.11188811188811187
-0.39860139860139865
-0.44055944055944063
-0.2097902097902098
0.7902097902097902
0.1678321678321677
-0.11188811188811199
0.8041958041958042
-0.05594405594405605
0.23076923076923084
-0.46853146853146854
-0.6573426573426573
0.2867132867132869
-0.4195804195804197
0.5594405594405596
0.35664335664335667
0.9860139860139858
0.895104895104895
0.7692307692307692
-0.7342657342657343
0.3776223776223777
-0.6713286713286712
0.6783216783216783
0.8671328671328671
0.9720279720279721
-0.16783216783216792
-0.8461538461538461
0.6713286713286715
0.6083916083916086
-0.23076923076923084
0.15384615384615397
-0.9020979020979021
-0.5734265734265734
-0.7552447552447552
0.3146853146853148
-0.6783216783216783
-0.9370629370629371
-0.30069930069930073
-0.6293706293706294
-0.4615384615384617
0.9370629370629371
0.32867132867132853
-0.3426573426573427
0.6923076923076923
0.9230769230769231
0.4055944055944056
-0.6223776223776224
-0.2447552447552449
-0.3776223776223777
-0.06293706293706303
-0.8881118881118881
0.7412587412587412
-0.5314685314685315
-0.986013986013986
0.6013986013986012
-0.36363636363636376
0.9020979020979021
-0.32167832167832167
0.4895104895104896
0.18181818181818188
-0.6083916083916083
-0.8251748251748252
-0.18181818181818188
0.5174825174825175
0.04895104895104896
0.06293706293706292
-0.8181818181818181
0.6363636363636365
0.2097902097902098
-0.8951048951048951
0.846153846153846
0.7832167832167831
-0.8741258741258742
-0.8531468531468531
-0.916083916083916
0.20279720279720292
0.12587412587412605
-0.43356643356643365
-0.7202797202797203
-0.8601398601398602
0.93006993006993
-0.034965034965035
-0.23776223776223782
-0.951048951048951
0.9090909090909092
0.4265734265734267
0.916083916083916
CENT_RANK
-0.9090909090909091
0.7972027972027973
-0.5594405594405594
0.4825174825174825
0.8601398601398602
0.1678321678321677
0.5524475524475523
0.3496503496503496
0.39160839160839167
0.5944055944055944
-0.47552447552447563
-0.32867132867132876
0.9580419580419579
-0.5104895104895105
0.9230769230769231
-0.5664335664335665
0.7902097902097902
0.19580419580419584
-0.13286713286713303
0.21678321678321688
-0.5314685314685315
-0.2727272727272728
0.7342657342657342
0.2797202797202796
-0.5244755244755245
-0.08391608391608396
0.4265734265734267
-0.965034965034965
-0.46853146853146854
-0.18181818181818188
0.18881118881118875
-0.4265734265734267
0.2447552447552448
0.8671328671328671
-0.21678321678321688
-0.22377622377622386
-0.3496503496503498
-0.32167832167832167
0.3006993006993006
0.3076923076923077
-0.39860139860139865
0.9930069930069931
0.6083916083916086
0.6223776223776223
-0.3776223776223777
-0.7132867132867133
-0.3426573426573427
-0.11888111888111896
-0.16783216783216792
-0.30069930069930073
-0.8601398601398602
-0.8041958041958042
-0.6293706293706294
-1.0
-0.3076923076923077
-0.6223776223776224
0.46853146853146854
0.174825174825175
-0.37062937062937074
0.9440559440559442
-0.7062937062937062
-0.020979020979021046
0.034965034965035
0.6713286713286715
0.9720279720279721
0.5454545454545454
0.8881118881118881
-0.04195804195804209
-0.12587412587412594
-0.951048951048951
0.4895104895104896
-0.006993006993007089
0.1398601398601398
0.8041958041958042
-1.1102230246251565e-16
-0.9440559440559441
-0.9020979020979021
0.874125874125874
-0.8251748251748252
0.7832167832167831
0.8111888111888113
-0.1398601398601399
-0.6853146853146854
0.846153846153846
-0.6713286713286712
-0.5944055944055944
-0.7972027972027972
0.15384615384615397
-0.6363636363636364
0.6433566433566433
0.35664335664335667
-0.7202797202797203
-0.11188811188811199
0.5314685314685315
0.6293706293706294
0.3776223776223777
-0.06293706293706303
0.5244755244755244
0.11888111888111896
-0.44055944055944063
-0.5174825174825175
-0.4825174825174825
-0.36363636363636376
-0.43356643356643365
-0.958041958041958
0.32867132867132853
0.2097902097902098
0.3426573426573427
0.5384615384615385
0.39860139860139876
-0.6993006993006994
-0.2447552447552449
0.965034965034965
0.6013986013986012
0.93006993006993
0.04195804195804209
-0.6573426573426573
0.36363636363636376
0.6503496503496504
-0.9790209790209791
-0.034965034965035
-0.35664335664335667
-0.7272727272727273
0.6923076923076923
0.33566433566433584
0.7062937062937062
-0.16083916083916094
0.08391608391608396
0.22377622377622375
-0.8321678321678322
-0.4545454545454546
0.951048951048951
0.04895104895104896
0.5734265734265733
-0.7482517482517483
-0.7412587412587412
0.8251748251748252
-0.7902097902097902
0.06993006993007
0.25174825174825166
-0.993006993006993
0.4475524475524477
-0.7832167832167832
-0.8741258741258742
-0.6083916083916083
0.7482517482517483
-0.6643356643356644
0.4545454545454546
0.20279720279720292
-0.3146853146853148
0.2867132867132869
0.5034965034965035
-0.26573426573426573
0.8531468531468533
-0.05594405594405605
0.09090909090909083
0.4195804195804196
0.7202797202797204
-0.39160839160839167
-0.8951048951048951
1.0
-0.1048951048951049
-0.1748251748251749
0.09790209790209792
0.43356643356643354
0.07692307692307687
0.6783216783216783
-0.2097902097902098
-0.972027972027972
-0.146853146853147
0.11188811188811187
0.6363636363636365
-0.5384615384615385
-0.9370629370629371
0.3146853146853148
0.06293706293706292
-0.9300699300699301
0.055944055944055826
-0.027972027972028024
-0.6923076923076923
-0.23776223776223782
-0.7552447552447552
0.7552447552447552
0.3706293706293706
-0.33566433566433573
-0.4895104895104896
0.7692307692307692
-0.3846153846153847
0.16083916083916083
0.7272727272727273
0.3846153846153846
0.6853146853146852
-0.6433566433566433
0.8321678321678323
0.027972027972027913
-0.18881118881118897
-0.7692307692307693
0.2377622377622377
-0.6013986013986015
0.6643356643356644
-0.013986013986014068
-0.2867132867132868
-0.06993006993007
0.020979020979021046
0.5594405594405596
0.47552447552447563
-0.15384615384615397
0.5174825174825175
-0.09790209790209803
0.4125874125874125
-0.2517482517482518
-0.9230769230769231
0.14685314685314688
-0.19580419580419584
0.8391608391608392
0.7132867132867131
0.9090909090909092
0.9860139860139858
0.5664335664335665
-0.4615384615384617
0.2727272727272727
-0.6503496503496503
0.6993006993006994
0.9370629370629371
0.9020979020979021
-0.5454545454545454
-0.8531468531468531
0.7412587412587412
0.5104895104895104
0.104895104895105
0.46153846153846145
-0.8111888111888113
-0.23076923076923084
-0.5804195804195804
0.006993006993006867
-0.916083916083916
-0.7762237762237763
-0.7342657342657343
-0.5034965034965035
-0.25874125874125886
0.979020979020979
0.6153846153846154
-0.29370629370629375
0.29370629370629375
0.916083916083916
0.25874125874125875
-0.49650349650349657
0.12587412587412605
-0.8461538461538461
-0.09090909090909094
-0.8391608391608392
0.5804195804195806
-0.20279720279720292
-0.986013986013986
0.7622377622377623
-0.5524475524475525
0.7762237762237763
0.13286713286713292
0.4055944055944056
0.013986013986014179
-0.4475524475524476
-0.7622377622377623
-0.07692307692307698
-0.04895104895104896
0.26573426573426584
0.4405594405594404
-0.5874125874125874
0.18181818181818188
-0.4125874125874126
-0.6783216783216783
0.6573426573426573
0.5874125874125875
-0.5734265734265734
-0.8881118881118881
-0.8181818181818181
0.49650349650349646
-0.4195804195804197
-0.2797202797202798
-0.6153846153846154
-0.8811188811188811
0.895104895104895
0.23076923076923084
-0.40559440559440574
-0.8671328671328671
0.8811188811188813
0.32167832167832167
0.8181818181818181
RANK
53
140
253
119
168
27
104
69
75
173
176
211
235
0
76
159
273
279
143
283
50
226
248
250
129
78
274
231
51
86
137
142
236
196
261
181
134
135
237
122
91
45
60
110
179
82
269
84
146
116
221
192
88
52
55
278
144
198
85
266
233
272
15
2
255
225
172
20
24
100
13
238
246
185
101
10
28
219
130
260
99
103
31
276
268
282
40
158
187
44
58
102
121
36
46
184
11
37
149
54
49
242
201
277
21
152
239
210
111
180
232
35
34
167
252
213
195
29
162
48
126
206
169
81
18
68
47
92
161
208
249
25
262
202
96
154
263
67
120
178
61
200
71
74
234
259
203
194
62
115
132
177
175
138
165
127
155
163
229
170
98
247
257
72
212
87
188
5
57
267
30
17
148
106
19
128
281
197
32
139
245
264
220
23
150
243
38
39
174
285
105
124
107
7
90
117
183
95
190
8
109
258
209
156
26
164
265
141
147
230
56
205
3
70
275
151
228
207
97
93
108
65
6
204
218
133
251
271
9
113
42
241
43
94
171
89
118
270
199
63
166
191
123
222
125
215
157
189
22
227
145
182
254
186
256
79
16
1
73
80
286
136
193
214
83
153
4
33
77
284
66
280
224
216
244
14
114
223
59
131
12
112
64
240
217
41
160
