DEGREE
-0.40740740740740744
0.7037037037037037
-0.4814814814814815
-0.18518518518518523
-0.18518518518518523
-0.40740740740740744
-0.33333333333333337
-0.18518518518518523
0.40740740740740744
-0.40740740740740744
0.11111111111111116
-0.18518518518518523
0.4814814814814814
0.5555555555555556
-0.7037037037037037
-0.33333333333333337
0.40740740740740744
-0.11111111111111116
-0.40740740740740744
0.2592592592592593
-0.11111111111111116
0.5555555555555556
0.2592592592592593
-0.11111111111111116
0.6296296296296295
0.7037037037037037
0.4814814814814814
0.03703703703703698
0.03703703703703698
-0.7037037037037037
0.2592592592592593
0.40740740740740744
0.03703703703703698
0.11111111111111116
0.18518518518518512
-0.4814814814814815
-0.03703703703703709
0.40740740740740744
-0.03703703703703709
0.4814814814814814
0.40740740740740744
0.33333333333333326
-0.11111111111111116
-0.03703703703703709
0.5555555555555556
0.6296296296296295
0.33333333333333326
0.5555555555555556
0.40740740740740744
0.6296296296296295
0.18518518518518512
0.2592592592592593
0.2592592592592593
0.33333333333333326
-0.2592592592592593
-1.0
-0.7777777777777778
-0.2592592592592593
-0.5555555555555556
-0.11111111111111116
0.40740740740740744
0.2592592592592593
0.4814814814814814
-0.2592592592592593
0.40740740740740744
0.18518518518518512
-0.11111111111111116
-0.2592592592592593
0.40740740740740744
-0.6296296296296297
0.5555555555555556
0.03703703703703698
0.4814814814814814
-0.03703703703703709
0.33333333333333326
0.5555555555555556
0.18518518518518512
-0.18518518518518523
-0.4814814814814815
0.7777777777777777
-0.18518518518518523
0.4814814814814814
-0.2592592592592593
0.2592592592592593
0.33333333333333326
0.6296296296296295
-0.18518518518518523
-0.11111111111111116
0.18518518518518512
-0.4814814814814815
0.33333333333333326
0.18518518518518512
0.2592592592592593
0.9259259259259258
0.33333333333333326
-0.7777777777777778
0.4814814814814814
0.33333333333333326
0.18518518518518512
0.18518518518518512
-0.6296296296296297
-0.40740740740740744
0.5555555555555556
0.4814814814814814
0.7037037037037037
-0.2592592592592593
0.5555555555555556
0.5555555555555556
-0.33333333333333337
-0.40740740740740744
0.2592592592592593
-0.5555555555555556
0.11111111111111116
-0.33333333333333337
-0.03703703703703709
-0.03703703703703709
0.40740740740740744
0.5555555555555556
-0.11111111111111116
-0.18518518518518523
0.11111111111111116
0.2592592592592593
-0.03703703703703709
0.18518518518518512
-0.2592592592592593
0.2592592592592593
0.4814814814814814
-0.7037037037037037
0.2592592592592593
0.18518518518518512
-0.03703703703703709
-0.11111111111111116
-0.6296296296296297
-0.40740740740740744
0.33333333333333326
-0.40740740740740744
0.6296296296296295
-0.33333333333333337
0.6296296296296295
0.18518518518518512
0.33333333333333326
0.40740740740740744
0.18518518518518512
-0.2592592592592593
-0.03703703703703709
-0.33333333333333337
0.2592592592592593
-0.2592592592592593
0.40740740740740744
-0.03703703703703709
0.33333333333333326
-0.6296296296296297
-0.18518518518518523
-0.18518518518518523
0.6296296296296295
0.03703703703703698
0.4814814814814814
0.33333333333333326
-0.7777777777777778
0.18518518518518512
0.5555555555555556
0.11111111111111116
-0.7037037037037037
-0.2592592592592593
-0.6296296296296297
0.6296296296296295
0.33333333333333326
0.4814814814814814
0.33333333333333326
0.40740740740740744
0.03703703703703698
0.18518518518518512
0.4814814814814814
-0.33333333333333337
0.40740740740740744
0.18518518518518512
0.18518518518518512
0.40740740740740744
0.4814814814814814
0.2592592592592593
-0.4814814814814815
0.11111111111111116
-0.03703703703703709
0.40740740740740744
-0.40740740740740744
0.03703703703703698
0.2592592592592593
-0.6296296296296297
-0.03703703703703709
-0.40740740740740744
0.40740740740740744
-0.03703703703703709
0.5555555555555556
0.2592592592592593
0.33333333333333326
-0.03703703703703709
0.03703703703703698
0.2592592592592593
-0.4814814814814815
0.2592592592592593
-0.2592592592592593
0.40740740740740744
-0.7777777777777778
-0.03703703703703709
-0.33333333333333337
0.18518518518518512
0.2592592592592593
-0.03703703703703709
-0.2592592592592593
0.4814814814814814
-0.2592592592592593
-0.11111111111111116
-0.4814814814814815
0.40740740740740744
0.40740740740740744
-0.8518518518518519
0.4814814814814814
0.4814814814814814
0.4814814814814814
0.11111111111111116
0.40740740740740744
0.40740740740740744
0.6296296296296295
0.40740740740740744
0.7037037037037037
-0.03703703703703709
0.11111111111111116
-0.11111111111111116
0.40740740740740744
0.4814814814814814
-0.33333333333333337
0.6296296296296295
0.40740740740740744
-0.2592592592592593
0.11111111111111116
0.11111111111111116
0.5555555555555556
-0.03703703703703709
0.5555555555555556
-0.40740740740740744
-0.11111111111111116
0.4814814814814814
-0.2592592592592593
-0.4814814814814815
-0.6296296296296297
-0.18518518518518523
-0.03703703703703709
0.6296296296296295
-0.18518518518518523
0.4814814814814814
0.40740740740740744
-0.2592592592592593
-0.03703703703703709
-0.11111111111111116
0.03703703703703698
0.40740740740740744
-0.6296296296296297
1.0
0.33333333333333326
0.33333333333333326
0.11111111111111116
-0.6296296296296297
0.4814814814814814
0.4814814814814814
0.18518518518518512
0.18518518518518512
0.6296296296296295
-0.03703703703703709
-0.03703703703703709
-0.11111111111111116
0.5555555555555556
0.18518518518518512
0.2592592592592593
0.40740740740740744
0.33333333333333326
-0.18518518518518523
0.03703703703703698
-0.4814814814814815
0.03703703703703698
-0.4814814814814815
0.11111111111111116
-0.2592592592592593
-0.4814814814814815
0.33333333333333326
-0.5555555555555556
0.4814814814814814
0.18518518518518512
-0.03703703703703709
-0.11111111111111116
0.11111111111111116
0.11111111111111116
-0.4814814814814815
0.03703703703703698
-0.03703703703703709
0.18518518518518512
0.40740740740740744
0.6296296296296295
0.6296296296296295
0.4814814814814814
0.2592592592592593
0.2592592592592593
-0.9259259259259259
0.4814814814814814
-0.2592592592592593
-0.7037037037037037
0.03703703703703698
0.2592592592592593
-0.11111111111111116
EIGENVECTOR
-0.9828507701767278
0.395281469648735
-0.9922429554822308
-0.9552070512614322
-0.7587706226558606
-0.9125048478355693
-0.8713858628028964
-0.9881597492392473
0.051618470264411354
-0.5099449672347296
-0.7996328982073848
-0.8099742409297626
-0.17735356081709175
-0.5546100637918872
-0.9997666993566581
-0.856470371605735
0.04204238891224188
-0.6466382827402757
-0.9828507701767277
-0.6592904863417874
-0.27813625850614176
0.7483842460437027
-0.08040821040243096
-0.9081727021548388
0.17618776483064202
0.7155081000463059
-0.3159870052707463
-0.5950145111713698
-0.5796312020003845
-0.9795570857607081
-0.6288777357870476
-0.12407277730293209
-0.8230729716066912
-0.9731749692376213
0.3299305285681693
-0.8803947487263367
-0.9403337089643269
-0.13844093585353112
-0.7324915044043672
-0.2548043304860057
0.16591692364635757
-0.6860335150502632
-0.7358110078718394
-0.6316063175297564
0.5232750260646313
-0.041920866598248674
0.10090691233230142
-0.05008379843436006
-0.04994403420126259
0.014749319136114991
-0.7072772178482375
0.037023101592537966
-0.5045159492885287
0.017523359719893605
-0.987455126749189
-0.9995365884597356
-0.9785908719987451
-0.9961691650319895
-0.9866579105949465
-0.8546517333083499
0.45052328601677605
-0.29667413785739116
0.22744591064020514
-0.9910556097031423
0.5773996964302948
0.1992533264582237
-0.9504230618366166
-0.9725956383844997
-0.49220518039856187
-0.9854812461763764
0.14051753733950334
-0.3313618242281753
0.244932304860787
-0.9457261758578722
-0.0439853453601764
-0.42319480953606403
-0.4622947015915361
-0.3559617238566699
-0.9341708521376725
0.8885734660478017
-0.8859982499107093
-0.20809970565921876
-0.5700957783931135
0.09787012471708745
-0.7089203616919442
0.13768480398993632
-0.7587706226558604
-0.8487415734708293
-0.5184747702890095
-0.9767042896247364
-0.17045023434304352
-0.5171341292836366
0.29619325288772713
0.7775546177916322
0.3923815103544108
-0.9679023958841118
0.2948291530452005
-0.015999473035885003
-0.6846465112866715
-0.9380970727485675
-0.9997371163796839
-0.9289521877495082
0.21578470773458291
0.14375221939149063
-0.036788620286718254
-0.9324420482956954
0.0021039365716912783
-0.22673701968001514
-0.7357377673838817
-0.9880866025512149
0.02394583470731093
-0.8861127595714473
-0.22289264133707087
-0.9899267439818635
-0.5654155828935392
-0.8231707377739492
-0.7221923005600124
0.09408398234115634
-0.8186795608588695
-0.5334519527335324
-0.10225063255098377
-0.6979821089953565
-0.8453886152586486
-0.006170062403515808
-0.8549006879601362
-0.2137473880416979
0.09272074090613835
-0.9999253039519316
-0.43316220681119133
-0.43841460377601904
-0.9609756498670153
-0.5592165664205487
-0.9669550995234492
-0.9114256005662287
-0.3009123277552429
-0.8865398617529509
-0.48895642896262526
-0.9763686826078966
-0.5187044273457844
0.21384247975457593
-0.011521151328033108
-0.18032373296288773
-0.6892889394691666
-0.9897626587681495
-0.33869209052680926
-0.9788228451403924
-0.07354646481678129
-0.9548903837025228
-0.38530439048658016
-0.5663455493575746
0.1009069123323012
-0.999737116379684
-0.9842509420914
-0.9770677691399117
0.2432362645239463
-0.8907913988905758
-0.48722762075738757
-0.5347709467488166
-0.9679023958841119
-0.09753866746694062
-0.44685178157967076
-0.898648723463728
-0.9994232739962882
-0.9781788870502772
-0.8848164441551023
0.33365582548271067
0.08538657526927951
-0.228511463195331
0.06438512761657766
-0.04205639254266602
-0.0863135458645331
0.27841944866676704
-0.5676971393243954
-0.768666731621615
0.567871502890626
-0.6846465112866713
-0.9674266815888273
0.002936210803186512
0.22548368874444513
-0.6666176484476658
-0.8885347707272941
-0.683702210478029
-0.6266895253538554
0.5981875243848738
-0.9113645553487479
-0.10688140076393027
-0.2137473880416979
-0.9973204527903103
-0.9504821607150188
-0.7835345638172464
-0.5184842813364807
-0.9455956225319258
-0.2593217930406665
-0.3220676861014018
0.045456307464385226
-0.9145029154400949
-0.6434796230080606
-0.01792856327377823
-0.9213607883788344
0.102121123589483
-0.9456451499274922
-0.4815363993224986
-0.9785908719987452
-0.5587611281856923
-0.8987745753761526
-0.7437703398279155
-0.21374738804169824
-0.9179899639895858
-0.9755454769742181
-0.056534406840556106
-0.987946450563244
-0.9518096291542164
-0.9736260427872796
0.16220306363278492
-0.5443983198028786
-1.0
0.631002574647078
0.24120893932748477
-0.5349346127164817
-0.9805302549503039
0.0025641714047228703
-0.20238351592359916
0.7160260501520312
0.1856592560639696
0.19581587318349092
-0.5140239550136205
-0.13976869125494595
-0.9724114778260331
0.038588611666284134
-0.3206363895425347
-0.9822081924822017
-0.49155560777845575
-0.6837807397055549
-0.7340004072457076
-0.2255947763582833
-0.9740141444896375
0.308357368470364
-0.841748475137855
-0.05525362049016147
-0.9861345959770319
-0.9737998181257811
-0.6610990798755403
-0.8496522333106176
-0.9956568194100522
-0.9407577500439162
-0.6047557815239502
-0.6266895253538554
0.14925833558898782
-0.7500162639925686
0.4018423520451644
0.3013617199976113
-0.9710672967454816
-0.15806174480611523
-0.6012278297511626
-0.8676524832177588
-0.6364243865704168
-0.966955099523449
1.0
0.5270336866791816
-0.003229810544547518
-0.4842113463657177
-0.7995416250465409
0.6310025746470787
0.5106558081483308
-0.36628875434201935
-0.3137966997173235
-0.5099329254656233
-0.9333070916225211
-0.9038518042940183
-0.9774004734566095
0.43237206814796325
-0.387293241748613
-0.5638477886274722
0.16591692364635846
0.11656357942983253
-0.8539822116413165
-0.40317163956526925
-0.9872274787971581
-0.17812213254397724
-0.9886932955621018
-0.9740141444896377
-0.9256868746887601
-0.9697713182105854
-0.6365522728503037
-0.8565821702613592
0.1297579049703168
-0.6090002544406972
-0.6838095924124796
-0.8594077862697032
-0.4489977889739406
-0.10225063255098377
-0.9989802313639702
-0.9595670401170892
-0.561256414243921
0.21384247975457638
0.6260353766348306
0.12525697655761525
0.49288109549083026
0.19330641456557163
-0.08589735017318367
-0.26023429903990025
-0.9970536243938088
0.10211429148647677
-0.9660455765385575
-0.9858114991664019
-0.2571323399271439
0.06637633888238992
-0.4069120970627158
CENT
-0.6279265567295478
1.0
-0.3603718129951491
-0.0807044347714776
-0.2726461375466397
-0.31307563849760844
-0.4355416996306396
-0.2726461375466397
0.7921677604451802
-0.1278047201881849
0.01156379300998367
-0.28579179664404253
0.12855035104405754
-0.04949277783401618
-0.778901205209618
0.07360892519612827
0.2046188802397244
-0.04773671536631818
-0.6279265567295478
0.4598440093970244
-0.10110233532198265
0.5289309380184422
0.3936785327298402
-0.2459150017612144
0.2109682694736259
0.3675175221428326
0.05071757411265776
0.07360892519612827
0.27603994678793464
-0.5921468557438665
-0.25190665312803406
0.44241706116849766
0.2109682694736259
-0.08241662626940616
0.6011371761261106
-0.5754654495027325
0.2453111159608199
0.11659270860523785
-0.22164843877870055
0.06211529291329598
0.6795437723259783
0.282709179828903
0.06976698275238058
0.0640242050534452
0.3142358466729622
0.25840175561172085
0.0450543078661223
0.2540251640792075
0.42763342677035854
0.2849389737559944
0.39128164969981705
0.03566775085538243
0.7349245845865084
0.6709637165993361
-0.29158813994615984
-0.6696773015743378
-0.6737586498969205
-0.4620168248451947
-0.6604329532936037
0.2046188802397244
0.33255525619752224
0.06020904499106794
0.7799571581873852
-0.3685218112303651
0.5341700353446637
0.7231137864452206
-0.010307873388246791
0.058305455713082655
-0.04245437568007204
-0.657332482573934
0.37460792409252
0.0450543078661223
0.9625209677102713
-0.31591133325229204
0.40330372208528287
-0.022902332619478938
0.7527957791493758
-0.244412445668295
-0.46822819556774575
0.462349519396253
0.2453111159608199
0.08908507134470867
-0.3187402114330461
0.048827194992607126
0.06593578700078306
0.4129895903334311
-0.2726461375466397
0.3628089089617743
0.2871721384977901
-0.3088092612957818
0.13255907358085417
-0.09264240236968435
0.7678323949612791
0.22589317231877315
0.6997363410286135
-0.6247248660506501
0.25840175561172085
0.39128164969981705
-0.25786875257689146
-0.23232459253946536
-0.7779869707925822
0.11460969743922722
0.45734250500930473
0.1650471553573254
0.23233701019405184
0.006062216185120928
0.9828686368831006
0.15889838066101913
-0.1343937889100295
-0.21704425782410297
0.7799571581873852
-0.32437761615296645
0.05450623087275819
-0.3685218112303651
0.6314978737745705
0.4749374916592597
0.11857854658688072
0.0640242050534452
-0.43809046891758663
-0.07555423541165995
0.5984047825122709
-0.20933201341587726
-0.07898997547024023
0.04129187919321042
-0.3369634499462767
-0.01751934486282747
0.3675175221428326
-0.8287250449122482
-0.12284039741581843
-0.124497324925398
-0.04068886250536785
0.3936785327298402
-0.5378063794784693
-0.46077034197969824
0.12655028790561307
-0.2944757535948467
0.006062216185120928
-0.30166419858892957
0.10277065699806931
0.7527957791493758
0.5289309380184422
0.35343534825512335
-0.3549063309439191
-0.3187402114330461
-0.18905130475328358
-0.20778374030938052
0.3028993199772454
-0.08583422383000106
0.3417995771700775
0.3302530374583834
0.0450543078661223
-0.7779869707925822
-0.2843382928739233
-0.5664586859322507
0.6652680615332853
0.013402683114681624
-0.026478867277614504
0.8013825938260635
-0.6247248660506501
0.06976698275238058
-0.024691809054245617
0.2627914703572254
-0.7146516796417766
-0.3712257080205057
-0.4951480484024231
0.8736934391066018
0.6398761373619162
0.902815889123695
0.6511135367405303
0.40571947814009834
-0.03537805620812662
0.542060941785512
-0.0772732438571393
-0.15718891971941695
0.5902349256068913
-0.25786875257689146
-0.07210936988147632
0.3675175221428326
0.0005831714155135614
-0.25489138316076465
-0.43809046891758663
-0.03537805620812662
0.5875207100321642
0.542060941785512
-0.32437761615296645
-0.15395760260054858
-0.01751934486282747
-0.5435991283919511
-0.40449600726224366
-0.13603572167604594
0.35343534825512335
-0.40711606738066786
0.12655028790561307
0.0450543078661223
-0.0738329456012895
0.02078353775774766
-0.08412655446066242
-0.031825581597969554
-0.44696554424432255
0.11857854658688072
-0.5378063794784693
0.15889838066101913
-0.6737586498969205
0.6939422321366651
-0.2292837773341
-0.22317932654659345
-0.01751934486282747
0.018934519532732175
-0.5675887661545543
0.9490813416331205
-0.3187402114330461
0.07746165961303286
-0.6074781555512165
0.05261058424052978
-0.04597829734869674
-1.0
0.606615693974965
0.23233701019405184
0.5289309380184422
-0.056493566616396595
0.8672861490184529
0.4800010592458923
0.3888885147276986
0.9390667125152063
0.5367960255208797
0.6539348209515583
-0.015720146331771212
-0.3369634499462767
0.34411955987948417
0.028205114357464867
-0.3725752748270935
0.3279543470238253
0.3628089089617743
-0.10783039201960654
0.12255872720961691
-0.0389209747332534
0.7618019206198738
-0.2638015182031226
0.2540251640792075
-0.5998408969434812
-0.56532738991627
0.3841134538465627
0.25840175561172085
-0.3806395090160205
-0.5855062874202781
-0.2667569684014478
0.5875207100321642
0.4473763520701841
0.41056240327046045
0.2627914703572254
0.1426313131682755
-0.5249505419774965
-0.03715070756979011
0.6881680171808251
0.048827194992607126
0.12255872720961691
-0.5378063794784693
0.3371703111334752
0.5367960255208797
0.3604600732618508
-0.0012381936261340876
-0.2682319720915879
0.606615693974965
0.15481399602520574
-0.10783039201960654
0.31651353661671267
0.15481399602520574
0.2738235600863339
-0.244412445668295
-0.08753963885033766
0.30064234404739176
0.01156379300998367
0.7378901443114443
0.6795437723259783
0.6511135367405303
-0.40711606738066786
-0.16362671359493364
-0.3806395090160205
0.289408681703643
-0.600935395665161
-0.0389209747332534
-0.244412445668295
-0.5821700573900443
0.6314978737745705
-0.40318370020988126
0.7708555879028804
0.5473431768536454
0.6342859108129268
0.29613865894703206
0.7319641823567462
0.5984047825122709
-0.6500607022541294
0.05071757411265776
-0.21087834023311436
0.7527957791493758
0.39128164969981705
0.7983055365800831
0.4523514747065931
0.6511135367405303
-0.14584282719074448
0.298388792967204
-0.36581154483647893
0.9390667125152063
-0.2843382928739233
-0.3549063309439191
-0.19689102243623702
-0.07555423541165995
-0.2031272064392725
DEGREE_RANK
-0.7654723127035831
0.960912052117264
-0.8436482084690553
-0.5179153094462541
-0.511400651465798
-0.758957654723127
-0.6938110749185668
-0.504885993485342
0.42019543973941365
-0.752442996742671
-0.08794788273615628
-0.498371335504886
0.6091205211726385
0.771986970684039
-0.9543973941368078
-0.6872964169381107
0.4267100977198697
-0.4332247557003257
-0.745928338762215
0.14657980456026065
-0.42671009771986956
0.7785016286644952
0.15309446254071668
-0.42019543973941365
0.8697068403908794
0.9674267100977199
0.6156351791530943
-0.17263843648208455
-0.16612377850162863
-0.9478827361563518
0.1596091205211727
0.4332247557003257
-0.1596091205211726
-0.08143322475570025
0.0032573289902280145
-0.8371335504885993
-0.32899022801302924
0.43973941368078173
-0.3224755700325733
0.6221498371335505
0.44625407166123776
0.2964169381107491
-0.4136807817589575
-0.3159609120521172
0.7850162866449513
0.8762214983713354
0.30293159609120535
0.7915309446254071
0.4527687296416938
0.8827361563517917
0.009771986970683821
0.16612377850162852
0.17263843648208477
0.3094462540716614
-0.6351791530944626
-1.0
-0.9804560260586319
-0.6286644951140066
-0.8631921824104234
-0.4071661237785016
0.4592833876221498
0.1791530944625408
0.6286644951140066
-0.6221498371335505
0.46579804560260585
0.016286644951140072
-0.40065146579804545
-0.6156351791530945
0.4723127035830619
-0.9218241042345277
0.7980456026058631
-0.15309446254071657
0.6351791530944626
-0.30944625407166126
0.3159609120521172
0.8045602605863194
0.0228013029315961
-0.49185667752442985
-0.8306188925081434
0.9869706840390882
-0.48534201954397393
0.6416938110749184
-0.6091205211726385
0.1856677524429966
0.3224755700325732
0.8892508143322475
-0.4788273615635178
-0.39413680781758953
0.02931596091205213
-0.8241042345276873
0.32899022801302946
0.03583061889250794
0.19218241042345263
0.993485342019544
0.33550488599348527
-0.9739413680781759
0.6482084690553747
0.3420195439739413
0.04234527687296419
0.04885993485342022
-0.9153094462540716
-0.739413680781759
0.8110749185667754
0.6547231270358307
0.9739413680781759
-0.6026058631921825
0.8175895765472312
0.8241042345276872
-0.6807817589576547
-0.7328990228013029
0.19869706840390888
-0.8566775244299674
-0.07491856677524422
-0.6742671009771987
-0.3029315960912051
-0.2964169381107492
0.4788273615635179
0.8306188925081435
-0.3876221498371334
-0.4723127035830619
-0.06840390879478819
0.2052117263843649
-0.28990228013029307
0.055374592833876246
-0.5960912052117264
0.21172638436482072
0.6612377850162867
-0.9413680781758957
0.21824104234527675
0.06188925081433205
-0.28338762214983715
-0.38110749185667747
-0.9087947882736156
-0.7263843648208469
0.3485342019543973
-0.7198697068403909
0.8957654723127035
-0.6677524429967426
0.9022801302931596
0.0684039087947883
0.35504885993485336
0.48534201954397393
0.07491856677524433
-0.5895765472312704
-0.276872964169381
-0.6612377850162867
0.224755700325733
-0.5830618892508144
0.49185667752442996
-0.2703583061889251
0.3615635179153094
-0.9022801302931596
-0.46579804560260574
-0.4592833876221498
0.9087947882736158
-0.14657980456026054
0.6677524429967425
0.3680781758957654
-0.9674267100977199
0.08143322475570036
0.8371335504885993
-0.061889250814332164
-0.9348534201954397
-0.5765472312703583
-0.8957654723127035
0.9153094462540716
0.37459283387622144
0.6742671009771988
0.38110749185667747
0.498371335504886
-0.1400651465798045
0.08794788273615617
0.6807817589576548
-0.6547231270358307
0.504885993485342
0.09446254071661242
0.10097719869706845
0.5114006514657978
0.6872964169381106
0.23127035830618903
-0.8175895765472313
-0.055374592833876135
-0.26384364820846895
0.5179153094462541
-0.7133550488599348
-0.13355048859934848
0.23778501628664483
-0.8892508143322475
-0.25732899022801303
-0.7068403908794788
0.5244299674267101
-0.2508143322475569
0.8436482084690553
0.24429967426710086
0.3876221498371335
-0.24429967426710097
-0.12703583061889245
0.2508143322475571
-0.8110749185667753
0.25732899022801314
-0.5700325732899023
0.5309446254071661
-0.9609120521172638
-0.23778501628664483
-0.6482084690553747
0.10749185667752448
0.26384364820846895
-0.23127035830618892
-0.5635179153094463
0.6938110749185666
-0.5570032573289903
-0.37459283387622133
-0.8045602605863192
0.5374592833876219
0.5439739413680782
-0.9869706840390879
0.7003257328990229
0.7068403908794789
0.7133550488599347
-0.048859934853420106
0.5504885993485342
0.5570032573289903
0.9218241042345277
0.5635179153094461
0.9804560260586319
-0.22475570032573278
-0.04234527687296408
-0.3680781758957654
0.5700325732899023
0.7198697068403908
-0.6416938110749186
0.9283387622149837
0.5765472312703583
-0.5504885993485342
-0.03583061889250805
-0.02931596091205202
0.8501628664495113
-0.21824104234527686
0.8566775244299676
-0.7003257328990228
-0.3615635179153093
0.726384364820847
-0.5439739413680782
-0.7980456026058632
-0.8827361563517915
-0.4527687296416937
-0.21172638436482072
0.9348534201954399
-0.44625407166123776
0.732899022801303
0.5830618892508144
-0.5374592833876222
-0.2052117263843648
-0.35504885993485336
-0.12052117263843642
0.5895765472312702
-0.8762214983713356
1.0
0.39413680781758953
0.40065146579804556
-0.02280130293159599
-0.8697068403908794
0.7394136807817588
0.7459283387622149
0.11400651465798028
0.12052117263843654
0.9413680781758957
-0.19869706840390866
-0.19218241042345274
-0.3485342019543972
0.8631921824104234
0.12703583061889256
0.270358306188925
0.5960912052117264
0.4071661237785016
-0.4397394136807816
-0.1140065146579804
-0.7915309446254072
-0.10749185667752437
-0.7850162866449512
-0.01628664495113996
-0.5309446254071661
-0.7785016286644951
0.4136807817589576
-0.8501628664495113
0.7524429967426711
0.1335504885993486
-0.1856677524429966
-0.3420195439739413
-0.009771986970683932
-0.0032573289902279035
-0.7719869706840391
-0.10097719869706834
-0.17915309446254069
0.1400651465798044
0.6026058631921825
0.9478827361563518
0.9543973941368078
0.7589576547231272
0.27687296416938123
0.28338762214983726
-0.993485342019544
0.765472312703583
-0.5244299674267101
-0.9283387622149837
-0.09446254071661231
0.28990228013029307
-0.33550488599348527
EIGENVECTOR_RANK
-0.8241042345276873
0.8762214983713354
-0.9218241042345277
-0.6221498371335505
-0.276872964169381
-0.498371335504886
-0.4071661237785016
-0.8892508143322475
0.6026058631921825
0.0684039087947883
-0.3029315960912051
-0.30944625407166126
0.3615635179153094
0.0032573289902280145
-0.9869706840390879
-0.38110749185667747
0.5895765472312702
-0.13355048859934848
-0.8175895765472313
-0.1400651465798045
0.25732899022801314
0.9804560260586319
0.43973941368078173
-0.4788273615635178
0.7394136807817588
0.9674267100977199
0.23127035830618903
-0.061889250814332164
-0.055374592833876135
-0.7980456026058632
-0.10097719869706834
0.39413680781758953
-0.3224755700325733
-0.7068403908794788
0.8566775244299676
-0.4136807817589575
-0.5635179153094463
0.3876221498371335
-0.23127035830618892
0.28338762214983726
0.732899022801303
-0.19218241042345274
-0.2508143322475569
-0.10749185667752437
0.9153094462540716
0.49185667752442996
0.6547231270358307
0.46579804560260585
0.4723127035830619
0.5570032573289903
-0.21172638436482072
0.5765472312703583
0.08143322475570036
0.5635179153094461
-0.8697068403908794
-0.9674267100977199
-0.7850162866449512
-0.9348534201954397
-0.8566775244299674
-0.3680781758957654
0.8957654723127035
0.2508143322475571
0.7980456026058631
-0.9153094462540716
0.9348534201954399
0.765472312703583
-0.5960912052117264
-0.7003257328990228
0.08794788273615617
-0.8371335504885993
0.7003257328990229
0.21172638436482072
0.8175895765472312
-0.5895765472312704
0.4788273615635179
0.1596091205211727
0.12703583061889256
0.19869706840390888
-0.5504885993485342
0.993485342019544
-0.42671009771986956
0.33550488599348527
-0.048859934853420106
0.6416938110749184
-0.21824104234527686
0.6938110749185666
-0.2703583061889251
-0.3485342019543972
0.04885993485342022
-0.752442996742671
0.3680781758957654
0.055374592833876246
0.8371335504885993
0.9869706840390882
0.8697068403908794
-0.6677524429967426
0.8306188925081435
0.5114006514657978
-0.1856677524429966
-0.5570032573289903
-0.9739413680781759
-0.5309446254071661
0.7850162866449513
0.7068403908794789
0.498371335504886
-0.5374592833876222
0.5374592833876219
0.2964169381107491
-0.24429967426710097
-0.8827361563517915
0.5700325732899023
-0.4332247557003257
0.3094462540716614
-0.9087947882736156
-0.02931596091205202
-0.32899022801302924
-0.22475570032573278
0.6351791530944626
-0.3159609120521172
0.02931596091205213
0.4071661237785016
-0.2052117263843648
-0.3420195439739413
0.5244299674267101
-0.37459283387622133
0.3224755700325732
0.6286644951140066
-0.993485342019544
0.15309446254071668
0.14657980456026065
-0.6351791530944626
-0.009771986970683932
-0.6482084690553747
-0.49185667752442985
0.24429967426710086
-0.4397394136807816
0.10097719869706845
-0.745928338762215
0.03583061889250794
0.771986970684039
0.5179153094462541
0.3485342019543973
-0.19869706840390866
-0.9022801302931596
0.2052117263843649
-0.7915309446254072
0.44625407166123776
-0.6156351791530945
0.1856677524429966
-0.03583061889250805
0.6482084690553747
-0.9804560260586319
-0.8306188925081434
-0.758957654723127
0.8110749185667754
-0.4527687296416937
0.10749185667752448
0.0228013029315961
-0.6742671009771987
0.42019543973941365
0.1400651465798044
-0.4592833876221498
-0.9609120521172638
-0.7719869706840391
-0.42019543973941365
0.8631921824104234
0.6221498371335505
0.28990228013029307
0.6091205211726385
0.48534201954397393
0.4267100977198697
0.8241042345276872
-0.04234527687296408
-0.28338762214983715
0.9283387622149837
-0.17915309446254069
-0.6612377850162867
0.5504885993485342
0.7915309446254071
-0.15309446254071657
-0.44625407166123776
-0.1596091205211726
-0.08794788273615628
0.9413680781758957
-0.48534201954397393
0.40065146579804556
0.3159609120521172
-0.9478827361563518
-0.6026058631921825
-0.28990228013029307
0.04234527687296419
-0.5765472312703583
0.270358306188925
0.21824104234527675
0.5960912052117264
-0.504885993485342
-0.12703583061889245
0.504885993485342
-0.5179153094462541
0.6677524429967425
-0.5830618892508144
0.12052117263843654
-0.7785016286644951
-0.0032573289902279035
-0.46579804560260574
-0.25732899022801303
0.32899022801302946
-0.511400651465798
-0.739413680781759
0.4527687296416938
-0.8762214983713356
-0.6091205211726385
-0.7133550488599348
0.7198697068403908
0.009771986970683821
-1.0
0.960912052117264
0.8045602605863194
0.016286644951140072
-0.8045602605863192
0.5439739413680782
0.3420195439739413
0.9739413680781759
0.7459283387622149
0.7589576547231272
0.06188925081433205
0.38110749185667747
-0.6938110749185668
0.5830618892508144
0.224755700325733
-0.8110749185667753
0.09446254071661242
-0.16612377850162863
-0.23778501628664483
0.30293159609120535
-0.7263843648208469
0.8501628664495113
-0.33550488599348527
0.4592833876221498
-0.8501628664495113
-0.7198697068403909
-0.14657980456026054
-0.35504885993485336
-0.9283387622149837
-0.5700325732899023
-0.07491856677524422
-0.09446254071661231
0.7133550488599347
-0.26384364820846895
0.8827361563517917
0.8436482084690553
-0.6872964169381107
0.37459283387622144
-0.06840390879478819
-0.40065146579804545
-0.1140065146579804
-0.6547231270358307
1.0
0.9218241042345277
0.5309446254071661
0.11400651465798028
-0.2964169381107492
0.9543973941368078
0.9087947882736158
0.19218241042345263
0.23778501628664483
0.07491856677524433
-0.5439739413680782
-0.4723127035830619
-0.7654723127035831
0.8892508143322475
0.1791530944625408
-0.02280130293159599
0.726384364820847
0.6742671009771988
-0.3615635179153093
0.17263843648208477
-0.8631921824104234
0.35504885993485336
-0.8957654723127035
-0.7328990228013029
-0.5244299674267101
-0.6807817589576547
-0.12052117263843642
-0.3876221498371334
0.6872964169381106
-0.08143322475570025
-0.17263843648208455
-0.39413680781758953
0.1335504885993486
0.4136807817589576
-0.9543973941368078
-0.6286644951140066
-0.01628664495113996
0.7785016286644952
0.9478827361563518
0.6807817589576548
0.9022801302931596
0.7524429967426711
0.4332247557003257
0.26384364820846895
-0.9413680781758957
0.6612377850162867
-0.6416938110749186
-0.8436482084690553
0.27687296416938123
0.6156351791530943
0.16612377850162852
CENT_RANK
-0.9218241042345277
1.0
-0.6742671009771987
-0.276872964169381
-0.5504885993485342
-0.6026058631921825
-0.752442996742671
-0.5439739413680782
0.9283387622149837
-0.3485342019543972
-0.07491856677524422
-0.5700325732899023
0.1791530944625408
-0.22475570032573278
-0.9869706840390879
0.09446254071661242
0.23127035830618903
-0.21824104234527686
-0.9153094462540716
0.6156351791530943
-0.3159609120521172
0.6416938110749184
0.5439739413680782
-0.48534201954397393
0.24429967426710086
0.48534201954397393
0.016286644951140072
0.10097719869706845
0.3420195439739413
-0.8762214983713356
-0.49185667752442985
0.5895765472312702
0.2508143322475571
-0.28338762214983715
0.732899022801303
-0.8566775244299674
0.27687296416938123
0.1335504885993486
-0.4397394136807816
0.055374592833876246
0.8175895765472312
0.3485342019543973
0.08143322475570036
0.06188925081433205
0.40065146579804556
0.30293159609120535
-0.02280130293159599
0.28990228013029307
0.5830618892508144
0.35504885993485336
0.5244299674267101
-0.03583061889250805
0.8631921824104234
0.8110749185667754
-0.5765472312703583
-0.9478827361563518
-0.9609120521172638
-0.7850162866449512
-0.9413680781758957
0.23778501628664483
0.4267100977198697
0.04885993485342022
0.9153094462540716
-0.6938110749185668
0.6612377850162867
0.8501628664495113
-0.10749185667752437
0.04234527687296419
-0.2052117263843648
-0.9348534201954397
0.504885993485342
-0.01628664495113996
0.9869706840390882
-0.6091205211726385
0.5570032573289903
-0.1400651465798045
0.8762214983713354
-0.4788273615635178
-0.7915309446254072
0.6221498371335505
0.28338762214983726
0.11400651465798028
-0.6286644951140066
0.0032573289902280145
0.07491856677524433
0.5765472312703583
-0.5374592833876222
0.4723127035830619
0.3615635179153094
-0.5960912052117264
0.1856677524429966
-0.30944625407166126
0.9022801302931596
0.25732899022801314
0.8436482084690553
-0.9087947882736156
0.3094462540716614
0.5309446254071661
-0.511400651465798
-0.4592833876221498
-0.9804560260586319
0.12703583061889256
0.6091205211726385
0.224755700325733
0.26384364820846895
-0.08794788273615628
0.993485342019544
0.21172638436482072
-0.35504885993485336
-0.4332247557003257
0.9218241042345277
-0.6416938110749186
0.03583061889250794
-0.6872964169381107
0.7524429967426711
0.6286644951140066
0.1400651465798044
0.0684039087947883
-0.7654723127035831
-0.25732899022801303
0.7198697068403908
-0.42019543973941365
-0.2703583061889251
-0.02931596091205202
-0.6547231270358307
-0.13355048859934848
0.49185667752442996
-0.993485342019544
-0.33550488599348527
-0.3420195439739413
-0.19869706840390866
0.5504885993485342
-0.8241042345276873
-0.7785016286644951
0.16612377850162852
-0.5830618892508144
-0.08143322475570025
-0.5895765472312704
0.12052117263843654
0.8827361563517917
0.6482084690553747
0.4527687296416938
-0.6677524429967426
-0.6221498371335505
-0.39413680781758953
-0.4136807817589575
0.39413680781758953
-0.2964169381107492
0.43973941368078173
0.42019543973941365
-0.009771986970683932
-0.9739413680781759
-0.5635179153094463
-0.8436482084690553
0.8045602605863194
-0.061889250814332164
-0.15309446254071657
0.9413680781758957
-0.9022801302931596
0.08794788273615617
-0.14657980456026054
0.3224755700325732
-0.9674267100977199
-0.7003257328990228
-0.7980456026058632
0.9543973941368078
0.771986970684039
0.960912052117264
0.7785016286644952
0.5635179153094461
-0.17263843648208455
0.6807817589576548
-0.26384364820846895
-0.38110749185667747
0.7133550488599347
-0.504885993485342
-0.23778501628664483
0.498371335504886
-0.09446254071661231
-0.498371335504886
-0.758957654723127
-0.16612377850162863
0.7003257328990229
0.6872964169381106
-0.6351791530944626
-0.37459283387622133
-0.12703583061889245
-0.8306188925081434
-0.7328990228013029
-0.3615635179153093
0.4592833876221498
-0.745928338762215
0.17263843648208477
-0.0032573289902279035
-0.24429967426710097
-0.048859934853420106
-0.28990228013029307
-0.1596091205211726
-0.7719869706840391
0.14657980456026065
-0.8175895765472313
0.21824104234527675
-0.9543973941368078
0.8371335504885993
-0.4527687296416937
-0.44625407166123776
-0.12052117263843642
-0.055374592833876135
-0.8501628664495113
0.9804560260586319
-0.6156351791530945
0.10749185667752448
-0.8957654723127035
0.02931596091205213
-0.21172638436482072
-1.0
0.7394136807817588
0.270358306188925
0.6547231270358307
-0.23127035830618892
0.9478827361563518
0.6351791530944626
0.5179153094462541
0.9674267100977199
0.6677524429967425
0.7980456026058631
-0.1140065146579804
-0.6482084690553747
0.44625407166123776
-0.04234527687296408
-0.7068403908794788
0.4136807817589576
0.4788273615635179
-0.32899022801302924
0.15309446254071668
-0.19218241042345274
0.8957654723127035
-0.5179153094462541
0.2964169381107491
-0.8827361563517915
-0.8371335504885993
0.5114006514657978
0.3159609120521172
-0.7198697068403909
-0.8697068403908794
-0.5244299674267101
0.7068403908794789
0.5960912052117264
0.5700325732899023
0.32899022801302946
0.19218241042345263
-0.8045602605863192
-0.17915309446254069
0.8306188925081435
0.009771986970683821
0.1596091205211727
-0.8110749185667753
0.4332247557003257
0.6742671009771988
0.46579804560260585
-0.10097719869706834
-0.5309446254071661
0.7459283387622149
0.19869706840390888
-0.3224755700325733
0.4071661237785016
0.2052117263843649
0.33550488599348527
-0.4723127035830619
-0.3029315960912051
0.3876221498371335
-0.06840390879478819
0.8697068403908794
0.8241042345276872
0.7850162866449513
-0.739413680781759
-0.3876221498371334
-0.7133550488599348
0.3680781758957654
-0.8892508143322475
-0.1856677524429966
-0.46579804560260574
-0.8631921824104234
0.7589576547231272
-0.7263843648208469
0.9087947882736158
0.6938110749185666
0.765472312703583
0.37459283387622144
0.8566775244299676
0.726384364820847
-0.9283387622149837
0.0228013029315961
-0.42671009771986956
0.8892508143322475
0.5374592833876219
0.9348534201954399
0.6026058631921825
0.7915309446254071
-0.3680781758957654
0.38110749185667747
-0.6807817589576547
0.9739413680781759
-0.5570032573289903
-0.6612377850162867
-0.40065146579804545
-0.2508143322475569
-0.4071661237785016
RANK
215
127
14
100
151
162
56
202
55
58
69
291
0
18
95
158
212
279
239
29
244
282
35
208
153
240
187
132
200
256
251
164
78
57
133
198
118
180
6
191
275
188
284
243
277
230
163
63
113
301
2
142
304
124
227
111
184
82
143
210
73
5
89
137
135
54
11
152
303
4
7
86
261
245
237
98
175
179
30
23
77
268
281
99
204
205
38
109
293
121
145
307
305
144
276
173
185
299
189
108
9
129
128
233
264
20
91
269
147
196
33
3
122
172
119
306
194
176
219
13
17
214
68
130
235
280
252
170
181
197
156
160
75
125
186
206
226
66
260
178
105
136
10
271
155
207
195
229
51
123
46
71
150
193
83
254
26
292
213
112
67
61
39
43
117
84
42
159
15
27
211
81
138
101
37
116
199
234
255
134
192
12
90
250
263
266
107
201
103
16
59
24
32
93
104
217
36
80
47
238
45
96
242
161
249
267
28
41
49
88
278
288
300
270
146
44
265
231
149
60
257
148
228
141
190
259
87
232
25
126
177
70
241
222
50
97
295
22
131
74
169
248
85
48
31
247
297
102
19
79
115
221
21
140
218
64
224
258
171
183
286
182
246
174
120
290
34
216
262
114
283
287
166
168
274
298
225
154
53
40
273
253
203
94
65
289
52
272
76
139
294
236
92
285
62
110
8
296
157
220
165
167
223
302
209
72
106
1
