DEGREE
0.33333333333333326
0.5238095238095237
0.4285714285714286
-0.7142857142857143
-0.4285714285714286
-0.04761904761904767
0.1428571428571428
-0.4285714285714286
-0.5238095238095238
-0.5238095238095238
0.5238095238095237
0.5238095238095237
-0.1428571428571429
0.33333333333333326
0.6190476190476191
-0.04761904761904767
0.33333333333333326
-0.5238095238095238
-0.04761904761904767
0.6190476190476191
0.04761904761904767
-0.23809523809523814
0.1428571428571428
0.04761904761904767
0.23809523809523814
-0.23809523809523814
-0.04761904761904767
-0.33333333333333337
0.23809523809523814
0.04761904761904767
-0.4285714285714286
-0.4285714285714286
-0.04761904761904767
0.33333333333333326
0.6190476190476191
-0.6190476190476191
-0.33333333333333337
0.5238095238095237
-0.23809523809523814
0.1428571428571428
-0.23809523809523814
0.4285714285714286
0.7142857142857142
0.23809523809523814
-0.33333333333333337
-0.33333333333333337
-0.04761904761904767
0.1428571428571428
-0.1428571428571429
0.8095238095238095
-0.04761904761904767
-0.23809523809523814
-0.5238095238095238
-0.23809523809523814
-0.33333333333333337
-0.7142857142857143
-0.1428571428571429
-0.33333333333333337
-0.7142857142857143
0.23809523809523814
-0.5238095238095238
0.7142857142857142
0.04761904761904767
0.23809523809523814
0.23809523809523814
0.5238095238095237
0.1428571428571428
0.1428571428571428
0.4285714285714286
0.33333333333333326
0.4285714285714286
0.4285714285714286
0.33333333333333326
0.5238095238095237
-0.5238095238095238
-0.23809523809523814
-0.5238095238095238
0.23809523809523814
-0.33333333333333337
0.1428571428571428
-0.04761904761904767
-0.1428571428571429
0.1428571428571428
-0.5238095238095238
-0.1428571428571429
-0.04761904761904767
0.1428571428571428
0.23809523809523814
0.04761904761904767
0.6190476190476191
-0.33333333333333337
-0.23809523809523814
-0.04761904761904767
0.1428571428571428
0.04761904761904767
-0.23809523809523814
-0.1428571428571429
0.1428571428571428
0.33333333333333326
-0.4285714285714286
-0.33333333333333337
-0.23809523809523814
0.4285714285714286
-0.1428571428571429
0.4285714285714286
0.33333333333333326
0.33333333333333326
0.23809523809523814
0.7142857142857142
0.6190476190476191
-0.33333333333333337
0.33333333333333326
-0.4285714285714286
-0.1428571428571429
0.23809523809523814
0.1428571428571428
-0.23809523809523814
0.33333333333333326
-0.6190476190476191
-0.5238095238095238
-0.1428571428571429
-0.33333333333333337
0.5238095238095237
-0.33333333333333337
0.4285714285714286
-0.1428571428571429
-0.1428571428571429
0.1428571428571428
-0.04761904761904767
-0.9047619047619048
0.04761904761904767
-1.0
-0.33333333333333337
0.33333333333333326
-0.04761904761904767
-0.5238095238095238
0.4285714285714286
-0.04761904761904767
0.33333333333333326
-0.5238095238095238
0.23809523809523814
-0.04761904761904767
-0.5238095238095238
-0.04761904761904767
-0.5238095238095238
0.1428571428571428
0.04761904761904767
-0.33333333333333337
-0.1428571428571429
0.1428571428571428
-0.8095238095238095
0.1428571428571428
-0.33333333333333337
0.33333333333333326
0.33333333333333326
0.1428571428571428
0.8095238095238095
0.33333333333333326
-0.1428571428571429
0.9047619047619047
-0.23809523809523814
0.23809523809523814
-0.4285714285714286
-0.23809523809523814
0.23809523809523814
0.04761904761904767
-0.33333333333333337
0.7142857142857142
0.5238095238095237
0.04761904761904767
0.33333333333333326
-0.7142857142857143
0.1428571428571428
-0.23809523809523814
0.4285714285714286
-0.4285714285714286
0.33333333333333326
0.04761904761904767
0.04761904761904767
-0.1428571428571429
-0.33333333333333337
0.33333333333333326
-0.23809523809523814
-0.33333333333333337
-0.7142857142857143
0.4285714285714286
0.23809523809523814
-0.4285714285714286
0.4285714285714286
0.33333333333333326
0.1428571428571428
-0.23809523809523814
-0.23809523809523814
0.33333333333333326
-0.33333333333333337
-0.1428571428571429
0.4285714285714286
-0.33333333333333337
-0.33333333333333337
-0.6190476190476191
0.33333333333333326
-0.1428571428571429
-0.6190476190476191
0.33333333333333326
-0.4285714285714286
-0.23809523809523814
-0.1428571428571429
0.04761904761904767
0.5238095238095237
-0.6190476190476191
0.23809523809523814
0.23809523809523814
-0.4285714285714286
0.9047619047619047
0.6190476190476191
-0.23809523809523814
-0.4285714285714286
0.5238095238095237
-0.4285714285714286
0.1428571428571428
-0.9047619047619048
0.23809523809523814
0.1428571428571428
0.04761904761904767
0.5238095238095237
-0.23809523809523814
-0.23809523809523814
0.33333333333333326
-0.04761904761904767
0.5238095238095237
0.23809523809523814
0.7142857142857142
-0.6190476190476191
-0.23809523809523814
0.5238095238095237
0.5238095238095237
-0.8095238095238095
-0.8095238095238095
0.04761904761904767
-0.4285714285714286
-0.1428571428571429
-0.5238095238095238
0.5238095238095237
0.6190476190476191
0.23809523809523814
0.6190476190476191
-0.4285714285714286
-0.04761904761904767
0.04761904761904767
0.33333333333333326
0.04761904761904767
0.33333333333333326
-0.23809523809523814
-0.04761904761904767
-0.4285714285714286
0.04761904761904767
0.6190476190476191
-0.04761904761904767
-0.1428571428571429
-0.33333333333333337
-0.1428571428571429
-0.04761904761904767
-0.1428571428571429
-0.4285714285714286
0.7142857142857142
-0.1428571428571429
0.33333333333333326
-0.04761904761904767
-0.1428571428571429
-0.5238095238095238
-0.04761904761904767
-0.5238095238095238
0.1428571428571428
0.6190476190476191
0.5238095238095237
0.04761904761904767
0.5238095238095237
0.23809523809523814
-0.8095238095238095
-0.33333333333333337
0.04761904761904767
-0.5238095238095238
-0.1428571428571429
0.23809523809523814
-0.1428571428571429
0.04761904761904767
-0.7142857142857143
-0.23809523809523814
-0.04761904761904767
0.1428571428571428
-0.23809523809523814
0.04761904761904767
-0.5238095238095238
0.4285714285714286
-0.6190476190476191
-0.23809523809523814
0.33333333333333326
0.33333333333333326
-0.33333333333333337
-0.23809523809523814
-0.5238095238095238
-0.1428571428571429
0.4285714285714286
-0.33333333333333337
-0.33333333333333337
-0.04761904761904767
0.23809523809523814
-0.23809523809523814
0.1428571428571428
0.5238095238095237
0.33333333333333326
0.1428571428571428
0.4285714285714286
0.4285714285714286
0.5238095238095237
0.33333333333333326
0.1428571428571428
-0.23809523809523814
-0.1428571428571429
-0.7142857142857143
-0.33333333333333337
-0.1428571428571429
-0.4285714285714286
0.5238095238095237
-0.04761904761904767
0.33333333333333326
0.7142857142857142
0.7142857142857142
0.6190476190476191
0.7142857142857142
-0.04761904761904767
-0.33333333333333337
-0.04761904761904767
-0.04761904761904767
-0.23809523809523814
-0.04761904761904767
-0.4285714285714286
-0.4285714285714286
-0.4285714285714286
0.04761904761904767
-0.04761904761904767
0.33333333333333326
0.1428571428571428
-0.33333333333333337
1.0
-0.04761904761904767
0.7142857142857142
-0.1428571428571429
-0.5238095238095238
-0.23809523809523814
0.1428571428571428
0.04761904761904767
-0.23809523809523814
-0.4285714285714286
-0.33333333333333337
-0.9047619047619048
-0.04761904761904767
-0.6190476190476191
0.6190476190476191
-0.23809523809523814
-0.04761904761904767
-0.1428571428571429
0.4285714285714286
-0.04761904761904767
-0.33333333333333337
-0.1428571428571429
-0.33333333333333337
-0.04761904761904767
0.33333333333333326
-0.04761904761904767
0.33333333333333326
0.8095238095238095
0.7142857142857142
0.6190476190476191
0.1428571428571428
0.1428571428571428
0.6190476190476191
0.4285714285714286
0.33333333333333326
-0.7142857142857143
-0.5238095238095238
-0.5238095238095238
0.4285714285714286
0.1428571428571428
-0.23809523809523814
-0.33333333333333337
-0.4285714285714286
-0.6190476190476191
0.04761904761904767
0.7142857142857142
0.33333333333333326
0.04761904761904767
-0.4285714285714286
0.04761904761904767
0.5238095238095237
-0.6190476190476191
0.5238095238095237
-0.23809523809523814
-0.1428571428571429
0.23809523809523814
0.04761904761904767
-0.23809523809523814
0.1428571428571428
0.04761904761904767
EIGENVECTOR
-0.01893134430575516
-0.9989554542718626
-0.6445939096967411
-0.994664075998995
-0.9827566746322463
-0.854271856855308
-0.9999591486289932
-0.9999841109392227
-0.9848292627486581
-0.9915056471306875
-0.4750308861418634
-0.9991533904048446
-0.7984478500509442
-0.9647358924047891
-0.3322084884508141
-0.9998818867484366
-0.9998007736671656
-0.9895033944389865
-0.99822583776694
-0.9360672408591221
-0.9995904729811579
-0.9970413441496089
-0.9995809578688724
-0.9996202995629926
-0.8633065368013552
-0.8830954750135424
-0.8466810084222228
-0.9681487082965291
-0.5685506936342877
-0.9968690110745038
-0.6539530843209194
-0.9999581233487833
-0.9889639055441568
-0.9474849666421543
-0.9000985290483234
-0.9999913328856418
-0.9527487889850397
-0.4111591734251975
-0.9999878249102317
-0.0898372868637588
-0.849166821826715
-0.9990043837395799
0.629553747808792
-0.7450274225823588
-0.685671660006044
-0.9998992797361169
-0.9992591474587474
-0.9999069523916163
-0.9349607474462821
-0.3061486550536391
-0.9988582760635227
-0.7938043754743481
-0.9850315623101548
-0.29803625552838453
-0.9998992797361169
-0.9990345878193814
-0.9910873823071447
-0.9349066396809615
-0.9999948117357513
-0.9745393108828068
-0.9999573628090942
0.7796647063735187
-0.9993298927573012
-0.789225580869015
-0.9999313357891536
-0.011833817926113599
-0.9993045710612543
-0.9695225613340165
0.5330543131124144
0.21057164440055542
-0.4817997851565192
-0.9988993377991885
-0.9962024005117114
-0.9686873454987432
-0.9999943730630143
-0.9999828142865537
-0.9994392074585866
-0.9311544222672146
-0.9527487889850397
-0.9992780369861349
-0.9988470804059011
-0.8860161268968823
-0.9999736892804113
-0.999841174770778
-0.9679477650256318
-0.8530488973845936
-0.7623673025569342
-0.9985572335069163
-0.9992222460513677
-0.9989956723933375
-0.9961509805332784
-0.9997867550348103
-0.9873857048927661
-0.999380219579327
-0.7897432531993479
-0.9999382471058195
-0.9998166158014964
-0.39395590427207816
-0.9775205703578764
-0.9999104351561162
-0.9477627861463591
-0.8872322564812491
0.2671076080495074
-0.9894322446820856
-0.9986814466690249
0.0567557509171388
-0.9995057511140014
-0.9999542279430765
-0.9981357482483942
-0.998679423371285
-0.9406532261507324
-0.9593031980307793
-0.9996581258202537
-0.9158904410757169
-0.9653688707726016
-0.6597537804341065
-0.9993116505144255
-0.34965769106720956
-0.9999987774163599
-0.9999933215241456
-0.8798013384345825
-0.9730579433578546
-0.9982194776522665
-0.8409172915905816
-0.9441956161180417
-0.9999712757098617
-0.7667122352874418
-0.9997421872060079
-0.9885903478185908
-0.9963793013468133
-0.9986959637111349
-0.9999701836725172
-0.9999260543938352
-0.9984406941251606
-0.9997303267181292
-0.9713286961616411
-0.9989062029900583
-0.8572698253228979
-0.9460133844113667
-0.9999901153715024
-0.9991516691026645
-0.9988582760635227
-0.991558724293823
-0.8590152038439351
-0.9999998306963924
-0.9993812683036208
-0.9889310975434821
-0.999960295397766
-0.9999810406709707
-0.9999658327431543
-0.9998826776784161
-0.9322251979416456
-0.9703285344612418
-0.792426017631112
0.14393069846056172
-0.9999505652736465
0.6007148614186897
-0.9205806728322122
-0.9998710524731356
0.7306054532807456
-0.973297685814144
-0.4004815589065176
-0.9998104767421747
-0.9995441722723132
-0.9996051726591825
-0.9991908922669055
-0.9997979224601572
-0.25584947925272383
-0.3365229808313829
-0.9997611585404201
-0.8836482346562917
-0.9983961631075753
-0.9840976339770472
-0.9129710182180955
-0.9991353218828731
-0.9999975150789537
-0.883648234656292
-0.6816638789400116
-0.36885366105630246
-0.9998289492023652
-0.999921002889362
-0.9422648929653148
-0.999838327724211
-0.998406804831783
-0.9968539276714872
-0.644593909696741
-0.999291203517283
-0.999995291611025
-0.9999505828128031
-0.7235973596648119
-0.1356426971197916
-0.999927443567532
-0.9999136386928498
0.24465061370639796
-0.9997523722691164
-0.8222885470768853
-0.22362444051933184
-0.9987775925880263
-0.9935763039511293
-0.9999470575679181
-0.9306464547521013
-0.8816754235059286
-0.9999996029275297
-0.8800723349773456
-0.9811886542113417
-0.9999715549568633
-0.9079300995531334
-0.8870228709679947
-0.9989432991698125
-0.9961058740924512
-0.9983345180130919
-0.3853764717148558
-0.9712648771819582
0.8298450757730624
-0.9980279341787016
-0.9999715549568633
-0.9999821843440876
-0.943671778866525
-0.8795814296330714
-0.9997107081662501
-0.9997552223948196
-0.9589348943605076
-0.9999218699259071
-0.9999746794819422
-0.4321034125529314
-0.8267055658455683
-0.999838327724211
-0.9702953953298681
-0.49395612682777956
-0.5476193016322182
-0.9997053949522453
0.6201110213288639
-1.0
-0.9999493236580324
-0.9991542151366263
-0.4750308861418634
-0.9998819321721657
-0.9997324828366103
-0.6053662753022632
-0.8706323644440545
-0.8860161268968823
-0.9815473864234107
-0.18657559707091176
-0.3568008662053537
-0.999910683500092
-0.9987272940892941
-0.9935638352224818
-0.9259274515683986
-0.9815576900675308
-0.9992482582068815
-0.9997612719200355
-0.9992999558008917
-0.9995967339946711
-0.5081660489860061
-0.999988041074988
-0.9998041140290307
-0.99801294548033
-0.9988582760635227
-0.9925005243017126
-0.9999611747662515
-0.9999029673004434
-0.9964560761905062
-0.8992757643217721
-0.9691622416264063
-0.34974054361472295
-0.999945769263258
-0.37101694862345647
-0.9998665327726382
-0.9999746007730198
-0.9991786614095637
-0.8039922685469628
-0.9732314042883952
-0.9717916357192083
-0.5265598944431988
-0.9316388118821297
-0.8870228709679946
0.44319253129905944
-0.9999650911130493
-0.9995933227696384
-0.9999793637310594
-0.9993363953675266
-0.9991287208080548
-0.9970537373393658
-0.9657241623285211
-0.9996538136643419
-0.9986959637111348
-0.9982214534933592
-0.9370213786332995
-0.9871882877956243
-0.9993042559688358
-0.9934287060897092
-0.6333750725062
-0.9999998306963924
0.18787604797535717
-0.9981987139351499
-0.9669038579342182
-0.6123173873664389
-0.9995488509161135
-0.9999900836704498
-0.9331846168029659
-0.8875417547320879
-0.9983883820542016
0.2696309982950833
-0.9999811941425567
-0.9991750116306369
-0.997031164671118
-0.998903340376114
-0.9996572205750219
-0.9991996652195055
-0.9987019724453715
-0.07997427556560521
-0.9889456525691576
-0.6167473062104285
-0.9996309211204674
0.3556740554731277
-0.9988606243468697
-0.9992065527906444
-0.9998636747579317
-0.9919293459709259
-0.9737348262017623
-0.9999997971419556
-0.9994301161500323
-0.9996476451344206
-0.25500871313658946
-0.09917412201761466
-0.7604497940725673
0.5786783313278061
-0.9184016754101149
-0.9112025798981269
0.7905782352098456
-0.8814863645841468
-0.9428788298943998
-0.9999733708031731
-0.998847080405901
-0.8883873937183682
-0.8083619216494525
-0.9999827316716795
-0.9208997549208409
-0.999712665177404
-0.9993765649662624
-0.9999116818479491
-0.9982303293722994
-0.9563364098240357
-0.9986079675097962
1.0
-0.9999581903250354
0.7758597169114483
-0.9999029673004434
-0.9999998306963923
-0.999999452386965
-0.9998893150718164
-0.6724116165752689
-0.9096454962855485
-0.9638427458677574
-0.6869060654993218
-0.9963793013468132
-0.859015203843935
-0.9999892573955285
-0.9986764960494586
-0.9999743457185645
-0.9999203403891643
-0.991929345970926
0.27601051657341324
-0.9849920074413271
-0.9999852510555189
-0.9913827190496788
-0.9999892737575294
-0.8572698253228979
-0.38239445316133436
-0.9998818867484366
0.40008856486378974
-0.9984903491841391
0.7364222411146024
-0.8938526723831028
-0.9992854044554106
-0.9997804444232431
-0.2193489143123798
0.34359678281043626
-0.5752276257578546
-0.9560125454771013
-0.9999974043668305
-0.9991287208080548
-0.9739505098598087
-0.9998363358509289
-0.8477850113906327
-0.9999816564727477
-0.9288041960321798
-0.9999915074453983
-0.9984667255391481
-0.2558494792527236
-0.9999127893647405
-0.9990544930282772
-0.9668101887436328
-0.9891080046123166
0.22276607280416583
-0.9996744986292532
-0.9982194776522664
-0.9297033153566219
-0.7181029822771511
-0.9990599309678809
-0.986604264638429
-0.9887564586179719
-0.9445360922669853
-0.5582729933529611
CENT
0.03956878741945502
-0.03611341015380676
-0.2300697020231881
-0.3844112703313365
-0.4052032476098514
-0.4480418417308474
-0.317287594029514
-0.7765240530012526
-0.4004365416585115
-0.2932190882945831
-0.25445127384206445
-0.15214148543044415
-0.2923509676284076
0.3854939116662872
0.01425346765252522
-0.5435205214430148
0.3537406628513178
0.03734957901862179
0.7694642758823209
0.18420704811963073
-0.15503945749692416
-0.20707891697866165
-0.09081196058946772
0.33336774260147006
0.3026307698082409
0.06533881421851273
-0.4310893446979125
-0.2766225582860742
-0.2624771559781953
0.3647138927960296
-0.04868844810446471
-0.5775518126086727
0.7348553148175079
-0.11090037800251362
0.21765547291223308
-0.7810630828368027
-0.6998407232565224
-0.07452623356297217
-0.6548533543755243
0.4684525291122039
-0.2818869812068414
-0.03716567164710449
0.3537406628513178
0.4221603157231453
0.6908463890190419
0.1915764239704325
0.6028285374221107
-0.041366802904285516
0.8262584683989367
0.07668811445009549
-0.2810110854716573
-0.2418663420395425
-0.288872534856331
0.5620004946411001
0.1915764239704325
-0.5945273617664172
-0.1588936768302981
-0.5314721948441127
-0.783325080730285
0.6397737938013559
0.02520503154359477
0.28029332284543473
0.21765547291223308
0.6252226413232866
-0.31131338867428293
0.01643705394236039
0.1008136763376346
0.4278756548981566
0.2051809614600415
0.24164177772069984
-0.17989490197562097
-0.10390303569442882
0.9224723142741251
-0.08472742364551655
-0.3358805176010684
-0.5456335964461714
0.28421204732805205
0.005552523430694789
-0.6998407232565224
-0.2914822525625983
0.6397737938013559
-0.02129804662885937
-0.5965472475915001
-0.32323352390300997
0.8923330372529816
-0.46701750961745825
0.3674690299824499
0.02081430073790136
0.5450179958406935
-0.1257743785323585
-0.550548947982871
0.3952840513381757
0.6430240434207093
0.6044184847182108
-0.2606979525694082
-0.5761826236346608
-0.3181387390433448
0.45675635817613847
0.06760157818027634
0.13479598708720664
-0.04346263219549462
-0.48569321436959845
0.4802322441263842
1.0
0.3994980997609059
0.2763844485290916
-0.2615878624143295
-0.2033626027627503
0.2014584978831997
-0.07759454251764397
0.31725618699471436
0.12063921671579991
-0.36079547421702407
0.0835405053089755
-0.11885348161306009
0.12416571897664563
-0.2418663420395425
0.2724853872863464
-0.5084450641739648
-0.8264567538840215
-0.1636958594948572
0.6875060530950596
0.3578467785061452
-0.14632666200063327
-0.08371070503395639
-0.4465106132942501
0.12416571897664563
0.3306710372157411
-0.15117409880131538
-0.8994787608968796
0.6413981577848107
-1.0
-0.5512494147090158
0.43074086451095916
-0.370622627254402
0.6742078537455198
-0.09586184206857695
-0.46022120041734094
0.45093932448935226
-0.25891628147212054
-0.14923722709050047
-0.2810110854716573
0.30395473364791403
-0.5192962138032153
-0.5679324038010175
0.2595589161940768
0.8923330372529816
0.009896330704979084
-0.46626428992818814
-0.17038997811305778
-0.5918284902746069
0.41646499524927294
0.4393668130278088
-0.43186514622771865
0.24036993115648508
0.041791433788376686
0.25185461048073
0.0001414161820518789
0.13954514793934192
0.15508555321163198
-0.30359039427031154
0.10894477798582014
-0.04973125996301486
-0.3342016302518547
0.3226084384604506
0.5496326982163076
0.3374214402744209
-0.025547017322096077
0.12181378156117195
0.04736314335113678
0.36333810400720346
-0.46626428992818814
0.01425346765252522
0.6725526456545405
0.7144075730029245
-0.3299945061038334
0.36333810400720346
0.2673018399811753
0.38270763646132644
0.38410017018968357
0.12888085607773903
-0.07759454251764397
-0.5243254427296409
-0.21263371138292486
-0.4059958806360848
-0.2300697020231881
0.10313225335598575
-0.660580425435894
-0.20150049353049537
-0.22183959940077647
0.2907652453966254
0.0812527878530136
-0.5727523571944422
0.5040459126082881
-0.4752713526843517
-0.2949535488665922
0.06533881421851273
-0.22000360638743122
0.8334840141365991
-0.5823309005249342
-0.005249077324691376
-0.3550266139351522
-0.532184433914461
0.3266345893076008
0.7538074428438164
-0.7288124698354064
0.5236482991469875
0.6397737938013559
0.1466974871351614
-0.40441009601441513
0.10197250644882327
0.03181654688068858
-0.30186773673155387
0.3578467785061452
0.21515237381755514
-0.7288124698354064
-0.47751240248337556
0.17687353297856556
-0.2775014722676825
0.0023033788184463333
-0.7995763773430203
0.5651066010234256
0.10661700574594346
-0.6277221986106674
-0.051814539404675064
-0.29581988998962416
-0.5243254427296409
0.11595029038830851
-0.12774529201364593
-0.18273314485982262
0.4136248091861865
0.43074086451095916
-0.6900051009691841
-0.6713163448653496
-0.32323352390300997
-0.25445127384206445
-0.4240844761153546
-0.7990202855058482
0.1878872370365754
-0.3868285254264209
-0.02129804662885937
0.7434450087685336
0.07441114164217666
0.0023033788184463333
-0.248174144730953
-0.10790592062712145
0.6511763713978895
0.3688483814513197
0.5996530552645891
-0.15407416402259666
0.38410017018968357
0.10894477798582014
-0.24367171443774183
0.23402646502835545
-0.26956939498062604
0.30130792418127017
0.23149641206395688
-0.2810110854716573
0.7042714188145702
-0.025547017322096077
-0.35914997458314135
-0.08269323301846032
-0.28625744551842214
-0.7004524484005781
0.02630482842587556
-0.5665514909371243
0.1915764239704325
0.13479598708720664
-0.7282169326457739
0.529726261945366
-0.42642397355335404
-0.6763318576855479
0.5542600378416951
-0.12774529201364593
0.4625940562809956
0.6397737938013559
0.5282047067203641
-0.22367301105311932
-0.7990202855058482
-0.6052580683399151
-0.3308370653113676
-0.42564464680195824
0.33877498263131556
0.2051809614600415
-0.2906129424864695
0.6413981577848107
-0.5904766091603915
0.4995547851891591
0.5822923888902904
0.6044184847182108
-0.19496226671127181
0.7076436889421205
-0.5679324038010175
0.32126866960651146
-0.5898000559683378
0.5070467349192387
-0.11885348161306009
-0.2615878624143295
-0.8248314881287693
-0.5293328257966281
-0.5336075886007068
0.7280132361425067
0.4321753601288074
-0.4655105898692178
-0.07452623356297217
0.2608467138560415
0.6349098104340762
-0.28625744551842214
0.6139891846520049
-0.10990295786426851
0.44948828203055213
-0.1482677404909465
-0.23371087565460957
0.36333810400720346
0.041791433788376686
0.1514848858677602
0.552716183958164
-0.46927429105512874
-0.15600405476247103
0.4684525291122039
-0.5228907555907929
-0.28363696794698656
-0.08675860400157498
0.07327399253626421
0.4817106272969893
0.13716866708876396
0.24673971872083067
0.24036993115648508
0.1805358243401205
0.3026307698082409
-0.4518613186922448
0.10429291814752295
-0.1836778752416921
0.6397737938013559
-0.373067204836513
-0.12182391352676936
-0.23371087565460957
-0.36079547421702407
-0.4240844761153546
-0.17610109700370613
-0.0621842786187603
0.21515237381755514
-0.09081196058946772
-0.0621842786187603
0.37992618597533534
-0.43031304103119383
0.31325390993428215
-0.35914997458314135
-0.5679324038010175
-0.5214542817929926
0.10661700574594346
-0.2391535523824997
-0.4647564089808641
-0.24367171443774183
-0.14146164928696825
-0.8994787608968796
-0.5192962138032153
-0.8095342093199343
0.42358726964617355
-0.4722766355814281
0.10545450191355843
-0.15600405476247103
0.11712112423777077
0.06646975425330814
-0.24727491326800355
0.8208579866511418
-0.6643817465505362
-0.46022120041734094
0.009896330704979084
-0.5435205214430148
0.019718727342207254
0.16231304286797577
0.3564768969189669
0.2226740371736915
0.6139891846520049
-0.1336408317580341
0.10661700574594346
0.5651066010234256
0.08697883124937733
-0.6943193400294442
-0.34756977779577924
-0.42564464680195824
0.07441114164217666
0.3079333486396698
0.0630795816870442
-0.1930882230354919
-0.35337341349365414
-0.8573686542342485
0.09618750214474447
-0.025547017322096077
-0.15503945749692416
0.6446514528482061
0.11712112423777077
0.842556207521926
0.33336774260147006
-0.5477427691870873
0.3578467785061452
0.36333810400720346
-0.23371087565460957
0.1312440737542051
-0.1588936768302981
0.4980604304045775
0.44225228036045316
0.5312491966401995
DEGREE_RANK
0.4540942928039702
0.7369727047146402
0.6377171215880892
-0.9602977667493796
-0.7617866004962779
-0.141439205955335
0.18114143920595538
-0.7568238213399504
-0.8709677419354839
-0.8660049627791563
0.7419354838709677
0.7468982630272953
-0.30024813895781644
0.45905707196029777
0.8461538461538463
-0.1364764267990074
0.46401985111662536
-0.8610421836228288
-0.13151364764267992
0.8511166253101738
0.037220843672456594
-0.4789081885856079
0.18610421836228275
0.042183622828784184
0.3399503722084367
-0.47394540942928043
-0.12655086848635233
-0.6426799007444168
0.3449131513647643
0.047146401985111774
-0.7518610421836228
-0.7468982630272953
-0.12158808933002485
0.4689826302729527
0.8560794044665014
-0.9205955334987593
-0.6377171215880894
0.7518610421836229
-0.46898263027295284
0.19106699751861034
-0.46401985111662525
0.6426799007444168
0.9156327543424316
0.3498759305210919
-0.6327543424317619
-0.6277915632754343
-0.11662531017369726
0.19602977667493793
-0.29528535980148884
0.9751861042183623
-0.11166253101736967
-0.45905707196029777
-0.8560794044665012
-0.4540942928039702
-0.6228287841191067
-0.9553349875930521
-0.29032258064516137
-0.6178660049627791
-0.9503722084367245
0.3548387096774195
-0.8511166253101737
0.9205955334987592
0.05210918114143914
0.3598014888337471
0.36476426799007444
0.7568238213399503
0.20099255583126552
0.2059553349875931
0.6476426799007444
0.4739454094292803
0.6526054590570718
0.6575682382133994
0.4789081885856079
0.7617866004962779
-0.8461538461538461
-0.4491315136476426
-0.8411910669975187
0.36972704714640203
-0.6129032258064516
0.21091811414392048
-0.10669975186104219
-0.2853598014888338
0.21588089330024807
-0.8362282878411911
-0.2803970223325062
-0.1017369727047146
0.22084367245657566
0.3746898263027294
0.05707196029776673
0.8610421836228288
-0.607940446650124
-0.4441687344913151
-0.09677419354838712
0.22580645161290325
0.06203473945409432
-0.43920595533498763
-0.2754342431761787
0.23076923076923084
0.4838709677419355
-0.7419354838709677
-0.6029776674937966
-0.43424317617866015
0.662531017369727
-0.2704714640198511
0.6674937965260546
0.4888337468982631
0.49379652605459046
0.379652605459057
0.9255583126550868
0.8660049627791564
-0.598014888337469
0.49875930521091805
-0.7369727047146402
-0.26550868486352364
0.3846153846153846
0.2357320099255582
-0.42928039702233256
0.5037220843672456
-0.9156327543424317
-0.8312655086848635
-0.26054590570719605
-0.5930521091811415
0.7667493796526055
-0.5880893300248139
0.6724565756823822
-0.25558312655086846
-0.250620347394541
0.2406947890818858
-0.09181141439205953
-0.9950372208436724
0.06699751861042191
-1.0
-0.5831265508684864
0.5086848635235732
-0.08684863523573194
-0.826302729528536
0.6774193548387095
-0.08188585607940446
0.5136476426799008
-0.8213399503722084
0.38957816377171217
-0.07692307692307687
-0.8163771712158809
-0.07196029776674928
-0.8114143920595533
0.2456575682382134
0.0719602977667495
-0.5781637717121588
-0.2456575682382134
0.250620347394541
-0.9801488833746899
0.25558312655086857
-0.5732009925558312
0.5186104218362284
0.5235732009925558
0.26054590570719594
0.9801488833746899
0.5285359801488834
-0.2406947890818858
0.9900744416873448
-0.42431761786600497
0.39454094292803954
-0.7320099255583126
-0.4193548387096775
0.39950372208436713
0.0769230769230771
-0.5682382133995036
0.9305210918114144
0.7717121588089331
0.08188585607940446
0.533498759305211
-0.9454094292803971
0.2655086848635235
-0.4143920595533499
0.6823821339950371
-0.7270471464019851
0.5384615384615385
0.08684863523573205
0.09181141439205964
-0.23573200992555832
-0.5632754342431762
0.5434243176178661
-0.4094292803970223
-0.5583126550868487
-0.9404466501240695
0.6873449131513647
0.4044665012406947
-0.7220843672456576
0.6923076923076923
0.5483870967741935
0.2704714640198511
-0.40446650124069483
-0.39950372208436724
0.5533498759305211
-0.5533498759305211
-0.23076923076923073
0.6972704714640199
-0.5483870967741935
-0.5434243176178659
-0.9106699751861043
0.5583126550868487
-0.22580645161290325
-0.9057071960297767
0.5632754342431763
-0.71712158808933
-0.39454094292803976
-0.22084367245657566
0.09677419354838723
0.7766749379652607
-0.9007444168734491
0.4094292803970223
0.4143920595533499
-0.7121588089330024
0.9950372208436724
0.870967741935484
-0.38957816377171217
-0.707196029776675
0.781637717121588
-0.7022332506203475
0.2754342431761787
-0.9900744416873449
0.41935483870967727
0.2803970223325063
0.10173697270471482
0.7866004962779156
-0.3846153846153846
-0.3796526054590571
0.5682382133995039
-0.0669975186104218
0.7915632754342432
0.42431761786600486
0.9354838709677418
-0.8957816377171216
-0.3746898263027295
0.7965260545905708
0.8014888337468984
-0.9751861042183623
-0.9702233250620347
0.10669975186104219
-0.6972704714640199
-0.21588089330024807
-0.8064516129032258
0.8064516129032258
0.8759305210918114
0.42928039702233245
0.8808933002481389
-0.6923076923076923
-0.06203473945409432
0.11166253101736978
0.5732009925558312
0.11662531017369737
0.5781637717121588
-0.36972704714640203
-0.057071960297766844
-0.6873449131513647
0.12158808933002496
0.8858560794044663
-0.052109181141439254
-0.2109181141439206
-0.5384615384615384
-0.205955334987593
-0.04714640198511166
-0.20099255583126552
-0.6823821339950372
0.9404466501240694
-0.19602977667493793
0.5831265508684864
-0.042183622828784184
-0.19106699751861034
-0.8014888337468983
-0.037220843672456594
-0.7965260545905708
0.2853598014888339
0.8908188585607939
0.8114143920595533
0.12655086848635233
0.8163771712158809
0.43424317617866004
-0.9652605459057072
-0.533498759305211
0.1315136476426797
-0.7915632754342432
-0.18610421836228297
0.43920595533498763
-0.18114143920595538
0.1364764267990073
-0.935483870967742
-0.36476426799007444
-0.032258064516129115
0.29032258064516125
-0.35980148883374685
0.14143920595533488
-0.7866004962779156
0.7022332506203472
-0.890818858560794
-0.3548387096774194
0.588089330024814
0.5930521091811416
-0.5285359801488834
-0.3498759305210918
-0.781637717121588
-0.1761786600496278
0.7071960297766748
-0.5235732009925558
-0.5186104218362283
-0.027295285359801524
0.444168734491315
-0.3449131513647642
0.29528535980148884
0.8213399503722085
0.598014888337469
0.30024813895781644
0.7121588089330024
0.71712158808933
0.8263027295285361
0.6029776674937966
0.305210918114144
-0.3399503722084367
-0.1712158808933003
-0.9305210918114144
-0.5136476426799008
-0.16625310173697272
-0.6774193548387097
0.8312655086848635
-0.022332506203473934
0.6079404466501241
0.945409429280397
0.9503722084367245
0.8957816377171215
0.9553349875930521
-0.017369727047146455
-0.5086848635235732
-0.012406947890818865
-0.007444168734491274
-0.3349875930521091
-0.002481389578163795
-0.6724565756823822
-0.6674937965260546
-0.662531017369727
0.14640198511166247
0.002481389578163684
0.6129032258064517
0.3101736972704716
-0.5037220843672456
1.0
0.007444168734491274
0.9602977667493797
-0.16129032258064524
-0.7766749379652605
-0.33002481389578164
0.315136476426799
0.15136476426799006
-0.32506203473945405
-0.6575682382133996
-0.49875930521091816
-0.9851116625310173
0.012406947890818865
-0.8858560794044665
0.9007444168734491
-0.32009925558312646
0.017369727047146455
-0.15632754342431765
0.7220843672456576
0.022332506203474045
-0.49379652605459057
-0.15136476426799006
-0.488833746898263
0.027295285359801413
0.6178660049627793
0.032258064516129004
0.6228287841191069
0.9851116625310175
0.9652605459057071
0.9057071960297767
0.3200992555831266
0.32506203473945416
0.910669975186104
0.7270471464019852
0.6277915632754341
-0.9255583126550868
-0.771712158808933
-0.7667493796526055
0.7320099255583126
0.33002481389578175
-0.3151364764267991
-0.4838709677419355
-0.652605459057072
-0.8808933002481389
0.15632754342431743
0.9702233250620347
0.6327543424317617
0.16129032258064502
-0.6476426799007444
0.1662531017369726
0.8362282878411911
-0.8759305210918114
0.8411910669975187
-0.3101736972704715
-0.14640198511166258
0.4491315136476426
0.1712158808933002
-0.3052109181141439
0.33498759305210934
0.1761786600496278
EIGENVECTOR_RANK
0.870967741935484
-0.26054590570719605
0.6674937965260546
-0.022332506203473934
0.10669975186104219
0.533498759305211
-0.781637717121588
-0.8858560794044665
0.09677419354838723
0.017369727047146455
0.7369727047146402
-0.3101736972704715
0.5831265508684864
0.23076923076923084
0.8064516129032258
-0.6327543424317619
-0.5682382133995036
0.032258064516129004
-0.11662531017369726
0.3200992555831266
-0.4491315136476426
-0.07196029776674928
-0.4441687344913151
-0.46898263027295284
0.5086848635235732
0.4739454094292803
0.5533498759305211
0.20099255583126552
0.7022332506203472
-0.06203473945409432
0.662531017369727
-0.771712158808933
0.047146401985111774
0.2754342431761787
0.4143920595533499
-0.9255583126550868
0.2655086848635235
0.7518610421836229
-0.8957816377171216
0.8610421836228288
0.5434243176178661
-0.2704714640198511
0.9652605459057071
0.6228287841191069
0.6426799007444168
-0.6575682382133996
-0.3548387096774194
-0.6724565756823822
0.32506203473945416
0.8114143920595533
-0.23076923076923073
0.588089330024814
0.08684863523573205
0.8163771712158809
-0.652605459057072
-0.2754342431761787
0.027295285359801413
0.33002481389578175
-0.9454094292803971
0.1315136476426797
-0.7667493796526055
0.9851116625310175
-0.39454094292803976
0.6029776674937966
-0.7270471464019851
0.8759305210918114
-0.3846153846153846
0.18610421836228275
0.945409429280397
0.8957816377171215
0.7320099255583126
-0.2406947890818858
-0.037220843672456594
0.19602977667493793
-0.9404466501240695
-0.8808933002481389
-0.42431761786600497
0.3498759305210919
0.26054590570719594
-0.35980148883374685
-0.21588089330024807
0.45905707196029777
-0.8312655086848635
-0.607940446650124
0.2059553349875931
0.5384615384615385
0.6129032258064517
-0.16129032258064524
-0.3449131513647642
-0.26550868486352364
-0.032258064516129115
-0.5583126550868487
0.0719602977667495
-0.4094292803970223
0.598014888337469
-0.7320099255583126
-0.5831265508684864
0.7617866004962779
0.12655086848635233
-0.6774193548387097
0.2704714640198511
0.43920595533498763
0.910669975186104
0.037220843672456594
-0.18114143920595538
0.8808933002481389
-0.42928039702233256
-0.7617866004962779
-0.09181141439205953
-0.1761786600496278
0.3101736972704716
0.2406947890818858
-0.49379652605459057
0.38957816377171217
0.22580645161290325
0.6575682382133994
-0.38957816377171217
0.7965260545905708
-0.9652605459057072
-0.935483870967742
0.49379652605459046
0.15632754342431743
-0.10669975186104219
0.5583126550868487
0.29032258064516125
-0.8114143920595533
0.6079404466501241
-0.5285359801488834
0.06699751861042191
-0.04714640198511166
-0.18610421836228297
-0.8064516129032258
-0.71712158808933
-0.14640198511166258
-0.5186104218362283
0.1662531017369726
-0.250620347394541
0.5285359801488834
0.2803970223325063
-0.9205955334987593
-0.3052109181141439
-0.22084367245657566
0.012406947890818865
0.5136476426799008
-0.9900744416873449
-0.4143920595533499
0.05707196029776673
-0.7866004962779156
-0.8560794044665012
-0.8014888337468983
-0.6426799007444168
0.3399503722084367
0.1761786600496278
0.5930521091811416
0.8858560794044663
-0.7518610421836228
0.9553349875930521
0.379652605459057
-0.6228287841191067
0.9702233250620347
0.14640198511166247
0.7568238213399503
-0.5781637717121588
-0.43424317617866015
-0.46401985111662525
-0.33002481389578164
-0.5632754342431762
0.8213399503722085
0.8014888337468984
-0.5434243176178659
0.46401985111662536
-0.1364764267990074
0.10173697270471482
0.39454094292803954
-0.30024813895781644
-0.9602977667493796
0.4689826302729527
0.6476426799007444
0.781637717121588
-0.5880893300248139
-0.707196029776675
0.305210918114144
-0.6029776674937966
-0.141439205955335
-0.057071960297766844
0.6724565756823822
-0.36972704714640203
-0.9503722084367245
-0.7568238213399504
0.6277915632754341
0.8511166253101738
-0.7220843672456576
-0.6972704714640199
0.9057071960297767
-0.533498759305211
0.5682382133995039
0.8362282878411911
-0.205955334987593
-0.017369727047146455
-0.7419354838709677
0.3548387096774195
0.4789081885856079
-0.9751861042183623
0.4888337468982631
0.12158808933002496
-0.8163771712158809
0.4094292803970223
0.4491315136476426
-0.25558312655086846
-0.027295285359801524
-0.12655086848635233
0.7667493796526055
0.1712158808933002
0.9950372208436724
-0.08684863523573194
-0.8213399503722084
-0.8709677419354839
0.29528535980148884
0.49875930521091805
-0.5086848635235732
-0.5384615384615384
0.2456575682382134
-0.7121588089330024
-0.8461538461538461
0.7468982630272953
0.5632754342431763
-0.598014888337469
0.18114143920595538
0.7270471464019852
0.7121588089330024
-0.5037220843672456
0.9602977667493797
-1.0
-0.7468982630272953
-0.3151364764267991
0.7419354838709677
-0.6377171215880894
-0.5235732009925558
0.6923076923076923
0.5037220843672456
0.4540942928039702
0.11662531017369737
0.8461538461538463
0.7866004962779156
-0.6823821339950372
-0.20099255583126552
-0.012406947890818865
0.36972704714640203
0.11166253101736978
-0.3498759305210918
-0.5483870967741935
-0.3746898263027295
-0.45905707196029777
0.7220843672456576
-0.9007444168734491
-0.5732009925558312
-0.08188585607940446
-0.22580645161290325
-0.002481389578163795
-0.7915632754342432
-0.6674937965260546
-0.052109181141439254
0.41935483870967727
0.19106699751861034
0.7915632754342432
-0.7369727047146402
0.7766749379652607
-0.6178660049627791
-0.8411910669975187
-0.32506203473945405
0.5781637717121588
0.15136476426799006
0.16129032258064502
0.71712158808933
0.3449131513647643
0.444168734491315
0.9404466501240694
-0.7965260545905708
-0.4540942928039702
-0.8511166253101737
-0.39950372208436724
-0.29528535980148884
-0.07692307692307687
0.22084367245657566
-0.4838709677419355
-0.19106699751861034
-0.11166253101736967
0.315136476426799
0.0769230769230771
-0.3796526054590571
-0.007444168734491274
0.6774193548387095
-0.9851116625310173
0.8908188585607939
-0.09677419354838712
0.21091811414392048
0.6873449131513647
-0.43920595533498763
-0.9156327543424317
0.33498759305210934
0.43424317617866004
-0.13151364764267992
0.9156327543424316
-0.8610421836228288
-0.32009925558312646
-0.0669975186104218
-0.2456575682382134
-0.488833746898263
-0.3349875930521091
-0.19602977667493793
0.8660049627791564
0.05210918114143914
0.6823821339950371
-0.47394540942928043
0.9305210918114144
-0.23573200992555832
-0.3399503722084367
-0.6129032258064516
0.007444168734491274
0.14143920595533488
-0.9801488833746899
-0.4193548387096775
-0.4789081885856079
0.8312655086848635
0.8560794044665014
0.6178660049627793
0.9503722084367245
0.3846153846153846
0.39950372208436713
0.9900744416873448
0.4838709677419355
0.30024813895781644
-0.826302729528536
-0.2109181141439206
0.42928039702233245
0.5732009925558312
-0.8759305210918114
0.3746898263027294
-0.5136476426799008
-0.40446650124069483
-0.6873449131513647
-0.12158808933002485
0.250620347394541
-0.16625310173697272
1.0
-0.7766749379652605
0.9801488833746899
-0.662531017369727
-0.9950372208436724
-0.9702233250620347
-0.6476426799007444
0.6526054590570718
0.4044665012406947
0.2357320099255582
0.6377171215880892
-0.042183622828784184
0.5186104218362284
-0.9057071960297767
-0.1712158808933003
-0.8362282878411911
-0.7022332506203475
0.002481389578163684
0.9205955334987592
0.09181141439205964
-0.890818858560794
0.022332506203474045
-0.9106699751861043
0.5235732009925558
0.7717121588089331
-0.6277915632754343
0.9354838709677418
-0.15632754342431765
0.9751861042183623
0.42431761786600486
-0.36476426799007444
-0.5533498759305211
0.8411910669975187
0.9255583126550868
0.6972704714640199
0.25558312655086857
-0.9553349875930521
-0.29032258064516137
0.1364764267990073
-0.5930521091811415
0.5483870967741935
-0.8660049627791563
0.36476426799007444
-0.9305210918114144
-0.15136476426799006
0.8263027295285361
-0.6923076923076923
-0.2803970223325062
0.21588089330024807
0.042183622828784184
0.9007444168734491
-0.49875930521091816
-0.1017369727047146
0.3598014888337471
0.6327543424317617
-0.2853598014888338
0.08188585607940446
0.06203473945409432
0.2853598014888339
0.7071960297766748
CENT_RANK
0.10669975186104219
-0.002481389578163795
-0.30024813895781644
-0.5732009925558312
-0.5930521091811415
-0.6476426799007444
-0.488833746898263
-0.9404466501240695
-0.5831265508684864
-0.45905707196029777
-0.35980148883374685
-0.18114143920595538
-0.4540942928039702
0.6327543424317617
0.06203473945409432
-0.7766749379652605
0.5483870967741935
0.10173697270471482
0.9602977667493797
0.33498759305210934
-0.19602977667493793
-0.2704714640198511
-0.09181141439205953
0.5285359801488834
0.4789081885856079
0.1315136476426797
-0.6327543424317619
-0.39454094292803976
-0.3846153846153846
0.598014888337469
-0.022332506203473934
-0.8312655086848635
0.945409429280397
-0.11662531017369726
0.3846153846153846
-0.9454094292803971
-0.9156327543424317
-0.052109181141439254
-0.8759305210918114
0.71712158808933
-0.4193548387096775
-0.007444168734491274
0.5533498759305211
0.6575682382133994
0.9205955334987592
0.3449131513647643
0.8213399503722085
-0.012406947890818865
0.9702233250620347
0.1662531017369726
-0.4143920595533499
-0.33002481389578164
-0.43920595533498763
0.7965260545905708
0.3498759305210919
-0.8560794044665012
-0.21588089330024807
-0.7568238213399504
-0.9503722084367245
0.8560794044665014
0.08684863523573205
0.45905707196029777
0.38957816377171217
0.8461538461538463
-0.4838709677419355
0.0719602977667495
0.19106699751861034
0.6674937965260546
0.36476426799007444
0.41935483870967727
-0.23573200992555832
-0.1017369727047146
0.9950372208436724
-0.07692307692307687
-0.5235732009925558
-0.781637717121588
0.46401985111662536
0.047146401985111774
-0.9106699751861043
-0.4491315136476426
0.8610421836228288
0.017369727047146455
-0.8610421836228288
-0.5037220843672456
0.9851116625310175
-0.6873449131513647
0.6029776674937966
0.08188585607940446
0.7766749379652607
-0.1364764267990074
-0.7915632754342432
0.6377171215880892
0.8908188585607939
0.8263027295285361
-0.36972704714640203
-0.826302729528536
-0.49379652605459057
0.7071960297766748
0.14640198511166247
0.2853598014888339
-0.017369727047146455
-0.7121588089330024
0.7270471464019852
1.0
0.6426799007444168
0.4540942928039702
-0.3796526054590571
-0.26550868486352364
0.3598014888337471
-0.06203473945409432
0.5037220843672456
0.25558312655086857
-0.5583126550868487
0.1761786600496278
-0.12655086848635233
0.2655086848635235
-0.32506203473945405
0.4491315136476426
-0.71712158808933
-0.9801488833746899
-0.22084367245657566
0.9156327543424316
0.5632754342431763
-0.16129032258064524
-0.07196029776674928
-0.6426799007444168
0.2704714640198511
0.5235732009925558
-0.1761786600496278
-0.9950372208436724
0.8808933002481389
-1.0
-0.7965260545905708
0.6724565756823822
-0.5632754342431762
0.910669975186104
-0.09677419354838712
-0.662531017369727
0.7022332506203472
-0.36476426799007444
-0.1712158808933003
-0.4094292803970223
0.4888337468982631
-0.7270471464019851
-0.8163771712158809
0.43424317617866004
0.9900744416873448
0.05210918114143914
-0.6823821339950372
-0.22580645161290325
-0.8511166253101737
0.6526054590570718
0.6873449131513647
-0.6377171215880894
0.4094292803970223
0.11166253101736978
0.42928039702233245
0.032258064516129004
0.30024813895781644
0.315136476426799
-0.4789081885856079
0.23076923076923084
-0.027295285359801524
-0.5186104218362283
0.5136476426799008
0.781637717121588
0.5384615384615385
0.002481389578163684
0.26054590570719594
0.12158808933002496
0.5781637717121588
-0.6774193548387097
0.06699751861042191
0.9057071960297767
0.9354838709677418
-0.5086848635235732
0.5831265508684864
0.444168734491315
0.6178660049627793
0.6228287841191069
0.2754342431761787
-0.057071960297766844
-0.7468982630272953
-0.2754342431761787
-0.598014888337469
-0.29528535980148884
0.20099255583126552
-0.8808933002481389
-0.26054590570719605
-0.2853598014888338
0.4689826302729527
0.1712158808933002
-0.8213399503722084
0.7468982630272953
-0.7022332506203475
-0.46401985111662525
0.1364764267990073
-0.2803970223325062
0.9751861042183623
-0.8362282878411911
0.027295285359801413
-0.5384615384615384
-0.7617866004962779
0.5186104218362284
0.9553349875930521
-0.935483870967742
0.7568238213399503
0.8660049627791564
0.305210918114144
-0.5880893300248139
0.19602977667493793
0.09677419354838723
-0.47394540942928043
0.5682382133995039
0.3746898263027294
-0.9305210918114144
-0.707196029776675
0.32506203473945416
-0.39950372208436724
0.037220843672456594
-0.9652605459057072
0.8014888337468984
0.21588089330024807
-0.8709677419354839
-0.032258064516129115
-0.46898263027295284
-0.7419354838709677
0.2406947890818858
-0.14640198511166258
-0.2406947890818858
0.6476426799007444
0.6774193548387095
-0.9007444168734491
-0.890818858560794
-0.49875930521091816
-0.3548387096774194
-0.607940446650124
-0.9602977667493796
0.3399503722084367
-0.5781637717121588
0.022332506203474045
0.9503722084367245
0.15632754342431743
0.042183622828784184
-0.3498759305210918
-0.10669975186104219
0.9007444168734491
0.6079404466501241
0.8163771712158809
-0.18610421836228297
0.6277915632754341
0.2357320099255582
-0.3399503722084367
0.4044665012406947
-0.38957816377171217
0.4739454094292803
0.39950372208436713
-0.40446650124069483
0.9255583126550868
0.007444168734491274
-0.5483870967741935
-0.0669975186104218
-0.43424317617866015
-0.9205955334987593
0.09181141439205964
-0.8014888337468983
0.3548387096774195
0.29032258064516125
-0.9255583126550868
0.7667493796526055
-0.6228287841191067
-0.8957816377171216
0.7915632754342432
-0.141439205955335
0.7121588089330024
0.870967741935484
0.7617866004962779
-0.29032258064516137
-0.9553349875930521
-0.8660049627791563
-0.5136476426799008
-0.6178660049627791
0.5434243176178661
0.36972704714640203
-0.4441687344913151
0.8858560794044663
-0.8461538461538461
0.7419354838709677
0.8114143920595533
0.8312655086848635
-0.25558312655086846
0.9305210918114144
-0.8114143920595533
0.5086848635235732
-0.8411910669975187
0.7518610421836229
-0.12158808933002485
-0.3746898263027295
-0.9751861042183623
-0.7518610421836228
-0.7667493796526055
0.9404466501240694
0.6823821339950371
-0.6724565756823822
-0.04714640198511166
0.43920595533498763
0.8511166253101738
-0.42928039702233256
0.8362282878411911
-0.11166253101736967
0.6972704714640199
-0.16625310173697272
-0.3151364764267991
0.588089330024814
0.11662531017369737
0.3101736972704716
0.7866004962779156
-0.6923076923076923
-0.205955334987593
0.7220843672456576
-0.7369727047146402
-0.42431761786600497
-0.08188585607940446
0.15136476426799006
0.7320099255583126
0.29528535980148884
0.42431761786600486
0.4143920595533499
0.33002481389578175
0.4838709677419355
-0.652605459057072
0.2059553349875931
-0.2456575682382134
0.8759305210918114
-0.5682382133995036
-0.13151364764267992
-0.3101736972704715
-0.5533498759305211
-0.6029776674937966
-0.23076923076923073
-0.042183622828784184
0.379652605459057
-0.08684863523573194
-0.037220843672456594
0.6129032258064517
-0.6277915632754343
0.49875930521091805
-0.5434243176178659
-0.8064516129032258
-0.7320099255583126
0.22084367245657566
-0.32009925558312646
-0.6674937965260546
-0.3349875930521091
-0.15632754342431765
-0.9900744416873449
-0.7220843672456576
-0.9702233250620347
0.662531017369727
-0.6972704714640199
0.21091811414392048
-0.20099255583126552
0.2456575682382134
0.14143920595533488
-0.3449131513647642
0.9652605459057071
-0.8858560794044665
-0.6575682382133996
0.05707196029776673
-0.771712158808933
0.0769230769230771
0.3200992555831266
0.5583126550868487
0.39454094292803954
0.8411910669975187
-0.15136476426799006
0.22580645161290325
0.8064516129032258
0.18114143920595538
-0.9057071960297767
-0.5285359801488834
-0.6129032258064516
0.16129032258064502
0.49379652605459046
0.12655086848635233
-0.250620347394541
-0.533498759305211
-0.9851116625310173
0.18610421836228275
0.012406947890818865
-0.19106699751861034
0.8957816377171215
0.250620347394541
0.9801488833746899
0.533498759305211
-0.7866004962779156
0.5732009925558312
0.5930521091811416
-0.3052109181141439
0.2803970223325063
-0.2109181141439206
0.7369727047146402
0.6923076923076923
0.7717121588089331
RANK
131
129
355
387
119
298
357
220
237
278
58
35
7
205
215
268
263
36
78
379
232
271
233
366
187
38
223
279
82
55
150
286
294
199
31
95
192
144
292
348
265
132
90
395
75
15
369
300
202
57
299
182
226
320
349
143
356
118
101
216
194
359
317
85
148
171
303
352
137
367
330
5
125
153
26
345
270
281
381
236
338
184
4
209
8
239
3
334
134
112
337
260
347
201
386
380
74
163
280
175
83
234
96
6
64
160
212
225
195
9
12
79
284
52
262
307
321
40
50
141
257
218
27
254
28
106
297
94
139
10
235
244
364
252
353
51
116
351
312
336
398
2
185
277
189
197
183
21
107
188
290
385
332
229
70
339
149
120
56
400
318
361
20
390
249
11
128
140
311
123
354
375
228
273
89
335
114
296
33
309
245
71
136
22
342
322
73
124
261
109
181
37
304
340
343
224
162
30
100
47
41
1
167
259
389
81
240
200
157
219
243
77
147
368
14
172
65
370
87
60
264
211
17
0
155
314
169
384
25
196
363
98
323
242
382
49
191
113
378
388
66
210
186
331
360
222
350
376
161
251
227
362
392
111
168
115
126
180
399
99
267
325
158
208
315
159
371
217
328
19
238
45
54
266
108
68
283
214
341
34
62
373
256
253
154
327
69
326
156
145
305
177
117
105
61
76
190
255
24
329
142
383
346
110
293
164
203
127
23
394
166
282
16
42
372
122
213
396
170
176
313
397
29
86
247
344
178
179
250
13
91
104
230
151
43
358
67
133
231
302
152
402
310
138
97
274
39
319
102
324
401
287
193
295
206
276
269
403
88
165
316
272
53
221
377
288
248
46
93
289
308
374
63
306
59
80
207
275
333
130
285
92
391
246
173
135
121
44
258
291
174
301
32
241
204
18
365
48
198
393
84
146
72
103
