DEGREE
0.7142857142857142
0.1428571428571428
-1.0
0.4285714285714286
-0.1428571428571429
0.0
0.4285714285714286
-0.4285714285714286
-0.5714285714285714
-1.0
0.2857142857142858
0.1428571428571428
-0.7142857142857143
0.1428571428571428
0.7142857142857142
-0.5714285714285714
0.4285714285714286
0.1428571428571428
0.0
-0.4285714285714286
0.1428571428571428
0.2857142857142858
-0.2857142857142857
-1.0
0.1428571428571428
0.8571428571428572
0.1428571428571428
-0.1428571428571429
-0.4285714285714286
0.1428571428571428
-0.1428571428571429
-0.8571428571428572
0.8571428571428572
0.0
-0.4285714285714286
-0.4285714285714286
1.0
0.7142857142857142
-0.2857142857142857
-0.5714285714285714
0.8571428571428572
-0.7142857142857143
-0.8571428571428572
-0.1428571428571429
0.5714285714285714
-0.1428571428571429
-0.2857142857142857
0.2857142857142858
0.7142857142857142
-0.8571428571428572
0.4285714285714286
0.7142857142857142
-0.8571428571428572
-0.4285714285714286
-0.1428571428571429
-0.4285714285714286
0.2857142857142858
0.1428571428571428
-0.4285714285714286
0.5714285714285714
0.4285714285714286
0.7142857142857142
0.0
0.1428571428571428
0.5714285714285714
0.8571428571428572
-0.8571428571428572
-0.1428571428571429
-0.7142857142857143
0.0
0.7142857142857142
0.7142857142857142
-0.1428571428571429
0.0
0.1428571428571428
0.7142857142857142
-0.8571428571428572
0.4285714285714286
0.0
-0.2857142857142857
0.1428571428571428
-0.8571428571428572
0.4285714285714286
-0.1428571428571429
-0.5714285714285714
0.7142857142857142
1.0
0.5714285714285714
-0.2857142857142857
0.1428571428571428
0.5714285714285714
0.0
-0.7142857142857143
0.2857142857142858
0.0
-0.1428571428571429
0.4285714285714286
0.7142857142857142
-1.0
-0.4285714285714286
0.7142857142857142
0.0
-0.5714285714285714
0.5714285714285714
EIGENVECTOR
0.6268901996893386
-0.5612618423096776
-0.873231015749347
0.031551525942789205
-0.3740505370486936
-0.7512865422979589
0.5104605237414725
-0.812756252400617
-0.8226158381980551
-0.9885572622366335
0.3176114139317425
-0.4770860757076596
-1.0
-0.182422033669826
0.2832734017271812
-0.9297593412940376
0.6357851196106306
-0.2710154101686123
-0.9589002731004659
-0.9919263811417219
-0.3936728310529799
-0.4264418303792672
-0.9910012984760999
-0.9885572622366338
-0.22128799588939008
0.6074076553612835
-0.374601213703461
-0.9787621605126677
-0.7409218575571306
-0.3537331980967696
-0.8004505960000057
-0.8930778754523799
1.0
-0.7028598227809857
-0.7657851520549037
-0.6808200552860177
0.1480959452166981
-0.10063668753552613
-0.7861818015766994
-0.992512312704988
0.5919044051168483
-0.8925617088596662
-0.8679764305707902
-0.9787621605126677
-0.08826258594820813
-0.7562969604028591
-0.6347110259292705
-0.509460789076035
0.8873405890860684
-0.9257766341378405
-0.16704733475306466
0.11461009770419861
-0.9479243644707959
-0.8097270770058647
-0.8623681829972486
-0.8746703321793278
-0.3223017278749485
-0.9577632558817788
-0.8408453612895913
0.4259401274942658
0.022850932633006416
0.7259552441933346
-0.64605694542222
-0.8442638516641104
-0.08025079202542562
0.9844976966840628
-0.9795916190170699
-0.31018188076848696
-0.9585408603130043
-0.5698459873933364
0.48809759601853786
0.20428114262778707
-0.47408244002305744
-0.6637700792385428
-0.23536417634952234
0.916455598541104
-0.9777150664272235
-0.2992782272539971
-0.3382729707776353
-0.9309384806837213
-0.5177752477688844
-0.9777150664272232
0.6357851196106301
-0.69293712516446
-0.9466045013951679
-0.08164476111586605
0.2697100720208898
0.6924280181116318
-0.5426700573835922
-0.3482332010330347
0.6858859661143526
0.12505119728420966
-0.9895393788167361
0.19899384546494492
-0.732618173325125
-0.5214758580118495
0.510460523741473
0.5208352631456281
-0.9908496997621418
-0.8698779721323031
0.8873405890860684
-0.9589002731004658
-0.9169261715455175
-0.11040073571623576
CENT
0.1733165563989123
-0.03521126760563398
-0.43142380967942207
0.6006003232509816
0.4885311871227367
-0.24452952126725436
0.12057614810677086
-0.5262198189134809
-0.5315725085479468
-0.9282684957327607
0.7960426921389936
0.2940878805768745
-0.8388896485710376
0.33316261203585174
0.8885226251123768
-0.6240009651054075
0.3135075513320893
0.28446499894891764
-0.35987764294598135
-0.78901240444656
-0.01956604491815761
0.06959865039821111
-0.7847483306211771
-0.9282684957327607
0.4038721493044961
0.9574413992983173
0.27489939637827
-0.5474884706468901
-0.02740974146767372
0.1733165563989123
0.0779762373121411
-0.24452952126725436
0.7577657727185032
-0.14018827993869942
-0.11833927849078785
-0.4769482498636466
0.49941688346640345
0.4885311871227367
-0.14018827993869942
-0.5683839881393623
0.9434593170533994
-0.3720852430497472
-0.3034695980762624
-0.5474884706468901
0.4038721493044961
-0.5889161053276177
0.08640075748609277
0.0779762373121411
0.49941688346640345
-0.39615575807787906
0.061267605633802846
-0.058366197183098434
-1.0
-0.1687973997833151
-0.47134863978390895
-0.7932595573440644
0.1119598949629983
-0.35373003571669226
-0.8469774157517638
0.10339218409045836
0.6239018268023988
0.9574413992983173
0.09487260642506712
0.04474359971986619
0.3935837245696405
1.0
-0.4021027573894068
-0.050689161708217245
-0.6770581648889149
-0.0429709625042477
0.8616345963102563
0.5662154746661787
0.33316261203585174
-0.19682562379352242
0.5662154746661787
0.5776024223516998
-0.7761690140845071
0.05298271624205064
-0.43142380967942207
-0.11098001622299247
-0.39018070688280615
-0.7761690140845071
0.3135075513320893
-0.11098001622299247
-0.6190533760502931
0.554902228907425
0.7577657727185032
0.9157947686116705
0.46696583285200144
0.1733165563989123
0.3833586132177682
0.3430797551265039
-0.573550713471199
0.7577657727185032
-0.5838166252416459
-0.050689161708217245
0.12057614810677086
0.9715248009797919
-0.8826112568949819
-0.48252240717029427
0.49941688346640345
-0.35987764294598135
-0.5422066768683049
0.4246413057785967
DEGREE_RANK
0.6699029126213594
0.04854368932038833
-1.0
0.3980582524271843
-0.3398058252427184
-0.1456310679611651
0.41747572815533984
-0.6116504854368932
-0.7087378640776698
-0.9805825242718447
0.30097087378640786
0.06796116504854366
-0.7864077669902912
0.08737864077669921
0.6893203883495145
-0.6893203883495145
0.4368932038834952
0.10679611650485454
-0.12621359223300976
-0.5922330097087378
0.12621359223300965
0.3203883495145632
-0.4368932038834953
-0.9611650485436893
0.14563106796116498
0.9029126213592231
0.16504854368932054
-0.3203883495145632
-0.5728155339805825
0.18446601941747565
-0.30097087378640786
-0.9223300970873787
0.9223300970873787
-0.10679611650485443
-0.5533980582524272
-0.5339805825242718
0.9805825242718447
0.7087378640776698
-0.41747572815533984
-0.6699029126213591
0.941747572815534
-0.7669902912621359
-0.9029126213592233
-0.2815533980582525
0.5533980582524272
-0.2621359223300972
-0.3980582524271845
0.3398058252427185
0.7281553398058254
-0.883495145631068
0.4563106796116505
0.7475728155339807
-0.8640776699029126
-0.5145631067961165
-0.24271844660194175
-0.49514563106796117
0.35922330097087385
0.20388349514563098
-0.47572815533980595
0.5728155339805825
0.47572815533980584
0.7669902912621358
-0.0873786407766991
0.22330097087378653
0.592233009708738
0.9611650485436893
-0.8446601941747572
-0.22330097087378653
-0.7475728155339806
-0.06796116504854377
0.7864077669902914
0.8058252427184467
-0.2038834951456311
-0.04854368932038844
0.24271844660194186
0.8252427184466018
-0.825242718446602
0.49514563106796117
-0.029126213592233108
-0.3786407766990292
0.26213592233009697
-0.8058252427184467
0.5145631067961165
-0.18446601941747587
-0.6504854368932039
0.8446601941747574
1.0
0.6116504854368932
-0.35922330097087385
0.2815533980582525
0.6310679611650485
-0.009708737864077777
-0.7281553398058253
0.3786407766990292
0.009708737864077444
-0.16504854368932043
0.533980582524272
0.8640776699029127
-0.941747572815534
-0.4563106796116505
0.883495145631068
0.02912621359223322
-0.6310679611650485
0.6504854368932038
EIGENVECTOR_RANK
0.8058252427184467
-0.04854368932038844
-0.49514563106796117
0.49514563106796117
0.14563106796116498
-0.24271844660194175
0.7087378640776698
-0.35922330097087385
-0.3786407766990292
-0.883495145631068
0.6504854368932038
0.04854368932038833
-1.0
0.3398058252427185
0.6310679611650485
-0.6116504854368932
0.8252427184466018
0.2815533980582525
-0.7281553398058253
-0.9611650485436893
0.10679611650485454
0.08737864077669921
-0.941747572815534
-0.8640776699029126
0.3203883495145632
0.7864077669902914
0.12621359223300965
-0.8058252427184467
-0.22330097087378653
0.16504854368932054
-0.3203883495145632
-0.5533980582524272
1.0
-0.18446601941747587
-0.2815533980582525
-0.1456310679611651
0.5533980582524272
0.3980582524271843
-0.30097087378640786
-0.9805825242718447
0.7669902912621358
-0.5339805825242718
-0.4563106796116505
-0.825242718446602
0.41747572815533984
-0.2621359223300972
-0.0873786407766991
0.02912621359223322
0.9223300970873787
-0.5922330097087378
0.35922330097087385
0.5145631067961165
-0.6699029126213591
-0.3398058252427184
-0.4368932038834953
-0.5145631067961165
0.22330097087378653
-0.6893203883495145
-0.3980582524271845
0.6699029126213594
0.47572815533980584
0.9029126213592231
-0.10679611650485443
-0.41747572815533984
0.4563106796116505
0.9805825242718447
-0.8446601941747572
0.24271844660194186
-0.7087378640776698
-0.06796116504854377
0.6893203883495145
0.592233009708738
0.06796116504854366
-0.12621359223300976
0.30097087378640786
0.9611650485436893
-0.7669902912621359
0.26213592233009697
0.20388349514563098
-0.6310679611650485
0.009708737864077444
-0.7864077669902912
0.8446601941747574
-0.16504854368932043
-0.6504854368932039
0.4368932038834952
0.6116504854368932
0.883495145631068
-0.029126213592233108
0.18446601941747565
0.8640776699029127
0.533980582524272
-0.9029126213592233
0.5728155339805825
-0.2038834951456311
-0.009708737864077777
0.7281553398058254
0.7475728155339807
-0.9223300970873787
-0.47572815533980595
0.941747572815534
-0.7475728155339806
-0.5728155339805825
0.3786407766990292
CENT_RANK
0.24271844660194186
-0.04854368932038844
-0.49514563106796117
0.7475728155339807
0.5728155339805825
-0.30097087378640786
0.20388349514563098
-0.5728155339805825
-0.5922330097087378
-0.9805825242718447
0.8446601941747574
0.3398058252427185
-0.9029126213592233
0.3980582524271843
0.883495145631068
-0.7669902912621359
0.35922330097087385
0.3203883495145632
-0.3786407766990292
-0.8640776699029126
-0.009708737864077777
0.06796116504854366
-0.8446601941747572
-0.9611650485436893
0.49514563106796117
0.941747572815534
0.30097087378640786
-0.6504854368932039
-0.029126213592233108
0.26213592233009697
0.08737864077669921
-0.2815533980582525
0.7864077669902914
-0.22330097087378653
-0.18446601941747587
-0.5339805825242718
0.6116504854368932
0.592233009708738
-0.2038834951456311
-0.6699029126213591
0.9223300970873787
-0.3980582524271845
-0.3203883495145632
-0.6310679611650485
0.5145631067961165
-0.7281553398058253
0.12621359223300965
0.10679611650485454
0.6310679611650485
-0.4368932038834953
0.04854368932038833
-0.12621359223300976
-1.0
-0.24271844660194175
-0.5145631067961165
-0.883495145631068
0.18446601941747565
-0.3398058252427184
-0.9223300970873787
0.16504854368932054
0.7669902912621358
0.9611650485436893
0.14563106796116498
0.009708737864077444
0.47572815533980584
1.0
-0.4563106796116505
-0.10679611650485443
-0.7864077669902912
-0.06796116504854377
0.8640776699029127
0.6893203883495145
0.41747572815533984
-0.2621359223300972
0.7087378640776698
0.7281553398058254
-0.825242718446602
0.02912621359223322
-0.47572815533980595
-0.16504854368932043
-0.41747572815533984
-0.8058252427184467
0.3786407766990292
-0.1456310679611651
-0.7475728155339806
0.6699029126213594
0.8058252427184467
0.9029126213592231
0.5533980582524272
0.2815533980582525
0.4563106796116505
0.4368932038834952
-0.6893203883495145
0.8252427184466018
-0.7087378640776698
-0.0873786407766991
0.22330097087378653
0.9805825242718447
-0.941747572815534
-0.5533980582524272
0.6504854368932038
-0.35922330097087385
-0.6116504854368932
0.533980582524272
RANK
52
9
23
98
58
12
55
19
22
76
81
68
15
84
45
94
92
39
27
43
102
8
7
99
35
54
2
78
66
49
80
41
18
101
57
42
5
31
73
53
33
38
34
79
83
51
67
95
69
1
28
20
63
77
50
21
30
47
46
62
59
56
6
96
0
29
89
26
17
11
16
82
13
72
91
90
64
24
44
103
88
4
37
36
48
100
85
71
74
75
3
60
32
86
93
10
70
14
87
40
25
61
97
65
