DEGREE
-0.23529411764705888
0.05882352941176472
-0.11764705882352944
0.2941176470588236
0.6470588235294117
0.588235294117647
0.05882352941176472
-0.5294117647058824
0.41176470588235303
0.17647058823529416
-0.5294117647058824
0.47058823529411775
0.2941176470588236
-0.4117647058823529
-0.17647058823529416
0.11764705882352944
0.05882352941176472
-0.23529411764705888
-0.7647058823529411
-0.17647058823529416
-0.3529411764705882
-0.05882352941176472
-0.4117647058823529
0.588235294117647
0.47058823529411775
0.17647058823529416
0.3529411764705883
0.17647058823529416
-0.11764705882352944
-0.11764705882352944
0.47058823529411775
0.2941176470588236
0.2941176470588236
0.5294117647058822
-0.05882352941176472
-0.17647058823529416
-0.05882352941176472
0.8823529411764706
0.11764705882352944
-0.3529411764705882
-0.05882352941176472
0.3529411764705883
-0.47058823529411764
-0.5294117647058824
0.05882352941176472
-0.11764705882352944
0.7058823529411764
0.41176470588235303
-0.05882352941176472
0.23529411764705888
-1.0
0.11764705882352944
-0.4117647058823529
-0.05882352941176472
-0.17647058823529416
0.0
-0.4117647058823529
0.2941176470588236
0.17647058823529416
0.0
-0.3529411764705882
0.3529411764705883
-0.11764705882352944
0.7058823529411764
-0.3529411764705882
-0.5294117647058824
-0.23529411764705888
0.47058823529411775
0.5294117647058822
0.05882352941176472
0.23529411764705888
0.11764705882352944
-0.11764705882352944
-0.11764705882352944
0.23529411764705888
-0.05882352941176472
0.11764705882352944
0.5294117647058822
0.5294117647058822
-0.5294117647058824
-0.11764705882352944
-0.23529411764705888
-0.23529411764705888
0.47058823529411775
0.0
-0.2941176470588235
-0.4117647058823529
0.2941176470588236
0.11764705882352944
0.7647058823529411
-0.23529411764705888
0.2941176470588236
0.0
0.3529411764705883
0.05882352941176472
0.588235294117647
0.2941176470588236
0.47058823529411775
0.588235294117647
-0.6470588235294117
0.23529411764705888
0.11764705882352944
0.11764705882352944
0.2941176470588236
-0.17647058823529416
0.17647058823529416
-0.5294117647058824
0.0
0.17647058823529416
-0.4117647058823529
-0.2941176470588235
0.0
0.0
-0.3529411764705882
0.0
0.0
0.2941176470588236
0.3529411764705883
0.7647058823529411
-0.3529411764705882
0.17647058823529416
-0.7058823529411764
-0.5882352941176471
0.5294117647058822
-0.17647058823529416
-0.5294117647058824
0.23529411764705888
0.2941176470588236
0.588235294117647
0.0
0.588235294117647
0.23529411764705888
0.47058823529411775
0.17647058823529416
-0.6470588235294117
-0.7647058823529411
-0.11764705882352944
0.41176470588235303
-0.05882352941176472
0.8235294117647058
0.47058823529411775
0.0
0.6470588235294117
0.17647058823529416
-0.23529411764705888
-0.05882352941176472
0.11764705882352944
-0.05882352941176472
0.3529411764705883
-0.23529411764705888
0.9411764705882353
-0.3529411764705882
0.47058823529411775
-0.05882352941176472
0.2941176470588236
0.05882352941176472
0.588235294117647
0.0
0.23529411764705888
0.47058823529411775
0.17647058823529416
-0.17647058823529416
0.11764705882352944
0.2941176470588236
0.2941176470588236
0.17647058823529416
0.7647058823529411
0.7647058823529411
-0.5882352941176471
0.7647058823529411
0.6470588235294117
0.23529411764705888
0.17647058823529416
-0.05882352941176472
-0.11764705882352944
-0.05882352941176472
0.11764705882352944
0.11764705882352944
0.6470588235294117
0.23529411764705888
0.41176470588235303
-0.47058823529411764
0.5294117647058822
0.17647058823529416
0.41176470588235303
-0.05882352941176472
0.05882352941176472
-0.05882352941176472
0.05882352941176472
0.2941176470588236
0.05882352941176472
0.5294117647058822
0.7647058823529411
0.7058823529411764
0.17647058823529416
0.3529411764705883
-0.4117647058823529
0.05882352941176472
0.5294117647058822
-0.23529411764705888
0.17647058823529416
-0.11764705882352944
0.47058823529411775
0.0
0.5294117647058822
0.11764705882352944
0.0
0.23529411764705888
0.41176470588235303
0.3529411764705883
-0.4117647058823529
0.05882352941176472
-0.9411764705882353
-0.23529411764705888
-0.23529411764705888
-0.17647058823529416
0.23529411764705888
-0.3529411764705882
0.0
0.47058823529411775
-0.3529411764705882
-0.17647058823529416
-0.05882352941176472
-0.47058823529411764
0.05882352941176472
-0.3529411764705882
0.11764705882352944
-0.2941176470588235
-1.0
0.17647058823529416
-0.4117647058823529
-0.05882352941176472
-0.05882352941176472
0.9411764705882353
0.23529411764705888
-0.11764705882352944
-0.2941176470588235
0.7058823529411764
0.6470588235294117
-0.6470588235294117
-0.17647058823529416
0.05882352941176472
-0.47058823529411764
1.0
0.17647058823529416
0.11764705882352944
-0.5294117647058824
0.2941176470588236
0.17647058823529416
0.3529411764705883
0.47058823529411775
0.8823529411764706
-0.05882352941176472
0.2941176470588236
0.17647058823529416
0.0
0.6470588235294117
0.41176470588235303
-0.4117647058823529
-0.05882352941176472
0.47058823529411775
-0.5294117647058824
0.11764705882352944
0.2941176470588236
0.5294117647058822
0.2941176470588236
0.3529411764705883
0.0
0.2941176470588236
0.3529411764705883
0.23529411764705888
0.2941176470588236
-0.11764705882352944
0.8823529411764706
0.11764705882352944
0.47058823529411775
0.05882352941176472
0.2941176470588236
-0.11764705882352944
-0.2941176470588235
-0.05882352941176472
-0.11764705882352944
-0.11764705882352944
0.2941176470588236
0.3529411764705883
0.17647058823529416
0.41176470588235303
0.2941176470588236
0.3529411764705883
0.11764705882352944
-0.4117647058823529
-0.05882352941176472
0.0
0.23529411764705888
-0.47058823529411764
0.41176470588235303
-0.17647058823529416
0.11764705882352944
0.2941176470588236
-0.47058823529411764
0.41176470588235303
-0.11764705882352944
0.2941176470588236
0.6470588235294117
-0.2941176470588235
0.41176470588235303
0.41176470588235303
-0.8235294117647058
0.2941176470588236
0.47058823529411775
0.2941176470588236
0.23529411764705888
-0.2941176470588235
0.7058823529411764
-0.5294117647058824
-0.11764705882352944
0.23529411764705888
-0.23529411764705888
0.05882352941176472
0.23529411764705888
-0.2941176470588235
0.0
0.17647058823529416
-0.3529411764705882
0.6470588235294117
0.11764705882352944
-0.5294117647058824
-0.8235294117647058
0.23529411764705888
-0.23529411764705888
0.05882352941176472
0.0
0.3529411764705883
-0.05882352941176472
0.23529411764705888
0.2941176470588236
-0.05882352941176472
-0.3529411764705882
0.05882352941176472
0.05882352941176472
0.0
EIGENVECTOR
-0.9468660750679984
-0.9964129993547173
-0.6629228298686748
-0.9386766325692703
-0.9935585798201417
-0.9927381776621161
-0.9065004435472032
-0.9954127551596276
-0.02652297363199707
-0.9947166555651029
-0.9914544655744271
-0.9958899803595126
-0.9937216473603446
-0.913727834832191
-0.9885345331686977
-0.9915200539810892
-0.9744439638398594
-0.7671842332581759
-0.9983510709010497
-0.9817310191805231
-0.9687415167687694
-0.8578025124314779
-0.8447716693694657
-0.9347940559030536
-0.992211013947532
-0.7132874503390056
-0.6473122911242059
-0.16331395449667452
-0.9981546144278758
-0.5966443057901549
-0.04314288208262118
-0.12164571333660301
-0.9739820652530403
-0.939209804891839
-0.17304571959432347
-0.9979865306127241
-0.9514036144679026
0.9327544745863123
-0.6555234490824868
-0.998739844403641
-0.9552772473203994
0.16685096622623097
-0.985389883146437
-0.9910693822574209
-0.9770258472549765
-0.9460665328588236
0.8040314560817492
-0.9300491869402996
-0.9928230909884893
-0.8614289539388778
-1.0
-0.9761817188270562
-0.9988235880283381
-0.39410608469134745
-0.9435918729317031
-0.9927441738138095
-0.9734925785298636
-0.7010533653707941
-0.98385914202157
-0.9310608658242119
-0.4298124563333804
-0.9933523992508418
-0.9981408500582566
0.7004840242982864
-0.9987398444036413
-0.9961764253688796
-0.8671690365142882
0.1943062792934418
-0.991925914509289
-0.8943207634125463
-0.9882946311250331
-0.97293489437323
-0.7488620976893818
-0.9968064246256169
-0.868494080647576
-0.6739243397112408
-0.8059170368224572
-0.9949389761026646
-0.9913419837563819
-0.9979650601396507
-0.9907062927365253
-0.8691317067029127
-0.9911640800336157
0.41870750641087495
-0.6304405875557855
-0.7100987195398762
-0.9734925785298636
0.07942673749796958
-0.9909986278770195
0.6272417740860954
-0.6778978232251041
-0.977117557289958
-0.9674199174755272
-0.9298196995951779
-0.9964129993547177
0.27363292002156503
-0.9566146758400103
-0.16142847221595247
-0.9368205782385376
-0.9978042989877511
-0.9720584046603858
-0.9285189716520246
-0.9886128313888666
-0.9241903029897778
-0.968406801720961
-0.9511002030222948
-0.9934825219730893
-0.9963311758112859
-0.9969172453537066
-0.799931890562348
-0.9975268143586916
-0.12315908500467965
-0.0894580804272016
-0.9981669356619324
-0.9850259756619353
-0.9423205817696382
-0.046606891650416093
-0.906357719006893
0.6272417740860949
-0.997738918180608
-0.978939299630257
-0.9981167852523657
-0.9411521453170129
-0.994254811574844
-0.9757532901879998
-0.997838591914118
-0.7397000163488141
-0.9449906737923593
0.2990686871118906
-0.96764907328079
0.3285296345224844
-0.8679113433266428
-0.9925387418761651
-0.6970682610095345
-0.8816968992923692
-0.9970577662857434
-0.9971743665852761
-0.9946891399074607
-0.9970057424917814
0.6403275283507501
-0.8922009383218845
-0.9648490845530595
-0.9927463782938271
-0.7841948158120984
-0.9468660750679984
-0.7444329156326694
-0.9868940253858861
-0.34191341936562203
-0.9898644730738512
-0.9973216002617451
0.7477196770946346
-0.8009029277755625
0.20174717392953845
-0.95629664734501
-0.09587250925759228
-0.9041055882215403
0.5115718729971477
-0.3158196899560737
-0.9720584046603858
0.14700938093817006
-0.9633479803806697
-0.9576400575836029
-0.9821375133005794
-0.8561748920710952
-0.08075948915411202
-0.36363773640695796
0.6502288454692797
0.7413617295784316
-0.9968649424120132
0.6407316530845266
0.7542503297685157
-0.9627934064472714
-0.9679099895512503
-0.9794099919131318
-0.868176780229215
-0.4560565649283631
-0.9923244245256498
-0.9744783880102704
0.5027437730343165
-0.9547000605715702
0.18066099826387605
-0.9978632386288798
0.6918237500554663
-0.03856037958553171
-0.9950008133218935
-0.857802512431478
-0.6675712667870849
-0.9974633550150146
-0.9955163035918981
-0.44666174656392577
-0.9662410392490894
-0.9951855529874929
0.6407316530845264
-0.995213646545636
-0.9834630354884731
-0.9604418647222823
-0.607186618747756
-0.9664019328948285
-0.9958811375455684
-0.9845112539157239
-0.995025855678242
-0.9575823450751637
-0.9497767146599894
-0.9536928142829488
0.3492165013513844
-0.9886128313888665
-0.9342296615816061
-0.7397000163488141
-0.17378670279282304
0.06450412265941674
-0.9894171022586952
-0.9502353199827057
-0.9991435779839328
-0.9975401914797568
-0.9830278294877434
-0.9826346988190834
-0.3208237831231223
-0.9967228695787097
-0.9310608658242118
0.10707263789902943
-0.9985491796845812
-0.5397394008600256
-0.9772727105048311
-0.990561878114623
-0.7265970460513388
-0.9533220586201931
-0.9953070924121186
-0.9711133116306985
-1.0
-0.9688949237617268
-0.9137278348321908
-0.9665941857675084
-0.1750336695192254
0.8068809420409424
-0.8986850351426325
-0.9386647642542529
-0.7078468475267046
0.7047985266260763
-0.993032381046563
-0.9974619501490466
-0.9492901767262645
-0.9753278019895548
-0.9959179662927652
1.0
-0.285335213269453
-0.18101522879413223
-0.9934825219730893
-0.8955012638409672
-0.98251997287669
-0.9065322551939183
-0.9957634902091705
0.8049655110077711
-0.15803703122370916
0.06603374843974619
-0.9687425196418362
-0.9593816818325871
0.7818929274745912
-0.9351954241167463
-0.9831053143887475
-0.9979489652440792
0.201747173929538
-0.9934825219730892
-0.3141940266519405
-0.9951072287851699
-0.9392098048918391
-0.4983202611009071
-0.950160200370926
-0.6450913803441326
-0.9618343058147216
-0.9751211683344407
-0.9931560455034695
-0.02874384026252197
-0.9969077497777221
0.8250356265146244
-0.8816669899197724
0.09403617377129003
-0.8421489114556349
-0.9956896737561349
-0.9965221364889093
-0.8985724893492945
-0.9371921493860287
-0.956545147385048
-0.7807180306012064
-0.15273275499029004
0.21475998351441028
-0.9898933645097057
0.2334347844722282
-0.9682073539581164
-0.6103991515094913
-0.7886678698662715
-0.9723635893222211
-0.6602865809720526
-0.985391611499257
-0.2443893206820832
-0.9590161805845222
-0.19289920729570542
-0.9751435374549485
-0.7409106504441224
-0.9572546803185946
-0.9870143769927977
-0.9905339863252496
-0.9782424521107994
-0.9960950748482437
0.7210719013829607
-0.9808311694733807
-0.11433659464071677
-0.9947489902820162
-0.9983815619575607
-0.09122836174677829
-0.9946319185090685
-0.9935971704848
-0.958107642774622
-0.9933659603731636
0.6077239913311105
-0.9908064420853123
-0.938664764254253
-0.9728412872990677
-0.8691317067029127
-0.9827411207727725
-0.07921498457811249
-0.8650478449788512
-0.9134695996170781
0.035316093435989515
-0.9687415167687693
0.5740512759089225
-0.8847186518133611
-0.5692069430365738
-0.9979183569062905
-0.9689453597812643
-0.8557182994765078
-0.9753278019895548
-0.860869569640398
-0.1406839289622902
-0.989233677868301
-0.7588430883934456
-0.9289943608128658
-0.8196996202988683
-0.997764616893321
-0.9900318997243872
-0.9913114317183184
-0.9753219442025696
CENT
0.8328563157132893
-0.42593277272146624
-0.4338993778448115
0.41708067396262427
-0.15929587862276873
0.009546109510086387
0.08433770352942438
-0.396862446672798
0.3499102631101516
-0.17842944084853307
-0.4402392356282846
-0.4066211578950353
-0.12816498855563885
-0.6952528181922386
-0.21597226641454326
-0.04535666511480574
-0.10638431632894263
-0.6009045789305156
-0.7145700959457428
0.5069115932309884
-0.32312337038561834
-0.7043054846000967
-0.36549724757976854
0.3684618973086802
0.12538323118345018
-0.5825797201539743
-0.4776662581293407
0.6566910515037314
-0.6120521500572597
-0.10438869481576274
0.36314141352580487
0.11617232781789322
0.11617232781789322
0.20582246230661205
-0.22705105749137655
-0.4914365777287859
-0.1612203018157844
0.5713383285302596
0.40616086038183674
-0.6394997333930866
-0.21040135724790532
0.17222725401399752
-0.3179517960922521
-0.6381414413166082
-0.05363453915432648
0.9058446752041618
0.2877619947276233
0.47270028519186824
-0.03703446510987929
0.19856647779416825
-1.0
0.031182528637753393
-0.6148238471313027
-0.300575897986476
0.7072434815993678
-0.007552509281615771
-0.42912500864216063
-0.5797371345853719
-0.23804660154696877
-0.028667582151906124
-0.10638431632894263
0.09336988224765119
-0.6120521500572597
0.25501017576578433
-0.6394997333930866
-0.416311024593659
-0.11632337063626808
-0.08023574691763136
0.11617232781789322
0.5329966998356381
0.3420192526820771
0.01816530426884655
0.4502458043736224
-0.2776663290571437
0.3764728759233811
0.604409679337633
-0.5480487478410359
-0.3317008703752221
0.15098287460397652
-0.35712427124530877
-0.15736897869462718
-0.7658543313874728
-0.3470100792174263
0.2179858251931488
1.0
-0.10239045780911848
-0.42912500864216063
0.5447097898016129
0.14863912904258703
0.18894044808921762
-0.44812261485933236
0.31080748822103277
0.7956619972151138
0.44189689895741724
-0.42593277272146624
0.6257625659642951
0.08884750307048872
-0.2651773561878612
0.39260465616501783
-0.6716643214557106
-0.1650617370727021
-0.0011622333350894687
0.48403278097982705
0.22042907460774908
-0.3952292500375597
0.03554537917966094
-0.5407377219737133
-0.22152212680599237
-0.4990256934335353
-0.21782455273266454
-0.3470100792174263
0.05532704266361077
0.007398625140456527
-0.6703405699647774
0.2625128358011195
0.5653877906780465
0.5213575678173572
0.43358658632433844
0.18894044808921762
-0.29882658929918704
0.530080010700519
-0.7107309643544376
-0.3604794891165861
-0.1612203018157844
-0.1496365157571814
-0.3886770668619841
-0.3419254989860179
0.5155655174867471
0.8499954158107448
-0.2741090847307398
0.2525166069708169
0.3791513063049272
0.09790489376888356
-0.5825797201539743
-0.4001230450409611
-0.7234813161425402
-0.3282761161318003
-0.19732003720476343
-0.5005383274355419
0.4007259607981166
0.726548190842139
-0.30406809195094164
-0.007552509281615771
-0.5966989878464559
0.8328563157132893
-0.3110268960413052
0.5359180112990223
0.7657426005168557
0.31338716495608576
-0.367165829937264
0.641163792259809
0.8742392362946196
0.6165816892041673
-0.15736897869462718
0.12077130207214481
0.26000828213341
0.39530763103020083
0.7558699532436273
-0.1650617370727021
0.6135313008092169
0.5832967127854285
0.6257625659642951
-0.2935657690700918
0.8091066282420745
0.568360681291662
0.504036015885988
0.23763147234331927
0.5564975448829081
-0.6037006290816924
0.5359180112990223
0.25002668374426285
-0.0903458213256485
0.42256574161380334
-0.1261978017036237
-0.7055932831712612
0.8812200640298875
0.11617232781789322
0.48403278097982705
0.6660685480216775
0.07311789732539009
0.17698537364342348
-0.35544363777432963
0.26000828213341
0.10701302615186292
-0.3248430392778233
-0.7043054846000967
0.9705672392066973
-0.6162074299758933
-0.05981406837917791
-0.11235553915838603
0.398014729426833
-0.36215408076996614
0.5359180112990223
-0.35712427124530877
0.14396159717856816
0.09563580565951613
0.6849626959935313
-0.3351173322354878
-0.4402392356282846
-0.5215356369625457
-0.04950112071725932
-0.25257944523747555
0.303091439545808
-0.1496365157571814
0.1416277967793229
0.48403278097982705
-0.12225574367595282
-0.3419254989860179
0.32634338891688874
0.167482709618892
-0.3470100792174263
-0.04328028455245447
-0.8440277968375951
-0.3351173322354878
-0.2507707676054819
0.15098287460397652
0.11847019900185152
-0.3453172636035917
-0.028667582151906124
0.9093870338796934
-0.798465251448332
-0.12816498855563885
-0.07209951231792988
-0.38538928885949564
0.05532704266361077
0.7856382399456465
-0.07209951231792988
0.641163792259809
-1.0
0.05754016363576131
-0.6952528181922386
-0.3402265425703266
-0.23439061187247623
0.5359180112990223
0.389905795416829
0.6442591121286625
-0.10837732748043138
0.26753298451935015
-0.024467271957278602
-0.45908270181805233
-0.016032686795560025
0.4446755660871795
-0.3144935685668099
0.5862983152591152
0.7923150816522575
0.3367782967305972
-0.5407377219737133
0.31855806060397684
-0.10837732748043138
0.389905795416829
-0.42113036850626673
0.6535754428214269
0.031182528637753393
-0.04950112071725932
-0.09235985981718631
0.5564975448829081
0.42256574161380334
0.3764728759233811
-0.563989874543067
-0.6050963585496032
0.6165816892041673
-0.5407377219737133
-0.2953215287986891
-0.3368224629279981
0.20582246230661205
0.23763147234331927
0.0421121130426696
-0.42912500864216063
0.23269862894070403
0.061975575970831365
0.10017715321033949
0.7168717655109746
-0.23804660154696877
0.270048595807199
0.5447097898016129
0.6013789470422357
0.48972563097659516
-0.4066211578950353
-0.21967450472650318
-0.7132917268309582
0.6881299080916738
-0.10438869481576274
0.43635241897914123
0.1138776817162983
-0.026568837501266263
-0.04535666511480574
0.47270028519186824
0.0775964764569379
0.6692046456530207
0.5155655174867471
-0.3520763035635226
0.3082316474365152
-0.11632337063626808
-0.2900477707947109
-0.3919570446794136
-0.09838611672100062
-0.396862446672798
-0.5896587913180735
0.303091439545808
-0.2741090847307398
0.167482709618892
0.492578742956181
-0.46219786443670763
0.38452037875669
-0.43071832639556007
0.16039121977567405
-0.3282761161318003
-0.7068797283019936
0.5773079386191775
-0.21597226641454326
-0.02025565540950247
0.47270028519186824
-0.23804660154696877
0.18654257232519766
-0.43071832639556007
0.6442591121286625
-0.21040135724790532
-0.7658543313874728
0.05754016363576131
0.8638131682965622
-0.36549724757976854
0.257507398141404
0.09563580565951613
-0.32312337038561834
0.132325535202092
0.1369700919542569
-0.17842944084853307
-0.7247490350005541
-0.10239045780911848
-0.802033786471827
0.4446755660871795
0.05311697006745475
0.7136570062647405
-0.05363453915432648
-0.5333855535860341
0.35783697946776405
0.4116124059060895
-0.3419254989860179
0.3684618973086802
0.3791513063049272
-0.11632337063626808
DEGREE_RANK
-0.6411764705882352
-0.12941176470588234
-0.5
0.33529411764705874
0.8529411764705881
0.8117647058823529
-0.12352941176470589
-0.9235294117647059
0.588235294117647
0.09999999999999987
-0.9176470588235294
0.6588235294117648
0.3411764705882352
-0.8235294117647058
-0.5647058823529412
-0.01764705882352935
-0.11764705882352944
-0.6352941176470588
-0.9705882352941176
-0.5588235294117647
-0.7588235294117647
-0.39411764705882346
-0.8176470588235294
0.8176470588235294
0.6647058823529413
0.10588235294117632
0.5058823529411764
0.11176470588235277
-0.49411764705882355
-0.4882352941176471
0.6705882352941177
0.34705882352941164
0.3529411764705881
0.7529411764705882
-0.388235294117647
-0.5529411764705883
-0.38235294117647056
0.9705882352941178
-0.0117647058823529
-0.7529411764705882
-0.3764705882352941
0.5117647058823529
-0.8588235294117647
-0.9117647058823529
-0.11176470588235299
-0.48235294117647065
0.9000000000000001
0.5941176470588234
-0.37058823529411766
0.22352941176470598
-1.0
-0.00588235294117645
-0.8117647058823529
-0.3647058823529412
-0.5470588235294118
-0.2529411764705882
-0.8058823529411765
0.35882352941176454
0.11764705882352922
-0.24705882352941178
-0.7470588235294118
0.5176470588235293
-0.4764705882352941
0.9058823529411766
-0.7411764705882353
-0.9058823529411765
-0.6294117647058823
0.6764705882352942
0.7588235294117647
-0.10588235294117654
0.22941176470588243
0.0
-0.47058823529411764
-0.4647058823529412
0.23529411764705888
-0.35882352941176476
0.00588235294117645
0.7647058823529411
0.7705882352941176
-0.9
-0.45882352941176474
-0.6235294117647059
-0.6176470588235294
0.6823529411764706
-0.24117647058823533
-0.6882352941176471
-0.8
0.364705882352941
0.0117647058823529
0.9294117647058824
-0.611764705882353
0.37058823529411744
-0.23529411764705888
0.5235294117647058
-0.09999999999999998
0.8235294117647058
0.37647058823529433
0.6882352941176471
0.8294117647058823
-0.9529411764705882
0.24117647058823533
0.01764705882352935
0.0235294117647058
0.3823529411764708
-0.5411764705882354
0.12352941176470589
-0.8941176470588236
-0.22941176470588243
0.12941176470588256
-0.7941176470588235
-0.6823529411764706
-0.22352941176470587
-0.21764705882352942
-0.7352941176470589
-0.21176470588235297
-0.20588235294117652
0.38823529411764723
0.5294117647058822
0.9352941176470588
-0.7294117647058824
0.135294117647059
-0.9588235294117647
-0.9352941176470588
0.776470588235294
-0.5352941176470588
-0.888235294117647
0.24705882352941178
0.3941176470588237
0.8352941176470587
-0.20000000000000007
0.8411764705882352
0.2529411764705882
0.6941176470588235
0.14117647058823546
-0.9470588235294117
-0.9647058823529412
-0.4529411764705883
0.5999999999999999
-0.3529411764705882
0.9647058823529413
0.7
-0.19411764705882362
0.8588235294117645
0.1470588235294119
-0.6058823529411765
-0.34705882352941175
0.02941176470588225
-0.3411764705882353
0.5352941176470587
-0.6000000000000001
0.9882352941176471
-0.7235294117647059
0.7058823529411764
-0.33529411764705885
0.40000000000000013
-0.09411764705882353
0.8470588235294116
-0.18823529411764706
0.2588235294117647
0.7117647058823531
0.15294117647058836
-0.5294117647058822
0.0352941176470587
0.4058823529411766
0.41176470588235303
0.1588235294117648
0.9411764705882353
0.9470588235294117
-0.9294117647058824
0.9529411764705882
0.864705882352941
0.2647058823529411
0.16470588235294126
-0.3294117647058824
-0.44705882352941184
-0.32352941176470595
0.04117647058823515
0.04705882352941182
0.8705882352941174
0.2705882352941176
0.6058823529411763
-0.8529411764705882
0.7823529411764705
0.1705882352941177
0.6117647058823528
-0.3176470588235295
-0.08823529411764708
-0.31176470588235283
-0.08235294117647063
0.4176470588235295
-0.07647058823529418
0.7882352941176469
0.9588235294117649
0.911764705882353
0.17647058823529416
0.5411764705882351
-0.788235294117647
-0.07058823529411773
0.7941176470588236
-0.5941176470588235
0.1823529411764706
-0.4411764705882353
0.7176470588235295
-0.1823529411764705
0.8
0.05294117647058827
-0.17647058823529405
0.276470588235294
0.6176470588235292
0.5470588235294118
-0.7823529411764706
-0.06470588235294117
-0.9882352941176471
-0.588235294117647
-0.5823529411764705
-0.5235294117647058
0.2823529411764705
-0.7176470588235293
-0.1705882352941176
0.723529411764706
-0.7117647058823529
-0.5176470588235293
-0.3058823529411764
-0.8470588235294118
-0.05882352941176461
-0.7058823529411764
0.05882352941176472
-0.6764705882352942
-0.9941176470588236
0.18823529411764706
-0.7764705882352941
-0.29999999999999993
-0.2941176470588235
0.9941176470588236
0.2882352941176469
-0.4352941176470587
-0.6705882352941177
0.9176470588235295
0.8764705882352943
-0.9411764705882353
-0.5117647058823529
-0.05294117647058816
-0.8411764705882353
1.0
0.1941176470588235
0.06470588235294117
-0.8823529411764706
0.42352941176470593
0.19999999999999996
0.5529411764705883
0.7294117647058824
0.9764705882352942
-0.28823529411764703
0.4294117647058824
0.2058823529411764
-0.16470588235294115
0.8823529411764708
0.6235294117647057
-0.7705882352941176
-0.2823529411764706
0.7352941176470589
-0.8764705882352941
0.07058823529411762
0.43529411764705883
0.8058823529411765
0.4411764705882353
0.5588235294117647
-0.1588235294117647
0.44705882352941173
0.5647058823529412
0.2941176470588236
0.4529411764705882
-0.42941176470588227
0.9823529411764707
0.07647058823529407
0.7411764705882353
-0.04705882352941171
0.45882352941176485
-0.4235294117647058
-0.6647058823529413
-0.27647058823529413
-0.41764705882352937
-0.4117647058823529
0.4647058823529413
0.5705882352941176
0.21176470588235308
0.6294117647058826
0.47058823529411775
0.5764705882352941
0.08235294117647052
-0.7647058823529411
-0.2705882352941176
-0.15294117647058825
0.30000000000000004
-0.8352941176470589
0.635294117647059
-0.5058823529411764
0.08823529411764697
0.4764705882352942
-0.8294117647058823
0.6411764705882355
-0.40588235294117647
0.48235294117647065
0.8882352941176472
-0.6588235294117647
0.6470588235294119
0.6529411764705884
-0.9823529411764705
0.4882352941176471
0.7470588235294118
0.49411764705882355
0.3058823529411765
-0.6529411764705881
0.9235294117647059
-0.8705882352941177
-0.4
0.31176470588235294
-0.5764705882352941
-0.04117647058823526
0.3176470588235294
-0.6470588235294117
-0.1470588235294118
0.21764705882352953
-0.7
0.8941176470588237
0.09411764705882342
-0.8647058823529412
-0.9764705882352941
0.32352941176470584
-0.5705882352941176
-0.03529411764705881
-0.14117647058823524
0.5823529411764705
-0.2647058823529411
0.3294117647058823
0.5
-0.2588235294117647
-0.6941176470588235
-0.02941176470588236
-0.02352941176470591
-0.1352941176470588
EIGENVECTOR_RANK
0.0352941176470587
-0.788235294117647
0.48235294117647065
0.08235294117647052
-0.6352941176470588
-0.5705882352941176
0.1941176470588235
-0.7235294117647059
0.7470588235294118
-0.6705882352941177
-0.5352941176470588
-0.7529411764705882
-0.6470588235294117
0.17647058823529416
-0.4352941176470587
-0.5411764705882354
-0.24705882352941178
0.38823529411764723
-0.9529411764705882
-0.3411764705882353
-0.16470588235294115
0.3176470588235294
0.33529411764705874
0.11764705882352922
-0.5529411764705883
0.43529411764705883
0.5
0.6470588235294119
-0.9411764705882353
0.5294117647058822
0.7294117647058824
0.6823529411764706
-0.24117647058823533
0.07647058823529407
0.6411764705882355
-0.9235294117647059
-0.00588235294117645
0.9941176470588236
0.49411764705882355
-0.9764705882352941
-0.02941176470588236
0.7941176470588236
-0.40588235294117647
-0.5117647058823529
-0.29999999999999993
0.04117647058823515
0.9705882352941178
0.14117647058823546
-0.588235294117647
0.30000000000000004
-0.9941176470588236
-0.2941176470588235
-0.9823529411764705
0.5705882352941176
0.05294117647058827
-0.5764705882352941
-0.23529411764705888
0.4529411764705882
-0.388235294117647
0.12941176470588256
0.5647058823529412
-0.6058823529411765
-0.9352941176470588
0.9294117647058824
-0.9705882352941176
-0.7705882352941176
0.2882352941176469
0.8058823529411765
-0.5470588235294118
0.22941176470588243
-0.42941176470588227
-0.22352941176470587
0.40000000000000013
-0.8058823529411765
0.2705882352941176
0.47058823529411775
0.3529411764705881
-0.6823529411764706
-0.5294117647058822
-0.9176470588235294
-0.49411764705882355
0.2588235294117647
-0.5176470588235293
0.8588235294117645
0.5117647058823529
0.4411764705882353
-0.22941176470588243
0.7705882352941176
-0.5058823529411764
0.8882352941176472
0.4647058823529413
-0.3058823529411764
-0.1352941176470588
0.1470588235294119
-0.7823529411764706
0.8352941176470587
-0.04705882352941171
0.6529411764705884
0.10588235294117632
-0.888235294117647
-0.20588235294117652
0.1588235294117648
-0.44705882352941184
0.16470588235294126
-0.1588235294117647
0.0
-0.6294117647058823
-0.7764705882352941
-0.8235294117647058
0.364705882352941
-0.8647058823529412
0.6764705882352942
0.7058823529411764
-0.9470588235294117
-0.4
0.05882352941176472
0.723529411764706
0.19999999999999996
0.8941176470588237
-0.8764705882352941
-0.32352941176470595
-0.9294117647058824
0.06470588235294117
-0.6529411764705881
-0.28823529411764703
-0.8941176470588236
0.4176470588235295
0.04705882352941182
0.8411764705882352
-0.14117647058823524
0.8470588235294116
0.2823529411764705
-0.5647058823529412
0.45882352941176485
0.24705882352941178
-0.8352941176470589
-0.8411764705882353
-0.6647058823529413
-0.8294117647058823
0.9000000000000001
0.23529411764705888
-0.11176470588235299
-0.5823529411764705
0.37647058823529433
0.02941176470588225
0.4058823529411766
-0.41764705882352937
0.5823529411764705
-0.4647058823529412
-0.8470588235294118
0.9529411764705882
0.35882352941176454
0.8176470588235294
-0.03529411764705881
0.6941176470588235
0.2058823529411764
0.8705882352941174
0.5941176470588234
-0.20000000000000007
0.7882352941176469
-0.10588235294117654
-0.06470588235294117
-0.34705882352941175
0.32352941176470584
0.7117647058823531
0.5764705882352941
0.9176470588235295
0.9470588235294117
-0.8117647058823529
0.9058823529411766
0.9588235294117649
-0.09999999999999998
-0.1470588235294118
-0.3294117647058824
0.276470588235294
0.5529411764705883
-0.5588235294117647
-0.2529411764705882
0.864705882352941
-0.02352941176470591
0.8
-0.9
0.9235294117647059
0.7352941176470589
-0.6882352941176471
0.31176470588235294
0.4764705882352942
-0.8588235294117647
-0.7294117647058824
0.5588235294117647
-0.11764705882352944
-0.7058823529411764
0.911764705882353
-0.7117647058823529
-0.38235294117647056
-0.08823529411764708
0.5235294117647058
-0.12352941176470589
-0.7470588235294118
-0.39411764705882346
-0.6941176470588235
-0.05882352941176461
0.01764705882352935
-0.01764705882352935
0.8529411764705881
-0.4411764705882353
0.12352941176470589
0.42352941176470593
0.635294117647059
0.7588235294117647
-0.45882352941176474
0.00588235294117645
-0.9882352941176471
-0.8705882352941177
-0.37058823529411766
-0.35882352941176476
0.588235294117647
-0.8
0.135294117647059
0.7823529411764705
-0.9647058823529412
0.5411764705882351
-0.31176470588235283
-0.4882352941176471
0.4294117647058824
-0.0117647058823529
-0.7176470588235293
-0.19411764705882362
-1.0
-0.1823529411764705
0.1705882352941177
-0.12941176470588234
0.6294117647058826
0.9823529411764707
0.21176470588235308
0.08823529411764697
0.44705882352941173
0.9352941176470588
-0.5941176470588235
-0.8529411764705882
0.0235294117647058
-0.2823529411764706
-0.7588235294117647
1.0
0.6058823529411763
0.6235294117647057
-0.6176470588235294
0.22352941176470598
-0.3529411764705882
0.18823529411764706
-0.7411764705882353
0.9764705882352942
0.6588235294117648
0.7647058823529411
-0.17647058823529405
-0.08235294117647063
0.9647058823529413
0.11176470588235277
-0.3764705882352941
-0.9117647058823529
0.8117647058823529
-0.6235294117647059
0.5999999999999999
-0.7
0.07058823529411762
0.5470588235294118
0.0117647058823529
0.5058823529411764
-0.09411764705882353
-0.2588235294117647
-0.6000000000000001
0.7411764705882353
-0.8176470588235294
0.9882352941176471
0.2529411764705882
0.776470588235294
0.3411764705882352
-0.7352941176470589
-0.7941176470588235
0.21764705882352953
0.09999999999999987
-0.04117647058823526
0.3823529411764708
0.6647058823529413
0.8235294117647058
-0.47058823529411764
0.8294117647058823
-0.15294117647058825
0.5176470588235293
0.37058823529411744
-0.21176470588235297
0.4882352941176471
-0.4117647058823529
0.6117647058823528
-0.07647058823529418
0.6176470588235292
-0.2647058823529411
0.41176470588235303
-0.05294117647058816
-0.4235294117647058
-0.48235294117647065
-0.3176470588235295
-0.7647058823529411
0.9411764705882353
-0.33529411764705885
0.6882352941176471
-0.6764705882352942
-0.9588235294117647
0.7
-0.6588235294117647
-0.6411764705882352
-0.07058823529411773
-0.611764705882353
0.8823529411764708
-0.5
0.09411764705882342
-0.21764705882352942
0.2647058823529411
-0.3647058823529412
0.7176470588235295
0.2941176470588236
0.1823529411764706
0.7529411764705882
-0.1705882352941176
0.8764705882352943
0.24117647058823533
0.5352941176470587
-0.9058823529411765
-0.18823529411764706
0.3294117647058823
-0.27647058823529413
0.3058823529411765
0.6705882352941177
-0.4529411764705883
0.3941176470588237
0.15294117647058836
0.34705882352941164
-0.8823529411764706
-0.4764705882352941
-0.5235294117647058
-0.2705882352941176
CENT_RANK
0.9470588235294117
-0.6647058823529413
-0.7
0.5647058823529412
-0.23529411764705888
0.0352941176470587
0.11764705882352922
-0.6235294117647059
0.45882352941176485
-0.2705882352941176
-0.7117647058823529
-0.6411764705882352
-0.20588235294117652
-0.9058823529411765
-0.29999999999999993
-0.04705882352941171
-0.1470588235294118
-0.8294117647058823
-0.9470588235294117
0.6705882352941177
-0.44705882352941184
-0.9176470588235294
-0.5823529411764705
0.4764705882352942
0.2058823529411764
-0.8117647058823529
-0.7352941176470589
0.8588235294117645
-0.8529411764705882
-0.1352941176470588
0.47058823529411775
0.1705882352941177
0.17647058823529416
0.3058823529411765
-0.32352941176470595
-0.7411764705882353
-0.24705882352941178
0.7647058823529411
0.5529411764705883
-0.8823529411764706
-0.28823529411764703
0.2705882352941176
-0.4352941176470587
-0.8705882352941177
-0.07058823529411773
0.9823529411764707
0.40000000000000013
0.6176470588235292
-0.02941176470588236
0.30000000000000004
-1.0
0.04705882352941182
-0.8588235294117647
-0.4117647058823529
0.8882352941176472
0.0117647058823529
-0.6823529411764706
-0.8
-0.34705882352941175
-0.02352941176470591
-0.14117647058823524
0.12941176470588256
-0.8470588235294118
0.35882352941176454
-0.8764705882352941
-0.6470588235294117
-0.1823529411764705
-0.09411764705882353
0.1823529411764706
0.7
0.4529411764705882
0.04117647058823515
0.6117647058823528
-0.38235294117647056
0.4882352941176471
0.7941176470588236
-0.788235294117647
-0.47058823529411764
0.24117647058823533
-0.5588235294117647
-0.22941176470588243
-0.9705882352941176
-0.5352941176470588
0.3176470588235294
1.0
-0.12352941176470589
-0.6764705882352942
0.7294117647058824
0.23529411764705888
0.2882352941176469
-0.7176470588235293
0.42352941176470593
0.9352941176470588
0.5941176470588234
-0.6588235294117647
0.8176470588235294
0.12352941176470589
-0.3647058823529412
0.5294117647058822
-0.8941176470588236
-0.2588235294117647
0.0235294117647058
0.635294117647059
0.32352941176470584
-0.611764705882353
0.05882352941176472
-0.7823529411764706
-0.3176470588235295
-0.7470588235294118
-0.3058823529411764
-0.5294117647058822
0.07647058823529407
0.02941176470588225
-0.888235294117647
0.3823529411764708
0.7529411764705882
0.6882352941176471
0.5823529411764705
0.2941176470588236
-0.40588235294117647
0.6941176470588235
-0.9352941176470588
-0.5647058823529412
-0.24117647058823533
-0.21764705882352942
-0.6000000000000001
-0.5117647058823529
0.6764705882352942
0.9588235294117649
-0.3764705882352941
0.3529411764705881
0.5
0.1470588235294119
-0.8058823529411765
-0.6294117647058823
-0.9529411764705882
-0.4647058823529412
-0.27647058823529413
-0.7529411764705882
0.5470588235294118
0.9058823529411766
-0.41764705882352937
0.01764705882352935
-0.8235294117647058
0.9529411764705882
-0.4235294117647058
0.7058823529411764
0.9176470588235295
0.4294117647058824
-0.588235294117647
0.8294117647058823
0.9705882352941178
0.8058823529411765
-0.22352941176470587
0.19999999999999996
0.37058823529411744
0.5352941176470587
0.911764705882353
-0.2529411764705882
0.8
0.776470588235294
0.8235294117647058
-0.39411764705882346
0.9411764705882353
0.7588235294117647
0.6647058823529413
0.33529411764705874
0.7411764705882353
-0.8352941176470589
0.7117647058823531
0.34705882352941164
-0.09999999999999998
0.5705882352941176
-0.19411764705882362
-0.9235294117647059
0.9764705882352942
0.18823529411764706
0.6411764705882355
0.864705882352941
0.10588235294117632
0.276470588235294
-0.5470588235294118
0.37647058823529433
0.1588235294117648
-0.4529411764705883
-0.9117647058823529
0.9941176470588236
-0.8647058823529412
-0.07647058823529418
-0.16470588235294115
0.5411764705882351
-0.5705882352941176
0.7176470588235295
-0.5529411764705883
0.22941176470588243
0.135294117647059
0.8764705882352943
-0.48235294117647065
-0.7058823529411764
-0.7588235294117647
-0.05882352941176461
-0.35882352941176476
0.4058823529411766
-0.21176470588235297
0.22352941176470598
0.6470588235294119
-0.18823529411764706
-0.5058823529411764
0.4411764705882353
0.2588235294117647
-0.5235294117647058
-0.03529411764705881
-0.9882352941176471
-0.4764705882352941
-0.3529411764705882
0.24705882352941178
0.1941176470588235
-0.5176470588235293
-0.01764705882352935
0.9882352941176471
-0.9764705882352941
-0.20000000000000007
-0.08823529411764708
-0.5941176470588235
0.08235294117647052
0.9235294117647059
-0.08235294117647063
0.8352941176470587
-0.9941176470588236
0.08823529411764697
-0.9
-0.49411764705882355
-0.3294117647058824
0.723529411764706
0.5176470588235293
0.8411764705882352
-0.1588235294117647
0.38823529411764723
-0.00588235294117645
-0.7235294117647059
0.00588235294117645
0.5999999999999999
-0.42941176470588227
0.7823529411764705
0.9294117647058824
0.44705882352941173
-0.7764705882352941
0.43529411764705883
-0.15294117647058825
0.5235294117647058
-0.6529411764705881
0.8529411764705881
0.05294117647058827
-0.05294117647058816
-0.10588235294117654
0.7470588235294118
0.5764705882352941
0.49411764705882355
-0.7941176470588235
-0.8411764705882353
0.8117647058823529
-0.7705882352941176
-0.4
-0.4882352941176471
0.31176470588235294
0.3411764705882352
0.06470588235294117
-0.6705882352941177
0.3294117647058823
0.09999999999999987
0.15294117647058836
0.9000000000000001
-0.3411764705882353
0.3941176470588237
0.7352941176470589
0.7882352941176469
0.6529411764705884
-0.6352941176470588
-0.31176470588235283
-0.9411764705882353
0.8823529411764708
-0.12941176470588234
0.588235294117647
0.16470588235294126
-0.0117647058823529
-0.04117647058823526
0.6235294117647057
0.11176470588235277
0.8705882352941174
0.6823529411764706
-0.5411764705882354
0.4176470588235295
-0.17647058823529405
-0.388235294117647
-0.6058823529411765
-0.11176470588235299
-0.6176470588235294
-0.8176470588235294
0.41176470588235303
-0.37058823529411766
0.2647058823529411
0.6588235294117648
-0.7294117647058824
0.5117647058823529
-0.6941176470588235
0.2529411764705882
-0.45882352941176474
-0.9294117647058824
0.7705882352941176
-0.2941176470588235
0.0
0.6294117647058826
-0.33529411764705885
0.2823529411764705
-0.6882352941176471
0.8470588235294116
-0.2823529411764706
-0.9647058823529412
0.09411764705882342
0.9647058823529413
-0.5764705882352941
0.364705882352941
0.14117647058823546
-0.4411764705882353
0.21176470588235308
0.21764705882352953
-0.2647058823529411
-0.9588235294117647
-0.11764705882352944
-0.9823529411764705
0.6058823529411763
0.07058823529411762
0.8941176470588237
-0.06470588235294117
-0.7647058823529411
0.4647058823529413
0.5588235294117647
-0.5
0.48235294117647065
0.5058823529411764
-0.1705882352941176
RANK
50
228
212
329
220
81
317
327
135
18
279
121
307
174
21
185
13
230
99
113
39
64
43
187
52
28
62
259
168
17
143
297
25
133
57
258
76
106
246
261
334
199
138
108
35
26
302
239
90
10
198
2
304
314
56
86
267
1
94
250
65
11
277
134
7
296
104
294
125
223
149
22
320
191
122
79
193
181
290
82
110
210
217
126
207
337
231
263
197
213
77
136
306
184
20
323
42
242
145
141
53
119
262
162
293
73
129
299
97
201
214
58
272
312
232
34
107
278
109
14
309
40
316
137
9
326
100
158
36
123
4
80
153
124
203
12
221
173
206
66
292
340
189
236
248
16
60
29
281
85
328
295
254
171
67
222
226
188
44
333
200
253
15
285
211
48
59
218
284
238
310
240
55
142
101
112
5
71
51
252
105
266
331
111
224
229
318
269
179
287
6
96
61
195
322
132
270
183
283
31
32
68
176
216
154
24
324
325
204
194
88
78
215
305
209
300
41
180
313
89
118
49
33
264
83
103
268
166
265
170
130
63
321
155
182
114
237
273
46
202
298
291
91
148
247
208
245
70
8
335
30
23
338
74
257
131
339
303
234
249
98
156
190
139
38
336
3
172
256
117
282
93
241
330
72
47
286
311
102
177
205
276
301
165
19
127
289
116
120
69
146
169
192
233
87
274
167
255
115
164
37
308
160
243
275
75
159
152
260
95
161
150
227
235
315
251
27
178
288
196
280
54
332
271
140
157
147
225
244
92
163
0
144
128
319
151
175
45
219
186
84
