DEGREE
0.3571428571428572
0.5
-0.1428571428571429
0.5714285714285714
-0.7142857142857143
-0.3571428571428571
0.2857142857142858
0.0
0.0714285714285714
-0.5
0.1428571428571428
-0.6428571428571428
-0.0714285714285714
0.4285714285714286
0.3571428571428572
-0.3571428571428571
-0.2857142857142857
0.2142857142857142
0.4285714285714286
0.5
-0.0714285714285714
0.4285714285714286
-0.6428571428571428
0.4285714285714286
-0.6428571428571428
-0.0714285714285714
0.0
0.2857142857142858
-0.5
-0.6428571428571428
0.1428571428571428
0.1428571428571428
0.0714285714285714
0.2857142857142858
-0.1428571428571429
-0.7142857142857143
0.1428571428571428
0.5
0.7142857142857142
0.0
0.2857142857142858
-0.6428571428571428
-0.2857142857142857
-0.0714285714285714
0.3571428571428572
0.2142857142857142
0.2857142857142858
0.2142857142857142
0.5
0.1428571428571428
-0.5
-0.2857142857142857
0.3571428571428572
0.0
0.1428571428571428
-0.0714285714285714
-0.5714285714285714
-0.1428571428571429
0.4285714285714286
0.0
0.3571428571428572
-0.5
0.5
0.3571428571428572
-0.7142857142857143
-0.9285714285714286
0.4285714285714286
-0.2857142857142857
-0.3571428571428571
0.2142857142857142
-0.5714285714285714
0.0714285714285714
0.4285714285714286
-0.1428571428571429
-0.5
0.0
-0.3571428571428571
0.2142857142857142
0.2142857142857142
0.2142857142857142
0.0714285714285714
0.2142857142857142
-0.5714285714285714
-0.0714285714285714
-0.0714285714285714
0.2142857142857142
0.9285714285714286
0.1428571428571428
-0.7142857142857143
0.5714285714285714
-0.1428571428571429
0.3571428571428572
0.2142857142857142
0.3571428571428572
0.5
0.7142857142857142
-0.5
-0.0714285714285714
0.4285714285714286
0.3571428571428572
-0.7142857142857143
0.3571428571428572
0.3571428571428572
0.0714285714285714
0.2142857142857142
-0.0714285714285714
0.4285714285714286
-0.1428571428571429
-0.0714285714285714
-0.1428571428571429
-0.1428571428571429
0.4285714285714286
0.1428571428571428
-0.0714285714285714
-0.2142857142857143
-0.2857142857142857
0.1428571428571428
-0.3571428571428571
-0.2142857142857143
0.5
-0.2857142857142857
0.0
0.5
0.5
-0.2857142857142857
0.5714285714285714
0.0714285714285714
-0.2857142857142857
0.2142857142857142
-0.2857142857142857
-0.2142857142857143
0.3571428571428572
-0.2142857142857143
0.2857142857142858
-0.4285714285714286
-0.7142857142857143
-0.0714285714285714
0.2857142857142858
0.4285714285714286
-0.2142857142857143
-0.5
0.0
-0.5
0.1428571428571428
-0.1428571428571429
-0.5714285714285714
0.4285714285714286
0.3571428571428572
0.1428571428571428
0.0714285714285714
0.5
0.1428571428571428
-0.1428571428571429
-0.1428571428571429
-0.0714285714285714
-0.7857142857142857
0.5
0.0
0.0
0.1428571428571428
0.4285714285714286
0.1428571428571428
-0.0714285714285714
0.4285714285714286
0.4285714285714286
-0.4285714285714286
-0.0714285714285714
0.2857142857142858
0.0714285714285714
0.4285714285714286
0.0714285714285714
0.0
0.2857142857142858
-0.1428571428571429
0.0
0.2142857142857142
-0.4285714285714286
0.0
0.2857142857142858
0.5714285714285714
0.4285714285714286
-0.0714285714285714
0.6428571428571428
-0.5714285714285714
0.6428571428571428
0.1428571428571428
0.1428571428571428
-0.4285714285714286
0.3571428571428572
0.4285714285714286
0.5
0.3571428571428572
0.3571428571428572
0.2142857142857142
0.1428571428571428
0.0714285714285714
-0.5
0.0714285714285714
0.4285714285714286
0.2857142857142858
0.2142857142857142
-0.2857142857142857
0.2857142857142858
0.4285714285714286
0.2142857142857142
-0.7857142857142857
-0.2142857142857143
0.2857142857142858
-0.1428571428571429
0.1428571428571428
0.4285714285714286
0.2857142857142858
0.1428571428571428
-0.1428571428571429
0.4285714285714286
1.0
-0.5714285714285714
0.3571428571428572
0.4285714285714286
0.2857142857142858
-0.4285714285714286
-0.2142857142857143
0.1428571428571428
0.2857142857142858
0.2857142857142858
0.5714285714285714
-0.1428571428571429
0.5
0.0
0.0
0.0714285714285714
0.0714285714285714
-0.2857142857142857
0.3571428571428572
0.7142857142857142
-0.3571428571428571
-0.3571428571428571
0.2142857142857142
0.2857142857142858
-0.2142857142857143
0.0
-0.5
-0.5714285714285714
0.2857142857142858
0.3571428571428572
0.4285714285714286
0.5
0.2142857142857142
0.2142857142857142
-0.1428571428571429
0.8571428571428572
0.0
0.0
0.3571428571428572
0.1428571428571428
0.0714285714285714
-0.2142857142857143
0.0714285714285714
-0.6428571428571428
0.0714285714285714
-0.1428571428571429
0.4285714285714286
0.5
-0.2857142857142857
-0.6428571428571428
0.3571428571428572
0.4285714285714286
0.3571428571428572
-0.2142857142857143
-0.9285714285714286
-0.2857142857142857
-0.1428571428571429
0.4285714285714286
0.4285714285714286
-0.2857142857142857
0.0714285714285714
0.2857142857142858
0.0714285714285714
-0.6428571428571428
-0.2142857142857143
-0.3571428571428571
0.4285714285714286
0.2857142857142858
0.5714285714285714
-0.2857142857142857
-0.2857142857142857
0.2142857142857142
-0.4285714285714286
-0.0714285714285714
0.1428571428571428
-0.0714285714285714
-0.3571428571428571
0.2857142857142858
0.6428571428571428
0.6428571428571428
0.5714285714285714
-0.4285714285714286
-0.4285714285714286
0.2142857142857142
0.4285714285714286
0.3571428571428572
0.5
-0.2857142857142857
-0.2857142857142857
0.2857142857142858
0.0714285714285714
-0.7142857142857143
0.4285714285714286
0.3571428571428572
0.0
0.2142857142857142
-0.1428571428571429
-0.0714285714285714
-0.6428571428571428
0.5714285714285714
0.5
-0.1428571428571429
-0.0714285714285714
-0.1428571428571429
0.1428571428571428
0.4285714285714286
-0.0714285714285714
0.0
0.1428571428571428
-0.0714285714285714
0.5
0.1428571428571428
-0.2142857142857143
-0.2857142857142857
-0.1428571428571429
-0.2142857142857143
0.0
0.0714285714285714
0.0
0.3571428571428572
0.5714285714285714
-0.2857142857142857
-0.5714285714285714
-0.0714285714285714
0.7142857142857142
-0.1428571428571429
-0.5714285714285714
-0.2857142857142857
0.0714285714285714
-0.6428571428571428
0.5714285714285714
-0.2142857142857143
0.2857142857142858
0.0
-0.7142857142857143
0.2142857142857142
0.3571428571428572
0.4285714285714286
0.0
0.1428571428571428
0.5714285714285714
0.3571428571428572
-0.4285714285714286
0.0
-0.0714285714285714
0.2857142857142858
-0.6428571428571428
0.2142857142857142
-0.0714285714285714
0.2857142857142858
-0.0714285714285714
-0.0714285714285714
0.2857142857142858
-0.3571428571428571
-0.6428571428571428
0.1428571428571428
-0.3571428571428571
0.6428571428571428
0.0
-0.5714285714285714
0.7142857142857142
-0.3571428571428571
-0.0714285714285714
0.4285714285714286
0.2142857142857142
0.2857142857142858
-0.2142857142857143
0.2142857142857142
0.1428571428571428
-0.1428571428571429
0.1428571428571428
0.4285714285714286
0.0714285714285714
0.3571428571428572
-0.1428571428571429
0.5
0.1428571428571428
0.5714285714285714
0.3571428571428572
0.5
0.2142857142857142
-0.2142857142857143
-0.3571428571428571
-0.2142857142857143
-0.3571428571428571
-0.4285714285714286
0.1428571428571428
0.4285714285714286
0.3571428571428572
0.4285714285714286
0.2142857142857142
-1.0
0.0714285714285714
0.4285714285714286
0.0714285714285714
0.1428571428571428
-0.1428571428571429
0.3571428571428572
-0.2142857142857143
0.2142857142857142
0.2142857142857142
-0.2142857142857143
-0.1428571428571429
EIGENVECTOR
-0.33320351270218507
-0.053684166898082086
-0.5646958879135549
0.08900393199140577
-0.9794873005133254
-0.8337661824038108
0.5069113790818245
-0.9896706626689775
-0.9817643856499992
-0.9175070014988685
-0.40384207580220155
-0.9964059476443716
-0.8643475696562425
-0.07407014580605609
-0.23175555567729267
-0.9875552721885579
-0.9614964150349827
0.223433158208721
0.3063037346303259
0.7012461685363724
-0.6232630251700473
-0.7810593067107401
-0.8914218225149677
0.5262734017674897
-0.8188960326564798
-0.9978253141405192
-0.9939002704394772
0.2886987939672012
-0.9289151640344702
-0.9981380874316856
-0.9929665309452164
-0.9750185114629856
-0.9967152259085277
-0.9942117008831097
-0.9286295143231447
-0.9146267449662646
-0.9965548512688739
0.6166955994841983
-0.8434924056341372
-0.9088383588938481
-0.893777866704601
-0.9980654357653586
-0.9982419362472906
-0.9125823807632071
-0.8135962773589785
-0.9929677129449054
-0.7558571270537107
-0.691175149098055
-0.7498001730153224
0.3206146986065552
-0.9600277499130669
-0.995455963401601
-0.38615452700904485
-0.9955225913421847
-0.9968009115274014
-0.9912233539371385
-0.9942971529976641
-0.9345441586974438
-0.35184530086447074
-0.8660465587275299
-0.9964371326301
-0.9872539836538166
-0.6511845093083768
-0.4561606435278278
-0.9995957938573594
-0.9176618275420172
-0.9951644226670183
-0.9143220831851203
-0.984487210684423
-0.8847422667899133
-0.8833331316313567
-0.9924398846173368
0.48380285678337986
-0.5990039388206634
-0.966277022125901
-0.995051205124134
-0.9455632969248267
-0.375469064153935
-0.9208650221829133
-0.19800330008575828
-0.8326485500928553
0.1329585671869995
-0.9714802314519684
-0.9705906256866117
-0.9418794766189172
-0.24173991741191436
0.996872758984402
-0.9325610753197727
-0.9561938967749316
-0.49533865503761343
-0.9693534043280357
0.04041583601304244
0.24866952278234877
-0.9925527599752135
0.6618722445569944
0.353072575506987
-0.9215496141235926
-0.9666535728954336
-0.5838042175160634
-0.8538995953883537
-0.9271968017664596
-0.2545980076461847
-0.8562782796475094
0.2749415157759125
0.2100729185975525
-0.9949208872790153
-0.8844350865328297
-0.9221613268670679
-0.7894110677363494
-0.9288654391783241
-0.9444084444893521
0.5484333146393463
0.013258920818052689
-0.9569456594624688
-0.9973187586320548
-0.9973720306161051
-0.9021489506154337
-0.998069677258298
-0.9980661260504025
0.3366748718113861
-0.9333786042076606
-0.8931580148159289
-0.8127018744481621
-0.7894062112771371
-0.9391727193011359
-0.7168471247039725
-0.9366328789453539
-0.9971848975269536
-0.1281471654088837
-0.9695477778172165
-0.9829555207952188
-0.6651946160801474
-0.9531461901449144
-0.9959911524035958
-0.9658122954633303
-0.7101590553929018
-0.9973619666478377
-0.99282852436908
-0.8629989918244769
-0.9461898224275281
-0.792413557773181
-0.24245728657232257
-0.8641342064474783
-0.9944720818249184
-0.9666638145518847
-0.9464874506748593
0.48380285678337986
-0.4857161099170648
-0.6584904907345444
-0.9762548424636133
0.14583899404083644
-0.8948511971540395
-0.7255199134244008
-0.3475047297200098
-0.9333764754423968
-0.9824328228930957
-0.5770694043235056
-0.9914063753058976
-0.9835320277516708
-0.8058355354065927
-0.8939886686085297
-0.7843223124120484
-0.9929026188048923
-0.7465204309935284
-0.9960832033507095
-0.9375447084809758
-0.9975968226849695
-0.9839700377444596
-0.9859023547742497
-0.8118237602355055
-0.10677098513309025
-0.9943444301903587
-0.8859523154263621
-0.9861409423587648
-0.7330000806334542
-0.9927675091923776
-0.9911573147575209
-0.9799575716551813
-0.99490645346852
-0.5445392916916105
-0.8823990118707195
-0.9911456663618073
0.7713287929756092
-0.93992516282237
0.7845401004766999
-0.757089554243298
-0.8096255869608366
-0.907037077073899
-0.9961103149626345
-0.5254415430687682
-0.697885522145314
-0.06836809284851586
-0.8967324665565604
-0.7597661264926088
-0.9957292334917573
-0.9966025952319272
-0.9288878076134188
-0.8040536018033152
0.4240901293495274
-0.0522246893223518
-0.9960161874138483
-0.9760026583302641
-0.6643016826089487
-0.7087796551882772
-0.8518150140441643
-0.9988311731026013
-0.7984626142180222
-0.7798538013605645
-0.9489397958972923
-0.9845823782111544
-0.15226028682290405
-0.9928467130984064
-0.9955412179507126
-0.9536286228634699
-0.4985130100923625
0.9722658601377301
-0.7573765131037782
0.07992882802254231
-0.6891480446179401
-0.8941406042142566
-0.8773433391277256
-0.9977904859203767
-0.862486168715818
-0.9952587988429377
-0.9960468350056041
0.5401705351782689
-0.7996036768014155
-0.8038722477674497
-0.8935128555894702
-0.9378061447329115
-0.8701968724041449
-0.468561105426041
-0.9978699136072171
-0.9956864800137077
0.9045018988137938
-0.9968526530868953
-0.8004169219618164
-0.9954017240278138
-0.9939562866480427
-0.967917237894274
-0.9510750905208282
-0.9981366083001507
-0.9126607111738929
-0.4651615716022578
-0.39291902680238955
-0.04197602094194641
-0.45961879558191443
0.13295856718699928
0.3537058693553352
-0.9975401915764083
1.0
-0.7070690123468053
-0.9972380617920282
-0.9011606635707963
-0.7273342347165547
-0.9935808217757445
-0.9248756992203819
-0.9933031752493743
-0.9490680288682173
-0.34302691747529823
-0.9952683786255583
-0.9946884144341995
-0.07161085755513819
-0.7101315695077097
-0.5999861037593255
-0.30693347416687256
-0.16478517230824086
-0.6849973949895374
-0.9163299386365709
-0.9999239012287199
-0.9704569263576085
-0.947948956833574
-0.2216372480975226
0.47530212035870756
-0.7101315695077097
-0.7681509774445345
-0.9956343062055986
-0.651655168007579
-0.9757637651680036
-0.9588174314710403
-0.9953406445436979
-0.4420449138248921
-0.6799986655613133
-0.011610294842615554
-0.9981820034009512
-0.823205662652962
-0.9642428206360651
-0.9982828338564148
-0.9043527756742524
-0.4563388016131583
-0.9485934515490567
-0.8661428143001175
-0.8564759928648145
0.8060299054858695
-0.6096882689025963
0.13500627688064748
-0.625874178290508
-0.9982307977523416
-0.6361081635843255
-0.9120009963876309
-0.8333630221175666
-0.10468820767119513
-0.9185079622239775
-0.9958330316780833
-0.20762525518270392
-0.9908579911973496
-0.9146267449662645
0.29604379172248807
-0.9943036674671107
-0.9907577152796481
-0.9173017460806588
-0.9541886045497522
-0.9939047186429898
-0.7101230421654419
0.7242108221304604
-0.8334635687248595
-0.6775889465873668
-0.9503231301697329
-0.9336740134048215
-0.7570895542432978
-0.9970195100400847
-0.9580490886784279
-0.9404948266812053
-0.969334065133856
-0.9476234388674725
-0.10488858572686899
-0.6503095550580275
-0.9940206360830396
-0.8346625133425343
-0.9978400775708133
-0.9791390453958753
-0.990434973434987
-0.9901696664913693
-0.9973534776694012
-0.9957049222086677
-0.7231792756739224
-0.9977075140845721
-0.987138424009227
-0.9569456594624687
0.5580371384976968
-0.9749635057393853
-0.9990027536896902
-0.9978805774946709
-0.9572660495923789
-0.9964059476443716
-0.01161029484261622
-0.9901990523835507
-0.9947249446107264
-0.9966477913323963
-0.9968382774993525
-0.36622309175491063
-0.7940099047800664
-0.8654158537561109
-0.7114707039059038
-0.9958420519488286
0.501051557607392
-0.6549746558426925
-0.5299627678961404
-0.8002753207131987
-0.9941009204950111
-0.9760812355316633
-0.9021855461678465
-0.7248909287602492
-0.29294987365522274
-0.8513017589120438
-0.9219783365415739
-0.9627025380551422
-0.8564759928648147
-0.9987926776848811
-0.998229017629352
-0.7382341712908843
-0.9968526530868953
-0.9956707747510419
-0.9883081694290089
-0.9296654564050055
0.8880985258934095
-0.9449527907813607
-0.9418794766189174
-0.5905123776105117
-0.9962849636630201
-0.7228101077450184
-0.9951622530760608
0.1344004295279595
-0.9147565990542567
-0.21494963614364448
-0.9945105636483834
0.38230039901024804
-0.7945352976422062
-0.9952526791313406
-0.9970980871220876
-0.8565725635314548
-0.9929665309452164
0.141224972173021
-0.6549746558426925
-0.9024104674847468
-0.8596898104740744
-0.9355258450427223
-0.9655939290885145
-0.7928700379887595
-0.9983321745094462
-0.9672982620884091
-0.9355714914470952
-0.8466937944487489
-0.28934044789328384
0.4195677544350802
0.1889034545176551
-1.0
-0.12003443842011408
-0.8520328931554979
-0.9701391303343351
-0.880429766848698
-0.9363077798467782
0.39555794376691367
-0.9629602798205597
0.15473801472805326
-0.9957206452635254
-0.9610090059999306
-0.1874445768049191
CENT
0.2523145892213232
0.6182617082842139
0.23026252058510077
0.7190875471421769
-0.31508260206814154
-0.1698292220113854
0.7073771838545373
-0.04189514261381455
0.12730638885402268
-0.5687154783222781
-0.11834284963273412
-0.38610380548548107
0.5458085565437034
0.8979545063885863
0.40642453373049414
0.2560158688865761
0.1958833783805396
0.8877541299087324
0.14289991647887512
0.5960281369901945
0.5201024729440056
-0.2857340893022997
-0.8169510257650063
0.38844436957803397
-0.21973417882772617
-0.6276490638739319
0.059622014282196156
0.201268539577794
-0.4587638992573968
-0.9161157436630012
-0.6233673065505643
-0.21551675265037695
-0.46834897716739976
-0.02775693923480871
0.3086285375024733
-0.8961937716262978
-0.4333042720139496
0.6611910392259508
-0.2978071144498453
-0.33608402100525137
-0.39741721588706336
-0.48379304971170345
-0.5417165262112686
0.6227380015735637
-0.04502097296651786
0.08638337468982638
0.09652533673437658
-0.09122362744953694
-0.05901590605024554
0.7714126807563959
-0.3084608609490256
-0.37470536736480586
0.21933552250338018
-0.30713312130849624
-0.3734335839599
0.07965451055662176
-0.6583039171379368
-0.0728952316096465
-0.1272846428311366
0.4245753056608905
-0.4296313930881247
-0.5809214078529366
-0.5153582302385634
-0.29379312251980716
-0.8010656164938901
-0.3555164001084308
-0.22673860233885113
0.3124442830257206
0.23758371889863095
0.8029587014588038
-0.8150921658986174
-0.5753862412561019
0.329712248113442
0.0024825540031181426
-0.2169237961664332
-0.23232009925558306
-0.7196378879984715
0.6749379652605456
0.5458085565437034
0.11013958717172012
0.9707327494125182
0.44289912520502983
-0.48379304971170345
0.21208713532964918
-0.6297850285065527
0.1446409989594173
0.5653093601269168
0.056305544450936384
-0.4814275688180707
-0.2681294783505731
-0.43085668958223156
0.4510992397780973
0.3086285375024733
-0.06674082313681873
0.7190875471421769
0.7379629970206347
-0.3835782009615645
-0.17561129606244996
-0.4011696218756675
0.8599500227169468
-0.4296313930881247
0.023485333089646288
0.8953998854743268
0.6772381297571581
0.44494589466126433
-0.30713312130849624
0.8078541374474049
-0.2708507437740265
0.8499282314723875
-0.5787099287482562
-0.6340471672539985
0.4024142828159869
0.10161835485428528
0.38844436957803397
-0.39866905417323706
-0.3190421329822255
-0.3949104239975384
-0.5025806451612903
-0.5383056550388092
0.5938182399204641
-0.5809214078529366
-0.02143522833178002
-0.10333142630814629
0.044747528924986124
0.3143550864674691
-0.002327901563019652
0.49262771701509034
-0.3438864777349968
0.9575572164349608
0.4759098428453268
0.07629975566758396
0.06794094506409953
-0.35937351941846163
-0.2027975013162202
0.3471407624633427
-0.2544522849462365
-0.38104838709677447
0.09483093664982478
-0.2042157364738011
-0.6050223478293348
0.046393965411504645
-0.06982085438677099
-0.7840330158434081
-0.21973417882772617
0.23391945180683904
-0.32299157591945793
0.329712248113442
-0.32299157591945793
0.07629975566758396
0.1691960883921766
0.6980565017030651
-0.31508260206814154
0.6227380015735637
0.3105354343701012
-0.07135874877810389
-0.9348793757212729
-0.39991985574033273
-0.22813580856921034
-0.2309265554254767
-0.30713312130849624
-0.43085668958223156
-0.3734335839599
-0.5776028964372818
0.2541642967416915
-0.42840509142872263
0.7355941549489933
-0.4333042720139496
-0.4551534225019669
-0.3451830495566558
0.3335712981256118
0.4164870781082961
-0.22673860233885113
-0.15089429013461353
0.26344086021505353
-0.1376557010539763
0.16743093791155617
-0.5371669004207575
0.013759795881173487
-0.16547912078421212
-0.3721607376353072
0.8152186130156232
-0.6158425419503666
0.7167401606499184
-0.5930232558139538
0.5740380878352116
1.0
0.8700189753320682
0.7050430594073853
-0.3772457507368082
-0.418558343289526
0.15337200297134546
0.5264976958525345
0.6137953182986011
-0.33868923504640447
-0.19711202657049587
-0.2991428216489296
-0.5919273536879761
-0.19853527869599918
0.4634649077604862
0.19947170415432613
-0.2884250474383304
0.5158504952735754
-0.6831689160564064
0.1446409989594173
-0.3425888117599022
-1.0
-0.15674388395756667
-0.05901590605024554
0.38645700047141207
-0.3044742390210966
0.44494589466126433
0.08806963645673305
-0.09122362744953694
-0.7295962684880002
-0.38610380548548107
0.43677180532573656
-0.464761854969415
0.192302161721708
-0.5199769127172451
0.26716461724126694
0.8103061148117654
-0.42225846227278174
0.8029587014588038
-0.16402649769585254
-0.28708014632524115
0.6026724552070173
-0.47192739979659437
0.03326612903225801
-0.07902708613479525
-0.6645624383050808
0.7570114178029044
0.16390584132519592
-0.4148490769169427
-0.19426174544520713
0.5372026674601365
-0.7256217452959473
0.8005152329749101
-0.17705360088354694
0.056305544450936384
0.3785282258064515
0.40642453373049414
-0.5984900480439258
-0.15528344933144678
0.3239385308339402
-0.06519868237528581
0.582805141460996
-0.09728855904181077
0.44289912520502983
0.8325025862879714
-0.6017599840454706
0.7738225528204936
-0.030908981892313392
-0.4896901204007308
0.7980745909438607
-0.12430943253210525
-0.2239405162421192
0.5544519644897599
-0.04969888498002528
-0.42225846227278174
0.192302161721708
-0.23232009925558306
-0.21551675265037695
0.6749379652605456
-0.5597722960151801
-0.24342474991570195
-0.10182277143444196
0.5243636490517976
0.15337200297134546
-0.3308603516825842
-0.8553831495848644
0.14638378421011122
-0.6340471672539985
0.31818256973264303
0.39641464526257164
-0.5597722960151801
-0.4623655913978497
-0.3503584229390684
0.8449349179400112
0.5587878147933052
-0.3425888117599022
-0.8038830008793447
-0.29111138788558133
-0.4826107856001456
0.6362266317413614
-0.6340471672539985
-0.5776028964372818
-0.16547912078421212
-0.4036660529896745
0.5762262483429075
0.6818462208352984
-0.6190723948268173
-0.1899768564816141
0.8300248138957811
0.44699483460472744
-0.5130433664613843
0.7190875471421769
0.6703453765853125
-0.44790598627652023
-0.4635642088471046
0.6272242311410259
0.2430939226519333
0.6589088547304609
-0.3503584229390684
-0.5742766163643915
0.48843480966704655
0.2030671602326808
-0.8961937716262978
0.624979872255917
-0.015089906930514263
-0.3425888117599022
-0.4967354062964642
0.5479658815683246
0.0914470312330129
-0.2626728110599079
0.4044183568178359
0.19409188273282396
-0.5303154235468536
-0.3111129444765284
-0.22953179239691845
1.0
-0.5002453575763839
-0.20704845814978
-0.5930232558139538
0.07462478940290884
-0.707590062260824
0.3335712981256118
0.4572722127900395
-0.21410847217298823
-0.18424592838537956
-0.6287174549090774
0.3335712981256118
-0.31508260206814154
-0.5530279975654291
-0.42840509142872263
-0.21973417882772617
0.11013958717172012
-0.49086669257675863
-0.3137605099741717
0.38844436957803397
0.35885007521310364
0.06960950764006757
-0.7897351185975362
-0.42348980836006067
0.4552123684481162
-0.38610380548548107
0.6362266317413614
-0.06828154648956353
-0.21973417882772617
-0.22673860233885113
-0.39866905417323706
0.7834898205819463
0.509489710789766
0.05464967957091704
-0.05901590605024554
-0.18854602884216864
0.7641996557659205
0.06294481929938045
0.8152186130156232
-0.6769947469943831
0.05464967957091704
-0.4123711340206184
-0.7715932251036615
-0.12281980983491803
-0.07135874877810389
0.9236680819996541
0.513727946549744
0.09483093664982478
0.8300248138957811
-0.7236300757259557
-0.8979386962923306
0.8902997025852204
-0.7256217452959473
-0.3555164001084308
-0.20846294796948905
-0.3848415287342435
0.5073740163635412
-0.4011696218756675
-0.6297850285065527
-0.4539479725563764
-0.28708014632524115
0.025111615645999175
-0.7763916332472028
0.2523145892213232
0.26716461724126694
0.3105354343701012
-0.12877023407476418
0.5938182399204641
0.9839878447872836
-0.22813580856921034
-0.3412900502457822
0.8624628265110903
-0.6233673065505643
0.7120533674495109
0.06294481929938045
0.7167401606499184
0.8103061148117654
-0.08208459437513838
-0.822511717673008
0.8474301138186826
-0.5360272452454752
0.19947170415432613
-0.5908306013664006
-0.08055654023395997
0.8649785830711494
0.7167401606499184
0.8852115626309174
-0.8883116301463426
-0.010315341808804446
0.8953998854743268
0.2157077155629883
-0.09274193548387089
0.5031494560030538
0.3785282258064515
0.36669681439051316
0.4326977148407545
-0.18711393273850374
0.19947170415432613
0.8826719954324864
DEGREE_RANK
0.45803357314148685
0.7889688249400479
-0.4772182254196643
0.8848920863309353
-0.9760191846522782
-0.73621103117506
0.3237410071942446
-0.21342925659472423
-0.08872901678657086
-0.8321342925659472
0.026378896882494063
-0.9376498800959232
-0.3477218225419665
0.6067146282973621
0.4628297362110312
-0.7314148681055157
-0.6690647482014389
0.17985611510791366
0.6115107913669067
0.7937649880095923
-0.34292565947242215
0.6163069544364508
-0.9328537170263789
0.6211031175059951
-0.9280575539568345
-0.3381294964028777
-0.2086330935251799
0.32853717026378915
-0.8273381294964028
-0.9232613908872902
0.031175059952038398
0.03597122302158273
-0.08393285371702641
0.33333333333333326
-0.47242206235011996
-0.9712230215827338
0.04076738609112707
0.7985611510791368
0.9664268585131894
-0.20383693045563556
0.3381294964028778
-0.9184652278177458
-0.6642685851318946
-0.33333333333333337
0.4676258992805755
0.184652278177458
0.34292565947242215
0.18944844124700255
0.803357314148681
0.045563549160671624
-0.8225419664268585
-0.6594724220623501
0.47242206235011985
-0.19904076738609122
0.050359712230215736
-0.32853717026378904
-0.8800959232613909
-0.4676258992805755
0.6258992805755397
-0.19424460431654678
0.4772182254196644
-0.8177458033573142
0.8081534772182253
0.4820143884892085
-0.9664268585131894
-0.9952038369304557
0.630695443645084
-0.6546762589928058
-0.7266187050359713
0.1942446043165469
-0.8752997601918465
-0.07913669064748208
0.6354916067146283
-0.4628297362110312
-0.8129496402877698
-0.18944844124700244
-0.7218225419664269
0.199040767386091
0.20383693045563556
0.2086330935251799
-0.07434052757793774
0.21342925659472423
-0.8705035971223022
-0.3237410071942447
-0.31894484412470026
0.21822541966426856
0.9952038369304557
0.05515587529976029
-0.9616306954436451
0.8896882494004796
-0.45803357314148685
0.4868105515587531
0.2230215827338129
0.4916067146282974
0.8129496402877698
0.971223021582734
-0.8081534772182254
-0.3141486810551559
0.6402877697841727
0.49640287769784175
-0.9568345323741008
0.5011990407673861
0.5059952038369304
-0.06954436450839341
0.22781774580335745
-0.3093525179856116
0.645083932853717
-0.4532374100719425
-0.30455635491606725
-0.44844124700239807
-0.44364508393285373
0.6498800959232616
0.05995203836930463
-0.2997601918465228
-0.5683453237410072
-0.6498800959232613
0.06474820143884896
-0.7170263788968825
-0.5635491606714629
0.8177458033573142
-0.645083932853717
-0.184652278177458
0.8225419664268585
0.8273381294964028
-0.6402877697841727
0.894484412470024
-0.06474820143884896
-0.6354916067146283
0.2326139088729018
-0.630695443645084
-0.5587529976019185
0.5107913669064748
-0.5539568345323742
0.3477218225419665
-0.7841726618705036
-0.9520383693045563
-0.29496402877697847
0.3525179856115108
0.6546762589928057
-0.5491606714628299
-0.8033573141486811
-0.17985611510791377
-0.7985611510791367
0.0695443645083933
-0.4388489208633094
-0.8657074340527577
0.65947242206235
0.5155875299760193
0.07434052757793763
-0.05995203836930463
0.8321342925659472
0.07913669064748219
-0.43405275779376506
-0.4292565947242206
-0.29016786570743414
-0.9856115107913669
0.8369304556354917
-0.17505995203836933
-0.170263788968825
0.08393285371702652
0.6642685851318946
0.08872901678657064
-0.2853717026378898
0.6690647482014389
0.6738609112709832
-0.7793764988009593
-0.28057553956834536
0.35731414868105515
-0.05515587529976029
0.6786570743405276
-0.05035971223021596
-0.16546762589928055
0.3621103117505995
-0.4244604316546763
-0.16067146282973632
0.2374100719424459
-0.7745803357314149
-0.15587529976019188
0.36690647482014405
0.8992805755395683
0.6834532374100719
-0.275779376498801
0.9424460431654675
-0.8609112709832134
0.9472422062350121
0.09352517985611519
0.09832134292565953
-0.7697841726618705
0.5203836930455634
0.6882494004796165
0.8417266187050358
0.525179856115108
0.5299760191846523
0.24220623501199046
0.10311750599520408
-0.04556354916067151
-0.7937649880095923
-0.04076738609112718
0.6930455635491606
0.37170263788968816
0.2470023980815348
-0.6258992805755397
0.3764988009592327
0.6978417266187051
0.25179856115107935
-0.9808153477218226
-0.5443645083932854
0.38129496402877705
-0.41966426858513195
0.1079136690647482
0.7026378896882495
0.3860911270983214
0.11270983213429253
-0.4148681055155876
0.7074340527577938
1.0
-0.8561151079136691
0.5347721822541966
0.7122302158273381
0.3908872901678657
-0.7649880095923262
-0.5395683453237411
0.11750599520383709
0.39568345323741005
0.4004796163069546
0.9040767386091126
-0.4100719424460433
0.8465227817745804
-0.15107913669064754
-0.1462829736211031
-0.03597122302158273
-0.03117505995203851
-0.6211031175059952
0.539568345323741
0.9760191846522781
-0.7122302158273381
-0.7074340527577938
0.25659472422062346
0.40527577937649895
-0.5347721822541966
-0.14148681055155876
-0.7889688249400479
-0.8513189448441247
0.41007194244604306
0.5443645083932853
0.7170263788968825
0.8513189448441247
0.2613908872901678
0.26618705035971235
-0.40527577937649883
0.9904076738609113
-0.13669064748201454
-0.1318944844124701
0.5491606714628299
0.12230215827338142
-0.026378896882494063
-0.5299760191846523
-0.021582733812949728
-0.9136690647482014
-0.016786570743405282
-0.4004796163069545
0.721822541966427
0.8561151079136691
-0.6163069544364508
-0.9088729016786571
0.5539568345323742
0.7266187050359711
0.5587529976019183
-0.525179856115108
-0.9904076738609112
-0.6115107913669064
-0.39568345323741017
0.7314148681055155
0.73621103117506
-0.6067146282973621
-0.011990407673861059
0.4148681055155876
-0.007194244604316613
-0.9040767386091128
-0.5203836930455636
-0.7026378896882495
0.7410071942446044
0.41966426858513195
0.9088729016786572
-0.6019184652278178
-0.5971223021582734
0.2709832134292567
-0.7601918465227818
-0.2709832134292566
0.12709832134292554
-0.26618705035971235
-0.6978417266187051
0.4244604316546763
0.9520383693045564
0.9568345323741008
0.9136690647482015
-0.7553956834532374
-0.750599520383693
0.2757793764988008
0.7458033573141485
0.5635491606714629
0.8609112709832134
-0.5923261390887291
-0.5875299760191847
0.4292565947242206
-0.0023980815347722784
-0.947242206235012
0.750599520383693
0.5683453237410072
-0.12709832134292576
0.28057553956834536
-0.39088729016786583
-0.2613908872901679
-0.8992805755395683
0.9184652278177456
0.8657074340527577
-0.3860911270983214
-0.25659472422062357
-0.38129496402877705
0.1318944844124701
0.7553956834532374
-0.2517985611510791
-0.12230215827338131
0.13669064748201443
-0.2470023980815349
0.8705035971223023
0.14148681055155898
-0.5155875299760193
-0.5827338129496403
-0.3764988009592326
-0.5107913669064749
-0.11750599520383709
0.0023980815347719453
-0.11270983213429264
0.5731414868105518
0.9232613908872902
-0.5779376498800959
-0.8465227817745804
-0.24220623501199046
0.9808153477218224
-0.3717026378896884
-0.841726618705036
-0.5731414868105515
0.007194244604316724
-0.894484412470024
0.9280575539568345
-0.5059952038369305
0.43405275779376495
-0.10791366906474831
-0.9424460431654677
0.2853717026378897
0.5779376498800959
0.7601918465227819
-0.10311750599520386
0.1462829736211031
0.9328537170263791
0.5827338129496402
-0.7458033573141487
-0.09832134292565964
-0.23741007194244612
0.4388489208633095
-0.8896882494004796
0.29016786570743425
-0.23261390887290168
0.4436450839328536
-0.22781774580335734
-0.223021582733813
0.44844124700239796
-0.6930455635491607
-0.8848920863309353
0.15107913669064743
-0.6882494004796164
0.9616306954436451
-0.09352517985611519
-0.8369304556354916
0.985611510791367
-0.6834532374100719
-0.21822541966426867
0.764988009592326
0.29496402877697836
0.4532374100719425
-0.5011990407673862
0.2997601918465227
0.155875299760192
-0.36690647482014394
0.1606714628297361
0.7697841726618704
0.011990407673860837
0.5875299760191848
-0.3621103117505996
0.8752997601918466
0.16546762589928066
0.9376498800959232
0.5923261390887291
0.8800959232613907
0.30455635491606725
-0.49640287769784175
-0.6786570743405276
-0.4916067146282974
-0.6738609112709832
-0.7410071942446044
0.170263788968825
0.7745803357314149
0.5971223021582732
0.7793764988009593
0.3093525179856116
-1.0
0.016786570743405393
0.7841726618705036
0.021582733812949728
0.17505995203836933
-0.35731414868105515
0.6019184652278178
-0.48681055155875297
0.3141486810551559
0.31894484412470026
-0.48201438848920874
-0.35251798561151093
EIGENVECTOR_RANK
0.6402877697841727
0.750599520383693
0.539568345323741
0.7889688249400479
-0.4292565947242206
0.1942446043165469
0.9232613908872902
-0.5011990407673862
-0.4388489208633094
-0.05515587529976029
0.6019184652278178
-0.7937649880095923
0.11750599520383709
0.73621103117506
0.6738609112709832
-0.4916067146282974
-0.3093525179856116
0.8369304556354917
0.8609112709832134
0.9568345323741008
0.5059952038369304
0.3093525179856116
0.05995203836930463
0.9280575539568345
0.21822541966426856
-0.9040767386091128
-0.6019184652278178
0.8513189448441247
-0.11270983213429264
-0.9424460431654677
-0.5779376498800959
-0.4004796163069545
-0.8225419664268585
-0.6258992805755397
-0.09832134292565964
-0.03117505995203851
-0.8081534772182254
0.9472422062350121
0.184652278177458
-0.007194244604316613
0.045563549160671624
-0.9232613908872902
-0.9616306954436451
-0.016786570743405282
0.2230215827338129
-0.5875299760191847
0.34292565947242215
0.43405275779376495
0.3477218225419665
0.8657074340527577
-0.2997601918465228
-0.7122302158273381
0.6115107913669067
-0.7170263788968825
-0.8273381294964028
-0.5395683453237411
-0.630695443645084
-0.14148681055155876
0.6258992805755397
0.1079136690647482
-0.8033573141486811
-0.48681055155875297
0.4868105515587531
0.5923261390887291
-0.9904076738609112
-0.05995203836930463
-0.6834532374100719
-0.026378896882494063
-0.4628297362110312
0.0695443645083933
0.07913669064748219
-0.5491606714628299
0.9088729016786572
0.5203836930455634
-0.3381294964028777
-0.6738609112709832
-0.2086330935251799
0.6163069544364508
-0.06954436450839341
0.6930455635491606
0.2086330935251799
0.7985611510791368
-0.39088729016786583
-0.3860911270983214
-0.19424460431654678
0.6690647482014389
0.9952038369304557
-0.12230215827338131
-0.2709832134292566
0.5635491606714629
-0.36690647482014394
0.7793764988009593
0.8417266187050358
-0.5539568345323742
0.9520383693045564
0.8752997601918466
-0.07434052757793774
-0.34292565947242215
0.5299760191846523
0.1606714628297361
-0.09352517985611519
0.65947242206235
0.155875299760192
0.8465227817745804
0.8321342925659472
-0.6690647482014389
0.07434052757793763
-0.08393285371702641
0.29496402877697836
-0.10311750599520386
-0.19904076738609122
0.9376498800959232
0.7745803357314149
-0.275779376498801
-0.8657074340527577
-0.8800959232613909
0.016786570743405393
-0.9328537170263789
-0.9280575539568345
0.8705035971223023
-0.1318944844124701
0.05515587529976029
0.22781774580335745
0.2997601918465227
-0.17505995203836933
0.3908872901678657
-0.16067146282973632
-0.8561151079136691
0.7122302158273381
-0.3717026378896884
-0.44844124700239807
0.45803357314148685
-0.25659472422062357
-0.7649880095923262
-0.33333333333333337
0.4004796163069546
-0.8752997601918465
-0.5635491606714629
0.12709832134292554
-0.21342925659472423
0.29016786570743425
0.6642685851318946
0.12230215827338142
-0.645083932853717
-0.3477218225419665
-0.21822541966426867
0.9136690647482015
0.5683453237410072
0.4676258992805755
-0.41966426858513195
0.8177458033573142
0.031175059952038398
0.37170263788968816
0.630695443645084
-0.12709832134292576
-0.44364508393285373
0.5347721822541966
-0.5443645083932854
-0.4532374100719425
0.24220623501199046
0.04076738609112707
0.30455635491606725
-0.5731414868105515
0.3525179856115108
-0.7793764988009593
-0.16546762589928055
-0.8896882494004796
-0.45803357314148685
-0.47242206235011996
0.2326139088729018
0.721822541966427
-0.6402877697841727
0.06474820143884896
-0.4772182254196643
0.3621103117505995
-0.5587529976019185
-0.5347721822541966
-0.43405275779376506
-0.6642685851318946
0.5443645083932853
0.08393285371702652
-0.5299760191846523
0.9664268585131894
-0.17985611510791377
0.971223021582734
0.3381294964028778
0.2374100719424459
-0.0023980815347722784
-0.7841726618705036
0.5539568345323742
0.4292565947242206
0.7458033573141485
0.026378896882494063
0.3237410071942446
-0.750599520383693
-0.8129496402877698
-0.10791366906474831
0.2470023980815348
0.8992805755395683
0.7553956834532374
-0.7697841726618705
-0.4100719424460433
0.4628297362110312
0.41966426858513195
0.170263788968825
-0.9808153477218226
0.2709832134292567
0.3141486810551559
-0.23741007194244612
-0.4676258992805755
0.7074340527577938
-0.5683453237410072
-0.7218225419664269
-0.2613908872901679
0.5587529976019183
0.9904076738609113
0.32853717026378915
0.7841726618705036
0.4388489208633095
0.03597122302158273
0.09352517985611519
-0.8992805755395683
0.1318944844124701
-0.6930455635491607
-0.7745803357314149
0.9328537170263791
0.26618705035971235
0.25179856115107935
0.050359712230215736
-0.170263788968825
0.09832134292565953
0.5731414868105518
-0.9136690647482014
-0.73621103117506
0.985611510791367
-0.8369304556354916
0.25659472422062346
-0.7074340527577938
-0.6115107913669064
-0.35731414868105515
-0.2517985611510791
-0.9376498800959232
-0.021582733812949728
0.5779376498800959
0.6067146282973621
0.7601918465227819
0.5827338129496402
0.7937649880095923
0.8800959232613907
-0.8848920863309353
1.0
0.4244604316546763
-0.8609112709832134
0.021582733812949728
0.36690647482014405
-0.5971223021582734
-0.08872901678657086
-0.5923261390887291
-0.24220623501199046
0.6354916067146283
-0.6978417266187051
-0.6546762589928058
0.7410071942446044
0.40527577937649895
0.5155875299760193
0.645083932853717
0.7026378896882495
0.4436450839328536
-0.04556354916067151
-0.9952038369304557
-0.38129496402877705
-0.22781774580335734
0.6786570743405276
0.9040767386091126
0.41007194244604306
0.31894484412470026
-0.7266187050359713
0.4820143884892085
-0.40527577937649883
-0.29496402877697847
-0.7026378896882495
0.5971223021582732
0.44844124700239796
0.7697841726618704
-0.947242206235012
0.21342925659472423
-0.3237410071942447
-0.9664268585131894
0.0023980815347719453
0.5875299760191848
-0.23261390887290168
0.10311750599520408
0.1462829736211031
0.9760191846522781
0.5107913669064748
0.8081534772182253
0.5011990407673861
-0.9568345323741008
0.49640287769784175
-0.011990407673861059
0.20383693045563556
0.7314148681055155
-0.06474820143884896
-0.7553956834532374
0.6882494004796165
-0.525179856115108
-0.03597122302158273
0.8561151079136691
-0.6354916067146283
-0.5203836930455636
-0.05035971223021596
-0.26618705035971235
-0.6067146282973621
0.4148681055155876
0.9616306954436451
0.199040767386091
0.4532374100719425
-0.2470023980815349
-0.13669064748201454
0.33333333333333326
-0.8465227817745804
-0.29016786570743414
-0.184652278177458
-0.3621103117505996
-0.223021582733813
0.7266187050359711
0.4916067146282974
-0.6163069544364508
0.18944844124700255
-0.9088729016786571
-0.4244604316546763
-0.5155875299760193
-0.5059952038369305
-0.8705035971223022
-0.7410071942446044
0.38129496402877705
-0.894484412470024
-0.48201438848920874
-0.28057553956834536
0.9424460431654675
-0.39568345323741017
-0.9856115107913669
-0.9184652278177458
-0.2853717026378898
-0.7985611510791367
0.764988009592326
-0.5107913669064749
-0.6594724220623501
-0.8177458033573142
-0.8321342925659472
0.6211031175059951
0.28057553956834536
0.11270983213429253
0.39568345323741005
-0.7601918465227818
0.9184652278177456
0.47242206235011985
0.5491606714628299
0.2613908872901678
-0.6211031175059952
-0.4148681055155876
0.011990407673860837
0.3764988009592327
0.6498800959232616
0.17505995203836933
-0.07913669064748208
-0.3141486810551559
0.15107913669064743
-0.9760191846522782
-0.9520383693045563
0.35731414868105515
-0.841726618705036
-0.7314148681055157
-0.49640287769784175
-0.11750599520383709
0.9808153477218224
-0.20383693045563556
-0.18944844124700244
0.525179856115108
-0.7889688249400479
0.3860911270983214
-0.6786570743405276
0.803357314148681
-0.04076738609112718
0.6834532374100719
-0.6498800959232613
0.8848920863309353
0.2757793764988008
-0.6882494004796164
-0.8513189448441247
0.14148681055155898
-0.5827338129496403
0.8129496402877698
0.4772182254196644
0.007194244604316724
0.13669064748201443
-0.1462829736211031
-0.32853717026378904
0.2853717026378897
-0.9712230215827338
-0.35251798561151093
-0.15107913669064754
0.17985611510791366
0.6546762589928057
0.894484412470024
0.8273381294964028
-1.0
0.7170263788968825
0.16546762589928066
-0.3764988009592326
0.08872901678657064
-0.15587529976019188
0.8896882494004796
-0.31894484412470026
0.8225419664268585
-0.7458033573141487
-0.30455635491606725
0.6978417266187051
CENT_RANK
0.3525179856115108
0.7026378896882495
0.33333333333333326
0.803357314148681
-0.36690647482014394
-0.10791366906474831
0.7793764988009593
0.05515587529976029
0.22781774580335745
-0.750599520383693
-0.05035971223021596
-0.5011990407673862
0.6354916067146283
0.971223021582734
0.5059952038369304
0.36690647482014405
0.29016786570743425
0.9520383693045564
0.2326139088729018
0.6882494004796165
0.6163069544364508
-0.2853717026378898
-0.9568345323741008
0.4772182254196644
-0.2086330935251799
-0.841726618705036
0.14148681055155898
0.3093525179856116
-0.6258992805755397
-0.9904076738609112
-0.8369304556354916
-0.184652278177458
-0.645083932853717
0.06474820143884896
0.3860911270983214
-0.9808153477218226
-0.6067146282973621
0.7410071942446044
-0.3141486810551559
-0.39088729016786583
-0.5107913669064749
-0.6690647482014389
-0.7314148681055157
0.7074340527577938
0.050359712230215736
0.184652278177458
0.2086330935251799
-0.026378896882494063
0.031175059952038398
0.8369304556354917
-0.34292565947242215
-0.4676258992805755
0.32853717026378915
-0.3381294964028777
-0.4628297362110312
0.17985611510791366
-0.8752997601918465
-0.0023980815347722784
-0.06474820143884896
0.5203836930455634
-0.5875299760191847
-0.7841726618705036
-0.7026378896882495
-0.3093525179856116
-0.9424460431654677
-0.44364508393285373
-0.22781774580335734
0.40527577937649895
0.34292565947242215
0.8609112709832134
-0.9520383693045563
-0.7601918465227818
0.4244604316546763
0.08872901678657064
-0.18944844124700244
-0.25659472422062357
-0.8992805755395683
0.750599520383693
0.6402877697841727
0.21822541966426856
0.985611510791367
0.5347721822541966
-0.6642685851318946
0.31894484412470026
-0.8561151079136691
0.2374100719424459
0.65947242206235
0.1318944844124701
-0.6546762589928058
-0.275779376498801
-0.5971223021582734
0.5587529976019183
0.3908872901678657
0.021582733812949728
0.8081534772182253
0.8225419664268585
-0.48201438848920874
-0.11270983213429264
-0.5347721822541966
0.9232613908872902
-0.5827338129496403
0.09832134292565953
0.9616306954436451
0.7601918465227819
0.5443645083932853
-0.33333333333333337
0.8705035971223023
-0.28057553956834536
0.9184652278177456
-0.7745803357314149
-0.8705035971223022
0.49640287769784175
0.21342925659472423
0.4820143884892085
-0.5203836930455636
-0.3717026378896884
-0.5059952038369305
-0.6930455635491607
-0.7266187050359713
0.6786570743405276
-0.7793764988009593
0.0695443645083933
-0.04556354916067151
0.11270983213429253
0.41007194244604306
0.08393285371702652
0.5875299760191848
-0.41966426858513195
0.9808153477218224
0.5779376498800959
0.170263788968825
0.155875299760192
-0.44844124700239807
-0.15587529976019188
0.44844124700239796
-0.26618705035971235
-0.4772182254196643
0.199040767386091
-0.16067146282973632
-0.8177458033573142
0.11750599520383709
0.011990407673860837
-0.9328537170263789
-0.20383693045563556
0.3381294964028778
-0.38129496402877705
0.4292565947242206
-0.3764988009592326
0.17505995203836933
0.2709832134292567
0.7697841726618704
-0.3621103117505996
0.7122302158273381
0.39568345323741005
0.0023980815347719453
-0.9952038369304557
-0.525179856115108
-0.23741007194244612
-0.2470023980815349
-0.32853717026378904
-0.5923261390887291
-0.45803357314148685
-0.7697841726618705
0.3621103117505995
-0.5779376498800959
0.8177458033573142
-0.6019184652278178
-0.6211031175059952
-0.4244604316546763
0.43405275779376495
0.5155875299760193
-0.223021582733813
-0.07913669064748208
0.37170263788968816
-0.07434052757793774
0.26618705035971235
-0.7218225419664269
0.09352517985611519
-0.10311750599520386
-0.4532374100719425
0.8848920863309353
-0.8225419664268585
0.7889688249400479
-0.8033573141486811
0.6642685851318946
0.9952038369304557
0.9376498800959232
0.7745803357314149
-0.47242206235011996
-0.5539568345323742
0.25179856115107935
0.6258992805755397
0.6978417266187051
-0.39568345323741017
-0.1462829736211031
-0.31894484412470026
-0.7937649880095923
-0.15107913669064754
0.5731414868105518
0.29496402877697836
-0.2997601918465228
0.6115107913669067
-0.8896882494004796
0.24220623501199046
-0.4148681055155876
-1.0
-0.08872901678657086
0.03597122302158273
0.47242206235011985
-0.3237410071942447
0.5491606714628299
0.18944844124700255
-0.021582733812949728
-0.9184652278177458
-0.49640287769784175
0.5299760191846523
-0.6402877697841727
0.2757793764988008
-0.7074340527577938
0.3764988009592327
0.8752997601918466
-0.5635491606714629
0.8657074340527577
-0.09352517985611519
-0.29496402877697847
0.6930455635491606
-0.6498800959232613
0.1079136690647482
-0.007194244604316613
-0.8800959232613909
0.8273381294964028
0.2613908872901678
-0.5491606714628299
-0.14148681055155876
0.630695443645084
-0.9136690647482014
0.8561151079136691
-0.11750599520383709
0.13669064748201443
0.4628297362110312
0.5107913669064748
-0.8081534772182254
-0.08393285371702641
0.41966426858513195
0.026378896882494063
0.6738609112709832
-0.03597122302158273
0.539568345323741
0.9040767386091126
-0.8129496402877698
0.8417266187050358
0.05995203836930463
-0.6738609112709832
0.8513189448441247
-0.05995203836930463
-0.21342925659472423
0.6498800959232616
0.045563549160671624
-0.5587529976019185
0.28057553956834536
-0.2517985611510791
-0.17985611510791377
0.7553956834532374
-0.7458033573141487
-0.2613908872901679
-0.04076738609112718
0.6211031175059951
0.25659472422062346
-0.3860911270983214
-0.9664268585131894
0.2470023980815348
-0.8657074340527577
0.4148681055155876
0.4916067146282974
-0.7410071942446044
-0.630695443645084
-0.43405275779376506
0.9088729016786572
0.6546762589928057
-0.4100719424460433
-0.947242206235012
-0.30455635491606725
-0.6594724220623501
0.7266187050359711
-0.8609112709832134
-0.7649880095923262
-0.09832134292565964
-0.5395683453237411
0.6690647482014389
0.764988009592326
-0.8273381294964028
-0.13669064748201454
0.894484412470024
0.5539568345323742
-0.6978417266187051
0.8129496402877698
0.7458033573141485
-0.6115107913669064
-0.6354916067146283
0.721822541966427
0.3477218225419665
0.73621103117506
-0.4292565947242206
-0.7553956834532374
0.5827338129496402
0.3141486810551559
-0.9760191846522782
0.7170263788968825
0.07434052757793763
-0.40527577937649883
-0.6834532374100719
0.645083932853717
0.1942446043165469
-0.2709832134292566
0.5011990407673861
0.2853717026378897
-0.7122302158273381
-0.3477218225419665
-0.24220623501199046
1.0
-0.6882494004796164
-0.16546762589928055
-0.7985611510791367
0.16546762589928066
-0.894484412470024
0.4388489208633095
0.5683453237410072
-0.17505995203836933
-0.12230215827338131
-0.8465227817745804
0.4436450839328536
-0.35731414868105515
-0.73621103117506
-0.5731414868105515
-0.19904076738609122
0.2230215827338129
-0.6786570743405276
-0.35251798561151093
0.4868105515587531
0.4532374100719425
0.1606714628297361
-0.9376498800959232
-0.5683453237410072
0.5635491606714629
-0.4916067146282974
0.7314148681055155
0.016786570743405393
-0.19424460431654678
-0.21822541966426867
-0.5155875299760193
0.8465227817745804
0.6019184652278178
0.12230215827338142
0.04076738609112707
-0.1318944844124701
0.8321342925659472
0.1462829736211031
0.8896882494004796
-0.8848920863309353
0.12709832134292554
-0.5443645083932854
-0.9232613908872902
-0.05515587529976029
0.007194244604316724
0.9760191846522781
0.6067146282973621
0.20383693045563556
0.8992805755395683
-0.9040767386091128
-0.9856115107913669
0.9568345323741008
-0.9088729016786571
-0.4388489208633094
-0.170263788968825
-0.48681055155875297
0.5971223021582732
-0.5299760191846523
-0.8513189448441247
-0.6163069544364508
-0.29016786570743414
0.10311750599520408
-0.9280575539568345
0.35731414868105515
0.38129496402877705
0.4004796163069546
-0.06954436450839341
0.6834532374100719
0.9904076738609113
-0.23261390887290168
-0.4004796163069545
0.9280575539568345
-0.8321342925659472
0.7841726618705036
0.15107913669064743
0.7937649880095923
0.8800959232613907
-0.016786570743405282
-0.9616306954436451
0.9136690647482015
-0.7170263788968825
0.2997601918465227
-0.7889688249400479
-0.011990407673861059
0.9328537170263791
0.7985611510791368
0.9472422062350121
-0.9712230215827338
0.07913669064748219
0.9664268585131894
0.3237410071942446
-0.03117505995203851
0.5923261390887291
0.4676258992805755
0.45803357314148685
0.525179856115108
-0.12709832134292576
0.30455635491606725
0.9424460431654675
RANK
205
155
29
369
35
306
406
269
397
22
70
280
64
341
142
381
361
213
235
371
368
76
324
202
358
229
56
110
271
284
84
377
329
25
30
391
290
181
139
249
241
183
322
196
401
61
120
109
162
285
71
303
9
263
274
332
42
118
176
399
316
218
62
294
117
320
310
336
252
41
82
282
88
226
32
216
298
275
28
167
378
297
36
166
90
160
60
100
164
333
342
221
258
189
232
360
287
98
376
156
114
349
40
116
11
214
344
374
96
136
188
51
54
161
179
132
65
372
276
302
168
127
204
279
309
389
193
39
268
145
147
115
4
151
331
337
317
50
53
105
159
209
195
38
63
281
200
224
379
21
107
89
313
135
264
75
260
158
318
157
388
66
171
348
255
24
143
334
347
74
31
261
327
373
321
138
133
197
194
233
291
354
415
328
237
97
5
178
286
223
206
242
172
174
385
58
254
362
10
122
265
246
410
47
212
396
402
228
57
154
363
141
346
93
244
48
207
353
257
44
7
251
33
121
308
407
125
73
177
101
380
227
123
140
352
359
87
238
26
356
393
131
340
323
130
148
55
45
211
312
137
366
46
112
79
335
8
18
85
203
270
190
267
231
175
149
217
259
315
16
199
400
416
27
305
83
409
52
2
144
68
300
0
382
163
15
173
219
383
34
92
153
384
67
124
272
243
72
146
169
325
330
134
339
413
239
412
208
23
113
338
273
111
314
14
240
170
59
414
215
81
247
104
210
293
91
343
326
198
129
304
126
411
375
351
365
201
20
266
191
234
12
78
311
256
278
86
184
288
245
119
386
19
225
192
1
43
152
307
299
283
345
301
37
296
77
262
103
289
150
187
6
392
182
394
404
3
94
295
165
95
230
355
49
250
350
253
236
69
222
106
220
395
180
357
292
367
248
277
398
108
99
390
403
186
417
405
17
370
102
408
13
364
128
80
387
185
319
