DEGREE
0.0
-0.19999999999999996
0.0
0.0
-0.6
-0.4
-0.6
0.3999999999999999
0.19999999999999996
-0.6
-0.4
0.0
0.8
0.0
-0.4
-0.4
-0.4
0.19999999999999996
0.0
0.0
-0.6
0.19999999999999996
-0.6
1.0
-0.6
0.3999999999999999
-0.4
-0.19999999999999996
0.6000000000000001
0.0
-0.8
0.6000000000000001
0.0
-0.19999999999999996
-0.4
0.3999999999999999
0.0
-0.6
-0.6
-0.6
0.3999999999999999
-0.4
0.0
0.0
-0.19999999999999996
0.0
-0.19999999999999996
0.19999999999999996
0.0
0.19999999999999996
0.8
0.3999999999999999
-0.19999999999999996
0.19999999999999996
-0.4
-0.6
-0.4
0.3999999999999999
-0.6
-0.19999999999999996
0.3999999999999999
0.0
-0.19999999999999996
0.6000000000000001
-0.6
-0.6
-0.8
-1.0
0.19999999999999996
-0.6
-0.4
0.0
0.3999999999999999
0.0
-0.4
-0.6
-0.19999999999999996
-0.6
0.3999999999999999
0.3999999999999999
0.6000000000000001
-0.19999999999999996
-0.4
-0.8
0.3999999999999999
-0.4
0.8
0.0
-0.6
-0.19999999999999996
0.3999999999999999
-0.6
-0.6
0.0
-0.4
0.0
0.0
-0.19999999999999996
-0.4
0.6000000000000001
-0.19999999999999996
-0.6
0.3999999999999999
-0.6
0.19999999999999996
0.0
-0.19999999999999996
0.19999999999999996
-0.8
EIGENVECTOR
-0.999999999999998
-0.5704069541254655
-0.9999999999999981
-0.9999999999999984
-0.9999999999999983
-0.9999999999999983
-0.9999999999999984
-0.9999999999999987
-0.9999999999999997
-0.9999999999999983
-0.9999999999999983
-0.9999999999999976
-0.9999999999999983
-0.9999999999999978
-0.9999999999999984
-0.9999999999999983
-0.9999999999999983
-0.9999999999999986
-0.9999999999999976
-0.9999999999999981
-0.9999999999999984
-0.9999999999999997
-0.9999999999999983
1.0
-0.9999999999999983
-0.9999999999999981
-0.924022653409299
-0.3635686104929493
-0.9999999999999989
-0.9999999999999976
-0.9999999999999983
-0.9999999999999991
-0.9999999999999984
-0.9999999999999983
-0.9999999999999981
-0.9999999999999982
-0.9999999999999983
-0.9999999999999983
-0.9999999999999983
-0.9999999999999983
0.6677044160890837
-0.4963350264907339
-0.9999999999999983
-0.9999999999999977
-0.1479156990480509
-0.9999999999999984
-0.9999999999999984
-0.9999999999999979
-0.9999999999999981
-0.9999999999999996
-1.0
-0.9999999999999979
-0.9999999999999979
-0.9999999999999986
-0.9999999999999983
-0.9999999999999984
-0.9999999999999983
-0.9999999999999996
-0.9999999999999984
-0.9999999999999983
-0.9999999999999989
-0.9999999999999983
-0.9999999999999983
0.7974862920895738
-0.9781118086897207
-0.9999999999999984
-0.8044573469668272
-0.9999999999999983
-0.999999999999998
-0.9999999999999983
-0.9240226534092991
-0.999999999999998
-0.9999999999999981
-0.9999999999999976
-0.9999999999999983
-0.9999999999999983
-0.16958495082286373
-0.9999999999999983
-0.9999999999999991
0.7340708964655758
-0.9999999999999997
-0.9999999999999982
-0.9999999999999983
-0.9999999999999983
0.6265640025036854
-0.9999999999999987
0.9214867708419372
-0.9999999999999983
-0.9999999999999983
-0.9999999999999981
-0.9999999999999977
-0.9999999999999983
-0.9999999999999983
-0.9999999999999976
-0.9999999999999984
-0.9999999999999984
-0.999999999999998
-0.9999999999999983
-0.9999999999999981
0.3575184639207758
-0.9999999999999984
-0.7127831004019873
0.6677044160890842
-0.9999999999999983
-0.9999999999999986
-0.9999999999999983
-0.999999999999998
-0.9999999999999998
-0.9274499848234599
CENT
-0.5341365461847389
-0.052631578947368474
-0.5842293906810037
0.3999999999999999
0.0
-0.8047138047138047
-0.125
-0.5871886120996441
-0.5719557195571956
0.16666666666666674
-0.6821917808219178
1.0
-0.4751131221719457
-0.5206611570247934
0.4285714285714286
-0.7270588235294118
-0.7114427860696517
-0.6419753086419753
1.0
-0.5958188153310104
0.0
-0.5284552845528455
0.5
0.2857142857142858
-0.7588357588357588
-0.502145922746781
-0.3076923076923077
-0.18181818181818177
-0.6067796610169491
1.0
0.19999999999999996
-0.5486381322957199
-0.6598240469208212
-0.6750700280112045
-0.5766423357664234
-0.5396825396825398
1.0
-0.7855822550831792
0.0
-0.7588357588357588
0.0
-0.21739130434782605
-0.6741573033707865
1.0
-0.07692307692307687
1.0
-0.7170731707317073
-0.5
-0.5842293906810037
-0.5521235521235521
-0.5265306122448979
-0.4956521739130435
-0.5639097744360902
-0.6419753086419753
0.4285714285714286
-0.8215384615384616
1.0
-0.5063829787234042
-0.763265306122449
-0.6750700280112045
-0.48672566371681414
-0.6881720430107527
0.6666666666666667
0.125
-0.47058823529411764
-0.7055837563451777
-0.28
-1.0
-0.5812274368231047
0.5
-0.3076923076923077
-0.6270096463022508
-0.619672131147541
1.0
0.0
-0.8215384615384616
-0.07692307692307687
-0.06666666666666665
-0.5555555555555556
0.05882352941176472
-0.5042735042735043
-0.6221498371335505
0.0
-0.36363636363636365
0.02857142857142847
-0.618421052631579
0.125
-0.672316384180791
-0.7184466019417476
-0.6221498371335505
-0.4956521739130435
0.0
-0.7369614512471656
1.0
0.4285714285714286
1.0
-0.5812274368231047
-0.667621776504298
-0.6375
0.09090909090909083
0.6666666666666667
-0.26530612244897955
0.0
-0.06666666666666665
-0.6419753086419753
-0.5186721991701244
-0.6
-0.5719557195571956
-0.4285714285714286
DEGREE_RANK
0.03703703703703698
-0.2222222222222222
0.05555555555555536
0.07407407407407396
-0.9074074074074074
-0.5185185185185186
-0.8888888888888888
0.6111111111111112
0.4444444444444442
-0.8703703703703703
-0.5
0.09259259259259278
0.9444444444444444
0.11111111111111116
-0.4814814814814815
-0.4629629629629629
-0.4444444444444444
0.462962962962963
0.12962962962962954
0.14814814814814792
-0.8518518518518519
0.4814814814814814
-0.8333333333333334
1.0
-0.8148148148148149
0.6296296296296295
-0.42592592592592593
-0.20370370370370372
0.8518518518518519
0.16666666666666674
-0.9814814814814815
0.8703703703703702
0.18518518518518512
-0.18518518518518523
-0.40740740740740744
0.6481481481481481
0.2037037037037035
-0.7962962962962963
-0.7777777777777778
-0.7592592592592593
0.6666666666666665
-0.38888888888888884
0.2222222222222221
0.24074074074074092
-0.16666666666666663
0.2592592592592593
-0.14814814814814814
0.4999999999999998
0.2777777777777777
0.5185185185185184
0.9629629629629628
0.6851851851851853
-0.12962962962962965
0.5370370370370372
-0.37037037037037035
-0.7407407407407407
-0.35185185185185186
0.7037037037037037
-0.7222222222222222
-0.11111111111111116
0.7222222222222221
0.29629629629629606
-0.09259259259259256
0.8888888888888886
-0.7037037037037037
-0.6851851851851851
-0.962962962962963
-1.0
0.5555555555555556
-0.6666666666666667
-0.33333333333333337
0.3148148148148149
0.7407407407407405
0.33333333333333326
-0.31481481481481477
-0.6481481481481481
-0.07407407407407407
-0.6296296296296297
0.7592592592592593
0.7777777777777777
0.9074074074074074
-0.05555555555555558
-0.2962962962962963
-0.9444444444444444
0.7962962962962963
-0.2777777777777778
0.9814814814814816
0.35185185185185164
-0.6111111111111112
-0.03703703703703709
0.8148148148148147
-0.5925925925925926
-0.5740740740740741
0.37037037037037024
-0.2592592592592593
0.38888888888888906
0.40740740740740744
-0.01851851851851849
-0.2407407407407407
0.9259259259259258
-1.1102230246251565e-16
-0.5555555555555556
0.8333333333333335
-0.537037037037037
0.574074074074074
0.4259259259259258
0.0185185185185186
0.5925925925925923
-0.9259259259259259
EIGENVECTOR_RANK
0.4999999999999998
0.7777777777777777
0.4814814814814814
0.3148148148148149
0.2592592592592593
0.09259259259259278
-0.40740740740740744
-0.9814814814814815
0.6481481481481481
-0.2222222222222222
0.16666666666666674
-0.6481481481481481
-0.7037037037037037
-0.8148148148148149
-0.33333333333333337
-0.20370370370370372
0.33333333333333326
-0.8888888888888888
-0.6666666666666667
-0.38888888888888884
-0.16666666666666663
0.5925925925925923
-0.09259259259259256
1.0
-0.07407407407407407
-0.8333333333333334
0.7222222222222221
0.8148148148148147
-0.9444444444444444
-0.7592592592592593
0.03703703703703698
-0.5925925925925926
-0.8518518518518519
-0.31481481481481477
-0.2592592592592593
-0.962962962962963
-0.537037037037037
0.07407407407407396
-0.18518518518518523
0.0185185185185186
0.9074074074074074
0.7962962962962963
-0.2962962962962963
-0.7407407407407407
0.8518518518518519
-0.5185185185185186
-0.2407407407407407
-0.7222222222222222
0.462962962962963
0.5370370370370372
0.5555555555555556
-1.0
-0.7777777777777778
-0.8703703703703703
0.14814814814814792
0.2777777777777777
-0.01851851851851849
0.574074074074074
-0.11111111111111116
-0.2777777777777778
0.5185185185185184
-0.7962962962962963
-0.4444444444444444
0.9629629629629628
0.6666666666666665
0.05555555555555536
0.7407407407407405
0.12962962962962954
0.38888888888888906
-0.03703703703703709
0.7037037037037037
0.4259259259259258
-0.42592592592592593
-0.6111111111111112
0.18518518518518512
0.2222222222222221
0.8333333333333335
0.2037037037037035
-0.5740740740740741
0.9444444444444444
0.6296296296296295
-0.37037037037037035
0.24074074074074092
-0.14814814814814814
0.8888888888888886
-0.6296296296296297
0.9814814814814816
0.35185185185185164
-0.12962962962962965
-0.5
-0.9259259259259259
0.29629629629629606
0.11111111111111116
-0.6851851851851851
-1.1102230246251565e-16
-0.5555555555555556
-0.4814814814814815
0.37037037037037024
0.4444444444444442
0.8703703703703702
-0.4629629629629629
0.7592592592592593
0.9259259259259258
-0.05555555555555558
-0.9074074074074074
-0.35185185185185186
0.40740740740740744
0.6111111111111112
0.6851851851851853
CENT_RANK
-0.12962962962962965
0.37037037037037024
-0.35185185185185186
0.6851851851851853
0.38888888888888906
-0.9444444444444444
0.2777777777777777
-0.37037037037037035
-0.2592592592592593
0.6296296296296295
-0.7222222222222222
0.8333333333333335
0.09259259259259278
-0.07407407407407407
0.7037037037037037
-0.8333333333333334
-0.7777777777777778
-0.5925925925925926
0.8518518518518519
-0.38888888888888884
0.40740740740740744
-0.11111111111111116
0.7592592592592593
0.6666666666666665
-0.8888888888888888
-1.1102230246251565e-16
0.16666666666666674
0.2592592592592593
-0.42592592592592593
0.8703703703703702
0.6481481481481481
-0.16666666666666663
-0.6111111111111112
-0.7037037037037037
-0.2777777777777778
-0.14814814814814814
0.8888888888888886
-0.9259259259259259
0.4259259259259258
-0.8703703703703703
0.4444444444444442
0.24074074074074092
-0.6666666666666667
0.9074074074074074
0.29629629629629606
0.9259259259259258
-0.7962962962962963
0.0185185185185186
-0.33333333333333337
-0.18518518518518523
-0.09259259259259256
0.03703703703703698
-0.2222222222222222
-0.5740740740740741
0.7222222222222221
-0.9814814814814815
0.9444444444444444
-0.03703703703703709
-0.9074074074074074
-0.6851851851851851
0.07407407407407396
-0.7407407407407407
0.7962962962962963
0.5925925925925923
0.11111111111111116
-0.7592592592592593
0.2037037037037035
-1.0
-0.31481481481481477
0.7777777777777777
0.18518518518518512
-0.5185185185185186
-0.4629629629629629
0.9629629629629628
0.462962962962963
-0.962962962962963
0.3148148148148149
0.33333333333333326
-0.20370370370370372
0.5555555555555556
-0.01851851851851849
-0.5
0.4814814814814814
0.14814814814814792
0.5370370370370372
-0.4444444444444444
0.6111111111111112
-0.6481481481481481
-0.8148148148148149
-0.4814814814814815
0.05555555555555536
0.4999999999999998
-0.8518518518518519
0.9814814814814816
0.7407407407407405
1.0
-0.2962962962962963
-0.6296296296296297
-0.537037037037037
0.574074074074074
0.8148148148148147
0.2222222222222221
0.5185185185185184
0.35185185185185164
-0.5555555555555556
-0.05555555555555558
-0.40740740740740744
-0.2407407407407407
0.12962962962962954
RANK
67
55
75
5
37
58
24
39
92
15
88
46
16
65
61
10
33
59
42
87
97
32
17
53
104
98
71
81
89
72
85
28
106
19
7
2
48
68
96
34
8
107
52
78
49
31
35
0
21
50
13
105
57
80
25
47
51
90
60
12
64
108
83
26
70
66
101
41
27
6
44
76
77
103
1
4
20
38
40
74
82
91
102
84
79
99
63
86
9
30
23
3
14
54
94
22
69
62
100
11
18
29
36
43
45
56
73
93
95
