DEGREE
0.36363636363636354
-0.5454545454545454
-0.4545454545454546
-0.5454545454545454
-0.4545454545454546
-0.2727272727272727
-0.09090909090909094
-0.18181818181818177
-0.6363636363636364
0.0
-0.2727272727272727
-0.18181818181818177
-0.18181818181818177
-0.5454545454545454
1.0
-0.2727272727272727
-0.2727272727272727
-0.4545454545454546
0.09090909090909083
-0.18181818181818177
-0.09090909090909094
0.0
-0.4545454545454546
-0.8181818181818181
-0.18181818181818177
-0.36363636363636365
-0.18181818181818177
0.2727272727272727
-0.09090909090909094
0.18181818181818188
-0.09090909090909094
0.6363636363636365
-0.18181818181818177
0.18181818181818188
-0.09090909090909094
0.0
0.09090909090909083
-0.18181818181818177
-0.7272727272727273
-0.6363636363636364
-0.36363636363636365
-0.36363636363636365
-0.7272727272727273
-0.2727272727272727
-0.36363636363636365
0.36363636363636354
-0.6363636363636364
-0.09090909090909094
-0.4545454545454546
0.0
-0.8181818181818181
-1.0
0.9090909090909092
-0.18181818181818177
0.5454545454545454
-0.5454545454545454
-0.9090909090909091
0.18181818181818188
-0.6363636363636364
-0.4545454545454546
-0.2727272727272727
0.0
0.0
-0.18181818181818177
-0.36363636363636365
-0.2727272727272727
-0.2727272727272727
0.2727272727272727
0.09090909090909083
-0.36363636363636365
-0.36363636363636365
0.7272727272727273
-0.4545454545454546
-0.36363636363636365
0.36363636363636354
-0.2727272727272727
-0.18181818181818177
0.36363636363636354
-0.4545454545454546
-0.2727272727272727
-0.5454545454545454
0.7272727272727273
-0.4545454545454546
-0.6363636363636364
-0.18181818181818177
-0.8181818181818181
-0.6363636363636364
-0.2727272727272727
-0.8181818181818181
-0.36363636363636365
0.2727272727272727
0.36363636363636354
-0.09090909090909094
-0.18181818181818177
-0.09090909090909094
-0.9090909090909091
-0.18181818181818177
0.0
0.0
0.36363636363636354
0.4545454545454546
-0.36363636363636365
0.18181818181818188
-0.18181818181818177
-0.36363636363636365
-0.6363636363636364
0.6363636363636365
-0.2727272727272727
0.09090909090909083
0.2727272727272727
0.2727272727272727
-0.6363636363636364
0.09090909090909083
-0.6363636363636364
-0.5454545454545454
-0.36363636363636365
-0.09090909090909094
-0.18181818181818177
0.2727272727272727
-0.2727272727272727
-0.5454545454545454
0.2727272727272727
-0.2727272727272727
-0.7272727272727273
-0.2727272727272727
-0.4545454545454546
0.5454545454545454
-0.5454545454545454
-0.09090909090909094
0.7272727272727273
-0.18181818181818177
-0.36363636363636365
-0.5454545454545454
0.6363636363636365
-0.09090909090909094
-0.5454545454545454
0.5454545454545454
-1.0
-0.09090909090909094
0.18181818181818188
-0.9090909090909091
-0.2727272727272727
-0.4545454545454546
-0.09090909090909094
-0.36363636363636365
-0.18181818181818177
-0.2727272727272727
0.0
-0.36363636363636365
-0.09090909090909094
-0.18181818181818177
-0.18181818181818177
-0.9090909090909091
0.0
0.4545454545454546
0.0
-0.36363636363636365
-0.36363636363636365
-0.09090909090909094
0.0
0.18181818181818188
-0.09090909090909094
-0.2727272727272727
-0.36363636363636365
-0.4545454545454546
0.09090909090909083
0.7272727272727273
0.2727272727272727
0.7272727272727273
0.0
-0.36363636363636365
0.09090909090909083
0.09090909090909083
0.18181818181818188
-0.18181818181818177
0.4545454545454546
-0.09090909090909094
-1.0
-0.2727272727272727
-0.8181818181818181
0.18181818181818188
-0.18181818181818177
-0.09090909090909094
0.4545454545454546
0.0
0.0
-0.09090909090909094
-0.2727272727272727
-0.7272727272727273
-0.8181818181818181
-0.18181818181818177
-0.09090909090909094
-0.18181818181818177
-0.2727272727272727
-0.18181818181818177
-0.6363636363636364
-0.4545454545454546
-0.36363636363636365
0.0
-0.4545454545454546
0.36363636363636354
-0.4545454545454546
-0.2727272727272727
0.4545454545454546
-0.2727272727272727
-0.36363636363636365
-0.18181818181818177
-0.5454545454545454
-0.36363636363636365
-0.18181818181818177
0.0
-0.5454545454545454
-0.2727272727272727
0.0
-0.09090909090909094
EIGENVECTOR
-0.3096042129135077
-0.9986023474387312
-0.9243785789975223
-0.9998782922877419
-0.9997517547730821
-0.9986811029114779
-0.996302081854614
-0.9967237618788212
-0.9985295597635394
-0.9923320284577448
-0.9154907661811675
-0.992936523313346
-0.980452087233629
-0.949885351779282
0.9831556189758448
-0.9963510556868452
-0.9614967503790612
-0.9985009277413469
-0.471146919667762
-0.9997952901574679
-0.15087807907655315
-0.9992421787859024
-0.9244679677187836
-0.9996285305359034
-0.5868244917610865
-0.9258846391819363
-0.9983955574137989
-0.9960487032549515
-0.9972296155271276
-0.5120338250381482
-0.9974786579191858
0.37656662238778793
-0.9824862921422118
-0.5255036750396882
-0.9963399141991067
-0.9968398649905523
-0.7133877918524396
-0.9984384587755604
-0.9467815601211107
-0.9450942015998584
-0.8941552829576512
-0.9926849057913801
-0.99964052047455
-0.8850326283273191
-0.8424401815351987
0.5008599220408636
-0.9620438387889085
-0.9997058330276181
-0.9975656614240185
-0.9281339817585847
-0.9996285305359034
-1.0
0.9464743734931662
-0.9986362021343368
0.4843454957001727
-0.9410917268737743
-0.999294473379952
0.32197433869493675
-0.9975362828566502
-0.7981099497013378
-0.9997901295164769
-0.5201712575789793
-0.2204779836350067
-0.9969989855965306
-0.964027786377171
-0.9994051533036207
-0.887099336679253
0.14152248855395122
-0.3076026459846959
-0.9370186543571831
-0.9723431655084219
0.92578541159831
-0.9868541854060453
-0.7212470830644682
-0.5604102000950164
-0.9997303187657345
-0.7769062379634111
0.07059268963988341
-0.9990235867123493
-0.8430347641765724
-0.9999526891521917
0.8470639322231897
-0.9738026802111792
-0.9872094923063238
-0.9970632750753957
-0.9923484866255503
-0.9619285036466486
-0.9977346740556557
-0.9923484866255503
-0.9135971734589059
-0.5996122123110821
-0.4144643415018644
-0.9969814514238301
-0.8506536477895317
-0.8048328068276654
-0.9869384207475073
-0.9930456188229524
-0.9960860808967129
-0.6845331935304702
-0.14219801111561658
0.682061327144676
-0.92155817877811
-0.5690189770277798
-0.9969989855965303
-0.9986300079340604
-0.9962564862232595
0.13841125968869128
-0.944685326970688
-0.9992346063868641
0.4641786765581841
-0.49609349817338166
-0.9991784292100943
-0.9814126872181511
-0.9998189275375666
-0.9340264387842329
-0.9983598416418563
-0.996784263735513
-0.739885087231454
0.40847395097572203
-0.9972270743645331
-0.8679140782588415
-0.32323423573252397
-0.9865562796708967
-0.9784937885982636
-0.9984766782821043
-0.9984152558707761
0.8404327099704667
-0.999321606489675
-0.9967509379852529
0.9720583344878586
-0.998378665564168
-0.9981919243303
-0.9840359918197346
0.9235939615195206
-0.84108961388774
-0.9833162446744474
0.7687086542932162
-0.9694300910717685
-0.9996956959141008
-0.7427322287556177
-0.9998592642478836
-0.9997901295164769
-0.9998721602036718
-0.3246426757488521
-0.9986635969759987
-0.9973006866338863
-0.9981925325511358
-0.31663322766877244
-0.9866909739856383
-0.9997671457418307
-0.8506536477895317
-0.9969403508423286
-0.9411176087837932
-0.7839592857453963
0.4426179210687229
-0.990280850728595
-0.9986635969759987
-0.8481781575594962
-0.9964963602842514
-0.9966363762666874
-0.578474033310993
-0.697676858670228
-0.9492151517402425
-0.9193987603682534
-0.762495730055303
-0.31054164472039514
1.0
0.1362939532996852
0.9368316051598198
-0.8069132816083153
-0.9739322732541769
-0.9965421333034881
-0.9964642105902477
-0.6155037412184513
-0.5868244917610865
0.5072999557944513
-0.9997671457418306
-0.98610142212605
-0.9639236778381713
-0.9999987747125886
-0.5881747008413357
-0.8488297827453238
-0.9904651579363716
0.5072999557944513
-0.9945995822310607
-0.9943507413784952
-0.7169217864031457
-0.9931274424745181
-0.9345284438376869
-0.9999943484595661
-0.9997952901574678
-0.9970306378853028
-0.9946285026421418
-0.9060958922791869
-0.9950957927301012
-0.9999538140199974
-0.7561727479648465
-0.9482267897740094
-0.25094812115775444
-0.9995571345445562
-0.9957156846455484
-0.9983325838768194
-0.4508629111326907
0.6355889835959168
-0.7387642824117655
-0.9482267897740094
-0.6752139171686291
-0.999603138343679
-0.9997886074282285
-0.9978411294754901
-0.2503692809447552
-0.9999316651934246
-0.992930141641962
-0.9975995037110846
-0.8700650612227995
CENT
0.9354385039664221
-0.5970629994726383
-0.735823114818549
-0.8346539750048523
-0.6733278854963722
-0.21574993633817197
-0.13587628304609445
0.09367520917672878
-0.3936198365264111
0.2828190130117323
0.7289559388473739
0.25290515099432276
-0.11227429098151565
-0.16488246955536678
0.3520356402452469
-0.4467694162091449
0.5289401956068618
-0.31779607800922205
0.6538128538128536
-0.8276015284812941
0.06355581054376214
-0.5648376916669602
-0.735823114818549
-0.958066898427509
0.15559248686183658
0.43630720613960805
-0.8025888514777404
0.004921004921004668
-0.17347889761682866
0.8831204996618525
-0.00782736146193952
0.9567394057189973
-0.19616943853761626
0.8831204996618525
-0.5713454788880583
-0.2514531588101071
-0.4204451171032152
-0.21296816237018634
-0.7547333498995135
-0.8434117472719078
0.017770348463417518
-0.21296816237018634
-0.5756664388243339
-0.6202056966388181
0.6446195808651529
0.6910252895915976
0.26779829978124203
-0.7509741897033881
-0.4538636638551967
0.6082765837151802
-0.958066898427509
-0.9501285847841174
0.3403112423787069
-0.28101155439284964
0.36383708782394386
-0.8416652993912472
-0.6832976226915624
0.2162198212618378
-0.624369977311154
-0.051668400505609946
-0.6892423683121358
0.700439813014663
0.5462864714878524
-0.21296816237018634
0.5203265306122447
-0.39853506692884955
0.8020854384490748
0.10723864131798999
0.24920160551125536
0.2125936323208093
0.32866314211216596
0.700439813014663
0.08357456236244087
0.10044315526549008
0.9143527628376114
-0.7547333498995135
0.7289559388473739
0.391677736048597
-0.4107491820303517
0.663049748459001
-0.8187275891470153
0.34421086055072947
-0.19898216386201617
-0.3862150184786787
-0.0014657258751751279
-0.6139343497683485
-0.3762817783705513
-0.5778216749090538
-0.6139343497683485
-0.17633370147336636
0.8170359576031581
0.753036607405539
0.10044315526549008
0.49048633402374886
0.7098995442332774
-0.5821217016693594
-0.014164049458167294
-0.43963894261766623
-0.2968891573542738
1.0
0.5770298276098738
-0.7339162487677342
0.7921794980618508
-0.21296816237018634
-0.2836697095457207
-0.4656076544778065
0.9836731518374651
0.5246284353835837
-0.5626613690079926
0.6769875627018478
0.9091145648522696
-0.4609219609219609
0.5332618451884503
-0.8468970221697497
0.411828768099578
-0.31779607800922205
-0.21018126542988447
0.2979689366786138
0.35596085760020135
-0.2378213838067853
-0.32038857327233583
0.8986777024512871
0.16613637110531476
-0.3486053099409867
-0.1241199877563518
-0.4538636638551967
0.7098995442332774
-0.33584744176094583
0.09367520917672878
0.411828768099578
-0.18486630464346354
-0.32038857327233583
-0.0639767782624927
0.39971139971139946
0.6723305760166636
-0.10333073345466137
0.5814625431350169
-0.6202056966388181
-0.6632800767491451
0.7194048096575172
-0.5864078573755995
-0.6892423683121358
-0.7127473993833442
-0.13880150637926358
-0.8061938061938063
-0.4467694162091449
-0.039264237707817506
-0.13587628304609445
0.13469937469937454
-0.6852822815555735
0.49048633402374886
-0.16488246955536678
-0.2622697563874036
-0.5756664388243339
0.663049748459001
0.11064676441458476
-0.8061938061938063
0.017770348463417518
0.09705575019976642
-0.20738923135236498
0.7337488062125739
0.4611160617909771
0.2640631170982606
0.452809318129183
-0.15334529968676336
-0.13294553521182428
0.663049748459001
0.4077806893771414
0.7385532645508461
0.7433693559601544
-0.18202739020582903
0.014548480423851151
-0.051668400505609946
0.8170359576031581
0.15559248686183658
0.6492107839625563
-0.6852822815555735
-0.47725303896588556
0.37174790083681386
-0.9938852198237866
0.8728138528138527
-0.6181185790747546
0.10723864131798999
0.6492107839625563
0.17674594933161858
-0.13294553521182428
0.7725125822686798
-0.04237431934224967
-0.39607957585485687
-1.0
-0.8276015284812941
0.020998602762725582
-0.5251144162035253
0.7289559388473739
0.07687473816506052
-0.8205075969781854
-0.3435156392902874
0.15559248686183658
0.5726073848901192
-0.47027757128767234
0.027474346242965852
-0.5116098200675318
-0.19052834715485334
0.36383708782394386
0.38767419032027606
0.15559248686183658
0.09705575019976642
-0.5517264144715128
-0.6326589416922223
-0.27033095264142226
0.42402709886006096
-0.7377270806928605
0.23080107890234425
-0.19335150446261562
0.35596085760020135
DEGREE_RANK
0.7757009345794392
-0.7476635514018691
-0.6355140186915887
-0.7383177570093458
-0.6261682242990654
-0.28971962616822433
0.1869158878504673
-0.06542056074766356
-0.8411214953271028
0.3831775700934581
-0.28037383177570085
-0.05607476635514008
-0.04672897196261683
-0.7289719626168225
1.0
-0.2710280373831775
-0.26168224299065423
-0.6168224299065421
0.5514018691588785
-0.03738317757009346
0.19626168224299056
0.39252336448598135
-0.6074766355140186
-0.9345794392523364
-0.028037383177570097
-0.49532710280373826
-0.01869158878504662
0.7009345794392523
0.20560747663551404
0.6261682242990654
0.2149532710280373
0.9158878504672898
-0.009345794392523366
0.6355140186915889
0.22429906542056077
0.4018691588785046
0.5607476635514019
2.220446049250313e-16
-0.8785046728971962
-0.8317757009345794
-0.4859813084112149
-0.47663551401869164
-0.8691588785046729
-0.25233644859813087
-0.46728971962616817
0.7850467289719627
-0.822429906542056
0.23364485981308425
-0.5981308411214954
0.4112149532710281
-0.9252336448598131
-1.0
0.9906542056074767
0.009345794392523477
0.8878504672897196
-0.719626168224299
-0.9719626168224299
0.6448598130841121
-0.8130841121495327
-0.5887850467289719
-0.2429906542056074
0.42056074766355134
0.4299065420560746
0.01869158878504673
-0.4579439252336448
-0.23364485981308403
-0.22429906542056077
0.7102803738317758
0.5700934579439252
-0.44859813084112143
-0.4392523364485982
0.9439252336448598
-0.5794392523364487
-0.4299065420560747
0.794392523364486
-0.2149532710280374
0.028037383177570208
0.8037383177570092
-0.5700934579439252
-0.20560747663551393
-0.7102803738317757
0.9532710280373831
-0.5607476635514019
-0.8037383177570093
0.03738317757009346
-0.9158878504672897
-0.794392523364486
-0.19626168224299068
-0.9065420560747663
-0.42056074766355134
0.719626168224299
0.8130841121495327
0.2429906542056075
0.04672897196261672
0.25233644859813076
-0.9626168224299065
0.05607476635514019
0.43925233644859807
0.44859813084112155
0.8224299065420562
0.8411214953271029
-0.41121495327102797
0.6542056074766354
0.06542056074766345
-0.4018691588785047
-0.7850467289719626
0.9252336448598131
-0.1869158878504673
0.5794392523364484
0.7289719626168223
0.7383177570093458
-0.7757009345794392
0.5887850467289719
-0.7663551401869159
-0.7009345794392523
-0.39252336448598124
0.26168224299065423
0.07476635514018692
0.7476635514018692
-0.17757009345794394
-0.691588785046729
0.7570093457943925
-0.16822429906542047
-0.8598130841121495
-0.15887850467289721
-0.5514018691588785
0.8971962616822431
-0.6822429906542056
0.2710280373831775
0.9626168224299065
0.0841121495327104
-0.3831775700934579
-0.6728971962616822
0.9345794392523363
0.28037383177570097
-0.6635514018691588
0.9065420560747663
-0.9906542056074766
0.2897196261682242
0.6635514018691588
-0.9532710280373832
-0.14953271028037385
-0.5420560747663552
0.2990654205607477
-0.3738317757009346
0.09345794392523366
-0.14018691588785048
0.457943925233645
-0.36448598130841126
0.3084112149532712
0.10280373831775713
0.11214953271028039
-0.9439252336448598
0.4672897196261683
0.8504672897196262
0.47663551401869153
-0.3551401869158878
-0.3457943925233644
0.31775700934579443
0.485981308411215
0.6728971962616823
0.3271028037383177
-0.130841121495327
-0.33644859813084116
-0.5327102803738317
0.5981308411214954
0.97196261682243
0.766355140186916
0.9813084112149533
0.49532710280373826
-0.3271028037383178
0.6074766355140186
0.6168224299065421
0.6822429906542056
0.12149532710280364
0.8598130841121494
0.33644859813084116
-0.9813084112149533
-0.12149532710280375
-0.897196261682243
0.691588785046729
0.13084112149532712
0.3457943925233644
0.8691588785046729
0.5046728971962615
0.514018691588785
0.3551401869158879
-0.11214953271028039
-0.8504672897196262
-0.8878504672897196
0.14018691588785037
0.36448598130841114
0.14953271028037385
-0.10280373831775702
0.15887850467289732
-0.7570093457943925
-0.5233644859813085
-0.3177570093457943
0.5233644859813085
-0.514018691588785
0.8317757009345794
-0.5046728971962616
-0.09345794392523354
0.8785046728971961
-0.08411214953271029
-0.30841121495327095
0.16822429906542058
-0.6542056074766356
-0.2990654205607477
0.17757009345794406
0.532710280373832
-0.6448598130841121
-0.07476635514018692
0.5420560747663552
0.3738317757009346
EIGENVECTOR_RANK
0.7102803738317758
-0.6448598130841121
0.2149532710280373
-0.9439252336448598
-0.8411214953271028
-0.691588785046729
-0.2990654205607477
-0.36448598130841126
-0.6355140186915887
-0.14953271028037385
0.2429906542056075
-0.19626168224299068
-0.028037383177570097
0.07476635514018692
0.9906542056074767
-0.3177570093457943
0.06542056074766345
-0.6261682242990654
0.6448598130841121
-0.9065420560747663
0.7570093457943925
-0.7289719626168225
0.20560747663551404
-0.794392523364486
0.5607476635514019
0.19626168224299056
-0.5887850467289719
-0.2710280373831775
-0.46728971962616817
0.6261682242990654
-0.4859813084112149
0.8224299065420562
-0.04672897196261683
0.6074766355140186
-0.30841121495327095
-0.39252336448598124
0.49532710280373826
-0.6074766355140186
0.11214953271028039
0.12149532710280364
0.2710280373831775
-0.17757009345794394
-0.8037383177570093
0.2897196261682242
0.36448598130841114
0.8691588785046729
0.04672897196261672
-0.822429906542056
-0.5046728971962616
0.1869158878504673
-0.7850467289719626
-1.0
0.97196261682243
-0.6635514018691588
0.8598130841121494
0.14953271028037385
-0.7383177570093458
0.8130841121495327
-0.49532710280373826
0.4018691588785046
-0.8878504672897196
0.6168224299065421
0.7476635514018692
-0.42056074766355134
0.028037383177570208
-0.7570093457943925
0.28037383177570097
0.8037383177570092
0.719626168224299
0.15887850467289732
0.009345794392523477
0.9532710280373831
-0.10280373831775702
0.47663551401869153
0.5981308411214954
-0.8317757009345794
0.42056074766355134
0.7757009345794392
-0.7009345794392523
0.3551401869158879
-0.9626168224299065
0.9345794392523363
2.220446049250313e-16
-0.12149532710280375
-0.44859813084112143
-0.15887850467289721
0.05607476635514019
-0.5233644859813085
-0.16822429906542047
0.25233644859813076
0.5420560747663552
0.6635514018691588
-0.41121495327102797
0.31775700934579443
0.39252336448598135
-0.11214953271028039
-0.20560747663551393
-0.28037383177570085
0.514018691588785
0.766355140186916
0.9065420560747663
0.22429906542056077
0.5887850467289719
-0.4299065420560747
-0.6542056074766356
-0.28971962616822433
0.794392523364486
0.13084112149532712
-0.719626168224299
0.8504672897196262
0.6355140186915889
-0.7102803738317757
-0.03738317757009346
-0.9158878504672897
0.17757009345794406
-0.5700934579439252
-0.3831775700934579
0.457943925233645
0.8317757009345794
-0.4579439252336448
0.3084112149532712
0.6822429906542056
-0.08411214953271029
-0.01869158878504662
-0.6168224299065421
-0.5981308411214954
0.9252336448598131
-0.7476635514018691
-0.3738317757009346
0.9813084112149533
-0.5794392523364487
-0.5420560747663552
-0.06542056074766356
0.9439252336448598
0.3738317757009346
-0.05607476635514008
0.9158878504672898
0.01869158878504673
-0.8130841121495327
0.44859813084112155
-0.9252336448598131
-0.8785046728971962
-0.9345794392523364
0.6728971962616823
-0.6822429906542056
-0.47663551401869164
-0.5514018691588785
0.691588785046729
-0.09345794392523354
-0.8598130841121495
0.3271028037383177
-0.4018691588785047
0.14018691588785037
0.4112149532710281
0.8411214953271029
-0.130841121495327
-0.6728971962616822
0.3457943925233644
-0.33644859813084116
-0.3551401869158878
0.5794392523364484
0.5046728971962615
0.0841121495327104
0.23364485981308425
0.4299065420560746
0.7009345794392523
1.0
0.7850467289719627
0.9626168224299065
0.3831775700934581
-0.009345794392523366
-0.3457943925233644
-0.3271028037383178
0.532710280373832
0.5700934579439252
0.8785046728971961
-0.8504672897196262
-0.07476635514018692
0.03738317757009346
-0.9906542056074766
0.5514018691588785
0.33644859813084116
-0.14018691588785048
0.8878504672897196
-0.23364485981308403
-0.22429906542056077
0.485981308411215
-0.2149532710280374
0.16822429906542058
-0.9813084112149533
-0.897196261682243
-0.4392523364485982
-0.2429906542056074
0.26168224299065423
-0.25233644859813087
-0.9719626168224299
0.43925233644859807
0.10280373831775713
0.7289719626168223
-0.7663551401869159
-0.26168224299065423
-0.5607476635514019
0.6542056074766354
0.8971962616822431
0.4672897196261683
0.09345794392523366
0.5233644859813085
-0.7757009345794392
-0.8691588785046729
-0.5327102803738317
0.7383177570093458
-0.9532710280373832
-0.1869158878504673
-0.514018691588785
0.2990654205607477
CENT_RANK
0.97196261682243
-0.6448598130841121
-0.8130841121495327
-0.9252336448598131
-0.7289719626168225
-0.25233644859813087
-0.07476635514018692
0.14953271028037385
-0.41121495327102797
0.36448598130841114
0.8037383177570092
0.33644859813084116
-0.028037383177570097
-0.11214953271028039
0.4112149532710281
-0.47663551401869164
0.5981308411214954
-0.33644859813084116
0.691588785046729
-0.9158878504672897
0.12149532710280364
-0.5794392523364487
-0.8037383177570093
-0.9813084112149533
0.2429906542056075
0.532710280373832
-0.8598130841121495
0.06542056074766345
-0.12149532710280375
0.9252336448598131
0.04672897196261672
0.9813084112149533
-0.17757009345794394
0.9345794392523363
-0.5887850467289719
-0.2710280373831775
-0.44859813084112143
-0.2429906542056074
-0.8504672897196262
-0.9439252336448598
0.0841121495327104
-0.23364485981308403
-0.6074766355140186
-0.691588785046729
0.6635514018691588
0.7476635514018692
0.3551401869158879
-0.8317757009345794
-0.49532710280373826
0.6542056074766354
-0.9719626168224299
-0.9626168224299065
0.39252336448598135
-0.2990654205607477
0.43925233644859807
-0.9345794392523364
-0.7383177570093458
0.3084112149532712
-0.7009345794392523
2.220446049250313e-16
-0.7757009345794392
0.7570093457943925
0.6168224299065421
-0.22429906542056077
0.5794392523364484
-0.4299065420560747
0.8878504672897196
0.20560747663551404
0.3271028037383177
0.2990654205607477
0.3831775700934581
0.766355140186916
0.14018691588785037
0.1869158878504673
0.9626168224299065
-0.8411214953271028
0.8130841121495327
0.47663551401869153
-0.4392523364485982
0.7009345794392523
-0.8878504672897196
0.4018691588785046
-0.1869158878504673
-0.4018691588785047
0.05607476635514019
-0.6635514018691588
-0.39252336448598124
-0.6168224299065421
-0.6542056074766356
-0.130841121495327
0.8971962616822431
0.8598130841121494
0.19626168224299056
0.5607476635514019
0.7757009345794392
-0.6261682242990654
0.03738317757009346
-0.4579439252336448
-0.3177570093457943
1.0
0.6355140186915889
-0.794392523364486
0.8785046728971961
-0.2149532710280374
-0.30841121495327095
-0.514018691588785
0.9906542056074767
0.5887850467289719
-0.5700934579439252
0.7383177570093458
0.9532710280373831
-0.5046728971962616
0.6074766355140186
-0.9532710280373832
0.5046728971962615
-0.3271028037383178
-0.20560747663551393
0.3738317757009346
0.42056074766355134
-0.26168224299065423
-0.3551401869158878
0.9439252336448598
0.28037383177570097
-0.3831775700934579
-0.03738317757009346
-0.4859813084112149
0.7850467289719627
-0.36448598130841126
0.15887850467289732
0.514018691588785
-0.14953271028037385
-0.3457943925233644
-0.009345794392523366
0.485981308411215
0.7289719626168223
-0.01869158878504662
0.6448598130841121
-0.6822429906542056
-0.719626168224299
0.794392523364486
-0.6355140186915887
-0.7663551401869159
-0.7850467289719626
-0.08411214953271029
-0.8785046728971962
-0.46728971962616817
0.028037383177570208
-0.06542056074766356
0.23364485981308425
-0.7570093457943925
0.5700934579439252
-0.10280373831775702
-0.28037383177570085
-0.5981308411214954
0.7102803738317758
0.22429906542056077
-0.8691588785046729
0.09345794392523366
0.16822429906542058
-0.19626168224299068
0.8317757009345794
0.5514018691588785
0.3457943925233644
0.5420560747663552
-0.09345794392523354
-0.05607476635514008
0.719626168224299
0.49532710280373826
0.8411214953271029
0.8504672897196262
-0.14018691588785048
0.07476635514018692
0.009345794392523477
0.9065420560747663
0.25233644859813076
0.6728971962616823
-0.7476635514018691
-0.5327102803738317
0.457943925233645
-0.9906542056074766
0.9158878504672898
-0.6728971962616822
0.2149532710280373
0.6822429906542056
0.2897196261682242
-0.04672897196261683
0.8691588785046729
0.01869158878504673
-0.42056074766355134
-1.0
-0.9065420560747663
0.10280373831775713
-0.5514018691588785
0.8224299065420562
0.13084112149532712
-0.897196261682243
-0.3738317757009346
0.26168224299065423
0.6261682242990654
-0.5233644859813085
0.11214953271028039
-0.5420560747663552
-0.15887850467289721
0.44859813084112155
0.4672897196261683
0.2710280373831775
0.17757009345794406
-0.5607476635514019
-0.7102803738317757
-0.28971962616822433
0.5233644859813085
-0.822429906542056
0.31775700934579443
-0.16822429906542047
0.4299065420560746
RANK
189
179
23
50
51
113
39
55
3
19
190
195
80
144
156
26
38
75
47
211
2
22
101
142
60
141
149
176
56
4
138
208
58
43
137
181
85
88
1
140
95
87
42
153
34
21
108
207
192
201
177
199
105
111
48
125
15
145
97
36
78
65
188
8
83
86
123
196
127
120
131
17
115
98
104
53
209
152
35
119
5
37
41
63
103
116
159
82
32
213
202
130
170
89
28
13
151
164
143
6
147
165
185
124
12
135
132
59
172
187
146
96
30
84
27
171
40
157
191
200
20
194
72
7
128
158
206
73
92
67
182
155
148
24
174
197
205
122
184
69
57
212
68
11
162
46
9
117
70
52
81
14
118
214
54
203
178
204
77
133
167
114
129
210
25
163
161
93
150
64
107
16
112
62
198
100
136
49
44
175
183
18
79
154
166
134
109
45
61
71
94
126
139
10
76
193
160
168
169
91
186
102
66
90
173
180
29
33
121
110
74
0
31
106
99
