DEGREE
-0.6
-0.4
-0.4
0.19999999999999996
-0.19999999999999996
-0.4
-0.6
0.19999999999999996
0.19999999999999996
-0.6
0.0
-0.4
0.6000000000000001
0.19999999999999996
-0.4
-0.4
0.0
-0.4
0.19999999999999996
-0.4
-0.4
-0.4
-0.4
0.19999999999999996
-0.4
-0.19999999999999996
-0.19999999999999996
0.0
-0.19999999999999996
0.0
-1.0
-0.8
-0.8
-0.6
0.3999999999999999
-0.6
0.0
-0.19999999999999996
-0.19999999999999996
-0.8
-0.6
-0.6
-0.4
0.0
-0.8
-0.6
0.19999999999999996
-0.8
0.3999999999999999
-0.19999999999999996
0.19999999999999996
0.19999999999999996
-0.6
-0.19999999999999996
0.19999999999999996
0.0
-0.4
-1.0
-0.8
-0.8
-0.4
1.0
-0.8
-0.19999999999999996
-0.4
0.8
-1.0
0.0
-0.6
-0.19999999999999996
0.0
-0.6
-0.6
-0.19999999999999996
-0.4
-0.19999999999999996
0.19999999999999996
0.0
-0.8
-1.0
-0.4
-0.6
-0.19999999999999996
-0.6
-0.19999999999999996
0.0
-0.19999999999999996
0.0
-0.4
-0.8
-0.4
-1.0
0.19999999999999996
-0.4
0.0
0.19999999999999996
-0.6
-0.4
-1.0
-1.0
-0.4
-1.0
-0.8
-1.0
-0.19999999999999996
0.19999999999999996
-0.8
-0.19999999999999996
-0.4
-0.8
-0.4
-1.0
EIGENVECTOR
-0.9999999999999993
-0.9933571101043848
-0.9779261407605929
-0.9183754872367367
-0.8434513927621186
-0.9757515602251818
-0.9939538954805677
-0.9999999999999993
-0.9999999999999993
-0.9999277380463997
-0.9998032305696515
-0.9999999999999997
0.6739567475791932
-0.95236557814905
-0.9999999999999996
-0.9999999999999996
-0.9999999999999993
-0.999916832867463
-0.8249553568542722
-0.9999999999999989
-0.9999575182250174
-0.9999999999999992
-0.9999999999999992
0.4921758519289825
-0.9999999999999993
-0.9999999999999988
-0.9999999999999988
-0.9999999999999994
-0.9881608863660135
-0.9999999999999994
-0.9859790088594877
-0.9999999999999996
-0.9999999999999993
-0.9999999999999991
0.598286296031814
-0.9999251862366311
-0.9216220441030637
-0.9997650404656996
0.038696233632529164
-0.9999385777748924
-0.9999999999999994
-0.999999999999999
-0.999916832867463
-0.999999999999999
-0.9989772048037936
-0.9783032639366033
0.1111803682651833
-0.9999999999999993
0.5982862960318138
-0.9995939614156836
0.11118036826518307
0.3044379399012358
-0.9996134843826153
-0.9997650404656998
0.40477950597621626
-0.9999930982695968
-0.9999999999999996
-0.9999999999999992
-0.9999999999999994
-0.9999999999999992
-0.9999575182250177
1.0
-0.9999999999999992
-0.9999981013243688
-0.9999575182250178
0.8363470681955782
-0.9999999999999992
-0.1933411588729994
-0.9999999999999997
-0.9999999999999992
-0.9386103750619702
-0.9999999999999996
-1.0
-0.88250305590021
-0.999017029968177
-0.9999999999999992
-0.9999999999999996
0.13194473795750072
-0.9999999999999994
-0.9971147679637191
-0.9757515602251816
-0.9996710299705308
-0.9999981013243687
-0.9999999999999993
-0.9999567203957437
-0.999998071681718
-0.6135939789735867
-0.5977022850948648
-0.999772140779155
-0.9999999999999997
-0.9999999999999992
-0.9999999999999991
-0.9035252691905183
-0.9936673512623502
-0.9719152192477265
-0.8625267454898838
-0.9999087947307673
-0.9999999999999992
-0.9999999664828142
-0.9999999999999994
-0.9999999999999991
-0.9999999999999991
-0.9999999999999996
-0.9999999999999992
-0.9999981013243685
-0.9988178564466972
-0.8927305045345156
-0.9999981013243687
-0.9975212103542872
-0.9999997435722277
-0.9996482837311771
-0.9999999999999993
CENT
0.5554794520547945
-0.7489333033909724
-0.9717881944444444
-0.7312109775417016
-0.759560502283105
-0.9717881944444444
-0.8289537531260498
-0.8731979422145122
-0.8731979422145122
-0.9336643835616438
-0.8342447341287376
-0.9229259658303832
-0.8769826964671954
-0.7192258126103765
-0.920664254329284
-0.7627538970240907
-0.8791963078370274
-0.9330853487797512
-0.7520190977644906
-0.7491489016778795
-0.8826752618855761
-0.7877456819535438
-0.8101609942098573
-0.8850579311227755
-0.7947219983883964
-0.7600958112281258
-0.9088235294117647
-0.9100492294520548
-0.7874546129724377
-0.8379214963119073
-0.9769068586338645
0.047455968688845385
-0.9567764984298912
-0.7969979597784902
-0.8444111740658394
-0.9336643835616438
-0.7361745306950787
-0.8605245991691558
-0.8866279069767442
-0.9098988910632746
-0.7877456819535438
-0.7969979597784902
-0.9330853487797512
-0.8791963078370274
-0.822411110689485
-0.9726560648433427
-0.8086509400635868
0.2591324200913241
-0.8444111740658394
-0.8935157737073673
-0.8086509400635868
-0.8786285061969993
-0.8950082316031436
-0.8605245991691558
-0.8453986194069888
-0.913246898008272
-0.7805381064103535
1.0
-0.9428345626975764
0.047455968688845385
-0.8826752618855761
-0.8414175732822495
-0.9717760982522438
-0.947423352902805
-0.8826752618855761
-0.8761538714234092
-0.8919676214196762
-0.9098988910632746
-0.8080239903470793
-0.7463307240704501
-0.7345311921510551
-0.8205238521373993
-0.836063132817153
-0.942623712434958
-0.7964399725219218
-0.7627538970240907
-0.8731979422145122
-0.8794455471317476
-0.9801369863013699
-0.9968696489726028
-0.9717881944444444
-0.8512166778180793
-0.947423352902805
-0.9522861902998889
-0.8761538714234092
-0.9463710416721234
-0.7808009718905785
-0.7780821917808218
-0.8614297945205479
-0.8555674249088853
-0.9229259658303832
1.0
-0.7345311921510551
-0.8212994672754946
-0.759560502283105
-0.7520190977644906
-0.9092205746887351
-0.8878173898091363
-1.0
-0.2347792998477931
-0.7947219983883964
1.0
-0.9801369863013699
1.0
-0.947423352902805
-0.7989394608926204
-0.9468982014012339
-0.947423352902805
-0.8453986194069888
-0.9756468797564688
-0.8383762022733896
-0.9965753424657534
DEGREE_RANK
-0.5855855855855856
-0.3153153153153154
-0.29729729729729737
0.6756756756756757
0.1351351351351351
-0.2792792792792794
-0.5675675675675675
0.6936936936936937
0.7117117117117115
-0.5495495495495495
0.4414414414414414
-0.26126126126126137
0.9639639639639639
0.7297297297297298
-0.2432432432432433
-0.22522522522522537
0.45945945945945943
-0.2072072072072072
0.7477477477477477
-0.18918918918918926
-0.1711711711711712
-0.15315315315315325
-0.1351351351351352
0.7657657657657657
-0.11711711711711714
0.15315315315315337
0.1711711711711712
0.4774774774774775
0.18918918918918926
0.49549549549549554
-1.0
-0.8198198198198199
-0.8018018018018018
-0.5315315315315315
0.927927927927928
-0.5135135135135136
0.5135135135135134
0.2072072072072071
0.22522522522522537
-0.7837837837837838
-0.49549549549549554
-0.4774774774774776
-0.0990990990990992
0.5315315315315317
-0.7657657657657657
-0.45945945945945954
0.783783783783784
-0.7477477477477478
0.9459459459459458
0.2432432432432432
0.8018018018018018
0.8198198198198199
-0.4414414414414415
0.26126126126126126
0.8378378378378377
0.5495495495495495
-0.08108108108108114
-0.9819819819819819
-0.7297297297297298
-0.7117117117117118
-0.0630630630630632
1.0
-0.6936936936936937
0.2792792792792793
-0.04504504504504514
0.9819819819819819
-0.963963963963964
0.5675675675675675
-0.42342342342342343
0.29729729729729737
0.5855855855855856
-0.4054054054054055
-0.3873873873873874
0.3153153153153152
-0.027027027027027195
0.33333333333333326
0.855855855855856
0.6036036036036037
-0.6756756756756757
-0.9459459459459459
-0.009009009009009139
-0.36936936936936937
0.35135135135135154
-0.3513513513513514
0.36936936936936937
0.6216216216216217
0.3873873873873874
0.6396396396396395
0.009009009009008917
-0.6576576576576576
0.027027027027027195
-0.9279279279279279
0.8738738738738738
0.04504504504504503
0.6576576576576578
0.8918918918918919
-0.33333333333333337
0.06306306306306309
-0.9099099099099099
-0.8918918918918919
0.08108108108108092
-0.8738738738738738
-0.6396396396396397
-0.8558558558558558
0.4054054054054055
0.9099099099099099
-0.6216216216216217
0.42342342342342354
0.0990990990990992
-0.6036036036036037
0.11711711711711725
-0.8378378378378378
EIGENVECTOR_RANK
-0.3873873873873874
0.42342342342342354
0.49549549549549554
0.6216216216216217
0.7117117117117115
0.5135135135135134
0.3873873873873874
-0.9279279279279279
-0.8918918918918919
0.06306306306306309
0.15315315315315337
-0.42342342342342343
0.9639639639639639
0.5675675675675675
-0.18918918918918926
-0.49549549549549554
-0.9819819819819819
0.11711711711711725
0.7297297297297298
-0.36936936936936937
-0.027027027027027195
-0.4054054054054055
-0.5855855855855856
0.9099099099099099
-0.3153153153153154
-0.2792792792792794
-0.6036036036036037
-0.9099099099099099
0.4414414414414414
-0.963963963963964
0.45945945945945943
-0.6216216216216217
-0.8558558558558558
-0.29729729729729737
0.9459459459459458
0.08108108108108092
0.6036036036036037
0.18918918918918926
0.8018018018018018
0.04504504504504503
-0.9459459459459459
-0.6756756756756757
0.0990990990990992
-1.0
0.3153153153153152
0.4774774774774775
0.8198198198198199
-0.7657657657657657
0.927927927927928
0.2792792792792793
0.8378378378378377
0.8738738738738738
0.26126126126126126
0.2072072072072071
0.8918918918918919
-0.04504504504504514
-0.5315315315315315
-0.45945945945945954
-0.6576576576576576
-0.2432432432432433
-0.009009009009009139
1.0
-0.6396396396396397
-0.08108108108108114
0.009009009009008917
0.9819819819819819
-0.4414414414414415
0.783783783783784
-0.8018018018018018
-0.7297297297297298
0.5855855855855856
-0.33333333333333337
-0.2072072072072072
0.6756756756756757
0.29729729729729737
-0.5495495495495495
-0.8738738738738738
0.855855855855856
-0.26126126126126137
0.36936936936936937
0.5315315315315317
0.22522522522522537
-0.0990990990990992
-0.3513513513513514
0.027027027027027195
-0.0630630630630632
0.7477477477477477
0.7657657657657657
0.1711711711711712
-0.7837837837837838
-0.8198198198198199
-0.5675675675675675
0.6396396396396395
0.4054054054054055
0.5495495495495495
0.6936936936936937
0.1351351351351351
-0.5135135135135136
-0.1711711711711712
-0.7477477477477478
-0.8378378378378378
-0.7117117117117118
-0.22522522522522537
-0.4774774774774776
-0.1351351351351352
0.33333333333333326
0.6576576576576578
-0.11711711711711714
0.35135135135135154
-0.15315315315315325
0.2432432432432432
-0.6936936936936937
CENT_RANK
0.927927927927928
0.7297297297297298
-0.8558558558558558
0.8198198198198199
0.6396396396396395
-0.8378378378378378
0.22522522522522537
-0.08108108108108114
-0.0630630630630632
-0.6036036036036037
0.2072072072072071
-0.5315315315315315
-0.1351351351351352
0.8378378378378377
-0.49549549549549554
0.5855855855855856
-0.18918918918918926
-0.5675675675675675
0.6756756756756757
0.7117117117117115
-0.26126126126126137
0.4774774774774775
0.29729729729729737
-0.2792792792792794
0.4414414414414414
0.6216216216216217
-0.3873873873873874
-0.45945945945945954
0.5135135135135134
0.1711711711711712
-0.9099099099099099
0.8738738738738738
-0.7837837837837838
0.3873873873873874
0.0990990990990992
-0.5855855855855856
0.7657657657657657
-0.009009009009009139
-0.29729729729729737
-0.4414414414414415
0.49549549549549554
0.4054054054054055
-0.5495495495495495
-0.1711711711711712
0.2432432432432432
-0.8738738738738738
0.3153153153153152
0.9099099099099099
0.11711711711711725
-0.3513513513513514
0.33333333333333326
-0.15315315315315325
-0.36936936936936937
0.009009009009008917
0.06306306306306309
-0.4774774774774776
0.5495495495495495
0.9459459459459458
-0.6396396396396397
0.8918918918918919
-0.2432432432432433
0.1351351351351351
-0.8018018018018018
-0.7477477477477478
-0.22522522522522537
-0.11711711711711714
-0.33333333333333337
-0.42342342342342343
0.35135135135135154
0.7477477477477477
0.783783783783784
0.2792792792792793
0.18918918918918926
-0.6216216216216217
0.42342342342342354
0.6036036036036037
-0.04504504504504514
-0.2072072072072072
-0.9459459459459459
-0.9819819819819819
-0.8198198198198199
0.04504504504504503
-0.7297297297297298
-0.7657657657657657
-0.0990990990990992
-0.6576576576576576
0.5315315315315317
0.5675675675675675
-0.027027027027027195
0.027027027027027195
-0.5135135135135136
0.9639639639639639
0.8018018018018018
0.26126126126126126
0.6576576576576578
0.6936936936936937
-0.4054054054054055
-0.3153153153153154
-1.0
0.855855855855856
0.45945945945945943
0.9819819819819819
-0.9279279279279279
1.0
-0.7117117117117118
0.36936936936936937
-0.6756756756756757
-0.6936936936936937
0.08108108108108092
-0.8918918918918919
0.15315315315315337
-0.963963963963964
RANK
98
79
111
78
102
30
109
45
2
5
80
62
32
83
63
82
104
107
106
85
58
73
9
35
17
42
11
90
14
55
27
39
67
96
26
52
49
66
97
38
23
20
60
64
77
16
43
51
12
65
84
7
8
76
88
37
53
89
81
54
108
34
48
61
110
29
72
10
6
44
93
71
22
46
50
68
105
33
41
74
24
100
21
40
28
86
56
87
15
75
25
4
94
18
95
19
1
69
36
70
92
3
13
99
31
59
47
0
57
91
101
103
