DEGREE
0.35483870967741926
0.032258064516129004
0.7741935483870968
-0.3548387096774194
0.09677419354838701
0.22580645161290325
0.032258064516129004
0.4516129032258065
0.19354838709677424
0.3870967741935485
0.12903225806451624
0.06451612903225801
0.4838709677419355
0.6451612903225807
0.29032258064516125
0.16129032258064524
0.4838709677419355
0.09677419354838701
0.5161290322580645
0.6129032258064515
0.06451612903225801
0.4193548387096775
-0.16129032258064513
0.4516129032258065
0.09677419354838701
-0.12903225806451613
0.4193548387096775
0.3870967741935485
0.19354838709677424
-0.4838709677419355
0.35483870967741926
0.32258064516129026
0.7741935483870968
0.8387096774193548
0.06451612903225801
0.6129032258064515
-0.29032258064516125
0.25806451612903225
0.35483870967741926
0.0
0.6451612903225807
0.06451612903225801
0.32258064516129026
-0.32258064516129037
-0.5483870967741935
0.29032258064516125
-0.32258064516129037
0.7096774193548387
-0.032258064516129004
0.5806451612903225
-0.09677419354838712
-0.06451612903225812
-0.3870967741935484
0.032258064516129004
0.25806451612903225
-0.12903225806451613
0.32258064516129026
0.12903225806451624
0.7741935483870968
-0.6129032258064516
0.6451612903225807
-0.032258064516129004
-0.5483870967741935
0.35483870967741926
-0.4838709677419355
0.4516129032258065
-0.7096774193548387
-0.032258064516129004
0.12903225806451624
0.4193548387096775
-0.09677419354838712
0.4838709677419355
0.19354838709677424
0.5483870967741935
0.06451612903225801
0.5161290322580645
0.3870967741935485
0.7419354838709677
-0.12903225806451613
0.5161290322580645
-0.12903225806451613
0.6451612903225807
0.12903225806451624
-0.3870967741935484
-0.12903225806451613
-0.4838709677419355
0.0
0.22580645161290325
0.32258064516129026
0.7419354838709677
-0.09677419354838712
-0.09677419354838712
0.16129032258064524
0.16129032258064524
-0.5806451612903225
0.0
-0.12903225806451613
-0.32258064516129037
0.4838709677419355
0.35483870967741926
0.5161290322580645
0.4516129032258065
0.29032258064516125
-0.12903225806451613
0.12903225806451624
0.6451612903225807
-0.22580645161290325
0.35483870967741926
-0.4516129032258065
0.4516129032258065
0.19354838709677424
-0.4193548387096774
-0.8387096774193549
-0.22580645161290325
0.5806451612903225
0.22580645161290325
-0.4193548387096774
-0.3870967741935484
0.29032258064516125
-0.09677419354838712
0.032258064516129004
0.4193548387096775
0.5483870967741935
0.3870967741935485
0.19354838709677424
-0.6774193548387097
0.25806451612903225
0.06451612903225801
0.4838709677419355
0.4193548387096775
0.35483870967741926
-0.3548387096774194
-0.3870967741935484
-0.4516129032258065
0.4516129032258065
0.19354838709677424
-0.5161290322580645
0.0
0.5161290322580645
0.032258064516129004
-0.032258064516129004
-0.06451612903225812
0.35483870967741926
-0.9032258064516129
-0.29032258064516125
0.12903225806451624
0.35483870967741926
-0.09677419354838712
0.0
-0.3548387096774194
0.5161290322580645
0.09677419354838701
-0.5161290322580645
-0.16129032258064513
-0.032258064516129004
0.29032258064516125
0.3870967741935485
-0.25806451612903225
0.0
-0.25806451612903225
0.5483870967741935
-0.12903225806451613
0.09677419354838701
0.29032258064516125
-0.3870967741935484
0.7741935483870968
-0.09677419354838712
-0.22580645161290325
-0.3548387096774194
-0.4516129032258065
-0.16129032258064513
0.4516129032258065
0.25806451612903225
0.6774193548387097
0.16129032258064524
0.7741935483870968
-0.5161290322580645
0.29032258064516125
-0.16129032258064513
0.6451612903225807
0.35483870967741926
-0.7741935483870968
0.29032258064516125
-0.6451612903225806
-0.19354838709677424
-0.19354838709677424
-0.5483870967741935
-0.7741935483870968
-0.06451612903225812
0.4516129032258065
-0.7096774193548387
-0.032258064516129004
-1.0
0.4516129032258065
-0.32258064516129037
0.5483870967741935
-0.6451612903225806
0.12903225806451624
-0.4838709677419355
0.032258064516129004
-0.09677419354838712
-0.06451612903225812
0.4193548387096775
0.22580645161290325
-0.12903225806451613
-0.06451612903225812
-0.22580645161290325
-0.22580645161290325
0.4516129032258065
0.35483870967741926
-0.4838709677419355
0.19354838709677424
-0.5161290322580645
-0.16129032258064513
0.032258064516129004
0.4838709677419355
0.4516129032258065
-0.25806451612903225
-0.3548387096774194
0.3870967741935485
0.25806451612903225
0.32258064516129026
-0.19354838709677424
0.22580645161290325
-0.06451612903225812
-0.4516129032258065
-0.7096774193548387
-0.967741935483871
-0.4516129032258065
0.6129032258064515
0.32258064516129026
0.5806451612903225
0.35483870967741926
0.22580645161290325
0.7741935483870968
0.16129032258064524
0.4838709677419355
-0.06451612903225812
0.032258064516129004
-0.6129032258064516
0.32258064516129026
0.6774193548387097
-0.32258064516129037
0.6451612903225807
0.32258064516129026
0.29032258064516125
-0.4193548387096774
0.935483870967742
-0.19354838709677424
-0.6129032258064516
-0.032258064516129004
0.19354838709677424
-0.6774193548387097
0.4193548387096775
0.16129032258064524
0.032258064516129004
-0.19354838709677424
0.32258064516129026
0.6129032258064515
0.4838709677419355
-0.22580645161290325
0.4193548387096775
-0.4193548387096774
0.3870967741935485
0.35483870967741926
0.0
-0.6774193548387097
-0.3548387096774194
0.35483870967741926
0.0
0.4516129032258065
-0.5161290322580645
0.7741935483870968
-0.8387096774193549
-0.12903225806451613
0.32258064516129026
-0.29032258064516125
0.12903225806451624
0.35483870967741926
0.032258064516129004
0.5161290322580645
0.12903225806451624
0.4838709677419355
0.35483870967741926
0.7419354838709677
-0.06451612903225812
0.35483870967741926
-0.3548387096774194
0.8709677419354838
0.35483870967741926
0.5161290322580645
0.06451612903225801
-0.4838709677419355
-0.12903225806451613
0.3870967741935485
-0.12903225806451613
-0.16129032258064513
-0.16129032258064513
-0.06451612903225812
-0.4193548387096774
-0.19354838709677424
0.8064516129032258
0.6129032258064515
0.12903225806451624
0.32258064516129026
0.7096774193548387
-0.032258064516129004
0.7096774193548387
0.25806451612903225
-0.3870967741935484
0.32258064516129026
0.4838709677419355
-0.09677419354838712
-0.4838709677419355
0.6451612903225807
0.09677419354838701
0.06451612903225801
0.16129032258064524
0.25806451612903225
0.0
0.32258064516129026
0.32258064516129026
0.5161290322580645
0.35483870967741926
-0.4516129032258065
0.3870967741935485
0.09677419354838701
-0.22580645161290325
-0.6129032258064516
-0.032258064516129004
-0.5483870967741935
-0.29032258064516125
-0.5806451612903225
0.09677419354838701
-0.8709677419354839
0.32258064516129026
0.6451612903225807
0.16129032258064524
0.6129032258064515
-0.5483870967741935
0.22580645161290325
0.35483870967741926
0.5806451612903225
0.3870967741935485
0.22580645161290325
-0.4838709677419355
0.6451612903225807
-0.4516129032258065
0.09677419354838701
0.4838709677419355
-0.6129032258064516
0.4516129032258065
-0.19354838709677424
-0.3548387096774194
-0.032258064516129004
0.19354838709677424
-0.19354838709677424
-0.032258064516129004
0.35483870967741926
0.5161290322580645
-0.5483870967741935
0.25806451612903225
0.19354838709677424
-0.09677419354838712
-0.09677419354838712
-0.16129032258064513
0.032258064516129004
0.7419354838709677
-0.16129032258064513
-0.06451612903225812
-0.3548387096774194
0.22580645161290325
-0.19354838709677424
-0.5483870967741935
-0.4838709677419355
0.032258064516129004
0.25806451612903225
0.29032258064516125
0.5806451612903225
-0.7741935483870968
0.4838709677419355
0.032258064516129004
0.4193548387096775
0.09677419354838701
0.29032258064516125
0.16129032258064524
0.032258064516129004
0.4516129032258065
-0.7419354838709677
0.4838709677419355
0.06451612903225801
0.22580645161290325
-0.4193548387096774
0.22580645161290325
-0.06451612903225812
0.5806451612903225
-0.4838709677419355
0.32258064516129026
0.7741935483870968
0.032258064516129004
-0.4838709677419355
0.7096774193548387
-0.25806451612903225
-0.3870967741935484
-0.6129032258064516
0.09677419354838701
0.5483870967741935
-0.5806451612903225
0.09677419354838701
-0.7096774193548387
-0.12903225806451613
0.4193548387096775
-0.7096774193548387
0.4516129032258065
0.3870967741935485
-0.5161290322580645
0.8387096774193548
0.16129032258064524
-0.5483870967741935
1.0
-0.25806451612903225
0.0
0.5806451612903225
0.6129032258064515
-0.12903225806451613
-0.5161290322580645
-0.935483870967742
0.0
0.35483870967741926
-0.4838709677419355
-0.5161290322580645
0.22580645161290325
-0.3870967741935484
0.4193548387096775
0.4838709677419355
0.4838709677419355
0.16129032258064524
0.7419354838709677
-0.12903225806451613
0.16129032258064524
0.4193548387096775
-0.6774193548387097
0.4193548387096775
0.16129032258064524
0.22580645161290325
-0.6774193548387097
0.4516129032258065
0.4193548387096775
-0.7741935483870968
0.29032258064516125
0.6774193548387097
0.22580645161290325
0.19354838709677424
0.06451612903225801
0.16129032258064524
0.06451612903225801
0.35483870967741926
0.7096774193548387
0.032258064516129004
EIGENVECTOR
-0.9105397130148369
-0.2704403030615007
0.8344387078276998
-0.9713958665948899
-0.6681730781089315
-0.013060858797782293
-0.5465338200715162
0.42885465177607873
0.12461090770579841
-0.2920280109671094
-0.829052744196071
0.028625065896130453
-0.7361764315528466
0.6061185260290325
-0.9056016828467504
-0.9115699595333278
0.033351028091922696
-0.8852228339656362
-0.8181180036444796
0.6940700182276958
-0.6770951202114757
-0.8885327524418053
-0.9307735131044025
0.11436878795595651
-0.6477808772659033
-0.6370319675858445
0.030647886796928425
-0.16870830195393938
-0.7873172637252033
-0.7909371145640861
0.3138590907004142
-0.8682989050732002
-0.8033352726938251
0.8410041492484279
-0.6935409231415546
-0.8610264706585636
-0.9600103423941022
-0.7022214599862597
-0.4151186813833341
-0.3710836454792553
-0.8043789035160505
-0.9117918828798183
0.3049056386715263
-0.6725229975434523
-0.9790218831526455
-0.04772956687395946
-0.9452469129716603
-0.802147075279451
-0.45114954050606526
-0.8107240424331843
-0.784849632881121
-0.6750232105607203
-0.9600394867013187
-0.7352575333869237
-0.06747219565622486
-0.9175554186304324
0.3079534542442055
-0.2763631405294643
0.7594430167296677
-0.5372712855205304
0.5384923336657084
-0.7197180224407813
-0.9164226710885791
0.10381191905942355
-0.9370084607653151
0.21649201559750297
-0.9888844157539479
-0.8703928880930946
-0.5859055883530035
-0.8837062310132977
-0.3903139943907644
-0.8887591490695089
-0.6075203055187309
-0.8339219178692527
-0.5054106328919306
-0.8693082955429974
-0.17096337039188958
0.7074743560961012
-0.946787202713536
0.1363426550254756
-0.8236186955058498
-0.8591333151302396
-0.9314469274349144
-0.37700810113781735
-0.9035775489891247
-0.9784443934290684
-0.9155014581585504
-0.9222573776095889
-0.10400077944572883
0.7208991348392937
-0.08803079280894843
-0.7770845655765942
-0.8551326024133409
-0.4871117693099626
-0.9565373466078974
-0.9003463068810753
-0.7375222722021602
-0.9502026065900361
0.3611269953447247
0.4024830455711341
0.3027614784372388
-0.8479530600764036
-0.28883473086129674
-0.9270472602580017
-0.5367358555732584
0.6689160932310914
-0.6590431950793244
-0.7418455312853455
-0.9728568462860114
0.08597575504340638
-0.3814440433425106
-0.9524783220178811
-0.9892482284386712
-0.9364259715754482
-0.8253426425802575
-0.5778684304956838
-0.9620097474633946
-0.6455966632561605
0.28774363942515313
-0.921324107548893
-0.9077291792011704
-0.4606004713324868
0.10707541163887435
-0.8610994845299231
-0.4031432067104155
-0.9782182227026778
-0.8912206717640251
-0.6935409231415541
-0.8883280655074268
-0.25506269920956526
-0.25949921990783986
-0.9790552298728088
-0.406889317794458
-0.8578284414343726
0.4824542465226296
-0.692909122956368
-0.9676957575500523
-0.7583359792532026
0.3566273163235376
-0.7951608075142378
-0.9053491368779066
-0.6689455309496675
-0.30350791240505826
-0.9981234440397211
-0.3141031232577467
-0.8802184359684504
0.030736019567351835
-0.783182561304957
0.07763138386915025
-0.346729582016277
-0.8239413044228099
-0.674020936043553
-0.9775939151877747
-0.8933436358033255
-0.8045394138558578
-0.06428655492986513
-0.8483518239609162
-0.9576118787776993
-0.8950693809549852
-0.22914090429604117
-0.03526910248483528
-0.651294822225585
-0.8883959929495009
-0.8752779248416453
-0.9829214823911505
0.7594430167296682
-0.6473980626342757
-0.9569440091901621
-0.3155025143379966
-0.9640680583735952
-0.7297879127596434
-0.7384450946376508
-0.9201335113452431
0.6455497129720127
-0.7821781802073386
0.7723347238450469
-0.6610134722440606
-0.27394118009477053
-0.7509638814998539
0.6455297568966281
-0.588659793294762
-0.9863374907799598
-0.883896435592416
-0.9941739728611478
-0.8763878989520848
-0.8162263694504575
-0.7594620566614152
-0.6697683567573136
0.013862444878129265
0.24085665859057404
-0.9898647069558406
-0.6145456180034325
-1.0
-0.4132035769022391
-0.6101880364635535
-0.8819704526716936
-0.9830435464574627
-0.8885057315240761
-0.9767760234982226
0.021876403682559165
-0.9465873555748697
-0.9265912631058042
0.36707930756859786
-0.8143292030863305
-0.11782870619146368
-0.9152294656404121
-0.9331315032334966
-0.6481546641611711
-0.787812584421427
0.265242701224526
-0.982467756935648
-0.09990124864033678
-0.9873701482006042
-0.9514351844173036
-0.02276710909177937
0.31757044074784657
-0.7520190729015035
-0.9420276227098308
-0.9398608698734703
0.20523850963536217
-0.7150731426796737
-0.8636837266478723
-0.3248115200950671
-0.8918761329090994
-0.908818237941135
-0.9605235552218372
-0.9898647069558407
-0.9987453185015083
-0.643680854352773
-0.8125073011982697
-0.3879127391826853
0.5468083495430596
-0.018803357811147503
-0.8339446809822245
-0.8740878424973089
-0.6073260920409036
-0.8918004088444538
-0.6225461066974974
-0.7982814720832977
-0.9585983235518769
0.1502835342502229
-0.1755700278924106
-0.9452469129716603
0.5611659066426868
-0.1080820577770869
-0.6788805322512184
-0.5058237378587567
0.898392691112226
-0.9499689090983288
-0.9784637415998622
-0.9244594114457282
-0.6004315462463234
-0.9776423746892553
0.44559023185550295
-0.7947363798266222
-0.9378204651142983
-0.8969310425245555
0.29392619051475966
-0.8075786674301775
0.3600532871923643
-0.2821292428750287
-0.42964698811746715
-0.3730971374748856
0.41473373595802165
-0.8114105564138114
0.06299329136033949
-0.9947226603587228
-0.578840344146868
-0.33419069228922493
-0.905770108108298
-0.15189363704174508
-0.9896623900134288
0.7806234628570805
-0.9952182310690725
-0.918600147002363
-0.3967287799166217
-0.9376862361284487
-0.9291885895780572
-0.049937048279174556
-0.9390337565824811
-0.32036920238807165
-0.012712605586224113
0.12968254892964004
-0.8670600281399152
0.7339837897551786
-0.9428092209700185
0.08303724737011087
-0.9488562867698519
0.9219756883920531
-0.9099625129215759
-0.8072182404814664
-0.6985212353017658
-0.9649772892525327
-0.7859169537820588
-0.7281463835585922
-0.7798319400024467
-0.9191288783429814
-0.7330335960262717
-0.8865386774520148
-0.9744542916794819
-0.416189807016596
0.7986819061350894
0.014359144846926242
-0.8572420230893752
-0.8069366615859354
0.7206725213507128
-0.9429755462375092
0.6080001445530094
-0.3436882986671431
-0.9668965185184145
-0.9131877946420106
0.051472845837651215
-0.8945303021236212
-0.9563560993372536
0.6885284134368435
-0.8931202084866776
-0.8369389988369114
-0.7452506402464277
-0.871065766433692
-0.8699738506786223
-0.12066488079324922
0.12989030330793794
0.40469927375550907
-0.7147680904894439
-0.9683340478131974
-0.0863339032685051
-0.9338038029712448
-0.957958137030818
-0.9935332758861175
-0.9096886706652608
-0.9887699024579473
-0.9394694960671697
-0.9745993176852383
-0.19914304204501354
-0.9908964824587259
-0.7293333360879501
0.4377086466465132
-0.8846099056261489
0.5021364172789213
-0.4916263249900754
-0.26686345207331774
-0.34303206620073134
0.6042819119568481
0.21888307656467587
-0.9221695304360629
-0.9689965788101261
0.3628412095470479
-0.9613137527179042
-0.5811071399977109
0.21107115854973935
-0.5633171047118588
-0.3321135452802837
-0.9537791285043877
-0.9629250526863826
-0.9302525775310678
-0.3350889025562105
-0.932803199389682
-0.7643162091622657
-0.2889619904951387
0.36014156854921997
-0.9817929212221158
-0.7049916399806669
-0.7278925591702596
-0.928883376756166
-0.9481041781482386
-0.8687195141041619
-0.01840220230685019
0.601184832694027
-0.08948732830558859
-0.9094868391475808
-0.3110528175972398
-0.8373512290469527
-0.7594058583790582
-0.8878808277787992
-0.9870749140595182
-0.546533820071516
-0.9212616232069828
-0.9149656608164431
0.6691623256374637
-0.9982776093494092
0.20598472251208366
-0.7976873949682136
0.24598974332532686
-0.4396417291411149
-0.8641387642276356
-0.8965909148435595
0.05305746399754474
0.5059391509159699
-0.9976420839539681
0.45046162799504375
-0.776156768706135
-0.8918503050739857
-0.9475848350278983
-0.37305204024974337
-0.36459740235528204
-0.890328486855176
-0.9889788539369413
0.06978628917417407
0.7079944441599162
-0.8090408017787664
-0.9641712219996785
0.628344606545914
-0.9416673025579098
-0.8992916909790987
-0.8797348745100169
-0.8725127512507441
-0.8857775606465521
-0.9241579569633057
-0.6767409467878631
-0.9002641207218993
-0.9234467609739118
0.08500611078979103
-0.9853477842054041
0.24148596260249944
-0.003879856540392357
-0.9612086605848327
0.8590683637209535
-0.5269300046097833
-0.5220789358402602
1.0
-0.9716855110392122
-0.7998055540374163
0.327599360169724
-0.8729487029598328
-0.9486485211318048
-0.8208922606798474
-0.7817516158687404
-0.5517288259582482
-0.26561693229646466
-0.950641486040022
-0.9903541612182764
-0.6179035738730403
-0.9765490375960203
-0.272150157499062
0.30099363100336074
0.3268910552678048
-0.7200731796997188
0.7846108954710604
-0.9507667196507753
-0.9307401652934706
-0.8970798288102733
-0.9838103444419178
-0.8527297800427218
-0.91933067301813
-0.8049251482398605
-0.8782451852758533
-0.8781470954791872
0.15120104963393688
-0.9982776093494095
-0.3763840385516679
0.5211844940671158
-0.8151071044364178
-0.9051519333974788
-0.6985212353017658
-0.6804449329283051
-0.9381713694855766
-0.13773921849610515
0.717470600607087
-0.5815181241616416
CENT
-0.11835893709529788
0.025561820217530284
0.15513779839436515
-0.40285026072110175
0.4392131221305884
0.06912321038797908
-0.025237462473546746
-0.12228683836097809
-0.341321888106917
0.4364930601416914
0.583426089039635
-0.35316366774159613
0.6613416625934356
-0.10453390374742377
0.008453253508100333
-0.2912235830267096
0.3671432038299469
0.01698531794501079
0.39085384217180685
-0.008478936224944
0.5198662176606481
0.05156145309091653
-0.2824125795683986
0.1481866923448778
0.8672362099030271
-0.018973196399888037
0.817071224859377
0.19506661359124844
0.5427352403857273
-0.42546385156749855
-0.15143752890017914
0.04719978466654795
0.3129930057201231
0.5513823199217762
0.3079196706523877
0.03202356850504495
-0.6070229316092532
0.7552462703190941
0.12521836070807413
-0.045945450322139036
0.37238569988538894
-0.11047371208254575
-0.1533617616746875
-0.15528362616270475
-0.4665298461832932
0.05593458450720212
-0.48968804707768243
0.3257393997557143
-0.03355243457643442
0.295298856478603
0.025561820217530284
0.6705348140735043
-0.24845102701463906
0.7424677035202936
0.5341271409227182
-0.1610350535494487
-0.07651749547400344
0.81377004519844
0.28776893994062447
-0.6768014040735054
0.4888648550058634
-0.1301134009325451
-0.5199783025953433
0.13896223915417782
-0.5244651391424522
0.557168826157036
-0.7070904483817456
-0.11835893709529788
0.4804976185398451
0.07133147095899584
-0.11835893709529788
-0.03976080557858985
0.9677928669520313
0.17381278807108247
0.6797709912235261
0.04937918882351067
0.9395688641480111
0.4528734334424751
-0.5289373922554967
0.7140100061764658
-0.12816040394075778
0.08464249690596026
-0.42225515409632774
-0.6279318242183387
0.3231828838192643
-0.5728732264097665
-0.10453390374742377
-0.2894655335734264
0.8038983760112293
0.19744432466542206
-0.3914084011887524
0.5398615558145545
0.3003365016283648
0.8638536566257979
-0.45244924742122583
-0.23938533681198093
0.3053883774141426
-0.21740459217103592
-0.16485757686374725
-0.09657940180145497
0.40416024782084237
0.064715417548598
1.0
-0.12620498086575005
0.20938190500689258
0.06912321038797908
-0.11244870761755499
0.6279967315770734
-0.5199783025953433
0.6160108887949407
0.9395688641480111
-0.2538645082917923
-0.8669851965660773
-0.16676532301815505
0.3079196706523877
0.7046134561900947
-0.25925866720864676
-0.17816285349470085
-0.07853507054287412
-0.09857176530577871
0.014848149306044167
0.8571050906741629
0.3411550814438382
0.07575674924803977
0.8336573787473907
-0.3225182967658855
0.16211718012947718
0.3079196706523877
-0.23574384254592473
0.5513823199217762
0.6828593304475121
-0.40447740754668615
-0.3514778385103621
-0.415816042081424
-0.11835893709529788
0.81377004519844
-0.5714313499680103
0.6582867881036794
0.6828593304475121
0.6582867881036794
-0.08457255918508833
0.37238569988538894
0.9677928669520313
-0.9052833808468805
-0.3946867911359271
0.10255606946616491
0.06912321038797908
0.455617557789896
-0.2412028150991683
-0.623776291168416
0.3411550814438382
0.3489125081117719
-0.6182152528800847
0.18795296980376142
-0.07044946628456872
0.764883651574126
0.15513779839436515
-0.5985666424125483
0.09581614734348842
-0.40447740754668615
0.6340173765829016
0.6219945973937071
-0.010583194189192291
0.15513779839436515
-0.5452120264972399
0.28776893994062447
0.01698531794501079
-0.31734815687451423
-0.5154768111656637
-0.32595503121374614
0.6279967315770734
0.6582867881036794
-0.2806441336291585
0.5141916918424669
0.4014912472388823
0.42565252112024865
-0.22109011863191708
0.6705348140735043
0.127501320382847
-0.03976080557858985
0.7842973034857825
-0.848531150740236
0.24080704715406487
-0.7543625224413518
0.35410263561759026
-0.1533617616746875
-0.3069533908399895
-0.7096909555743782
-0.2520621665825433
0.557168826157036
-0.5757523726592793
0.06691786116906662
-1.0
0.9749080126714857
-0.1203241098504979
0.04502323500094896
-0.7568682641524906
0.03202356850504495
-0.6028014735864387
-0.2628440895348425
-0.5348778336878145
-0.1437168271687338
-0.1203241098504979
0.6130259175959403
-0.37987505905591634
0.25304503811389956
-0.2610524441928881
-0.09857176530577871
0.5284099335774441
0.0020831601502258046
-0.6013913522356391
0.7520440162880997
-0.5928992881008235
-0.5407926421473932
-0.23574384254592473
0.4068331249468582
0.5981694719416297
-0.14758194095964572
-0.025237462473546746
0.7046134561900947
0.830329403902492
0.08687129932745141
-0.23938533681198093
-0.004262274781747344
-0.11442124056461556
-0.36991569001644375
-0.5757523726592793
-0.9689300515736693
-0.3190735466108571
0.3003365016283648
0.36452760098821524
-0.07044946628456872
0.10706433847773145
0.3855581809488833
-0.07044946628456872
0.9607014978264596
-0.07853507054287412
0.4229522701532007
0.28276660942182685
-0.49274699714093695
0.6983736364238051
0.557168826157036
-0.48968804707768243
0.15513779839436515
0.13666388532251106
0.5804908664968655
-0.255664703078219
0.5717119232012675
-0.47892857407527023
-0.32767040128554203
-0.1417806870404683
0.13436862275356365
-0.6953226570550859
-0.09258717059881694
0.4944637492953927
-0.49732285120816133
0.24324785118033554
-0.07247469817870555
0.3180807230275966
0.20938190500689258
-0.344715032230149
0.9713474602699999
-0.48201117791067205
-0.10254901160039298
0.5484956126256793
-0.2646336070319728
-0.7556160159961536
-0.29297956418651916
0.46387421511841853
0.025561820217530284
0.5141916918424669
-0.6306949538276077
0.15513779839436515
-0.852012786118767
-0.18947713968292168
0.26042879667627705
0.10932298727157641
-0.3086909204853162
0.1574611087214446
-0.47274291795447987
0.9501087651951374
-0.13790121814484735
0.7520440162880997
0.06691786116906662
-0.002149860785672031
-0.5049159350974903
0.08687129932745141
-0.0885849023598434
0.38027779200057554
-0.22109011863191708
0.356703276155069
0.0913377838613556
-0.336217419121533
0.18086842067389153
0.7014910993188059
-0.08457255918508833
-0.006371964839723132
0.26289691974074225
0.19982529511049973
-0.47892857407527023
-0.14565057700054496
0.3003365016283648
0.5312663911512283
0.455617557789896
0.4832825623302397
0.0020831601502258046
-0.5094519017416882
-0.0885849023598434
0.7584536194241234
-0.48815604954737757
-0.03355243457643442
0.78755106058369
0.3282995496878103
-0.041824983352266254
0.02341350962877331
-0.06435837935280564
0.3180807230275966
0.557168826157036
0.3129930057201231
-0.11639131552669502
0.9290814004195274
0.3935074206065925
-0.17057380584936654
0.6890504968042754
-0.658012420021463
0.9430763187394011
-0.49732285120816133
-0.32767040128554203
-0.7239001687552584
0.004203777688940313
-0.6056172609283197
-0.20070909025303518
-0.6525941496962049
0.06691786116906662
-0.9119158512632599
0.7456547449621829
0.21899120468906852
0.13436862275356365
0.16444995403370477
-0.6389498574184809
0.830329403902492
0.870624294747349
0.021267992681873515
0.08241664654065683
-0.2771009669572799
-0.5049159350974903
0.23107759044076825
-0.341321888106917
-3.4717572547249276e-05
0.6582867881036794
-0.6794635547653936
0.5255577585487485
-0.5641988360516077
-0.48662236665125225
-0.04800174956108272
0.6340173765829016
-0.1417806870404683
-0.03976080557858985
0.6613416625934356
0.238369626085557
-0.6416900565844903
0.807183633604396
0.557168826157036
-0.11047371208254575
-0.3242376642035666
-0.29473348070063776
-0.18383034502130013
-0.1065163147792706
-0.3514778385103621
-0.232093605196397
-0.5139730449654804
0.5341271409227182
0.27032200045635757
-0.2999828787182468
-0.5569275418997286
-0.025237462473546746
-0.3017285729563607
-0.29297956418651916
-0.0376939915625466
-0.8963819892979153
0.8104741857303486
0.08241664654065683
0.356703276155069
0.7488468452000121
0.0913377838613556
-0.17057380584936654
-0.19884277807800543
-0.11835893709529788
-0.8403683155684127
0.16678589531594312
0.729769885958768
-0.010583194189192291
-0.41420172181470793
0.05156145309091653
0.021267992681873515
-0.24301811936926576
-0.6293141100901991
0.12293846130096253
0.45836572355756355
0.28276660942182685
-0.3665806632067067
0.5057116398367731
0.04284953422234761
-0.45402072338521104
-0.49732285120816133
0.23593558094650735
-0.1005616336773486
-0.3995904294176629
0.739285708858201
-0.4238604051652852
-0.1005616336773486
0.2555028630392593
-0.4680856943053968
0.1138493436111141
0.9430763187394011
-0.48968804707768243
0.30286065692570485
0.8203777376053882
-0.6674407399508699
0.31045454422053154
-0.2982351343400995
0.6766874662461873
0.78755106058369
0.006327140363627137
-0.32595503121374614
-0.42546385156749855
-0.7531077816292815
0.4666345588599836
0.6340173765829016
0.025561820217530284
-0.6754682809193364
0.9082622273743692
-0.47119222733681
1.0
0.7234510193331192
0.6491505380816838
0.3360018811074472
0.18795296980376142
-0.5554686019786973
-0.42064809531220304
-0.232093605196397
-0.4461458047710446
0.2579641135045845
-0.006371964839723132
0.5057116398367731
-0.36156374787654166
0.019125263931136338
0.6370346674249427
-0.8963819892979153
0.4666345588599836
0.22140181348864885
0.6130259175959403
0.16211718012947718
0.0913377838613556
0.78755106058369
-0.5244651391424522
0.7552462703190941
0.272803955358498
0.6370346674249427
DEGREE_RANK
0.37117903930131013
-0.17467248908296928
0.9432314410480349
-0.6419213973799127
-0.056768558951964976
0.14847161572052392
-0.17030567685589515
0.5807860262008733
0.10043668122270732
0.47161572052401746
-0.004366812227074135
-0.10480349344978157
0.6506550218340612
0.8427947598253274
0.24890829694323124
0.0393013100436681
0.6550218340611353
-0.05240174672489073
0.7161572052401746
0.8122270742358078
-0.10043668122270732
0.519650655021834
-0.47161572052401735
0.5851528384279476
-0.048034934497816484
-0.43231441048034924
0.5240174672489084
0.4759825327510918
0.10480349344978168
-0.7860262008733624
0.37554585152838427
0.3013100436681222
0.947598253275109
0.982532751091703
-0.09606986899563319
0.8165938864628821
-0.5807860262008733
0.20960698689956336
0.3799126637554584
-0.22270742358078588
0.8471615720524017
-0.09170305676855883
0.30567685589519655
-0.6026200873362446
-0.8558951965065502
0.2532751091703056
-0.5982532751091703
0.8995633187772925
-0.2707423580786026
0.7816593886462881
-0.3668122270742358
-0.3187772925764192
-0.6768558951965065
-0.1659388646288209
0.2139737991266375
-0.4279475982532751
0.3100436681222709
0.0
0.9519650655021834
-0.8951965065502183
0.8515283842794761
-0.26637554585152834
-0.851528384279476
0.38427947598253276
-0.7816593886462883
0.5895196506550218
-0.9475982532751092
-0.2620087336244541
0.004366812227074135
0.5283842794759823
-0.36244541484716153
0.6593886462882097
0.10917030567685582
0.7598253275109168
-0.0873362445414847
0.7205240174672489
0.48034934497816595
0.9213973799126638
-0.42358078602620075
0.7248908296943233
-0.4192139737991266
0.8558951965065502
0.008733624454148492
-0.6724890829694323
-0.41484716157205226
-0.777292576419214
-0.21834061135371174
0.15283842794759828
0.3144104803493448
0.9257641921397379
-0.3580786026200873
-0.35371179039301304
0.04366812227074246
0.04803493449781637
-0.868995633187773
-0.2139737991266374
-0.4104803493449781
-0.5938864628820961
0.6637554585152838
0.3886462882096069
0.7292576419213972
0.5938864628820961
0.25764192139737996
-0.4061135371179039
0.013100436681222849
0.8602620087336244
-0.5414847161572052
0.39301310043668125
-0.7336244541484715
0.5982532751091703
0.11353711790393017
-0.7030567685589519
-0.9781659388646288
-0.537117903930131
0.7860262008733625
0.1572052401746724
-0.6986899563318778
-0.6681222707423581
0.2620087336244543
-0.3493449781659388
-0.16157205240174666
0.5327510917030567
0.7641921397379912
0.4847161572052401
0.11790393013100431
-0.925764192139738
0.21834061135371163
-0.08296943231441034
0.668122270742358
0.537117903930131
0.3973799126637554
-0.6375545851528385
-0.6637554585152838
-0.7292576419213974
0.6026200873362446
0.12227074235807867
-0.8209606986899564
-0.20960698689956325
0.7336244541484715
-0.1572052401746724
-0.25764192139737985
-0.3144104803493448
0.40174672489082974
-0.9868995633187773
-0.5764192139737991
0.017467248908296762
0.4061135371179039
-0.34497816593886454
-0.205240174672489
-0.6331877729257642
0.7379912663755459
-0.04366812227074224
-0.8165938864628821
-0.4672489082969432
-0.2532751091703056
0.26637554585152823
0.48908296943231444
-0.5633187772925765
-0.20087336244541476
-0.5589519650655022
0.7685589519650655
-0.40174672489082963
-0.0393013100436681
0.2707423580786026
-0.6593886462882096
0.9563318777292578
-0.3406113537117903
-0.5327510917030568
-0.62882096069869
-0.7248908296943231
-0.46288209606986885
0.6069868995633187
0.222707423580786
0.8864628820960698
0.05240174672489073
0.9606986899563319
-0.8122270742358079
0.27510917030567694
-0.4585152838427947
0.8646288209606987
0.41048034934497823
-0.9694323144104804
0.27947598253275086
-0.9039301310043668
-0.5109170305676856
-0.5065502183406113
-0.8471615720524017
-0.9650655021834061
-0.3100436681222707
0.6113537117903929
-0.9432314410480349
-0.24890829694323136
-1.0
0.6157205240174672
-0.5895196506550218
0.7729257641921399
-0.8995633187772926
0.02183406113537112
-0.7729257641921398
-0.15283842794759817
-0.33624454148471616
-0.30567685589519644
0.5414847161572054
0.16157205240174677
-0.3973799126637554
-0.3013100436681222
-0.5283842794759825
-0.5240174672489083
0.6200873362445416
0.41484716157205237
-0.7685589519650655
0.1266375545851528
-0.8078602620087336
-0.45414847161572036
-0.14847161572052392
0.6724890829694323
0.6244541484716157
-0.554585152838428
-0.6244541484716157
0.4934497816593888
0.22707423580786035
0.3187772925764192
-0.5021834061135371
0.1659388646288209
-0.29694323144104795
-0.7205240174672489
-0.9388646288209607
-0.9956331877729258
-0.7161572052401747
0.8209606986899565
0.32314410480349354
0.7903930131004369
0.4192139737991265
0.17030567685589526
0.965065502183406
0.05676855895196509
0.6768558951965067
-0.2925764192139737
-0.14410480349344967
-0.8908296943231441
0.32751091703056767
0.8908296943231442
-0.5851528384279476
0.8689956331877728
0.3318777292576418
0.2838427947598252
-0.6943231441048034
0.9956331877729256
-0.4978165938864628
-0.8864628820960698
-0.2445414847161571
0.13100436681222694
-0.9213973799126638
0.5458515283842793
0.061135371179039444
-0.13973799126637543
-0.4934497816593886
0.33624454148471616
0.8253275109170306
0.6812227074235808
-0.519650655021834
0.5502183406113537
-0.6899563318777293
0.4978165938864627
0.42358078602620086
-0.19650655021834063
-0.9170305676855895
-0.6200873362445415
0.4279475982532752
-0.19213973799126627
0.6288209606986899
-0.8034934497816594
0.9694323144104804
-0.9737991266375546
-0.39301310043668114
0.3406113537117905
-0.5720524017467248
0.026200873362445476
0.43231441048034935
-0.1353711790393013
0.7423580786026203
0.030567685589519833
0.685589519650655
0.4366812227074235
0.9301310043668123
-0.28820960698689946
0.44104803493449785
-0.6157205240174672
0.9912663755458517
0.445414847161572
0.7467248908296942
-0.0786026200873362
-0.7641921397379913
-0.3886462882096069
0.5021834061135371
-0.38427947598253265
-0.4497816593886462
-0.445414847161572
-0.2838427947598252
-0.685589519650655
-0.48908296943231433
0.9781659388646287
0.8296943231441047
0.034934497816593746
0.34497816593886466
0.9039301310043668
-0.24017467248908286
0.9082969432314412
0.23144104803493448
-0.6550218340611353
0.3493449781659388
0.6899563318777293
-0.3318777292576418
-0.759825327510917
0.8733624454148472
-0.034934497816593746
-0.07423580786026185
0.06550218340611336
0.23580786026200862
-0.18777292576419213
0.35371179039301315
0.3580786026200873
0.7510917030567685
0.4497816593886461
-0.7117903930131004
0.5065502183406114
-0.03056768558951961
-0.5152838427947598
-0.8820960698689957
-0.23580786026200873
-0.8427947598253275
-0.5676855895196506
-0.8646288209606987
-0.026200873362445365
-0.982532751091703
0.3624454148471614
0.8777292576419213
0.06986899563318771
0.8340611353711791
-0.8384279475982532
0.1746724890829694
0.4541484716157205
0.7947598253275108
0.5109170305676858
0.17903930131004375
-0.7554585152838428
0.8820960698689957
-0.7074235807860262
-0.02183406113537112
0.6943231441048034
-0.8777292576419213
0.6331877729257642
-0.4847161572052401
-0.611353711790393
-0.23144104803493437
0.1353711790393013
-0.48034934497816584
-0.22707423580786024
0.45851528384279483
0.7554585152838429
-0.8340611353711791
0.24017467248908297
0.13973799126637543
-0.32751091703056767
-0.3231441048034933
-0.44104803493449773
-0.13100436681222694
0.9344978165938864
-0.4366812227074236
-0.2794759825327511
-0.6069868995633187
0.1834061135371179
-0.4759825327510917
-0.8296943231441047
-0.7510917030567685
-0.1266375545851528
0.24454148471615733
0.28820960698689957
0.7991266375545851
-0.9606986899563319
0.6986899563318776
-0.12227074235807855
0.554585152838428
-0.017467248908296873
0.2925764192139739
0.07423580786026207
-0.11790393013100431
0.6375545851528384
-0.9519650655021834
0.7030567685589519
-0.06986899563318771
0.18777292576419202
-0.6812227074235808
0.19213973799126638
-0.27510917030567683
0.8034934497816595
-0.7467248908296943
0.3668122270742358
0.9737991266375547
-0.11353711790393006
-0.74235807860262
0.9126637554585153
-0.5502183406113537
-0.6506550218340611
-0.8733624454148472
-0.013100436681222627
0.7772925764192138
-0.8602620087336245
-0.008733624454148381
-0.9344978165938864
-0.3799126637554584
0.5589519650655022
-0.9301310043668123
0.6419213973799127
0.5152838427947597
-0.7991266375545851
0.9868995633187774
0.0786026200873362
-0.8253275109170306
1.0
-0.5458515283842795
-0.18340611353711778
0.8078602620087336
0.8384279475982532
-0.37554585152838427
-0.7947598253275109
-0.9912663755458515
-0.17903930131004364
0.46288209606986896
-0.7379912663755459
-0.7903930131004366
0.19650655021834074
-0.6462882096069869
0.5633187772925763
0.7074235807860263
0.7117903930131004
0.08296943231441034
0.9388646288209608
-0.3711790393013099
0.0873362445414847
0.5676855895196506
-0.9126637554585153
0.572052401746725
0.09170305676855905
0.20087336244541487
-0.9082969432314411
0.6462882096069869
0.5764192139737991
-0.9563318777292577
0.29694323144104784
0.8951965065502183
0.205240174672489
0.14410480349344978
-0.06550218340611347
0.09606986899563319
-0.06113537117903922
0.4672489082969431
0.9170305676855894
-0.10917030567685582
EIGENVECTOR_RANK
-0.48034934497816584
0.4672489082969431
0.9781659388646287
-0.8209606986899564
0.14847161572052392
0.5895196506550218
0.25764192139737996
0.8296943231441047
0.6812227074235808
0.4366812227074235
-0.17467248908296928
0.6157205240174672
0.030567685589519833
0.8864628820960698
-0.4497816593886462
-0.4847161572052401
0.6288209606986899
-0.3318777292576418
-0.15283842794759817
0.9213973799126638
0.11790393013100431
-0.36244541484716153
-0.5938864628820961
0.6768558951965067
0.17030567685589526
0.18777292576419202
0.6200873362445416
0.5065502183406114
-0.05240174672489073
-0.06113537117903922
0.7729257641921399
-0.24890829694323136
-0.09170305676855883
0.982532751091703
0.10043668122270732
-0.22707423580786024
-0.759825327510917
0.08296943231441034
0.32314410480349354
0.37554585152838427
-0.09606986899563319
-0.48908296943231433
0.7641921397379912
0.1353711790393013
-0.8733624454148472
0.5676855895196506
-0.6724890829694323
-0.0873362445414847
0.30567685589519655
-0.1266375545851528
-0.04366812227074224
0.1266375545851528
-0.7641921397379913
0.034934497816593746
0.554585152838428
-0.5152838427947598
0.7685589519650655
0.4541484716157205
0.9519650655021834
0.26637554585152823
0.8646288209606987
0.06550218340611336
-0.5109170305676856
0.668122270742358
-0.6200873362445415
0.7205240174672489
-0.925764192139738
-0.26637554585152834
0.22707423580786035
-0.3187772925764192
0.34497816593886466
-0.3668122270742358
0.20960698689956336
-0.17903930131004364
0.28820960698689957
-0.25764192139737985
0.5021834061135371
0.9257641921397379
-0.6812227074235808
0.6943231441048034
-0.16157205240174666
-0.22270742358078588
-0.5982532751091703
0.3580786026200873
-0.4366812227074236
-0.8646288209606987
-0.5065502183406113
-0.5502183406113537
0.5327510917030567
0.9432314410480349
0.5458515283842793
-0.02183406113537112
-0.20960698689956325
0.29694323144104784
-0.7379912663755459
-0.43231441048034924
0.026200873362445476
-0.7074235807860262
0.8034934497816595
0.8165938864628821
0.7598253275109168
-0.19650655021834063
0.445414847161572
-0.5720524017467248
0.2707423580786026
0.9082969432314412
0.1572052401746724
0.017467248908296762
-0.8296943231441047
0.6637554585152838
0.35371179039301315
-0.7248908296943231
-0.9344978165938864
-0.6157205240174672
-0.17030567685589515
0.24454148471615733
-0.7816593886462883
0.17903930131004375
0.7467248908296942
-0.5414847161572052
-0.4585152838427947
0.3013100436681222
0.6724890829694323
-0.23144104803493437
0.33624454148471616
-0.8602620087336245
-0.37554585152838427
0.09606986899563319
-0.3493449781659388
0.4847161572052401
0.48034934497816595
-0.8777292576419213
0.3318777292576418
-0.21834061135371174
0.8471615720524017
0.10480349344978168
-0.8078602620087336
0.0
0.7903930131004369
-0.06986899563318771
-0.445414847161572
0.14410480349344978
0.43231441048034935
-0.982532751091703
0.42358078602620086
-0.3100436681222707
0.6244541484716157
-0.0393013100436681
0.6506550218340612
0.38427947598253276
-0.1659388646288209
0.13100436681222694
-0.851528384279476
-0.3973799126637554
-0.10043668122270732
0.5589519650655022
-0.20087336244541476
-0.7467248908296943
-0.4061135371179039
0.48908296943231444
0.572052401746725
0.16157205240174677
-0.35371179039301304
-0.28820960698689946
-0.8908296943231441
0.9563318777292578
0.1746724890829694
-0.74235807860262
0.4192139737991265
-0.7903930131004366
0.04366812227074246
0.02183406113537112
-0.5327510917030568
0.9039301310043668
-0.034934497816593746
0.9606986899563319
0.15283842794759828
0.45851528384279483
0.008733624454148492
0.8995633187772925
0.222707423580786
-0.9082969432314411
-0.3231441048034933
-0.9650655021834061
-0.2925764192139737
-0.14847161572052392
-0.008733624454148381
0.13973799126637543
0.6026200873362446
0.7292576419213972
-0.9432314410480349
0.20087336244541487
-1.0
0.32751091703056767
0.205240174672489
-0.3144104803493448
-0.8951965065502183
-0.3580786026200873
-0.8471615720524017
0.6113537117903929
-0.6768558951965065
-0.5676855895196506
0.8122270742358078
-0.13973799126637543
0.5240174672489084
-0.5021834061135371
-0.6069868995633187
0.1659388646288209
-0.056768558951964976
0.7423580786026203
-0.8864628820960698
0.537117903930131
-0.9170305676855895
-0.7205240174672489
0.5764192139737991
0.7772925764192138
0.004366812227074135
-0.6550218340611353
-0.6462882096069869
0.7074235807860263
0.06986899563318771
-0.23580786026200873
0.41048034934497823
-0.3886462882096069
-0.46288209606986885
-0.7685589519650655
-0.9475982532751092
-0.9956331877729258
0.1834061135371179
-0.1353711790393013
0.3493449781659388
0.8689956331877728
0.5807860262008733
-0.18340611353711778
-0.2838427947598252
0.2139737991266375
-0.3799126637554584
0.19213973799126638
-0.0786026200873362
-0.7554585152838428
0.6986899563318776
0.4978165938864627
-0.6681222707423581
0.8733624454148472
0.5283842794759823
0.11353711790393017
0.2838427947598252
0.9912663755458517
-0.7030567685589519
-0.868995633187773
-0.5633187772925765
0.21834061135371163
-0.8558951965065502
0.8384279475982532
-0.06550218340611347
-0.62882096069869
-0.41484716157205226
0.7510917030567685
-0.11790393013100431
0.7947598253275108
0.4497816593886461
0.3144104803493448
0.3668122270742358
0.8253275109170306
-0.13100436681222694
0.6419213973799127
-0.9694323144104804
0.24017467248908297
0.40174672489082974
-0.45414847161572036
0.5109170305676858
-0.9388646288209607
0.965065502183406
-0.9737991266375546
-0.519650655021834
0.3406113537117905
-0.6244541484716157
-0.5807860262008733
0.5633187772925763
-0.6375545851528385
0.41484716157205237
0.5938864628820961
0.685589519650655
-0.2445414847161571
0.947598253275109
-0.6593886462882096
0.6550218340611353
-0.6986899563318778
0.9956331877729256
-0.4759825327510917
-0.11353711790393006
0.0873362445414847
-0.7991266375545851
-0.048034934497816484
0.05240174672489073
-0.026200873362445365
-0.5240174672489083
0.0393013100436681
-0.3406113537117903
-0.8340611353711791
0.3187772925764192
0.9737991266375547
0.6069868995633187
-0.2139737991266374
-0.10917030567685582
0.9388646288209608
-0.6637554585152838
0.8908296943231442
0.3886462882096069
-0.8034934497816594
-0.4934497816593886
0.6331877729257642
-0.40174672489082963
-0.7336244541484715
0.9170305676855894
-0.39301310043668114
-0.18777292576419213
0.013100436681222849
-0.2707423580786026
-0.2620087336244541
0.519650655021834
0.6899563318777293
0.8209606986899565
0.07423580786026207
-0.8122270742358079
0.5502183406113537
-0.611353711790393
-0.7510917030567685
-0.9606986899563319
-0.47161572052401735
-0.9213973799126638
-0.6419213973799127
-0.8384279475982532
0.4934497816593888
-0.9563318777292577
0.04803493449781637
0.8340611353711791
-0.32751091703056767
0.8515283842794761
0.2925764192139739
0.47161572052401746
0.39301310043668125
0.8820960698689957
0.7248908296943233
-0.5458515283842795
-0.8165938864628821
0.8078602620087336
-0.777292576419214
0.23580786026200862
0.7161572052401746
0.24890829694323124
0.4061135371179039
-0.7292576419213974
-0.7860262008733624
-0.5851528384279476
0.3973799126637554
-0.6026200873362446
-0.013100436681222627
0.44104803493449785
0.7991266375545851
-0.8820960698689957
0.0786026200873362
0.05676855895196509
-0.5764192139737991
-0.6899563318777293
-0.2532751091703056
0.5851528384279476
0.8777292576419213
0.5414847161572054
-0.4672489082969432
0.4279475982532752
-0.19213973799126627
-0.004366812227074135
-0.34497816593886454
-0.9126637554585153
0.2620087336244543
-0.537117903930131
-0.4978165938864628
0.9126637554585153
-0.9912663755458515
0.7117903930131004
-0.07423580786026185
0.7379912663755459
0.3100436681222709
-0.24017467248908286
-0.4104803493449781
0.6375545851528384
0.8558951965065502
-0.9781659388646288
0.8427947598253274
-0.017467248908296873
-0.38427947598253265
-0.685589519650655
0.37117903930131013
0.3799126637554584
-0.3711790393013099
-0.9301310043668123
0.6462882096069869
0.9301310043668123
-0.12227074235807855
-0.7947598253275109
0.8951965065502183
-0.6506550218340611
-0.42358078602620075
-0.30567685589519644
-0.27510917030567683
-0.33624454148471616
-0.5589519650655022
0.12227074235807867
-0.4279475982532751
-0.554585152838428
0.6593886462882097
-0.9039301310043668
0.7336244541484715
0.5982532751091703
-0.7729257641921398
0.9868995633187774
0.27510917030567694
0.27947598253275086
1.0
-0.8253275109170306
-0.08296943231441034
0.7860262008733625
-0.2794759825327511
-0.6943231441048034
-0.1572052401746724
-0.03056768558951961
0.2532751091703056
0.4759825327510918
-0.7117903930131004
-0.9519650655021834
0.19650655021834074
-0.8427947598253275
0.46288209606986896
0.7554585152838429
0.7816593886462881
0.061135371179039444
0.9694323144104804
-0.7161572052401747
-0.5895196506550218
-0.4192139737991266
-0.8995633187772926
-0.205240174672489
-0.5283842794759825
-0.10480349344978157
-0.3013100436681222
-0.29694323144104795
0.7030567685589519
-0.9868995633187773
0.3624454148471614
0.8602620087336244
-0.14410480349344967
-0.44104803493449773
0.09170305676855905
0.10917030567685582
-0.6331877729257642
0.5152838427947597
0.9344978165938864
0.23144104803493448
CENT_RANK
-0.27510917030567683
0.008733624454148492
0.19650655021834074
-0.62882096069869
0.5240174672489084
0.08296943231441034
-0.09606986899563319
-0.28820960698689946
-0.5764192139737991
0.519650655021834
0.6724890829694323
-0.5938864628820961
0.7510917030567685
-0.22707423580786024
-0.026200873362445365
-0.4934497816593886
0.4672489082969431
-0.017467248908296873
0.48908296943231444
-0.06986899563318771
0.5938864628820961
0.05240174672489073
-0.4847161572052401
0.19213973799126638
0.9344978165938864
-0.08296943231441034
0.9039301310043668
0.25764192139737996
0.6244541484716157
-0.6681222707423581
-0.3318777292576418
0.04366812227074246
0.40174672489082974
0.6331877729257642
0.38427947598253276
0.026200873362445476
-0.8646288209606987
0.8471615720524017
0.1659388646288209
-0.13100436681222694
0.47161572052401746
-0.24017467248908286
-0.3406113537117903
-0.34497816593886454
-0.685589519650655
0.061135371179039444
-0.7336244541484715
0.42358078602620086
-0.10480349344978157
0.3580786026200873
0.013100436681222849
0.7598253275109168
-0.44104803493449773
0.8253275109170306
0.6113537117903929
-0.3493449781659388
-0.16157205240174666
0.8951965065502183
0.3493449781659388
-0.9170305676855895
0.5676855895196506
-0.3013100436681222
-0.7816593886462883
0.18777292576419202
-0.7903930131004366
0.6419213973799127
-0.9301310043668123
-0.2707423580786026
0.5589519650655022
0.09606986899563319
-0.26637554585152834
-0.12227074235807855
0.9781659388646287
0.24017467248908297
0.7729257641921399
0.04803493449781637
0.9519650655021834
0.5283842794759823
-0.7947598253275109
0.8078602620087336
-0.29694323144104795
0.11353711790393017
-0.6550218340611353
-0.8777292576419213
0.4192139737991265
-0.8296943231441047
-0.22270742358078588
-0.48908296943231433
0.8820960698689957
0.2620087336244543
-0.6157205240174672
0.6200873362445416
0.3624454148471614
0.9301310043668123
-0.6768558951965065
-0.4279475982532751
0.3799126637554584
-0.39301310043668114
-0.35371179039301304
-0.19650655021834063
0.5021834061135371
0.06550218340611336
0.9956331877729256
-0.2925764192139737
0.2707423580786026
0.0873362445414847
-0.2445414847161571
0.6986899563318776
-0.777292576419214
0.6899563318777293
0.9563318777292578
-0.4497816593886462
-0.9737991266375546
-0.3580786026200873
0.3886462882096069
0.7991266375545851
-0.4585152838427947
-0.3711790393013099
-0.17030567685589515
-0.205240174672489
-0.02183406113537112
0.9257641921397379
0.4366812227074235
0.10043668122270732
0.9213973799126638
-0.5414847161572052
0.222707423580786
0.39301310043668125
-0.4192139737991266
0.6375545851528384
0.7772925764192138
-0.6375545851528385
-0.5895196506550218
-0.6462882096069869
-0.2620087336244541
0.8995633187772925
-0.8253275109170306
0.7336244541484715
0.7816593886462881
0.7379912663755459
-0.17903930131004364
0.4759825327510918
0.982532751091703
-0.9868995633187773
-0.6200873362445415
0.14410480349344978
0.09170305676855905
0.5327510917030567
-0.43231441048034924
-0.8733624454148472
0.44104803493449785
0.445414847161572
-0.868995633187773
0.24890829694323124
-0.15283842794759817
0.8602620087336244
0.20087336244541487
-0.8471615720524017
0.13973799126637543
-0.6331877729257642
0.7074235807860263
0.6943231441048034
-0.0786026200873362
0.205240174672489
-0.8078602620087336
0.35371179039301315
-0.013100436681222627
-0.5327510917030568
-0.7729257641921398
-0.554585152838428
0.7030567685589519
0.7423580786026203
-0.48034934497816584
0.5851528384279476
0.4978165938864627
0.5152838427947597
-0.40174672489082963
0.7641921397379912
0.17030567685589526
-0.11790393013100431
0.8646288209606987
-0.9650655021834061
0.3013100436681222
-0.9475982532751092
0.4497816593886461
-0.33624454148471616
-0.5240174672489083
-0.9344978165938864
-0.445414847161572
0.6462882096069869
-0.8384279475982532
0.06986899563318771
-1.0
0.9912663755458517
-0.2838427947598252
0.0393013100436681
-0.9563318777292577
0.030567685589519833
-0.8558951965065502
-0.4672489082969432
-0.7991266375545851
-0.3187772925764192
-0.2794759825327511
0.6812227074235808
-0.611353711790393
0.3100436681222709
-0.46288209606986885
-0.20087336244541476
0.6026200873362446
-0.04366812227074224
-0.851528384279476
0.8384279475982532
-0.8427947598253275
-0.8034934497816594
-0.41484716157205226
0.5065502183406114
0.6768558951965067
-0.32751091703056767
-0.09170305676855883
0.8034934497816595
0.9126637554585153
0.11790393013100431
-0.42358078602620075
-0.056768558951964976
-0.24890829694323136
-0.6069868995633187
-0.8340611353711791
-0.9956331877729258
-0.537117903930131
0.3668122270742358
0.46288209606986896
-0.14847161572052392
0.14847161572052392
0.4847161572052401
-0.14410480349344967
0.9737991266375547
-0.1659388646288209
0.5109170305676858
0.3406113537117905
-0.7379912663755459
0.7903930131004369
0.6506550218340612
-0.7292576419213974
0.20960698689956336
0.1834061135371179
0.668122270742358
-0.45414847161572036
0.6637554585152838
-0.7074235807860262
-0.5633187772925765
-0.3144104803493448
0.1746724890829694
-0.925764192139738
-0.19213973799126627
0.572052401746725
-0.7510917030567685
0.30567685589519655
-0.1572052401746724
0.41048034934497823
0.27510917030567694
-0.5807860262008733
0.9868995633187774
-0.7117903930131004
-0.21834061135371174
0.6288209606986899
-0.47161572052401735
-0.9519650655021834
-0.5021834061135371
0.5458515283842793
0.017467248908296762
0.5895196506550218
-0.8864628820960698
0.2139737991266375
-0.9694323144104804
-0.3799126637554584
0.32314410480349354
0.15283842794759828
-0.5283842794759825
0.21834061135371163
-0.6986899563318778
0.9694323144104804
-0.30567685589519644
0.8427947598253274
0.07423580786026207
-0.05240174672489073
-0.759825327510917
0.12227074235807867
-0.18777292576419213
0.48034934497816595
-0.3973799126637554
0.4541484716157205
0.1266375545851528
-0.5676855895196506
0.24454148471615733
0.7947598253275108
-0.17467248908296928
-0.06550218340611347
0.32751091703056767
0.26637554585152823
-0.7030567685589519
-0.3231441048034933
0.37117903930131013
0.6069868995633187
0.537117903930131
0.5633187772925763
-0.0393013100436681
-0.7641921397379913
-0.18340611353711778
0.8558951965065502
-0.7205240174672489
-0.10043668122270732
0.8689956331877728
0.4279475982532752
-0.1266375545851528
0.004366812227074135
-0.13973799126637543
0.41484716157205237
0.6550218340611353
0.4061135371179039
-0.2532751091703056
0.947598253275109
0.4934497816593888
-0.3668122270742358
0.7860262008733625
-0.9039301310043668
0.9606986899563319
-0.7467248908296943
-0.5589519650655022
-0.9388646288209607
-0.034934497816593746
-0.8602620087336245
-0.3886462882096069
-0.8995633187772926
0.0786026200873362
-0.9912663755458515
0.8296943231441047
0.27947598253275086
0.17903930131004375
0.23144104803493448
-0.8908296943231441
0.9170305676855894
0.9388646288209608
-0.004366812227074135
0.10480349344978168
-0.4759825327510917
-0.7554585152838428
0.28820960698689957
-0.5720524017467248
-0.048034934497816484
0.7467248908296942
-0.9213973799126638
0.5982532751091703
-0.8209606986899564
-0.7161572052401747
-0.1353711790393013
0.7117903930131004
-0.3100436681222707
-0.11353711790393006
0.7554585152838429
0.29694323144104784
-0.8951965065502183
0.8864628820960698
0.6593886462882097
-0.23580786026200873
-0.5458515283842795
-0.5065502183406113
-0.37554585152838427
-0.23144104803493437
-0.5851528384279476
-0.4104803493449781
-0.7685589519650655
0.6157205240174672
0.3318777292576418
-0.5152838427947598
-0.8165938864628821
-0.0873362445414847
-0.519650655021834
-0.4978165938864628
-0.10917030567685582
-0.982532751091703
0.8908296943231442
0.10917030567685582
0.45851528384279483
0.8340611353711791
0.13100436681222694
-0.36244541484716153
-0.38427947598253265
-0.25764192139737985
-0.9606986899563319
0.23580786026200862
0.8165938864628821
-0.07423580786026185
-0.6419213973799127
0.05676855895196509
0.0
-0.4366812227074236
-0.8820960698689957
0.16157205240174677
0.5414847161572054
0.34497816593886466
-0.6026200873362446
0.5764192139737991
0.034934497816593746
-0.6812227074235808
-0.74235807860262
0.2925764192139739
-0.2139737991266374
-0.6244541484716157
0.8209606986899565
-0.6593886462882096
-0.20960698689956325
0.3144104803493448
-0.6899563318777293
0.1572052401746724
0.965065502183406
-0.7248908296943231
0.37554585152838427
0.9082969432314412
-0.9082969432314411
0.3973799126637554
-0.5109170305676856
0.7685589519650655
0.8733624454148472
-0.03056768558951961
-0.5502183406113537
-0.6637554585152838
-0.9432314410480349
0.5502183406113537
0.7161572052401746
0.02183406113537112
-0.9126637554585153
0.9432314410480349
-0.6943231441048034
1.0
0.8122270742358078
0.7292576419213972
0.43231441048034935
0.2532751091703056
-0.8122270742358079
-0.6506550218340611
-0.4061135371179039
-0.6724890829694323
0.3187772925764192
-0.06113537117903922
0.5807860262008733
-0.5982532751091703
-0.008733624454148381
0.7205240174672489
-0.9781659388646288
0.554585152838428
0.2838427947598252
0.685589519650655
0.22707423580786035
0.1353711790393013
0.8777292576419213
-0.7860262008733624
0.8515283842794761
0.33624454148471616
0.7248908296943233
RANK
192
227
334
143
379
448
112
273
181
388
196
266
183
426
328
187
66
252
350
59
430
418
324
332
360
339
271
396
83
149
152
36
330
198
210
157
212
190
226
85
136
352
374
438
164
213
200
78
64
455
62
108
168
370
306
285
345
255
326
404
239
46
242
415
309
353
262
248
299
279
432
412
44
403
94
441
29
425
409
82
439
133
392
131
159
3
407
144
90
204
225
400
445
11
132
368
260
8
347
292
249
327
169
424
364
125
228
167
277
186
376
373
420
365
267
377
15
87
22
172
344
265
199
206
116
246
111
188
52
395
148
95
222
128
214
369
440
176
289
97
331
386
274
366
117
322
385
113
98
55
43
42
185
30
217
300
201
250
356
281
61
80
103
7
194
202
0
67
70
134
387
319
224
106
41
363
367
13
86
263
406
410
119
207
99
253
287
307
140
295
118
236
56
257
154
231
234
315
354
39
313
71
179
357
378
48
310
6
218
375
25
162
391
19
296
443
223
284
348
209
305
329
423
14
120
17
166
446
342
394
314
1
50
269
429
35
197
402
195
31
75
21
393
45
101
191
283
333
5
105
146
69
123
343
381
81
221
286
291
384
453
158
145
232
276
413
397
38
178
251
337
244
63
23
2
156
163
243
272
278
126
452
338
389
73
293
153
437
27
89
298
104
259
336
450
346
405
359
182
256
205
411
442
275
297
372
457
238
399
58
165
49
92
229
301
416
96
34
114
127
419
32
318
258
316
84
47
312
436
122
150
151
184
290
382
230
16
40
141
288
233
18
321
174
100
215
237
175
9
4
77
147
303
398
268
427
449
68
304
60
254
401
444
173
270
20
351
208
302
54
371
91
28
264
33
129
65
189
241
317
362
247
245
10
216
203
451
109
161
107
170
160
355
428
447
458
435
137
139
171
349
12
358
51
177
421
74
130
138
323
240
294
115
219
79
434
390
408
53
335
383
211
282
37
456
308
155
180
311
422
454
88
361
380
57
135
26
417
220
340
124
121
93
24
341
431
320
76
110
325
414
280
235
72
142
261
193
102
433
