DEGREE
0.19999999999999996
0.10000000000000009
0.5
0.10000000000000009
-0.5
0.19999999999999996
0.6000000000000001
0.19999999999999996
0.30000000000000004
0.30000000000000004
0.19999999999999996
0.6000000000000001
-0.09999999999999998
0.8
0.5
0.10000000000000009
0.30000000000000004
0.3999999999999999
0.5
0.0
-0.30000000000000004
0.10000000000000009
-0.30000000000000004
0.19999999999999996
-0.30000000000000004
0.3999999999999999
0.10000000000000009
-0.30000000000000004
0.10000000000000009
0.5
-0.6
-0.19999999999999996
0.19999999999999996
-0.19999999999999996
0.5
0.7
0.5
0.19999999999999996
0.5
0.6000000000000001
0.5
-0.30000000000000004
-0.09999999999999998
-0.30000000000000004
0.30000000000000004
-0.19999999999999996
-0.6
0.30000000000000004
0.0
0.10000000000000009
-0.5
0.0
0.5
0.3999999999999999
0.3999999999999999
0.3999999999999999
0.6000000000000001
0.3999999999999999
-0.5
0.19999999999999996
0.30000000000000004
-0.6
-0.4
0.10000000000000009
-0.30000000000000004
-0.5
0.0
0.7
0.30000000000000004
0.3999999999999999
0.10000000000000009
0.10000000000000009
0.30000000000000004
-0.5
0.10000000000000009
0.7
-0.19999999999999996
-0.5
0.10000000000000009
-0.30000000000000004
0.19999999999999996
0.7
0.19999999999999996
-0.30000000000000004
0.5
0.0
-0.5
-0.19999999999999996
-0.5
0.7
0.5
0.10000000000000009
-0.7
0.0
0.19999999999999996
0.0
-0.09999999999999998
1.0
-0.19999999999999996
-0.09999999999999998
0.5
0.0
-0.09999999999999998
0.0
0.3999999999999999
0.10000000000000009
-0.19999999999999996
0.7
-0.30000000000000004
0.30000000000000004
0.3999999999999999
-0.19999999999999996
0.6000000000000001
-0.30000000000000004
-0.09999999999999998
-0.19999999999999996
0.5
-0.6
-0.4
0.0
0.5
-0.5
-0.09999999999999998
-0.4
0.19999999999999996
0.0
0.0
0.3999999999999999
-0.7
0.6000000000000001
0.10000000000000009
-0.5
-0.09999999999999998
0.3999999999999999
0.10000000000000009
0.30000000000000004
0.3999999999999999
-0.4
-0.09999999999999998
-0.30000000000000004
-0.19999999999999996
-0.19999999999999996
-0.19999999999999996
0.10000000000000009
0.10000000000000009
0.19999999999999996
0.6000000000000001
-0.09999999999999998
0.3999999999999999
0.5
0.30000000000000004
0.19999999999999996
-0.19999999999999996
-0.5
-0.5
-0.09999999999999998
0.10000000000000009
0.19999999999999996
0.10000000000000009
0.3999999999999999
0.30000000000000004
-0.19999999999999996
0.5
0.0
0.19999999999999996
0.7
0.8
0.8999999999999999
0.0
0.19999999999999996
0.3999999999999999
0.30000000000000004
0.10000000000000009
0.10000000000000009
0.3999999999999999
-0.4
0.6000000000000001
0.6000000000000001
-0.09999999999999998
0.10000000000000009
-0.4
0.0
0.7
-0.7
0.5
0.30000000000000004
0.19999999999999996
-0.19999999999999996
0.19999999999999996
-1.0
-0.09999999999999998
0.6000000000000001
0.5
-0.5
0.30000000000000004
-0.6
0.19999999999999996
-0.5
-0.30000000000000004
0.6000000000000001
-0.4
0.0
0.7
-0.6
-0.4
-0.4
0.0
-0.6
0.10000000000000009
-0.19999999999999996
0.0
0.30000000000000004
0.30000000000000004
-0.5
-0.19999999999999996
0.30000000000000004
0.19999999999999996
0.0
-0.09999999999999998
0.5
0.10000000000000009
-0.09999999999999998
0.6000000000000001
-0.5
-0.7
-0.7
0.30000000000000004
0.3999999999999999
-0.30000000000000004
0.6000000000000001
-0.5
0.3999999999999999
-0.09999999999999998
0.5
-0.7
-0.30000000000000004
0.19999999999999996
0.0
0.19999999999999996
0.10000000000000009
0.0
0.30000000000000004
0.19999999999999996
-0.19999999999999996
0.5
0.30000000000000004
-0.5
-0.09999999999999998
0.3999999999999999
0.5
0.10000000000000009
0.8
0.30000000000000004
-0.19999999999999996
0.30000000000000004
-0.5
0.3999999999999999
0.0
-0.09999999999999998
-0.9
-0.09999999999999998
-0.4
0.0
0.19999999999999996
-0.09999999999999998
0.8
0.3999999999999999
0.30000000000000004
0.5
-0.9
0.3999999999999999
-0.6
0.30000000000000004
0.10000000000000009
-0.30000000000000004
0.19999999999999996
0.30000000000000004
0.19999999999999996
0.10000000000000009
0.6000000000000001
0.8
0.3999999999999999
-0.09999999999999998
0.3999999999999999
0.5
0.0
-0.8
0.10000000000000009
0.8
0.10000000000000009
-0.4
0.19999999999999996
0.3999999999999999
0.8
-0.9
0.30000000000000004
0.30000000000000004
-0.6
-0.5
0.10000000000000009
0.3999999999999999
0.0
0.3999999999999999
0.10000000000000009
-0.09999999999999998
0.19999999999999996
0.10000000000000009
0.5
-0.19999999999999996
0.3999999999999999
0.30000000000000004
-0.6
-0.7
-0.09999999999999998
-0.09999999999999998
-0.09999999999999998
-0.6
-0.6
0.7
-0.19999999999999996
-0.30000000000000004
0.30000000000000004
0.19999999999999996
0.6000000000000001
-0.4
-0.09999999999999998
0.8
0.19999999999999996
0.10000000000000009
0.6000000000000001
-0.7
0.0
0.30000000000000004
0.5
0.19999999999999996
-0.30000000000000004
0.19999999999999996
-0.7
-0.09999999999999998
0.19999999999999996
0.0
0.30000000000000004
0.10000000000000009
0.5
0.30000000000000004
0.7
0.0
0.30000000000000004
0.3999999999999999
0.3999999999999999
-0.5
0.19999999999999996
-0.09999999999999998
0.5
-0.7
0.5
0.3999999999999999
0.10000000000000009
-0.5
-0.19999999999999996
0.0
0.30000000000000004
0.19999999999999996
-0.09999999999999998
0.3999999999999999
-0.4
0.8999999999999999
0.30000000000000004
0.5
0.5
0.5
-0.19999999999999996
0.10000000000000009
0.6000000000000001
0.7
0.7
0.0
-0.19999999999999996
-0.4
-0.30000000000000004
-0.19999999999999996
0.3999999999999999
0.0
0.10000000000000009
0.10000000000000009
-0.09999999999999998
0.30000000000000004
0.5
0.3999999999999999
-0.4
-0.09999999999999998
0.8
-0.09999999999999998
-0.09999999999999998
0.0
-0.19999999999999996
-0.19999999999999996
0.10000000000000009
-0.30000000000000004
0.5
-0.19999999999999996
0.30000000000000004
-0.6
-0.19999999999999996
0.5
0.0
0.19999999999999996
0.30000000000000004
EIGENVECTOR
-0.983814604396266
-0.845632863152938
0.3124668754296982
-0.7247797708302792
-0.9988060070693854
-0.9838165725959986
-0.9412313262811984
-0.9937086865111308
-0.8401293040197366
-0.9970631204939544
-0.9611034817808191
-0.8550043300613794
-0.6494006275689342
-0.9018034594921287
0.6659660497570001
-0.9370347218640281
-0.9293712297278965
-0.9721945512885092
-0.8807515058831406
-0.9973436199521967
-0.9972628345934798
-0.9711697763322849
-0.9991342307950021
-0.9832559213030002
-0.9175466694279346
0.6581557580011184
-0.8553731029810417
-0.9565201410331892
-0.9920758333324666
-0.8624770182222897
-0.9369405532384848
-0.9973700665947464
-0.9917552084934677
-0.9989368073246913
0.7328599445470172
-0.9368827924436762
-0.45586487187143676
-0.7732284129864425
-0.9436989956457464
-0.9255224393948637
-0.9571822699243127
-0.9928404249096645
-0.9962433751305116
-0.9999112525438338
-0.9927647009039282
-0.9990158835898768
-0.939709709355444
-0.9584854896249443
-0.9759422418663922
-0.9508784867396529
-0.9925405267565284
-0.9648127954845485
-0.9772480795579981
-0.6575678929680887
-0.9580906129524606
-0.9560655746821449
-0.9402405341719701
-0.9591062264516979
-0.9935894884168537
-0.2925961246185871
-0.9184164235851623
-0.9990496338365967
-0.9966660013845184
-0.9965985947873592
-0.9875110951849837
-0.9394195702734689
-0.9603285360837923
-0.9355282931985415
0.05646915707971578
-0.96813389090776
-0.9616603027195479
-0.9675165702560244
-0.9711734730688069
-0.9563558642783523
-0.9359980380028748
-0.9443570831045988
-0.9977793230760317
-0.9939931356938504
-0.9752998002611453
-0.9999112525438338
-0.9834784905976007
-0.9456728841448151
-0.9935721768197496
-0.9939932650673469
-0.989038387142788
-0.9975108883738812
-0.9988642727121463
-0.707581333998438
-0.9959562857343179
-0.8440901610681152
0.7150658660781648
-0.9685994995125768
-0.9998010168906286
-0.9758909547755452
-0.9834797378791434
-0.9981168692841986
-0.9997772199232567
1.0
-0.9998754119435356
-0.998851264626999
-0.9976795342590764
-0.9180724625447532
-0.9078967892676703
-0.9813743378173985
0.6169695505073065
-0.9981293238585089
-0.995914691087179
-0.9508422688576424
-0.9999081156496149
-0.9239600761320768
-0.9580906129524606
-0.9918430694436918
-0.8343696185449689
-0.9830709171296305
-0.9599916432954403
-0.9984499246369937
-0.9412306590528557
-0.9914597079309203
-0.9986316367755026
-0.9728074131889195
-0.9412306590528555
-0.9999707928509477
-0.9106485305312436
-0.9273654068047193
-0.15877378217747418
-0.928090804987835
-0.9254704980361537
-0.9256711615364701
-0.9997465924156882
0.23107578000917095
-0.9022122934995938
-0.9932724793718415
-0.9662218934078182
-0.9893078928727335
-0.9832073956446247
-0.5627588113439683
-0.9824865430689743
-0.999917209578334
-0.6628001340385248
-0.9999081156496149
-0.5910025884265748
-0.9990185784762645
-0.9918430694436917
-0.7390881540962875
-0.7255860541755756
-0.9942532382847133
-0.8200909759361322
-0.9881078641192503
-0.996789881955484
-0.9858533956361807
-0.9439010443307086
-0.9976173721350915
-0.9908321874504996
-0.9988455005773899
-0.916315715809603
-0.9981123369012682
-0.9923447088403461
-0.9901043172099396
-0.9198235202959683
-0.9732873397957503
-0.3766473399643919
-0.9998754119435356
-0.9717463318919324
-0.9614917826055337
-0.9813881463035327
-0.9379725034975734
0.6854302959177738
-0.9470292229772945
-0.8105598170320064
-0.7510664149872958
-0.9592906561829412
-0.9657550791222604
-0.9980266289737336
-0.9843857147145434
0.6581557580011177
-0.9998115737867967
-0.8320604296213455
-0.021559882086005122
-0.9994349973102913
-0.9565300739351595
-0.9985672447890455
-0.9883436978787394
-0.936107891181984
-0.9998010168906286
-0.9665539364716431
-0.9980800808362387
-0.9618312161087521
-0.9340909274293456
-0.9787029036436986
-0.9991176180696407
-0.9981383266183512
0.2232855442974251
-0.9965822429617827
-0.9964061649808303
-0.7724231769776382
-0.999106378052373
-0.9906206338942245
-0.9847532048771527
-0.9851898264593119
-0.7504123820800929
-0.9998610217223812
-0.9989466827443979
0.720033631882014
-1.0
-0.9999172095783341
-0.8683507296681201
-0.9901577648079526
-0.9955818696745824
-0.9641898488900223
-0.7644592568611412
-0.9588542793116431
-0.9979311669361839
-0.9972807693564232
-0.9106448398427428
-0.9998754119435356
0.056469157079716004
-0.9972757828275315
-0.9899151644431313
-0.9894378979016716
-0.9388867672651382
-0.979549860556103
-0.6837906256165858
-0.9973568525617575
-0.9988050144551007
-0.9997282572828579
-0.9968261248308464
-0.9780353077023772
-0.9967898819554841
-0.9982441036382257
-0.9960429543019149
-0.9983927056550614
-0.9888947371511106
-0.9733934057232413
0.6659660497569999
-0.9988065953364043
-0.8230803245073686
-0.8786618671651486
-0.998215323314833
-0.9948996551881487
-0.9395533731325172
-0.8105598170320063
-0.7717170957336776
-0.9837043595304256
-0.9982510945693024
-0.9861565238453694
-0.9790289183468076
-0.9854136756748872
-0.9983574546771767
-0.8792618911729317
-0.9944336745884541
-0.9967816697490444
-0.9389573753212651
-0.9581012428766348
-0.5982167579193498
-0.9627182115776192
-0.9897792761078504
-0.9624325295559059
-0.9238170222782226
-0.7561107475969501
-0.9994039094188387
-0.9958161794494658
-0.8618516557262714
-0.9966101434338726
-0.985037272387277
-0.9946189452923009
-0.9547413463334002
-0.9725725444742886
0.05646915707971578
-0.8803492693482209
-0.9965762488015402
-0.54793245890629
-0.9358163946235639
-0.23466580818016292
-0.9934689286284961
-0.9708577278702905
-0.9600438820951138
-0.9636465119585611
-0.9847412394511208
-0.9236571151213279
-0.8292478451619817
0.6865805333510644
-0.9057073179945874
-0.8154299643601745
-0.819910046854383
-0.9502195615865329
-0.9603285360837923
-0.9989886325798456
-0.9911507138244994
-0.8579437670467623
-0.9715217672754618
-0.9055779447703934
-0.9671592102926876
-0.8582519485578208
0.9018628362085386
-0.9697203723597558
-0.9952786805586196
-0.9416598723501008
-0.994430066065753
-0.987788133908651
-0.9890773146971463
-0.9495938295341787
-0.9882929652559375
-0.9597461785927405
-0.9983770199691056
-0.9948927080946144
-0.9629373941444406
-0.9579324773186987
-0.9306918950270434
-0.9853546919595157
-0.996789881955484
-0.9945563571410804
-1.0
-0.9998010168906285
-0.583667423428837
-0.9958161794494658
-0.9573377801566981
-0.9997143187750832
-0.9994963262957162
-0.900293885324547
-0.9981858498842051
-0.9896807165113188
-0.9968592914313565
-0.9786997947080017
0.691308797287497
-0.9913604927360796
-0.84909420366004
-0.942615196643704
-0.9982354643354892
-0.9978315309998309
-0.020172240169609057
-0.9950626832902019
-0.99137218260033
-0.9783645208583577
0.6659660497569999
-0.9217168242308952
-0.9983866587030924
-0.9995744745358492
-0.9884076828262635
-0.9981175867934832
-0.9954174455120001
-0.9734315427062388
-0.9880069964173492
-0.997722978862162
-0.9393882203217164
-0.9782178559323554
-0.8952736278721733
-0.9994889319090455
0.05646915707971578
-0.9925561965663194
-0.9640806043205293
-0.9973209834827785
-0.9866062598075139
-0.7358778096321666
-0.8715685915018581
-0.9420396178090857
-0.851028758348298
-0.6614016439181265
-0.9557286795393831
-0.8591253237176637
-0.5643174014580765
-0.9975108883738812
-0.8508315020427164
-0.9823712652747996
-0.9888690653160255
-0.9673105417858172
-0.9995490504170731
-0.9365175191479367
-0.95440731616584
-0.9165413862765474
-0.17899927900272117
-0.9874855026195215
-0.9636339756171031
-0.9974526346198607
-0.9588996961114074
-0.9958627656511628
-0.8645620372714884
-0.9827813226480788
-0.994391712828957
-0.9855943787450455
-0.7695077020450176
-0.9902526723585009
-0.9970031929076791
-0.9935305257521491
-0.9677314869013682
-0.9976938022797699
-0.9987137588867256
-0.9716170265478915
-0.9962162150041333
-0.9930497190299848
-0.9991299363661311
-0.9919206760483772
0.9018628362085384
-0.9920976262540006
-0.9664478065417872
-0.9540120877060677
-0.9914052007586118
-0.9918430694436917
-0.9747794844955807
-0.9836268283326522
-0.9440176791149318
-0.9258024188226818
-0.9926049826689249
-0.9909309290979732
-0.9752276292494221
0.2843849204585429
-0.7520335137238038
-0.9044358997802819
-0.9817306837847907
CENT
-0.02376688817366779
0.555642541198575
0.4774950831172413
0.8166134712744884
-0.4738441742834325
-0.13771057752032434
-0.14506468813411
0.09477045315313681
0.7284283513097072
-0.18331174217569057
0.4237603290214247
0.6305927842544412
-0.16586793693291157
0.4162201626145201
0.42224961479198764
0.13347465459733776
0.1666967486733837
0.24072048969548332
0.8546090640448851
-0.23731241804671954
-0.48037551243729026
0.45425927039632397
-0.5577022597895461
-0.14296740617851367
0.03196711275229447
0.3967713893248277
0.5329560569407801
0.7610128824403888
-0.6086000372089473
0.6288926713494598
-0.6588037540271745
-0.3501435005672292
0.15127567659542307
-0.5500320680781836
0.40721600283622217
-0.0686578356875448
-0.15654444550499746
-0.35374460233217264
0.17966432372862284
0.312649734082211
0.46816307833256965
-0.18229163441352947
-0.6019869605712513
-0.7672035099993857
-0.507757378138488
-0.5407633497885036
-0.2225228919259178
-0.3501435005672292
0.17966432372862284
0.2749048772051197
-0.2392723566789059
-0.0077256936136816945
0.2915728339457153
-0.37779599760629146
0.5233222736616447
0.6893664860904085
0.0727361196098526
-0.006573219441410871
-0.6063997769207519
-0.10144004077991575
0.45425927039632397
-0.4844403074434387
-0.7614481411621703
-0.3742607125574927
-0.586411787365177
-0.03850777844930631
0.0849382125114575
0.045037224091526884
-0.03398782630038466
0.5589074410861481
0.08371360871004807
0.12213778584682111
0.09971030374101142
-0.6019869605712513
-0.4844403074434387
0.006163328197226647
-0.36448887317184053
-0.3098684168111868
-0.1720494083306635
-0.7672035099993857
0.2625150999582977
-0.27025409007488266
0.07395194841193509
-0.3209745762711864
0.2232272372687949
-0.4423474560954763
-0.3935865793060168
-0.12395105889817548
0.037894022093964974
0.9031879041166246
0.44811577562228444
-0.15342284833810238
-0.6899680087336846
-0.34109731453468684
-0.3218959133454451
-0.604195421855345
-0.6086000372089473
0.17706225279176535
-0.7381234857165273
-0.33655080198260434
-0.29303381720866084
0.8565288413638104
0.8016254864583399
0.4697149078799081
0.44046728933355905
-0.3979388384225119
-0.33655080198260434
0.18227069383266215
-0.7595230119916927
0.7830563017303684
0.5233222736616447
-0.5683593825804475
0.7087938812259829
-0.1648350403335448
-0.11648667243662336
-0.41691573690756856
0.10218619503807447
-0.49333640165689463
-0.6195403144816846
0.5523836678913214
0.10218619503807447
-0.8722953310881411
0.6322945017964259
-0.23633139537772474
0.5073830073250947
0.18096697071910195
-0.46398279775415097
0.7266347556494068
-0.73615756023191
0.7428399273350801
0.8184953373581041
-0.3857153594648429
-0.4901088200111804
0.22055284435534994
0.4252723873026669
-0.28074264085686995
-0.2977313879091906
-0.8182948589077831
0.3211568399587781
-0.7595230119916927
0.18488137376738223
-0.5599938658818888
-0.5683593825804475
-0.3492416787923601
0.8298258760078878
-0.006573219441410871
0.7793643538040995
-0.4040074071885802
-0.1863675994668642
0.33830380238879054
0.1953674063214379
-0.402276448400278
0.2790559009144633
-0.7779935169015412
-0.600512366146498
-0.30147761428107167
-0.08186005605782598
0.27767104874930326
0.6153492637080857
0.14234975630723157
-0.19144585709203576
-0.7381234857165273
0.24614158902444494
0.2059232584846753
0.00036046713181514534
-0.08076445339551874
0.2611442863312152
0.27767104874930326
-0.44066774838253475
-0.3970695609018411
-0.07527397116142265
0.5507564859932117
-0.3005420407775974
-0.08732565226325317
0.3967713893248277
-0.7156388304251249
0.750087854458952
0.7849049997082045
-0.572142764071536
0.7141280615856889
-0.41004746590004204
-0.2422070091607066
-0.08076445339551874
-0.6899680087336846
0.4931613343437762
-0.4031422190055308
0.42678579143017603
-0.20054026996719754
0.5426430410479646
-1.0
-0.3546433346204414
-0.08186005605782598
-0.166900074607518
-0.18433110506179373
0.8184953373581041
-0.6253338745744712
-0.507757378138488
0.06667149006981865
-0.1334910442717131
1.0
-0.9497527074795269
-0.5329851282631914
0.24749972067547166
-0.8946195017165557
-0.8182948589077831
-0.2769380463685478
0.2353176048959762
-0.35554145091673695
-0.16999194243790727
0.7141280615856889
-0.0031104199066873672
-0.3909681613466808
-0.21057573621401127
-0.6552885143713569
-0.7381234857165273
-0.03398782630038466
-0.2692965351732415
-0.10790794771111856
-0.15550468075335389
0.1183771814683614
-0.1965056550384533
-0.10575521592470716
-0.24122949139316352
-0.3795600388216426
-0.6838024187737636
-0.36270428136456845
0.016665711813146578
-0.1863675994668642
-0.4664554238350078
-0.1741038585167245
-0.7773617304810957
0.25294371798609094
-0.2683383021165705
0.42224961479198764
-0.4134862048026039
-0.09385717363893642
0.7176927714879078
-0.320052599157279
0.01549512793246377
0.7610128824403888
-0.44066774838253475
0.8469491525423727
-0.019201412846463817
-0.3591277688308977
-0.4795609609600543
-0.30614568179666146
-0.6238881576795853
-0.6049306625577813
0.45272133050501995
0.05461434311270086
-0.166900074607518
-0.11327567279442052
-0.1544641486476498
0.026063473569013285
0.5786243399887825
-0.3582321101803053
-0.28453652194994183
-0.028318283391921106
-0.3519452872430313
-0.501368797403025
-0.33563961555814703
0.3084126252918844
-0.06312128549416673
0.27076442935235967
-0.6595055240766095
0.45118476931375295
0.2625150999582977
-0.03398782630038466
0.5073830073250947
-0.8659118970601739
-0.33837128896792945
-0.5990359382191968
-0.03511911816996538
-0.008877273355085591
0.6221082207921693
0.12339335312410404
0.5786243399887825
-0.5021691784738136
-0.48281597984006897
0.9389347667095069
0.2019565877294438
0.8488612565142355
-0.4415078806128393
0.868088043561623
0.21654962991079918
0.0849382125114575
-0.9025181407070447
-0.6086000372089473
0.4790553369673669
0.09477045315313681
-0.5997743815843275
-0.04413822114248456
0.8260415174169191
0.16282723705283608
-0.6623083575569537
0.052214373979771134
0.03315062861217766
-0.34743617517708425
-0.36270428136456845
-0.16896207652572914
0.0727361196098526
0.25021942228550254
-0.2721671682906788
-0.4143444495203289
-0.7530816640986132
0.40422523122698495
0.08861791379368955
0.7720021752923052
0.3967713893248277
-0.1863675994668642
0.026063473569013285
-0.8946195017165557
-0.6899680087336846
-0.1228871053055216
-0.33563961555814703
0.04981820376909374
-0.6713708947135248
-0.6034597249067398
0.30278010503030117
-0.4389858114622771
0.17836275152939018
-0.12925894353762646
-0.07417337430523685
0.4435225791157995
0.17706225279176535
-0.303346799232438
-0.17922683369721926
-0.38921959671483775
-0.2654595268045238
-0.07747266162089894
0.07030736836935758
-0.61079621411894
0.010821937596302345
0.42224961479198764
0.6911241422886347
-0.4705656650921769
-0.5345447461169259
-0.7691153222740279
-0.40573603863733476
-0.0452617199796127
-0.6180874582542845
-0.48849187930382865
-0.4065994830756997
0.7591875968665482
-0.49494705077146584
0.32257897262796287
-0.586411787365177
-0.03398782630038466
0.061837134603341504
-0.2596835683809223
-0.66998128325846
0.27076442935235967
0.6494004344138153
0.4853104787042224
-0.2304304647669524
0.7320207616283505
-0.34018926580229203
0.09971030374101142
0.29017731086961285
0.5010478919189354
-0.4423474560954763
0.7701661395928916
-0.08514189344665779
-0.21057573621401127
0.024885526096179778
-0.8340044800662946
-0.10898310284403967
0.2353176048959762
0.33543359841339027
-0.11327567279442052
-0.485251677599715
0.2625150999582977
-0.4143444495203289
-0.2712109675411494
-0.1761552996215906
0.4635159666381792
-0.5751609165652747
-0.7446517121580056
-0.36270428136456845
0.5249242283140589
-0.0686578356875448
-0.20957545728818028
-0.02604434172230763
-0.3163582769478127
-0.3438177097560391
-0.46563175631584297
0.2125564318493458
-0.1471588664538117
0.11462569739154693
-0.7563070124630724
-0.6115273676356661
0.16282723705283608
0.0038394700402442083
-0.4901088200111804
0.27076442935235967
-0.18331174217569057
-0.5683593825804475
0.10218619503807447
-0.36181107028564663
0.19273937972091315
-0.0418886367479574
0.024885526096179778
-0.25581923096529735
-0.6195403144816846
0.1071499577513797
0.750087854458952
0.6170366208278788
0.2915728339457153
DEGREE_RANK
0.08599508599508598
-0.11547911547911549
0.6265356265356266
-0.11056511056511054
-0.8624078624078624
0.09090909090909083
0.7985257985257985
0.0958230958230959
0.26781326781326764
0.2727272727272727
0.10073710073710074
0.8034398034398034
-0.43980343980343983
0.9459459459459458
0.6314496314496314
-0.10565110565110558
0.27764127764127755
0.45945945945945943
0.6363636363636362
-0.27764127764127766
-0.6805896805896805
-0.10073710073710074
-0.6756756756756757
0.1056511056511058
-0.6707616707616708
0.4643734643734643
-0.09582309582309578
-0.6658476658476657
-0.09090909090909094
0.6412776412776413
-0.9262899262899262
-0.5823095823095823
0.11056511056511065
-0.5773955773955775
0.6461916461916462
0.882063882063882
0.651105651105651
0.11547911547911549
0.6560196560196561
0.8083538083538084
0.6609336609336611
-0.6609336609336609
-0.4348894348894349
-0.6560196560196561
0.2825552825552826
-0.5724815724815724
-0.9213759213759214
0.28746928746928746
-0.2727272727272727
-0.08599508599508598
-0.8574938574938575
-0.26781326781326775
0.665847665847666
0.46928746928746934
0.4742014742014742
0.47911547911547925
0.8132678132678133
0.4840294840294841
-0.8525798525798526
0.12039312039312033
0.2923832923832925
-0.9164619164619164
-0.7542997542997543
-0.08108108108108114
-0.651105651105651
-0.8476658476658476
-0.2628992628992629
0.886977886977887
0.29729729729729737
0.48894348894348894
-0.07616707616707608
-0.07125307125307123
0.3022113022113022
-0.8427518427518428
-0.06633906633906628
0.8918918918918919
-0.5675675675675675
-0.8378378378378378
-0.061425061425061434
-0.6461916461916462
0.1253071253071254
0.8968058968058967
0.13022113022113024
-0.6412776412776413
0.6707616707616708
-0.25798525798525795
-0.8329238329238329
-0.5626535626535627
-0.828009828009828
0.9017199017199016
0.6756756756756757
-0.05651105651105648
-0.9754299754299754
-0.2530712530712531
0.1351351351351351
-0.24815724815724816
-0.42997542997543003
1.0
-0.5577395577395576
-0.42506142506142497
0.6805896805896807
-0.2432432432432433
-0.4201474201474201
-0.23832923832923836
0.4938574938574938
-0.051597051597051635
-0.5528255528255528
0.9066339066339066
-0.6363636363636362
0.30712530712530706
0.49877149877149884
-0.547911547911548
0.8181818181818181
-0.6314496314496314
-0.41523341523341517
-0.542997542997543
0.6855036855036856
-0.9115479115479115
-0.7493857493857494
-0.2334152334152334
0.6904176904176904
-0.8230958230958231
-0.4103194103194103
-0.7444717444717444
0.14004914004913993
-0.22850122850122845
-0.2235872235872236
0.5036855036855037
-0.9705159705159705
0.823095823095823
-0.04668304668304668
-0.8181818181818181
-0.4054054054054054
0.5085995085995085
-0.041769041769041726
0.3120393120393121
0.5135135135135134
-0.7395577395577395
-0.40049140049140053
-0.6265356265356266
-0.538083538083538
-0.5331695331695332
-0.5282555282555282
-0.03685503685503688
-0.03194103194103193
0.144963144963145
0.828009828009828
-0.3955773955773956
0.5184275184275184
0.6953316953316953
0.31695331695331697
0.14987714987714984
-0.5233415233415233
-0.8132678132678133
-0.8083538083538084
-0.3906633906633906
-0.027027027027027084
0.1547911547911549
-0.02211302211302213
0.5233415233415233
0.3218673218673218
-0.5184275184275184
0.7002457002457001
-0.21867321867321865
0.15970515970515975
0.9115479115479117
0.9508599508599509
0.9901719901719903
-0.2137592137592138
0.1646191646191646
0.5282555282555281
0.32678132678132665
-0.017199017199017175
-0.01228501228501222
0.5331695331695332
-0.7346437346437347
0.8329238329238329
0.8378378378378377
-0.38574938574938566
-0.0073710073710073765
-0.7297297297297297
-0.20884520884520885
0.9164619164619165
-0.9656019656019657
0.7051597051597052
0.3316953316953317
0.16953316953316966
-0.5135135135135136
0.1744471744471745
-1.0
-0.3808353808353808
0.8427518427518426
0.71007371007371
-0.8034398034398035
0.33660933660933656
-0.9066339066339066
0.17936117936117935
-0.7985257985257985
-0.6216216216216217
0.8476658476658478
-0.7248157248157248
-0.2039312039312039
0.9213759213759214
-0.9017199017199017
-0.7199017199017199
-0.714987714987715
-0.19901719901719894
-0.8968058968058968
-0.002457002457002422
-0.5085995085995085
-0.1941031941031941
0.3415233415233414
0.34643734643734647
-0.7936117936117937
-0.5036855036855037
0.35135135135135154
0.1842751842751842
-0.18918918918918914
-0.37592137592137587
0.7149877149877149
0.002457002457002533
-0.371007371007371
0.8525798525798527
-0.7886977886977887
-0.9606879606879607
-0.9557739557739557
0.3562653562653564
0.5380835380835383
-0.6167076167076166
0.8574938574938575
-0.7837837837837838
0.5429975429975431
-0.3660933660933662
0.7199017199017199
-0.9508599508599509
-0.6117936117936118
0.18918918918918926
-0.1842751842751843
0.1941031941031941
0.0073710073710073765
-0.17936117936117935
0.3611793611793612
0.19901719901719894
-0.49877149877149873
0.724815724815725
0.36609336609336607
-0.7788697788697789
-0.3611793611793611
0.547911547911548
0.7297297297297298
0.01228501228501222
0.9557739557739557
0.3710073710073709
-0.4938574938574939
0.375921375921376
-0.773955773955774
0.5528255528255528
-0.1744471744471744
-0.35626535626535627
-0.995085995085995
-0.3513513513513513
-0.71007371007371
-0.16953316953316944
0.20393120393120379
-0.34643734643734647
0.9606879606879606
0.5577395577395579
0.3808353808353808
0.7346437346437347
-0.9901719901719902
0.5626535626535627
-0.8918918918918919
0.38574938574938566
0.017199017199017064
-0.606879606879607
0.20884520884520885
0.3906633906633905
0.2137592137592137
0.02211302211302213
0.8624078624078624
0.9656019656019654
0.5675675675675675
-0.3415233415233415
0.5724815724815724
0.7395577395577395
-0.1646191646191646
-0.9803439803439803
0.027027027027026973
0.9705159705159707
0.03194103194103204
-0.7051597051597052
0.21867321867321876
0.5773955773955775
0.9754299754299756
-0.9852579852579852
0.3955773955773956
0.4004914004914004
-0.8869778869778869
-0.769041769041769
0.03685503685503688
0.5823095823095823
-0.15970515970515964
0.5872235872235871
0.04176904176904195
-0.3366093366093367
0.2235872235872236
0.04668304668304679
0.7444717444717446
-0.48894348894348894
0.592137592137592
0.4054054054054055
-0.8820638820638821
-0.9459459459459459
-0.3316953316953317
-0.32678132678132676
-0.3218673218673218
-0.8771498771498771
-0.8722358722358723
0.9262899262899262
-0.484029484029484
-0.6019656019656019
0.4103194103194103
0.22850122850122867
0.8673218673218674
-0.7002457002457003
-0.31695331695331697
0.9803439803439804
0.23341523341523351
0.051597051597051635
0.8722358722358723
-0.941031941031941
-0.1547911547911548
0.4152334152334154
0.7493857493857494
0.23832923832923836
-0.597051597051597
0.2432432432432432
-0.9361179361179361
-0.312039312039312
0.24815724815724827
-0.14987714987714995
0.42014742014742024
0.05651105651105648
0.7542997542997543
0.4250614250614251
0.9312039312039313
-0.144963144963145
0.4299754299754299
0.597051597051597
0.6019656019656021
-0.7641277641277642
0.2530712530712531
-0.30712530712530717
0.7592137592137591
-0.9312039312039312
0.7641277641277642
0.606879606879607
0.06142506142506132
-0.7592137592137592
-0.479115479115479
-0.14004914004914004
0.434889434889435
0.25798525798525795
-0.3022113022113022
0.6117936117936118
-0.6953316953316953
0.9950859950859952
0.43980343980343983
0.769041769041769
0.7739557739557739
0.7788697788697787
-0.4742014742014742
0.06633906633906639
0.8771498771498771
0.9361179361179361
0.941031941031941
-0.1351351351351351
-0.46928746928746934
-0.6904176904176904
-0.5921375921375922
-0.4643734643734644
0.6167076167076166
-0.13022113022113024
0.07125307125307123
0.07616707616707608
-0.29729729729729726
0.4447174447174447
0.783783783783784
0.6216216216216217
-0.6855036855036856
-0.2923832923832923
0.9852579852579852
-0.28746928746928746
-0.2825552825552825
-0.1253071253071253
-0.45945945945945954
-0.4545454545454545
0.08108108108108092
-0.5872235872235871
0.7886977886977888
-0.44963144963144963
0.4496314496314495
-0.8673218673218673
-0.4447174447174447
0.7936117936117937
-0.12039312039312045
0.2628992628992628
0.4545454545454546
EIGENVECTOR_RANK
-0.1351351351351351
0.6707616707616708
0.9262899262899262
0.7886977886977888
-0.7985257985257985
-0.14004914004914004
0.35135135135135154
-0.42997542997543003
0.6805896805896807
-0.606879606879607
0.1646191646191646
0.651105651105651
0.8181818181818181
0.5724815724815724
0.9459459459459458
0.4054054054054055
0.4545454545454546
0.02211302211302213
0.5872235872235871
-0.6314496314496314
-0.6117936117936118
0.04668304668304679
-0.8673218673218673
-0.11056511056511054
0.5233415233415233
0.941031941031941
0.6461916461916462
0.2530712530712531
-0.3611793611793611
0.6216216216216217
0.4103194103194103
-0.6412776412776413
-0.3366093366093367
-0.8230958230958231
0.9852579852579852
0.4152334152334154
0.8525798525798527
0.7297297297297298
0.3316953316953317
0.47911547911547925
0.2432432432432432
-0.3955773955773956
-0.538083538083538
-0.9754299754299754
-0.3906633906633906
-0.8378378378378378
0.3710073710073709
0.2137592137592137
-0.027027027027027084
0.28746928746928746
-0.37592137592137587
0.11056511056511065
-0.03194103194103193
0.8132678132678133
0.2235872235872236
0.2628992628992628
0.36609336609336607
0.19901719901719894
-0.42506142506142497
0.8624078624078624
0.5135135135135134
-0.8476658476658476
-0.5675675675675675
-0.5577395577395576
-0.2039312039312039
0.3808353808353808
0.16953316953316966
0.43980343980343983
0.8918918918918919
0.06633906633906639
0.1547911547911549
0.07616707616707608
0.04176904176904195
0.25798525798525795
0.4299754299754299
0.31695331695331697
-0.6805896805896805
-0.4348894348894349
-0.017199017199017175
-0.9705159705159705
-0.11547911547911549
0.3120393120393121
-0.4201474201474201
-0.43980343980343983
-0.24815724815724816
-0.651105651105651
-0.8181818181818181
0.7936117936117937
-0.5233415233415233
0.6756756756756757
0.9754299754299756
0.06142506142506132
-0.9262899262899262
-0.02211302211302213
-0.12039312039312045
-0.71007371007371
-0.9164619164619164
1.0
-0.9508599508599509
-0.8132678132678133
-0.6658476658476657
0.5184275184275184
0.547911547911548
-0.07125307125307123
0.9312039312039313
-0.7199017199017199
-0.5184275184275184
0.2923832923832925
-0.9606879606879607
0.48894348894348894
0.22850122850122867
-0.3415233415233415
0.6855036855036856
-0.10073710073710074
0.1842751842751842
-0.773955773955774
0.3562653562653564
-0.3316953316953317
-0.7837837837837838
0.01228501228501222
0.3611793611793612
-0.9901719901719902
0.5380835380835383
0.4643734643734643
0.8771498771498771
0.45945945945945943
0.4840294840294841
0.4742014742014742
-0.9115479115479115
0.9164619164619165
0.5675675675675675
-0.4054054054054054
0.10073710073710074
-0.25798525798525795
-0.10565110565110558
0.8427518427518426
-0.09090909090909094
-0.9803439803439803
0.8034398034398034
-0.9656019656019657
0.828009828009828
-0.8427518427518428
-0.3513513513513513
0.7739557739557739
0.783783783783784
-0.4447174447174447
0.7051597051597052
-0.21867321867321865
-0.5823095823095823
-0.1842751842751843
0.32678132678132665
-0.6609336609336609
-0.3022113022113022
-0.8083538083538084
0.5331695331695332
-0.7051597051597052
-0.371007371007371
-0.2825552825552825
0.5085995085995085
0.0073710073710073765
0.8574938574938575
-0.9459459459459459
0.027027027027026973
0.15970515970515975
-0.07616707616707608
0.4004914004914004
0.9606879606879606
0.30712530712530706
0.7199017199017199
0.7641277641277642
0.1941031941031941
0.1056511056511058
-0.6953316953316953
-0.144963144963145
0.9361179361179361
-0.9361179361179361
0.6904176904176904
0.882063882063882
-0.8771498771498771
0.24815724815724827
-0.7788697788697789
-0.22850122850122845
0.4250614250614251
-0.9312039312039312
0.09090909090909083
-0.7002457002457003
0.14987714987714984
0.4447174447174447
-0.05651105651105648
-0.8574938574938575
-0.7248157248157248
0.9115479115479117
-0.5528255528255528
-0.542997542997543
0.7346437346437347
-0.8525798525798526
-0.29729729729729726
-0.1547911547911548
-0.1646191646191646
0.769041769041769
-0.941031941031941
-0.828009828009828
0.9803439803439804
-0.995085995085995
-0.9852579852579852
0.6117936117936118
-0.28746928746928746
-0.49877149877149873
0.11547911547911549
0.7493857493857494
0.20884520884520885
-0.6904176904176904
-0.6216216216216217
0.5429975429975431
-0.9557739557739557
0.9017199017199016
-0.6167076167076166
-0.27764127764127766
-0.2628992628992629
0.3955773955773956
-0.06633906633906628
0.7985257985257985
-0.6363636363636362
-0.7936117936117937
-0.9066339066339066
-0.5921375921375922
-0.03685503685503688
-0.5773955773955775
-0.7444717444717444
-0.5282555282555282
-0.769041769041769
-0.2432432432432433
0.002457002457002533
0.9508599508599509
-0.8034398034398035
0.7002457002457001
0.6019656019656021
-0.7346437346437347
-0.479115479115479
0.375921375921376
0.724815724815725
0.7395577395577395
-0.13022113022113024
-0.7493857493857494
-0.18918918918918914
-0.061425061425061434
-0.1744471744471744
-0.7542997542997543
0.597051597051597
-0.45945945945945954
-0.5724815724815724
0.3906633906633905
0.21867321867321876
0.823095823095823
0.14004914004913993
-0.2727272727272727
0.144963144963145
0.4938574938574938
0.7542997542997543
-0.8722358722358723
-0.5036855036855037
0.6265356265356266
-0.5626535626535627
-0.15970515970515964
-0.46928746928746934
0.2727272727272727
0.017199017199017064
0.8968058968058967
0.592137592137592
-0.547911547911548
0.8476658476658478
0.434889434889435
0.8673218673218674
-0.4103194103194103
0.051597051597051635
0.17936117936117935
0.1253071253071254
-0.14987714987714995
0.49877149877149884
0.6953316953316953
0.9656019656019654
0.5528255528255528
0.7149877149877149
0.71007371007371
0.29729729729729737
0.1744471744471745
-0.8329238329238329
-0.312039312039312
0.6412776412776413
0.03685503685503688
0.5577395577395579
0.08599508599508598
0.6363636363636362
0.9950859950859952
0.05651105651105648
-0.48894348894348894
0.34643734643734647
-0.4545454545454545
-0.20884520884520885
-0.2530712530712531
0.3022113022113022
-0.2235872235872236
0.18918918918918926
-0.7592137592137592
-0.4742014742014742
0.1351351351351351
0.23341523341523351
0.4496314496314495
-0.16953316953316944
-0.5872235872235871
-0.4643734643734644
-1.0
-0.9213759213759214
0.8329238329238329
-0.5085995085995085
0.23832923832923836
-0.9017199017199017
-0.8869778869778869
0.5773955773955775
-0.7297297297297297
-0.26781326781326775
-0.597051597051597
-0.051597051597051635
0.9705159705159707
-0.31695331695331697
0.665847665847666
0.33660933660933656
-0.7395577395577395
-0.6855036855036856
0.886977886977887
-0.484029484029484
-0.3218673218673218
-0.04668304668304668
0.9557739557739557
0.5036855036855037
-0.7641277641277642
-0.8968058968058968
-0.2334152334152334
-0.714987714987715
-0.4938574938574939
-0.002457002457002422
-0.2137592137592138
-0.6756756756756757
0.38574938574938566
-0.041769041769041726
0.5823095823095823
-0.8820638820638821
0.9066339066339066
-0.3808353808353808
0.12039312039312033
-0.6265356265356266
-0.1941031941031941
0.7788697788697787
0.606879606879607
0.3415233415233414
0.6560196560196561
0.8083538083538084
0.26781326781326764
0.6314496314496314
0.8378378378378377
-0.6560196560196561
0.6609336609336611
-0.08599508599508598
-0.23832923832923836
0.08108108108108092
-0.8918918918918919
0.42014742014742024
0.27764127764127755
0.5282555282555281
0.8722358722358723
-0.19901719901719894
0.13022113022113024
-0.6461916461916462
0.20393120393120379
-0.5135135135135136
0.6167076167076166
-0.09582309582309578
-0.44963144963144963
-0.17936117936117935
0.7444717444717446
-0.2923832923832923
-0.6019656019656019
-0.41523341523341517
0.07125307125307123
-0.6707616707616708
-0.7886977886977887
0.03194103194103204
-0.5331695331695332
-0.40049140049140053
-0.8624078624078624
-0.35626535626535627
0.9901719901719903
-0.3660933660933662
0.0958230958230959
0.2825552825552826
-0.32678132678132676
-0.34643734643734647
-0.0073710073710073765
-0.1253071253071253
0.3218673218673218
0.46928746928746934
-0.38574938574938566
-0.30712530712530717
-0.01228501228501222
0.9213759213759214
0.7592137592137591
0.5626535626535627
-0.08108108108108114
CENT_RANK
0.1351351351351351
0.783783783783784
0.7149877149877149
0.941031941031941
-0.5921375921375922
-0.041769041769041726
-0.051597051597051635
0.3022113022113022
0.8722358722358723
-0.14004914004914004
0.651105651105651
0.823095823095823
-0.08599508599508598
0.6314496314496314
0.6363636363636362
0.3611793611793612
0.38574938574938566
0.47911547911547925
0.9754299754299756
-0.20884520884520885
-0.6019656019656019
0.6904176904176904
-0.6904176904176904
-0.04668304668304668
0.21867321867321876
0.606879606879607
0.7641277641277642
0.9017199017199016
-0.7886977886977887
0.8181818181818181
-0.8329238329238329
-0.3906633906633906
0.3710073710073709
-0.6855036855036856
0.6265356265356266
0.06633906633906639
-0.07616707616707608
-0.40049140049140053
0.4054054054054055
0.5823095823095823
0.7051597051597052
-0.13022113022113024
-0.7542997542997543
-0.9361179361179361
-0.6658476658476657
-0.6805896805896805
-0.1941031941031941
-0.38574938574938566
0.4103194103194103
0.5380835380835383
-0.2137592137592138
0.14987714987714984
0.5626535626535627
-0.4545454545454545
0.7493857493857494
0.8378378378378377
0.26781326781326764
0.1547911547911549
-0.773955773955774
0.01228501228501222
0.6953316953316953
-0.6167076167076166
-0.9262899262899262
-0.44963144963144963
-0.7297297297297297
0.0958230958230959
0.28746928746928746
0.23341523341523351
0.1056511056511058
0.7886977886977888
0.2825552825552826
0.35135135135135154
0.3120393120393121
-0.7493857493857494
-0.6117936117936118
0.17936117936117935
-0.4447174447174447
-0.312039312039312
-0.11056511056511054
-0.9312039312039312
0.5085995085995085
-0.2530712530712531
0.27764127764127755
-0.32678132678132676
0.4643734643734643
-0.5675675675675675
-0.479115479115479
-0.027027027027027084
0.22850122850122867
0.9901719901719903
0.6756756756756757
-0.061425061425061434
-0.8722358722358723
-0.3660933660933662
-0.3316953316953317
-0.7641277641277642
-0.7837837837837838
0.3906633906633905
-0.8968058968058968
-0.3513513513513513
-0.2825552825552825
0.9803439803439804
0.9361179361179361
0.71007371007371
0.665847665847666
-0.48894348894348894
-0.34643734643734647
0.42014742014742024
-0.9213759213759214
0.9262899262899262
0.7542997542997543
-0.71007371007371
0.8476658476658478
-0.08108108108108114
-0.017199017199017175
-0.538083538083538
0.3218673218673218
-0.6412776412776413
-0.8132678132678133
0.7788697788697787
0.32678132678132665
-0.9754299754299754
0.828009828009828
-0.2039312039312039
0.7395577395577395
0.4152334152334154
-0.5724815724815724
0.8673218673218674
-0.8820638820638821
0.882063882063882
0.9459459459459458
-0.4643734643734644
-0.6363636363636362
0.45945945945945943
0.6560196560196561
-0.2727272727272727
-0.28746928746928746
-0.9606879606879607
0.5872235872235871
-0.9164619164619164
0.4250614250614251
-0.6953316953316953
-0.7051597051597052
-0.3808353808353808
0.9606879606879606
0.15970515970515975
0.9213759213759214
-0.5036855036855037
-0.15970515970515964
0.6019656019656021
0.434889434889435
-0.4938574938574939
0.5528255528255528
-0.9508599508599509
-0.7444717444717444
-0.29729729729729726
0.03194103194103204
0.5429975429975431
0.8034398034398034
0.36609336609336607
-0.1646191646191646
-0.8918918918918919
0.4840294840294841
0.4447174447174447
0.16953316953316966
0.04176904176904195
0.5036855036855037
0.547911547911548
-0.5528255528255528
-0.484029484029484
0.05651105651105648
0.7739557739557739
-0.2923832923832923
0.02211302211302213
0.6117936117936118
-0.8771498771498771
0.886977886977887
0.9312039312039313
-0.714987714987715
0.8525798525798527
-0.5184275184275184
-0.2235872235872236
0.04668304668304679
-0.8673218673218673
0.7297297297297298
-0.49877149877149873
0.6609336609336611
-0.1744471744471744
0.769041769041769
-1.0
-0.4054054054054054
0.03685503685503688
-0.09582309582309578
-0.144963144963145
0.9508599508599509
-0.8230958230958231
-0.6609336609336609
0.25798525798525795
-0.03685503685503688
1.0
-0.995085995085995
-0.6707616707616708
0.48894348894348894
-0.9852579852579852
-0.9557739557739557
-0.26781326781326775
0.46928746928746934
-0.4103194103194103
-0.10565110565110558
0.8574938574938575
0.1646191646191646
-0.4742014742014742
-0.18918918918918914
-0.828009828009828
-0.8869778869778869
0.11056511056511065
-0.24815724815724816
0.002457002457002533
-0.07125307125307123
0.34643734643734647
-0.16953316953316944
0.0073710073710073765
-0.21867321867321865
-0.45945945945945954
-0.8574938574938575
-0.43980343980343983
0.1941031941031941
-0.1547911547911548
-0.5823095823095823
-0.11547911547911549
-0.9459459459459459
0.49877149877149884
-0.2432432432432433
0.6412776412776413
-0.5233415233415233
0.017199017199017064
0.8624078624078624
-0.3218673218673218
0.18918918918918926
0.9066339066339066
-0.547911547911548
0.9656019656019654
0.14004914004913993
-0.4201474201474201
-0.597051597051597
-0.30712530712530717
-0.8181818181818181
-0.769041769041769
0.6855036855036856
0.24815724815724827
-0.09090909090909094
-0.01228501228501222
-0.06633906633906628
0.20884520884520885
0.7936117936117937
-0.41523341523341517
-0.27764127764127766
0.1253071253071254
-0.3955773955773956
-0.651105651105651
-0.3415233415233415
0.5773955773955775
0.07616707616707608
0.5233415233415233
-0.8378378378378378
0.6805896805896807
0.5135135135135134
0.11547911547911549
0.7444717444717446
-0.9705159705159705
-0.35626535626535627
-0.7346437346437347
0.10073710073710074
0.144963144963145
0.8132678132678133
0.3562653562653564
0.7985257985257985
-0.6560196560196561
-0.606879606879607
0.9950859950859952
0.43980343980343983
0.9705159705159707
-0.5577395577395576
0.9852579852579852
0.4545454545454546
0.2923832923832925
-0.9901719901719902
-0.7788697788697789
0.7199017199017199
0.30712530712530706
-0.7395577395577395
0.08599508599508598
0.9557739557739557
0.375921375921376
-0.8427518427518428
0.2432432432432432
0.2235872235872236
-0.37592137592137587
-0.4348894348894349
-0.10073710073710074
0.2727272727272727
0.4938574938574938
-0.2628992628992629
-0.5331695331695332
-0.9066339066339066
0.6216216216216217
0.29729729729729737
0.9164619164619165
0.6167076167076166
-0.14987714987714995
0.2137592137592137
-0.9803439803439803
-0.8624078624078624
-0.02211302211302213
-0.3366093366093367
0.23832923832923836
-0.8525798525798526
-0.7592137592137592
0.5724815724815724
-0.542997542997543
0.4004914004914004
-0.03194103194103193
0.06142506142506132
0.6707616707616708
0.3955773955773956
-0.3022113022113022
-0.1253071253071253
-0.46928746928746934
-0.23832923832923836
0.051597051597051635
0.2628992628992628
-0.7936117936117937
0.1842751842751842
0.6461916461916462
0.8427518427518426
-0.5872235872235871
-0.6756756756756757
-0.941031941031941
-0.5085995085995085
0.08108108108108092
-0.8034398034398035
-0.6265356265356266
-0.5135135135135136
0.8968058968058967
-0.6461916461916462
0.592137592137592
-0.7248157248157248
0.12039312039312033
0.2530712530712531
-0.2334152334152334
-0.8476658476658476
0.5282555282555281
0.8329238329238329
0.724815724815725
-0.19901719901719894
0.8771498771498771
-0.3611793611793611
0.31695331695331697
0.5577395577395579
0.7346437346437347
-0.5626535626535627
0.9115479115479117
0.027027027027026973
-0.1842751842751843
0.19901719901719894
-0.9656019656019657
-0.002457002457002422
0.4742014742014742
0.597051597051597
-0.0073710073710073765
-0.6216216216216217
0.5184275184275184
-0.5282555282555282
-0.25798525798525795
-0.12039312039312045
0.7002457002457001
-0.7199017199017199
-0.9017199017199017
-0.42997542997543003
0.7592137592137591
0.07125307125307123
-0.17936117936117935
0.13022113022113024
-0.31695331695331697
-0.371007371007371
-0.5773955773955775
0.4496314496314495
-0.05651105651105648
0.3415233415233414
-0.9115479115479115
-0.7985257985257985
0.3808353808353808
0.1744471744471745
-0.6314496314496314
0.5331695331695332
-0.1351351351351351
-0.7002457002457003
0.3316953316953317
-0.42506142506142497
0.4299754299754299
0.09090909090909083
0.20393120393120379
-0.22850122850122845
-0.8083538083538084
0.33660933660933656
0.8918918918918919
0.8083538083538084
0.5675675675675675
RANK
189
200
286
203
311
121
269
365
137
204
153
230
337
43
79
62
108
139
389
304
377
98
161
214
128
175
92
183
312
224
316
350
294
264
30
213
195
246
118
403
340
390
331
28
96
287
58
247
95
317
42
73
154
290
271
64
346
376
178
111
142
396
141
22
33
45
336
201
44
196
277
259
344
117
132
393
341
370
61
74
278
20
244
4
335
228
385
126
85
360
282
168
240
319
115
303
372
234
180
342
338
147
185
151
105
169
86
211
327
131
223
53
63
76
225
298
378
398
243
255
207
190
37
258
31
47
143
297
384
93
356
270
99
106
260
314
94
83
237
383
77
245
325
155
172
136
100
256
135
205
302
373
81
216
232
328
349
402
181
222
50
19
123
354
46
212
363
381
187
220
160
148
227
309
193
9
395
41
326
374
229
78
208
299
192
250
12
113
36
218
252
91
387
6
23
5
198
321
87
313
114
251
369
366
217
221
59
235
173
362
156
191
165
182
329
170
322
35
380
262
339
291
400
65
272
68
215
267
347
257
382
0
242
273
51
57
145
210
164
392
75
332
238
226
364
401
253
310
24
296
88
67
315
295
249
348
197
330
56
300
82
70
66
285
306
7
289
72
357
116
120
397
404
388
219
71
275
15
159
32
293
391
16
97
324
320
38
48
125
107
140
399
150
280
163
386
284
133
84
206
367
17
162
202
301
231
166
80
266
371
263
351
394
49
157
167
152
358
52
407
318
261
39
138
345
368
149
25
174
308
305
34
13
14
233
333
10
134
186
104
323
90
265
248
21
60
375
40
103
2
288
353
184
359
124
268
54
110
379
26
188
171
119
1
69
254
276
158
406
274
29
11
122
352
55
334
112
179
209
236
127
8
355
129
176
405
343
27
239
361
307
146
109
177
102
3
130
194
292
144
241
281
18
101
283
89
279
199
