DEGREE
0.625
-0.875
0.125
0.0
0.5
-0.375
0.375
-0.125
0.0
-0.125
0.5
-0.5
0.375
0.25
-0.25
-0.625
0.0
0.375
0.25
-0.25
-0.375
-0.25
-0.5
0.0
-0.125
-0.75
0.375
0.5
0.0
0.5
-0.25
0.125
-0.25
-0.25
-0.25
0.625
-0.125
-0.75
-0.125
-0.125
0.5
-0.75
0.375
-0.25
0.125
-0.625
-0.5
0.75
0.125
0.125
-0.125
0.25
-0.75
-0.25
0.0
-1.0
0.25
0.375
-0.5
0.375
0.0
-0.5
-0.75
0.25
0.375
-0.5
-0.375
0.5
0.5
-0.375
0.25
0.25
0.125
0.75
-0.375
0.125
0.25
-0.125
-0.25
0.0
0.0
-0.25
0.0
0.625
0.5
-0.125
0.5
0.125
0.375
0.0
0.5
0.375
-0.375
-0.375
0.375
-0.875
0.125
0.125
0.5
0.625
0.125
-0.875
0.125
-0.5
-0.875
0.5
0.125
0.5
0.0
0.0
-0.375
-0.875
-0.5
0.25
0.0
0.625
0.375
0.75
-0.625
-0.75
0.125
-0.375
-0.5
-0.125
0.125
-0.25
-0.75
-0.125
0.375
0.125
0.5
-0.125
0.625
0.0
0.125
0.0
-0.5
0.5
0.25
0.25
-0.625
-0.375
-0.25
-0.375
-0.875
-0.25
-0.25
0.0
0.75
-0.75
0.125
-0.125
0.0
0.25
-0.5
-0.625
0.25
-0.5
-0.25
0.125
-0.625
0.125
-0.5
0.125
-0.375
0.625
-0.5
-0.375
0.375
-0.25
-0.25
0.0
-0.625
-0.5
0.0
-0.125
-0.25
0.75
0.125
-0.125
-0.375
-0.125
0.5
-0.875
0.125
0.875
-0.125
-0.125
-0.5
0.125
0.0
0.5
-0.375
-0.25
0.0
-0.125
-0.375
0.75
0.375
-0.75
-0.625
-0.375
-0.5
0.375
-0.5
-0.125
0.375
-0.25
-0.375
0.25
-0.25
0.375
1.0
-0.125
-0.75
-0.125
0.125
0.5
0.0
0.5
0.25
0.375
0.75
-0.25
0.125
0.25
-0.625
-0.5
-0.875
0.125
-0.375
-0.25
-0.25
-0.5
-0.625
0.5
0.25
-0.375
-0.25
0.875
-0.25
0.25
0.0
-0.5
0.0
0.5
0.0
-0.625
-0.125
-0.875
0.875
0.125
0.125
0.0
0.375
-0.375
-0.5
0.375
0.125
-0.125
0.25
-0.75
0.375
-0.375
0.0
0.375
-0.375
-0.5
0.5
0.0
-0.25
-0.25
0.125
-0.25
-0.375
0.25
0.25
0.5
0.0
0.375
-0.125
0.375
-0.375
0.125
0.25
-0.625
EIGENVECTOR
-0.5571798649677748
-0.9011030573097343
-0.5513627406539523
-0.6077941462244728
0.6691954584593256
-0.9296625699237775
-0.6495055221594697
-0.9305553803813276
-0.9256986299245006
-0.9765298382050367
-0.31366220003035217
-0.9588066293174139
0.6584778859497775
-0.47484277218935345
-0.8505036055447077
-0.9946741784377574
-0.8247748315746957
-0.6175648792182175
0.43473417554326854
-0.9698043022767534
-0.9892049720744877
-0.6109308156255719
-0.8506568063717995
-0.7887817526410793
-0.956536838435281
-0.9585465236218284
-0.9387296434338718
-0.5460187667794492
-0.39455471750116333
0.1786759205365258
-0.8312030896686552
-0.9809870749724193
-0.9828492985144724
-0.976554911704231
-0.9192233642492071
-0.9627784212758028
-0.7792307524251874
-0.901956325122783
-0.68104712356909
-0.5845297234981862
-0.39743410236273724
-0.9538168878331976
0.5972371205623697
-0.8599437132766321
-0.47315526478357894
-0.8634497360404914
-0.8506568063717999
-0.6515035206319675
-0.6301707149897784
-0.9142817639798356
-0.9199009293156016
-0.8696204050487624
-0.9954842402029153
-0.9656552430013386
-0.9016204288192218
-0.9381509996732926
-0.8696204050487624
-0.3722705146474419
-0.8895202628720802
0.0328375342792977
-0.9606939291999341
-0.8858767823140263
-0.9797028966333174
-0.44711518787574234
-0.5069631591511746
-0.8712459424392858
-0.9542493255803105
-0.6655845609213529
-0.42745948991125815
-0.8604866234836277
-0.5183027041386019
-0.6562806083436842
-0.9519931746252969
-0.4945961464672288
-0.9763028348567142
-0.41399474138646164
0.30712349255925653
-0.597038489158761
-0.9896117948238542
0.22395057994413037
-0.9639850254890387
-0.7378027085844453
-0.48996292802951535
-0.28290438851112387
-0.40788401758549575
-0.594080685243147
-0.4824462502306335
0.32238779547664853
-0.08603239600498902
-0.935031930838562
-0.5722384076320334
0.7000424748888878
-0.9656287088163875
-0.9867099153923573
-0.9559326331190703
-0.9387086392174232
0.3517670645678852
-0.603979161635471
-0.5377068866199917
-0.6043996219010446
-0.9240214913360738
-1.0
-0.7845828391437836
-0.8509891126907421
-0.908425060420956
0.6691954584593256
-0.983518333519134
0.7323968000702212
-0.7935557521597844
-0.9256986299245007
-0.4425663498085999
-0.9897990230386607
-0.9924090652900445
-0.5193636212907686
-0.9766370509153585
-0.6280913160538528
-0.512901636376133
0.9345891361999048
-0.8975849115760527
-0.9797028966333174
-0.7077352723311297
-0.8542440023965074
-0.8431478001531929
-0.6299814693466663
-0.648796699545015
-0.882693705514959
-0.9956479677927578
-0.9672937084661144
-0.6051276268739294
-0.25466560162478036
-0.47504048802175103
-0.7076358754876464
0.6676832168136395
-0.8382434787448791
-0.46480589469249156
-0.7331715859533661
-0.9924090652900447
-0.8104815237110413
0.05359543819134949
-0.4132863206991172
-0.9857290909577241
-0.9904259657052503
-0.808679143662012
-0.9928877247371681
-0.9985851466890948
-0.821581920829713
-0.9352267248601662
-0.9099927397828742
-0.46083244443098614
-0.9983714503774159
-0.5032434203379001
-0.40634700557348213
-0.7931268007899716
-0.9096779576439873
-0.8417512749343695
-0.9795935985016601
-0.5874605150895746
-0.9955030368153882
-0.6675268843116949
-0.6916180818834583
-0.9948336479226451
-0.7623689892707425
-0.8864214720358263
-0.7683444029781112
-0.5619869859865159
-0.617703039492194
-0.8888050773815058
-0.9393936627344498
-0.7326517297481804
-0.9839835450942553
-0.8288057964148552
-0.014504047414186427
-0.8787110681001589
-0.9639351450297485
-0.9577613907933875
-0.6853662050162882
-0.826419375845803
0.9017536321623743
-0.7035732578492251
-0.8161851752473148
-0.9296625699237774
-0.4199742383859335
-0.5657238266139633
-0.9897990230386607
-0.7350887611051267
-0.5780417809387631
-0.641303744440249
-0.98472237147343
-0.7558821134707056
-0.8812699820992342
-0.6602135654896802
-0.518759724885528
-0.8124361616778452
-0.8133761068129817
-0.47232849184363923
-0.9473448588799984
-0.952276314183864
-0.3369497497224203
-0.5531967086780982
-0.9413391706792301
-0.8548981498370621
-0.9916074777621483
-0.9870045223435763
-0.6835767470384906
-0.9678314323693606
-0.9675471272179313
-0.4356829695419071
-0.7492363023062483
-0.8286609501433162
-0.6546349039267041
-0.9620917157490186
-0.9698262160150807
1.0
-0.9850352694183269
-0.9992362629173945
-0.5680967676095235
-0.9341644783684583
-0.6205783628160586
-0.6750223701707685
-0.6142627659970417
-0.7369599897908514
-0.6193569486597873
-0.6055757271627824
-0.2627962559721949
0.3764402906455593
-0.6122005615686359
-0.9110288104141121
-0.864628799205534
-0.9996411003592088
-0.6357128152145832
-0.9830771527507555
-0.9861514747947879
-0.9395748430588912
-0.7120598966099647
-0.9955197121838878
-0.32145409406762415
-0.598866175144938
-0.8131811583987261
-0.9630140606734419
-0.29981682320487013
-0.922143992899771
-0.6871744272246294
-0.9414534950670568
-0.987004522343576
-0.7210657442977648
-0.3214540940676245
-0.684726491022494
-0.9506883071711387
-0.0784540491816973
-0.9999999999999999
0.949777043843969
-0.8195329031244827
-0.6342130214932304
-0.6853537515489574
-0.35708343338279713
-0.9911066978848874
-0.9024848487679238
-0.5531967086780983
-0.4353452685706303
-0.9875325829307393
-0.5184381089570923
-0.9979442948164882
0.7230653838566934
-0.992887724737168
-0.8111221856959884
-0.6972704647080624
-0.7196708791456621
-0.8858767823140261
-0.3703001925961761
-0.5550408682088929
-0.549255580738923
-0.7633064293607522
-0.7528392428497699
-0.7774660504059694
-0.7887831830122649
0.4240839763394544
-0.541041265042241
-0.656555359871863
-0.6077941462244734
-0.5849733378480142
-0.7690547335289208
-0.7040889351730448
-0.9267042211613212
-0.7996115418086571
-0.4090770952388201
-0.8462227859238806
CENT
-0.30752149532710293
-0.5034259151656013
0.42192985190958665
-0.5437664567830565
0.7970902837489251
-0.30933125778331283
-0.06417015530047276
-0.5376385542168673
-0.33443333333333336
0.021019417475727886
0.10385064011379819
-0.4715555555555557
0.7460152801358233
0.036799999999999944
-0.12466357615894064
-0.2837876884422109
-0.17101369863013727
0.016538781163434768
0.7292781065088758
0.012070539419086979
-0.6281363636363635
0.45914803149606276
-0.33443333333333336
0.09209355067328118
-0.5361021814006887
0.10149253731343277
0.35789739663093423
0.1156916488222699
0.7561259574468082
0.4620425531914891
-0.15103348653972415
-0.17101369863013727
-0.6745890038105605
0.132411764705882
-0.3219367637941726
0.17618749999999994
-0.28010188679245307
-0.3538540772532187
0.6508699254349624
0.6929497487437186
0.11094511760513193
-0.4715555555555557
0.8005421686746985
-0.24650763358778638
0.5449830781627718
-0.4618477876106193
-0.33443333333333336
-0.0012603305785122698
0.43330101641907737
-0.2929618033813399
0.41062937062937044
-0.11027544910179665
-0.41729856115107933
-0.6020750279955206
-0.3129440298507461
-0.3643372021991449
-0.11027544910179665
0.1811222707423581
0.7193035413153457
0.5329060240963852
-0.5888463702870004
-0.8217446153846153
-0.7073379903277807
0.4533726415094339
0.13721982758620688
-0.07265454545454575
-0.4306479713603818
0.012070539419086979
-0.23893750000000002
-0.41394117647058826
0.13481407035175863
0.6766572143452878
0.23127178729689812
0.23381818181818148
-0.5237474048442908
-0.09575267379679131
0.7193035413153457
0.4620425531914891
-0.3111387678904791
0.8852073813708261
-0.5888463702870004
0.7970902837489251
-0.2634003795066414
0.11094511760513193
-0.3020786516853935
0.3716249039200614
-0.3308739184178
0.8888126649076513
0.8074637931034478
0.44474352941176476
-0.30933125778331283
0.7460152801358233
-0.609366834170854
-0.34858353808353826
0.08274770318021174
-0.43396543504171625
0.7662883959044369
0.4649416403785487
0.08507920792079182
-0.029769283276450453
-0.2911315789473684
-1.0
-0.5784644067796613
-0.2892990595611288
-0.8710075339025616
0.7970902837489251
-0.15304330708661418
0.8283726169844019
-0.23513793103448266
-0.33443333333333336
0.8924242957746482
-0.8290828220858897
-0.6801064638783271
0.4620425531914891
-0.42231956912028734
-0.49552797202797183
0.38545833333333324
0.8039999999999998
0.4276065573770489
-0.7073379903277807
-0.16504705882352944
-0.4004306393244873
0.2594906924795233
-0.5483439999999998
0.43045156249999983
0.3716249039200614
-0.2446187141947802
-0.17893298633702015
0.20100585651537317
0.8924242957746482
0.5329060240963852
0.20100585651537317
1.0
0.01877754677754684
0.45625806451612894
0.2987243975903613
-0.6801064638783271
0.1811222707423581
0.786770154373928
-0.0936668896321069
-0.5694999999999998
-0.7353081827842719
-0.3147470478558112
-0.7754751698902249
-0.5604744027303755
-0.3308739184178
-0.3712833638025592
-0.2782555066079295
0.41344790046656277
-0.6006117647058826
0.3743830769230767
0.6065552825552822
-0.6676582969432316
0.5693722627737223
-0.24650763358778638
-0.7273805970149254
0.045886792452830116
-0.7780219321148826
0.21355180014695074
0.06191151685393259
-0.6814820846905536
-0.6238289838978346
-0.2892990595611288
-0.445514540059347
0.6096868852459016
-0.17101369863013727
0.1737254901960783
0.2035076923076924
0.06421363316936057
-0.34329353846153843
-0.14094466403162065
0.7527499999999996
-0.41729856115107933
-0.36955000000000027
-0.08739276139410213
0.30137151469479995
-0.23893750000000002
0.8494999999999997
-0.26526548672566364
-0.3833580097087378
-0.30933125778331283
0.5060143540669855
-0.3183463687150837
-0.8290828220858897
-0.18484545454545454
0.4533726415094339
-0.5452940503432494
-0.07053773584905687
-0.29843875
-0.18287719298245642
0.4050054305663302
0.08274770318021174
-0.19660155239327282
0.7833419023136245
0.9362651245551596
0.4162708171206222
-0.25403934010152285
0.3938097447795823
0.06421363316936057
-0.33975600739371536
-0.2911315789473684
-0.25027827191867835
-0.40888995790739624
-0.07476850605652774
-0.05563981042654054
0.10385064011379819
-0.2275096030729835
-0.6828562126966902
-0.3415258620689656
-0.005679504814305458
0.06882758620689633
0.03227557411273474
1.0
-0.20050000000000012
-0.8094134020618555
0.4853639968279142
-0.4273225806451614
0.10385064011379819
-0.016674434544208472
-0.02105133470225873
0.3551644988523335
0.10149253731343277
0.04133705512909991
0.6476705298013246
0.7259476351351348
0.12283690987124474
-0.7233977576081152
-0.4038204819277109
-0.8838811188811188
0.1180699999999999
-0.10406800000000005
-0.34682237246465897
-0.5299390103567321
-0.45533767001774106
-0.7005851293103449
0.14445788336933063
0.514935251798561
0.6444764267990073
0.09913778409090912
-0.1985520361990949
0.5940799999999997
0.39939891556932583
-0.4306479713603818
-0.40888995790739624
0.12283690987124474
0.14445788336933063
0.3743830769230767
-0.4747762771579568
0.842433043478261
-1.0
0.9215478723404256
0.021019417475727886
0.12761747851002858
0.09443829787234015
0.12283690987124474
-0.22368076923076952
-0.5903228346456694
0.06421363316936057
0.0573169705469847
-0.28746424090338785
0.12045175125089358
-0.7919345794392525
0.786770154373928
-0.7754751698902249
0.2060131964809384
0.06882758620689633
0.1614688856729376
-0.8217446153846153
0.10385064011379819
0.23892227979274616
0.6285848434925865
0.039066945606694325
-0.16105628272251327
0.12522548317823912
0.39939891556932583
0.8924242957746482
0.14687752161383272
-0.2947897371714644
-0.5437664567830565
0.05502452697967741
-0.007884536082474303
-0.08319597315436245
0.391021638330757
-0.5221950375072129
0.7359559695173579
-0.24650763358778638
DEGREE_RANK
0.8807017543859648
-0.9929824561403509
0.16491228070175445
-0.04561403508771922
0.7192982456140351
-0.6070175438596491
0.5438596491228069
-0.22105263157894728
-0.038596491228070184
-0.21403508771929824
0.7263157894736842
-0.7684210526315789
0.5508771929824561
0.3894736842105264
-0.43157894736842095
-0.8526315789473684
-0.03157894736842104
0.5578947368421052
0.39649122807017534
-0.4245614035087719
-0.6
-0.4175438596491228
-0.7614035087719297
-0.024561403508771784
-0.2070175438596491
-0.9298245614035088
0.5649122807017544
0.7333333333333332
-0.01754385964912275
0.7403508771929825
-0.41052631578947363
0.17192982456140338
-0.4035087719298246
-0.39649122807017534
-0.3894736842105262
0.8877192982456141
-0.19999999999999996
-0.9228070175438596
-0.19298245614035092
-0.18596491228070167
0.7473684210526317
-0.9157894736842105
0.5719298245614033
-0.38245614035087716
0.17894736842105274
-0.8456140350877193
-0.7543859649122807
0.9298245614035088
0.18596491228070167
0.1929824561403508
-0.17894736842105252
0.4035087719298245
-0.9087719298245613
-0.375438596491228
-0.010526315789473606
-1.0
0.41052631578947363
0.5789473684210527
-0.7473684210526315
0.5859649122807018
-0.0035087719298244613
-0.7403508771929824
-0.9017543859649123
0.4175438596491228
0.5929824561403507
-0.7333333333333334
-0.5929824561403508
0.7543859649122806
0.76140350877193
-0.5859649122807018
0.4245614035087719
0.43157894736842106
0.19999999999999996
0.9368421052631579
-0.5789473684210527
0.2070175438596491
0.4385964912280702
-0.1719298245614035
-0.36842105263157887
0.0035087719298245723
0.010526315789473717
-0.36140350877192984
0.01754385964912286
0.8947368421052633
0.7684210526315789
-0.16491228070175434
0.775438596491228
0.21403508771929824
0.6000000000000001
0.024561403508771784
0.7824561403508772
0.607017543859649
-0.5719298245614035
-0.5649122807017544
0.6140350877192982
-0.9859649122807017
0.2210526315789474
0.22807017543859653
0.7894736842105263
0.9017543859649122
0.23508771929824546
-0.9789473684210527
0.24210526315789482
-0.7263157894736841
-0.9719298245614035
0.7964912280701755
0.24912280701754375
0.8035087719298246
0.03157894736842115
0.03859649122807007
-0.5578947368421052
-0.9649122807017544
-0.7192982456140351
0.44561403508771913
0.04561403508771922
0.9087719298245616
0.6210526315789473
0.9438596491228068
-0.8385964912280701
-0.8947368421052632
0.2561403508771929
-0.5508771929824561
-0.712280701754386
-0.1578947368421052
0.26315789473684226
-0.3543859649122807
-0.887719298245614
-0.15087719298245605
0.6280701754385964
0.2701754385964912
0.8105263157894738
-0.14385964912280702
0.9157894736842105
0.052631578947368585
0.2771929824561403
0.05964912280701751
-0.7052631578947368
0.8175438596491227
0.4526315789473685
0.4596491228070174
-0.8315789473684211
-0.5438596491228069
-0.34736842105263155
-0.5368421052631578
-0.9578947368421052
-0.3403508771929824
-0.33333333333333326
0.06666666666666665
0.9508771929824562
-0.8807017543859649
0.28421052631578947
-0.13684210526315788
0.0736842105263158
0.46666666666666656
-0.6982456140350877
-0.8245614035087719
0.47368421052631593
-0.6912280701754385
-0.3263157894736841
0.2912280701754386
-0.8175438596491228
0.29824561403508754
-0.6842105263157894
0.3052631578947369
-0.5298245614035088
0.9228070175438596
-0.6771929824561403
-0.5228070175438596
0.6350877192982456
-0.3192982456140351
-0.31228070175438594
0.08070175438596494
-0.8105263157894737
-0.6701754385964912
0.08771929824561386
-0.12982456140350862
-0.3052631578947368
0.9578947368421054
0.3122807017543858
-0.12280701754385959
-0.5157894736842105
-0.11578947368421044
0.824561403508772
-0.9508771929824561
0.31929824561403497
0.9789473684210526
-0.1087719298245613
-0.10175438596491226
-0.6631578947368421
0.32631578947368434
0.09473684210526323
0.831578947368421
-0.5087719298245614
-0.29824561403508776
0.10175438596491215
-0.09473684210526312
-0.5017543859649122
0.9649122807017543
0.6421052631578947
-0.8736842105263158
-0.8035087719298246
-0.49473684210526303
-0.656140350877193
0.6491228070175439
-0.6491228070175439
-0.08771929824561397
0.6561403508771928
-0.2912280701754385
-0.487719298245614
0.48070175438596485
-0.28421052631578936
0.6631578947368422
1.0
-0.08070175438596483
-0.8666666666666667
-0.07368421052631569
0.33333333333333326
0.8385964912280701
0.1087719298245613
0.8456140350877195
0.487719298245614
0.6701754385964911
0.9719298245614036
-0.2771929824561403
0.3403508771929824
0.49473684210526314
-0.7964912280701755
-0.6421052631578947
-0.9438596491228071
0.34736842105263155
-0.48070175438596485
-0.2701754385964912
-0.26315789473684204
-0.6350877192982456
-0.7894736842105263
0.8526315789473684
0.5017543859649123
-0.4736842105263157
-0.256140350877193
0.9859649122807017
-0.24912280701754386
0.5087719298245612
0.11578947368421066
-0.6280701754385964
0.12280701754385959
0.8596491228070176
0.12982456140350873
-0.7824561403508772
-0.06666666666666654
-0.9368421052631579
0.9929824561403509
0.3543859649122807
0.3614035087719296
0.13684210526315788
0.6771929824561405
-0.4666666666666667
-0.6210526315789473
0.6842105263157896
0.368421052631579
-0.05964912280701751
0.5157894736842106
-0.8596491228070176
0.6912280701754385
-0.45964912280701753
0.14385964912280702
0.6982456140350879
-0.4526315789473684
-0.6140350877192982
0.8666666666666667
0.15087719298245594
-0.2421052631578947
-0.23508771929824557
0.3754385964912281
-0.22807017543859642
-0.44561403508771924
0.5228070175438595
0.5298245614035086
0.8736842105263158
0.1578947368421053
0.7052631578947368
-0.05263157894736836
0.712280701754386
-0.4385964912280701
0.38245614035087705
0.536842105263158
-0.775438596491228
EIGENVECTOR_RANK
0.487719298245614
-0.3263157894736841
0.5157894736842106
0.368421052631579
0.9438596491228068
-0.44561403508771924
0.26315789473684226
-0.4526315789473684
-0.4175438596491228
-0.7052631578947368
0.7964912280701755
-0.6
0.9298245614035088
0.6280701754385964
-0.1719298245614035
-0.9157894736842105
-0.1087719298245613
0.3403508771929824
0.9157894736842105
-0.6842105263157894
-0.8385964912280701
0.3614035087719296
-0.17894736842105252
-0.010526315789473606
-0.5789473684210527
-0.5929824561403508
-0.49473684210526303
0.5298245614035086
0.7473684210526317
0.8666666666666667
-0.13684210526315788
-0.7473684210526315
-0.7543859649122807
-0.712280701754386
-0.3894736842105262
-0.6210526315789473
0.0035087719298245723
-0.3403508771929824
0.19999999999999996
0.44561403508771913
0.7403508771929825
-0.5578947368421052
0.9228070175438596
-0.21403508771929824
0.6350877192982456
-0.22807017543859642
-0.18596491228070167
0.2561403508771929
0.29824561403508754
-0.38245614035087716
-0.39649122807017534
-0.24912280701754386
-0.9298245614035088
-0.656140350877193
-0.33333333333333326
-0.48070175438596485
-0.2421052631578947
0.7543859649122806
-0.31228070175438594
0.8526315789473684
-0.6070175438596491
-0.28421052631578936
-0.7403508771929824
0.6631578947368422
0.5859649122807018
-0.256140350877193
-0.5649122807017544
0.2210526315789474
0.6912280701754385
-0.22105263157894728
0.5719298245614033
0.24210526315789482
-0.5438596491228069
0.6000000000000001
-0.6982456140350877
0.7052631578947368
0.8807017543859648
0.4175438596491228
-0.8456140350877193
0.8736842105263158
-0.6421052631578947
0.06666666666666665
0.607017543859649
0.8105263157894738
0.7263157894736842
0.4245614035087719
0.6140350877192982
0.8877192982456141
0.831578947368421
-0.4666666666666667
0.4596491228070174
0.9578947368421054
-0.6491228070175439
-0.8105263157894737
-0.5719298245614035
-0.487719298245614
0.8947368421052633
0.4035087719298245
0.5438596491228069
0.39649122807017534
-0.41052631578947363
-1.0
-0.0035087719298244613
-0.19298245614035092
-0.3543859649122807
0.9508771929824562
-0.7684210526315789
0.9719298245614036
-0.03157894736842104
-0.4245614035087719
0.6701754385964911
-0.8596491228070176
-0.8947368421052632
0.5508771929824561
-0.7192982456140351
0.3122807017543858
0.5789473684210527
0.9859649122807017
-0.3192982456140351
-0.7333333333333334
0.12280701754385959
-0.19999999999999996
-0.1578947368421052
0.3052631578947369
0.2701754385964912
-0.2771929824561403
-0.9508771929824561
-0.6631578947368421
0.3894736842105264
0.824561403508772
0.6210526315789473
0.12982456140350873
0.9368421052631579
-0.14385964912280702
0.6491228070175439
0.08771929824561386
-0.887719298245614
-0.05263157894736836
0.8596491228070176
0.712280701754386
-0.7964912280701755
-0.8666666666666667
-0.04561403508771922
-0.9087719298245613
-0.9719298245614035
-0.10175438596491226
-0.4736842105263157
-0.36842105263157887
0.6561403508771928
-0.9649122807017544
0.5929824561403507
0.7333333333333332
-0.024561403508771784
-0.36140350877192984
-0.15087719298245605
-0.7263157894736841
0.43157894736842106
-0.9368421052631579
0.21403508771929824
0.1578947368421053
-0.9228070175438596
0.03859649122807007
-0.29824561403508776
0.024561403508771784
0.48070175438596485
0.33333333333333326
-0.3052631578947368
-0.5017543859649122
0.09473684210526323
-0.775438596491228
-0.12982456140350862
0.8456140350877195
-0.26315789473684204
-0.6350877192982456
-0.5859649122807018
0.17192982456140338
-0.11578947368421044
0.9789473684210526
0.14385964912280702
-0.08771929824561397
-0.4385964912280701
0.6982456140350879
0.47368421052631593
-0.8526315789473684
0.08070175438596494
0.4526315789473685
0.2771929824561403
-0.7824561403508772
0.04561403508771922
-0.2701754385964912
0.22807017543859653
0.5578947368421052
-0.06666666666666654
-0.08070175438596483
0.6421052631578947
-0.5298245614035088
-0.5508771929824561
0.775438596491228
0.5017543859649123
-0.5157894736842105
-0.2070175438596491
-0.8807017543859649
-0.8175438596491228
0.1929824561403508
-0.6771929824561403
-0.6701754385964912
0.6771929824561405
0.05964912280701751
-0.12280701754385959
0.24912280701754375
-0.6140350877192982
-0.6912280701754385
1.0
-0.7894736842105263
-0.9789473684210527
0.46666666666666656
-0.45964912280701753
0.31929824561403497
0.2070175438596491
0.34736842105263155
0.0736842105263158
0.32631578947368434
0.38245614035087705
0.8175438596491227
0.9017543859649122
0.3543859649122807
-0.375438596491228
-0.23508771929824557
-0.9859649122807017
0.28421052631578947
-0.7614035087719297
-0.8035087719298246
-0.5087719298245614
0.11578947368421066
-0.9438596491228071
0.7824561403508772
0.41052631578947363
-0.07368421052631569
-0.6280701754385964
0.8035087719298246
-0.4035087719298246
0.16491228070175445
-0.5228070175438596
-0.8245614035087719
0.10175438596491215
0.7894736842105263
0.18596491228070167
-0.5368421052631578
0.8385964912280701
-0.9929824561403509
0.9929824561403509
-0.09473684210526312
0.2912280701754386
0.17894736842105274
0.7684210526315789
-0.8736842105263158
-0.34736842105263155
0.5087719298245612
0.6842105263157896
-0.8315789473684211
0.5649122807017544
-0.9578947368421052
0.9649122807017543
-0.9017543859649123
-0.05964912280701751
0.15087719298245594
0.1087719298245613
-0.2912280701754385
0.76140350877193
0.49473684210526314
0.5228070175438595
0.03157894736842115
0.052631578947368585
0.010526315789473717
-0.01754385964912275
0.9087719298245616
0.536842105263158
0.23508771929824546
0.3754385964912281
0.4385964912280702
0.01754385964912286
0.13684210526315788
-0.43157894736842095
-0.038596491228070184
0.7192982456140351
-0.16491228070175434
CENT_RANK
-0.375438596491228
-0.6842105263157894
0.5859649122807018
-0.7333333333333334
0.8807017543859648
-0.39649122807017534
-0.01754385964912275
-0.7192982456140351
-0.4736842105263157
0.06666666666666665
0.22807017543859653
-0.6631578947368421
0.824561403508772
0.08771929824561386
-0.09473684210526312
-0.3052631578947368
-0.15087719298245605
0.052631578947368585
0.8105263157894738
0.03859649122807007
-0.8245614035087719
0.6421052631578947
-0.4666666666666667
0.1929824561403508
-0.712280701754386
0.21403508771929824
0.487719298245614
0.2701754385964912
0.8456140350877195
0.6491228070175439
-0.1087719298245613
-0.14385964912280702
-0.8385964912280701
0.32631578947368434
-0.43157894736842095
0.38245614035087705
-0.29824561403508776
-0.5157894736842105
0.7684210526315789
0.7824561403508772
0.2561403508771929
-0.656140350877193
0.9017543859649122
-0.256140350877193
0.712280701754386
-0.6491228070175439
-0.45964912280701753
0.03157894736842115
0.607017543859649
-0.34736842105263155
0.5649122807017544
-0.08771929824561397
-0.5929824561403508
-0.8035087719298246
-0.41052631578947363
-0.5228070175438596
-0.08070175438596483
0.3894736842105264
0.7894736842105263
0.6982456140350879
-0.7824561403508772
-0.9578947368421052
-0.887719298245614
0.6210526315789473
0.3403508771929824
-0.03157894736842104
-0.6210526315789473
0.04561403508771922
-0.22807017543859642
-0.5789473684210527
0.33333333333333326
0.775438596491228
0.4385964912280702
0.44561403508771913
-0.6982456140350877
-0.06666666666666654
0.7964912280701755
0.6561403508771928
-0.4035087719298246
0.9438596491228068
-0.775438596491228
0.8877192982456141
-0.2771929824561403
0.26315789473684226
-0.36842105263157887
0.49473684210526314
-0.44561403508771924
0.9508771929824562
0.9157894736842105
0.6140350877192982
-0.3894736842105262
0.831578947368421
-0.8105263157894737
-0.5087719298245614
0.17192982456140338
-0.6280701754385964
0.8526315789473684
0.6701754385964911
0.18596491228070167
-0.0035087719298244613
-0.3403508771929824
-1.0
-0.7684210526315789
-0.3263157894736841
-0.9789473684210527
0.8947368421052633
-0.11578947368421044
0.9228070175438596
-0.21403508771929824
-0.4526315789473684
0.9578947368421054
-0.9719298245614035
-0.8526315789473684
0.6631578947368422
-0.6
-0.6771929824561403
0.5228070175438595
0.9087719298245616
0.5929824561403507
-0.8807017543859649
-0.12982456140350862
-0.5508771929824561
0.4596491228070174
-0.7473684210526315
0.6000000000000001
0.5017543859649123
-0.23508771929824557
-0.1578947368421052
0.4035087719298245
0.9649122807017543
0.7052631578947368
0.41052631578947363
0.9929824561403509
0.05964912280701751
0.6350877192982456
0.46666666666666656
-0.8456140350877193
0.39649122807017534
0.8666666666666667
-0.05964912280701751
-0.7614035087719297
-0.9087719298245613
-0.4175438596491228
-0.9228070175438596
-0.7543859649122807
-0.4385964912280701
-0.5368421052631578
-0.2912280701754385
0.5719298245614033
-0.7964912280701755
0.5087719298245612
0.7333333333333332
-0.8315789473684211
0.7192982456140351
-0.24912280701754386
-0.9017543859649123
0.1087719298245613
-0.9298245614035088
0.43157894736842106
0.12982456140350873
-0.8596491228070176
-0.8175438596491228
-0.3192982456140351
-0.6350877192982456
0.7403508771929825
-0.13684210526315788
0.3754385964912281
0.4175438596491228
0.13684210526315788
-0.49473684210526303
-0.10175438596491226
0.8385964912280701
-0.5859649122807018
-0.5298245614035088
-0.05263157894736836
0.47368421052631593
-0.22105263157894728
0.9368421052631579
-0.28421052631578936
-0.5438596491228069
-0.38245614035087716
0.6842105263157896
-0.4245614035087719
-0.9649122807017544
-0.1719298245614035
0.6280701754385964
-0.7403508771929824
-0.024561403508771784
-0.36140350877192984
-0.16491228070175434
0.5578947368421052
0.17894736842105274
-0.17894736842105252
0.8596491228070176
0.9859649122807017
0.5789473684210527
-0.2701754385964912
0.536842105263158
0.14385964912280702
-0.48070175438596485
-0.33333333333333326
-0.26315789473684204
-0.5719298245614035
-0.038596491228070184
-0.010526315789473606
0.23508771929824546
-0.2070175438596491
-0.8666666666666667
-0.487719298245614
0.024561403508771784
0.1578947368421053
0.08070175438596494
1.0
-0.19298245614035092
-0.9438596491228071
0.6771929824561405
-0.6070175438596491
0.24210526315789482
0.010526315789473717
0.0035087719298245723
0.48070175438596485
0.2210526315789474
0.10175438596491215
0.76140350877193
0.8035087719298246
0.2912280701754386
-0.8947368421052632
-0.5578947368421052
-0.9859649122807017
0.2771929824561403
-0.07368421052631569
-0.5017543859649122
-0.7052631578947368
-0.6421052631578947
-0.8736842105263158
0.34736842105263155
0.6912280701754385
0.7543859649122806
0.2070175438596491
-0.18596491228070167
0.7263157894736842
0.5438596491228069
-0.6140350877192982
-0.5649122807017544
0.29824561403508754
0.3543859649122807
0.5157894736842106
-0.6701754385964912
0.9298245614035088
-0.9929824561403509
0.9789473684210526
0.0736842105263158
0.31929824561403497
0.19999999999999996
0.3052631578947369
-0.19999999999999996
-0.7894736842105263
0.15087719298245594
0.12280701754385959
-0.31228070175438594
0.28421052631578947
-0.9368421052631579
0.8736842105263158
-0.9157894736842105
0.4245614035087719
0.16491228070175445
0.368421052631579
-0.9508771929824561
0.24912280701754375
0.4526315789473685
0.7473684210526317
0.09473684210526323
-0.12280701754385959
0.3122807017543858
0.5508771929824561
0.9719298245614036
0.3614035087719296
-0.3543859649122807
-0.7263157894736841
0.11578947368421066
0.01754385964912286
-0.04561403508771922
0.5298245614035086
-0.6912280701754385
0.8175438596491227
-0.2421052631578947
RANK
101
249
228
104
111
183
61
267
214
261
157
143
263
141
155
226
62
119
234
207
160
112
136
32
152
20
161
92
53
149
256
60
80
102
140
144
123
186
3
278
7
24
232
74
283
1
115
247
11
41
45
233
163
95
66
242
216
114
52
172
69
202
243
227
121
179
146
173
55
37
93
231
169
208
199
8
22
46
109
86
145
34
182
142
54
78
5
90
180
0
84
188
277
49
100
200
103
162
259
15
36
147
178
82
196
201
43
154
285
126
68
176
108
206
255
213
239
192
184
189
127
16
31
165
120
272
106
30
170
14
51
56
230
75
139
174
281
203
65
187
6
204
99
219
218
280
209
47
19
67
17
133
9
251
211
13
271
222
156
279
258
159
168
198
257
210
265
94
191
98
23
253
238
25
221
10
205
217
268
40
83
27
229
260
225
244
254
273
252
33
70
64
235
245
276
266
166
35
57
137
128
131
167
264
158
72
73
269
122
135
175
220
26
85
125
150
246
116
282
197
241
274
190
50
148
195
2
118
124
48
89
63
185
134
21
29
77
113
97
215
181
236
59
130
44
153
240
151
164
270
237
223
38
71
39
58
76
224
18
284
12
91
171
28
96
193
138
262
4
81
105
42
117
88
107
248
177
79
87
110
129
275
250
194
132
212
