DEGREE
0.9166666666666667
0.9166666666666667
-0.5
0.16666666666666674
0.16666666666666674
-0.25
0.75
0.08333333333333326
0.0
-0.25
0.16666666666666674
0.25
-0.16666666666666663
-0.33333333333333337
-0.75
-0.16666666666666663
0.0
-0.6666666666666667
-0.33333333333333337
0.16666666666666674
-0.41666666666666663
0.41666666666666674
0.16666666666666674
0.33333333333333326
-0.16666666666666663
-0.08333333333333337
-0.08333333333333337
0.16666666666666674
0.0
-0.5
0.25
0.0
0.0
0.16666666666666674
-0.25
-0.33333333333333337
0.08333333333333326
0.08333333333333326
-0.08333333333333337
-0.08333333333333337
-0.5
-1.0
-0.16666666666666663
0.25
-0.08333333333333337
0.5
-0.41666666666666663
0.25
0.33333333333333326
0.75
0.16666666666666674
-0.25
-0.16666666666666663
-0.08333333333333337
-0.16666666666666663
0.33333333333333326
-0.25
-0.5
0.0
0.75
0.41666666666666674
0.5
-0.5833333333333333
-0.16666666666666663
0.6666666666666667
0.6666666666666667
0.5
-0.41666666666666663
0.0
-0.5
0.33333333333333326
-0.5833333333333333
-0.16666666666666663
0.75
-0.41666666666666663
0.25
0.0
0.08333333333333326
0.16666666666666674
0.33333333333333326
0.25
0.5833333333333333
0.08333333333333326
0.0
-0.16666666666666663
-0.5
-0.16666666666666663
1.0
0.25
-0.25
0.16666666666666674
0.5833333333333333
-0.5
0.08333333333333326
0.8333333333333333
0.9166666666666667
-0.5833333333333333
-0.5833333333333333
0.16666666666666674
0.0
-0.6666666666666667
0.08333333333333326
-0.16666666666666663
-0.25
0.33333333333333326
0.75
0.08333333333333326
-0.16666666666666663
-0.16666666666666663
0.0
0.9166666666666667
0.16666666666666674
-0.16666666666666663
0.9166666666666667
-0.25
0.0
-0.5
-0.25
-0.33333333333333337
0.16666666666666674
0.25
0.33333333333333326
-0.25
-0.25
-0.08333333333333337
0.41666666666666674
0.16666666666666674
-0.5833333333333333
-0.25
0.08333333333333326
-0.08333333333333337
1.0
0.41666666666666674
-0.33333333333333337
0.6666666666666667
0.0
0.08333333333333326
-0.41666666666666663
0.25
-0.25
-0.75
-0.25
-0.5833333333333333
0.08333333333333326
-0.08333333333333337
0.5833333333333333
0.08333333333333326
-0.75
0.5
-0.75
0.08333333333333326
-0.41666666666666663
0.0
0.16666666666666674
0.25
-0.5
0.33333333333333326
-0.25
0.0
0.08333333333333326
0.08333333333333326
-0.16666666666666663
0.6666666666666667
0.08333333333333326
-0.41666666666666663
-0.5833333333333333
-0.41666666666666663
-0.41666666666666663
-0.5
0.33333333333333326
0.08333333333333326
0.9166666666666667
-0.41666666666666663
0.5
0.41666666666666674
-0.5
-0.25
-0.5
0.5
-0.08333333333333337
0.25
0.5833333333333333
-0.16666666666666663
0.08333333333333326
-0.33333333333333337
-0.6666666666666667
EIGENVECTOR
0.9443573513299011
0.8340900448804727
-0.9858093368067731
-0.9167849893217909
-0.8143052467828045
-0.896701055763928
0.5543808792658409
-0.9820420812719072
-0.9982774770756817
-0.9086831828863998
-0.9048748070848532
-0.9020333264493419
-0.9529342971657864
-0.9927842774933776
-0.9999213354621732
-0.8955744511060311
-0.7578532786441731
-0.9991656395587046
-0.9359812436256084
-0.9984531556430863
-0.9992767747100034
-0.8749268275658905
-0.7687263398633751
0.2660304483362732
-0.9991896744805768
-0.9951244911756105
-0.48369032488490427
-0.8595566285128188
-0.9003246594494614
-0.9936384269664003
-0.4857435341481333
-0.9984138188134503
-0.14546100676921558
-0.7553648592945507
-0.9954021659549122
-0.9000804825024955
-0.9140325328314242
-0.9526816463441325
-0.9940655540702868
-0.9864885707090539
-0.9558783566197507
-1.0
-0.9985227468792404
-0.12517078506285306
-0.9985663593178359
-0.10514886224893394
-0.958759394065502
-0.9122407022686656
-0.8916651473088881
0.6686248518836986
-0.9183972068247722
-0.9734199878815863
-0.9982147341778075
-0.9057139088159731
-0.9905903619895531
-0.9214524788267547
-0.8624743293488675
-0.9994965990977647
-0.9952354280200711
0.7977744510667246
-0.7968026090730592
0.2602087500183561
-0.9892306024667595
-0.9995059579441352
0.6252145985916029
0.7135143369024819
0.5614706979208852
-0.9949393848885884
-0.9959999922172831
-0.9706218153029829
-0.8384496120290308
-0.9967802766488543
-0.9125863779838377
0.6977809881681767
-0.9985668370027001
-0.835902942552484
-0.371748494386021
-0.8326971583936289
-0.8198139131899895
-0.5544128884979209
-0.8226339040250943
-0.9008249338256262
-0.9988158568077883
-0.9990475360318888
-0.9394597506928415
-0.9605519777636078
-0.9592432315426133
0.9564748128623535
-0.8987654703084124
-0.9818272135698237
-0.8959134109769736
-0.8903126036386453
-0.988392638669702
-0.4025156823638103
0.8019391652155199
0.9546923506652063
-0.9968849598949479
-0.9995173135221695
-0.9968810547743937
-0.9383192823131271
-0.9967693480406142
-0.8357791045832051
-0.9982147341778076
-0.9703459959179941
-0.052820755977683875
0.6556394311592351
-0.8271750266623455
-0.954506962980405
-0.980387283838882
-0.938319282313127
0.8925237473756857
0.044872314830145976
-0.9938018471466494
0.9243981005444613
-0.8958459388568958
-0.9686899887783065
-0.9827268434909306
-0.9703459959179941
-0.9008963099877834
-0.7645824131901549
-0.9082334343893605
-0.833610028172528
-0.9982345984919689
-0.9002393869509571
-0.4770661577830776
0.17000452401308808
-0.8763115825284651
-0.9996033056938891
-0.9403728765586852
-0.5380498847859814
-0.9610812371483554
1.0
-0.7659287998377154
-0.9994206237504459
0.6252145985916027
-0.9982774770756816
-0.22108131823528432
-0.9994256932660932
-0.8866125427607205
-0.9995647695447012
-0.996837517890008
-0.940472774392833
-0.9795134294333923
-0.9981762160204245
-0.9989590007235474
0.3983267757773137
-0.6238580775782139
-0.9934884555464567
-0.9073075237751045
-0.9998554926933931
-0.9986737701399063
-0.9954753049521721
-0.7554705374488625
-0.28553837742678745
-0.835902942552484
-0.9883926386697021
-0.9037948987793574
-0.9995647695447009
-0.8060173223185126
-0.961921643748848
-0.911655406645739
-0.9670709517489463
0.09448789563226523
-0.5091748231648324
-0.9864653933748188
-0.9875159529055794
-0.9511327772699598
-0.9587593940655019
-0.9972200645523448
-0.8768129884312331
-0.9810181721571498
0.9756897815997589
-0.9949393848885881
0.3807829412339634
-0.9899328157294139
-0.9636258583032038
-0.9953576622520415
-0.9873188120058921
-0.8878445164508876
-0.9659979432239703
-0.9664836026822344
-0.9309404653671577
-0.9993325389123481
-0.9985007834337021
-0.9993236182739016
-0.9991656395587046
CENT
0.8048243419077168
0.7924842035251081
-0.6868340440256054
-0.16539668310174827
-0.06176535101867042
0.03380484296331798
0.7924842035251081
-0.012827575352168274
-0.5162502184169142
0.25833249924932433
0.32326222312952924
-0.26843728622349183
-0.16539668310174827
-0.34929232919797326
-0.8635713748212807
-0.26522961574507975
0.022011702424073354
-1.0
-0.2716374970031169
-0.27801564331332074
-0.6517571224924076
0.534454693434617
0.41560776792136145
0.5505652972871959
-0.5241838034378776
0.07378420683327014
0.8360269756647214
0.3615326755453294
0.22234949726358644
-0.41121048678910377
0.19587628865979378
-0.37322358319576077
0.5398087194137375
0.5559679960072992
-0.45649305633204385
-0.2716374970031169
0.41560776792136145
-0.4140874526875732
-0.3094675115861155
-0.14455564752803074
-0.43969747445189755
-0.9116767981459852
-0.37025565161111385
0.35188317131638125
-0.5189003436426118
0.644689522896188
-0.09109722914191543
0.44076315829195
0.4817869415807561
0.8172446110590439
-0.03937806320770665
-0.39672986486950335
-0.5320672816060771
0.4662895721193323
-0.1825348696179503
0.3663781644167432
-0.20618556701030932
-0.8152792737344204
0.04171785695208574
0.7024109099764588
0.081905998863544
0.5026656628819883
-0.3218471967236266
-0.6960131374874556
0.9064972428674178
0.6907216494845361
0.5131986500855252
-0.6326148078725397
-0.3908925151657626
0.29977991428240447
0.11067112719328187
-0.47307145396373973
-0.07650434581658982
0.6733247422680411
-0.5605522597809411
0.11898796566312075
0.7260117306843985
0.16983179598480724
0.26288659793814384
0.8486510199605175
0.43065693430656915
-0.20618556701030932
-0.26522961574507975
-0.5135944725650752
-0.31567151855434183
0.22680412371133984
0.43065693430656915
0.9728336584006685
-0.10554616293998764
-0.020461562614474738
0.2720328518507882
-0.09833955628050417
-0.3032349804479205
0.644689522896188
0.8613579808034129
0.7802234229456029
-0.6659136649279171
-0.8173345759552654
-0.10554616293998764
-0.35831707996656437
-0.6398293207088797
0.23575019170145706
-0.5320672816060771
-0.5808624046471544
0.43065693430656915
1.0
-0.02426404296185969
0.06973923590054576
0.0496719775070289
-0.35831707996656437
0.7439096460699977
0.5997852891492084
-0.40254135698873184
0.737924704571157
-0.2458254682735589
0.17846630302861222
-0.5241838034378776
-0.5808624046471544
0.002557544757033181
-0.06176535101867042
0.3663781644167432
0.12734910154158707
-0.5320672816060771
0.006428448856211411
0.6390156713797832
0.9863707845535556
0.6503809950694757
-0.7496063459995841
-0.35831707996656437
0.45603395997574236
0.06570482624963003
0.89349354816686
0.7802234229456029
-0.49754095655139785
0.9064972428674178
-0.5162502184169142
0.8110244114354459
-0.7561322431567721
-0.05434037434192651
-0.7186480490669451
-0.48400513251626054
-0.10554616293998764
-0.3371637197654962
-0.37025565161111385
-0.4537089895563987
0.5777432566021745
0.14844808048423186
-0.8336401003271122
-0.3218471967236266
-0.9303234980447921
-0.28119363046672474
0.014200071463546848
0.42060955296448
0.3615326755453294
0.11898796566312075
-0.3032349804479205
0.49742268041237137
-0.7186480490669451
0.731958762886598
0.29512297393039444
0.21347680764945598
-0.555421777409888
0.5777432566021745
0.5398087194137375
-0.47307145396373973
-0.306354823819049
-0.39672986486950335
-0.09109722914191543
-0.8173345759552654
0.49742268041237137
0.03775623157866659
0.7863439414313458
-0.6326148078725397
0.8613579808034129
-0.0947228743492905
-0.17227673580921632
0.022011702424073354
-0.20618556701030932
0.6503809950694757
-0.5682080677589081
0.1148240312833273
0.30913314941193515
-0.47032329096186554
-0.29697372796807464
-0.7690721649484534
-1.0
DEGREE_RANK
0.9243243243243244
0.9351351351351351
-0.8378378378378378
0.27567567567567575
0.28648648648648645
-0.5351351351351351
0.8594594594594593
0.08108108108108092
-0.08108108108108114
-0.5243243243243243
0.29729729729729715
0.4378378378378378
-0.3621621621621621
-0.6
-0.9891891891891892
-0.3513513513513514
-0.07027027027027033
-0.9459459459459459
-0.5891891891891892
0.30810810810810807
-0.7081081081081081
0.654054054054054
0.31891891891891877
0.5567567567567566
-0.3405405405405406
-0.18918918918918914
-0.17837837837837833
0.3297297297297297
-0.05945945945945941
-0.827027027027027
0.44864864864864873
-0.048648648648648596
-0.037837837837837784
0.3405405405405404
-0.5135135135135135
-0.5783783783783784
0.09189189189189184
0.10270270270270254
-0.16756756756756752
-0.1567567567567567
-0.8162162162162162
-1.0
-0.3297297297297298
0.45945945945945943
-0.1459459459459459
0.7081081081081082
-0.6972972972972973
0.47027027027027035
0.5675675675675675
0.8702702702702703
0.3513513513513513
-0.5027027027027027
-0.3189189189189189
-0.1351351351351351
-0.30810810810810807
0.5783783783783782
-0.49189189189189186
-0.8054054054054054
-0.027027027027026973
0.8810810810810812
0.664864864864865
0.7189189189189189
-0.9135135135135135
-0.29729729729729726
0.8162162162162161
0.827027027027027
0.7297297297297298
-0.6864864864864865
-0.01621621621621616
-0.7945945945945946
0.5891891891891892
-0.9027027027027027
-0.28648648648648645
0.8918918918918919
-0.6756756756756757
0.48108108108108105
-0.00540540540540535
0.11351351351351346
0.362162162162162
0.5999999999999999
0.491891891891892
0.7729729729729728
0.12432432432432439
0.00540540540540535
-0.27567567567567564
-0.7837837837837838
-0.2648648648648648
0.9891891891891893
0.5027027027027027
-0.48108108108108105
0.37297297297297316
0.7837837837837838
-0.772972972972973
0.1351351351351353
0.9135135135135135
0.945945945945946
-0.8918918918918919
-0.8810810810810811
0.38378378378378386
0.016216216216216273
-0.9351351351351351
0.145945945945946
-0.254054054054054
-0.47027027027027035
0.6108108108108108
0.9027027027027028
0.15675675675675693
-0.2432432432432432
-0.2324324324324325
0.027027027027026973
0.9567567567567568
0.3945945945945948
-0.2216216216216217
0.9675675675675677
-0.45945945945945954
0.037837837837837895
-0.7621621621621621
-0.44864864864864873
-0.5675675675675675
0.4054054054054055
0.5135135135135136
0.6216216216216215
-0.4378378378378378
-0.427027027027027
-0.12432432432432428
0.6756756756756757
0.4162162162162162
-0.8702702702702703
-0.4162162162162162
0.16756756756756763
-0.11351351351351358
1.0
0.6864864864864866
-0.5567567567567568
0.8378378378378377
0.048648648648648596
0.17837837837837833
-0.6648648648648648
0.5243243243243243
-0.4054054054054054
-0.9783783783783784
-0.39459459459459456
-0.8594594594594595
0.18918918918918926
-0.10270270270270276
0.7945945945945945
0.19999999999999996
-0.9675675675675676
0.7405405405405405
-0.9567567567567568
0.21081081081081088
-0.654054054054054
0.059459459459459296
0.4270270270270271
0.535135135135135
-0.7513513513513513
0.6324324324324326
-0.38378378378378375
0.07027027027027022
0.22162162162162158
0.2324324324324325
-0.21081081081081088
0.8486486486486486
0.2432432432432432
-0.6432432432432432
-0.8486486486486486
-0.6324324324324324
-0.6216216216216216
-0.7405405405405405
0.6432432432432433
0.2540540540540541
0.9783783783783784
-0.6108108108108108
0.7513513513513514
0.6972972972972973
-0.7297297297297298
-0.37297297297297294
-0.7189189189189189
0.7621621621621621
-0.09189189189189195
0.5459459459459459
0.8054054054054054
-0.20000000000000007
0.2648648648648648
-0.5459459459459459
-0.9243243243243243
EIGENVECTOR_RANK
0.9567567567567568
0.9243243243243244
-0.3405405405405406
0.048648648648648596
0.48108108108108105
0.2432432432432432
0.8162162162162161
-0.3189189189189189
-0.6972972972972973
0.10270270270270254
0.145945945945946
0.16756756756756763
-0.08108108108108114
-0.44864864864864873
-0.9891891891891892
0.27567567567567575
0.5459459459459459
-0.827027027027027
0.00540540540540535
-0.7297297297297298
-0.8594594594594595
0.3513513513513513
0.5135135135135136
0.7837837837837838
-0.8486486486486486
-0.5243243243243243
0.6324324324324326
0.37297297297297316
0.19999999999999996
-0.47027027027027035
0.6216216216216215
-0.7189189189189189
0.6972972972972973
0.5675675675675675
-0.5567567567567568
0.22162162162162158
0.059459459459459296
-0.07027027027027033
-0.49189189189189186
-0.3621621621621621
-0.10270270270270276
-1.0
-0.7513513513513513
0.7081081081081082
-0.7621621621621621
0.7189189189189189
-0.11351351351351358
0.08108108108108092
0.28648648648648645
0.8702702702702703
0.037837837837837895
-0.2648648648648648
-0.6756756756756757
0.1351351351351353
-0.4378378378378378
0.027027027027026973
0.362162162162162
-0.9135135135135135
-0.5351351351351351
0.9027027027027028
0.5027027027027027
0.7729729729729728
-0.4162162162162162
-0.9243243243243243
0.8486486486486486
0.8918918918918919
0.827027027027027
-0.5027027027027027
-0.5783783783783784
-0.254054054054054
0.38378378378378386
-0.6
0.07027027027027022
0.8810810810810812
-0.772972972972973
0.4054054054054055
0.664864864864865
0.4378378378378378
0.47027027027027035
0.5891891891891892
0.45945945945945943
0.18918918918918926
-0.7945945945945946
-0.8162162162162162
-0.027027027027026973
-0.1459459459459459
-0.1351351351351351
0.9783783783783784
0.2324324324324325
-0.30810810810810807
0.2540540540540541
0.29729729729729715
-0.39459459459459456
0.654054054054054
0.9135135135135135
0.9675675675675677
-0.6324324324324324
-0.9351351351351351
-0.6216216216216216
-0.00540540540540535
-0.5891891891891892
0.4162162162162162
-0.6648648648648648
-0.2324324324324325
0.7297297297297298
0.8594594594594593
0.44864864864864873
-0.09189189189189195
-0.28648648648648645
-0.01621621621621616
0.9351351351351351
0.7405405405405405
-0.48108108108108105
0.945945945945946
0.2648648648648648
-0.2216216216216217
-0.3297297297297298
-0.2432432432432432
0.17837837837837833
0.535135135135135
0.11351351351351346
0.4270270270270271
-0.6864864864864865
0.21081081081081088
0.6432432432432433
0.7621621621621621
0.3405405405405404
-0.9675675675675676
-0.037837837837837784
0.5999999999999999
-0.1567567567567567
1.0
0.5243243243243243
-0.8918918918918919
0.8378378378378377
-0.7081081081081081
0.6864864864864866
-0.9027027027027027
0.31891891891891877
-0.9459459459459459
-0.6108108108108108
-0.048648648648648596
-0.27567567567567564
-0.654054054054054
-0.8054054054054054
0.8054054054054054
0.5783783783783782
-0.45945945945945954
0.12432432432432439
-0.9783783783783784
-0.7837837837837838
-0.5675675675675675
0.5567567567567566
0.6756756756756757
0.3945945945945948
-0.4054054054054054
0.15675675675675693
-0.9567567567567568
0.491891891891892
-0.16756756756756752
0.09189189189189184
-0.21081081081081088
0.7513513513513514
0.6108108108108108
-0.3513513513513514
-0.38378378378378375
-0.05945945945945941
-0.12432432432432428
-0.6432432432432432
0.3297297297297297
-0.29729729729729726
0.9891891891891893
-0.5135135135135135
0.7945945945945945
-0.427027027027027
-0.17837837837837833
-0.5459459459459459
-0.37297297297297294
0.30810810810810807
-0.18918918918918914
-0.20000000000000007
0.016216216216216273
-0.8810810810810811
-0.7405405405405405
-0.8702702702702703
-0.8378378378378378
CENT_RANK
0.8702702702702703
0.8486486486486486
-0.8378378378378378
-0.1567567567567567
-0.037837837837837784
0.09189189189189184
0.8594594594594593
0.027027027027026973
-0.654054054054054
0.31891891891891877
0.38378378378378386
-0.254054054054054
-0.1459459459459459
-0.4054054054054054
-0.9567567567567568
-0.2432432432432432
0.07027027027027022
-1.0
-0.27567567567567564
-0.28648648648648645
-0.8162162162162162
0.5999999999999999
0.44864864864864873
0.6324324324324326
-0.6864864864864865
0.15675675675675693
0.9027027027027028
0.4054054054054055
0.28648648648648645
-0.5243243243243243
0.2648648648648648
-0.47027027027027035
0.6108108108108108
0.6432432432432433
-0.5675675675675675
-0.2648648648648648
0.45945945945945943
-0.5351351351351351
-0.3513513513513514
-0.1351351351351351
-0.5459459459459459
-0.9675675675675676
-0.45945945945945954
0.3945945945945948
-0.6648648648648648
0.6972972972972973
-0.07027027027027033
0.5135135135135136
0.5459459459459459
0.8918918918918919
-0.00540540540540535
-0.5027027027027027
-0.7189189189189189
0.535135135135135
-0.17837837837837833
0.4270270270270271
-0.21081081081081088
-0.9135135135135135
0.11351351351351346
0.7621621621621621
0.16756756756756763
0.5783783783783782
-0.38378378378378375
-0.8486486486486486
0.9567567567567568
0.7513513513513514
0.5891891891891892
-0.7945945945945946
-0.48108108108108105
0.362162162162162
0.17837837837837833
-0.6
-0.048648648648648596
0.7405405405405405
-0.7405405405405405
0.19999999999999996
0.7729729729729728
0.2432432432432432
0.3297297297297297
0.9135135135135135
0.48108108108108105
-0.20000000000000007
-0.2324324324324325
-0.6324324324324324
-0.3621621621621621
0.29729729729729715
0.491891891891892
0.9783783783783784
-0.12432432432432428
0.016216216216216273
0.3405405405405404
-0.09189189189189195
-0.3297297297297298
0.7081081081081082
0.9243243243243244
0.8162162162162161
-0.827027027027027
-0.9351351351351351
-0.11351351351351358
-0.4378378378378378
-0.8054054054054054
0.30810810810810807
-0.7081081081081081
-0.772972972972973
0.5027027027027027
1.0
0.00540540540540535
0.145945945945946
0.12432432432432439
-0.427027027027027
0.8054054054054054
0.6756756756756757
-0.5135135135135135
0.7945945945945945
-0.2216216216216217
0.2540540540540541
-0.6756756756756757
-0.7621621621621621
0.037837837837837895
-0.027027027027026973
0.4378378378378378
0.22162162162162158
-0.6972972972972973
0.048648648648648596
0.6864864864864866
0.9891891891891893
0.7189189189189189
-0.8810810810810811
-0.4162162162162162
0.5243243243243243
0.1351351351351353
0.945945945945946
0.827027027027027
-0.6216216216216216
0.9675675675675677
-0.6432432432432432
0.8810810810810812
-0.8918918918918919
-0.01621621621621616
-0.8702702702702703
-0.6108108108108108
-0.10270270270270276
-0.39459459459459456
-0.44864864864864873
-0.5567567567567568
0.654054054054054
0.2324324324324325
-0.9459459459459459
-0.37297297297297294
-0.9783783783783784
-0.29729729729729726
0.059459459459459296
0.47027027027027035
0.4162162162162162
0.21081081081081088
-0.3189189189189189
0.5567567567567566
-0.8594594594594595
0.7837837837837838
0.3513513513513513
0.27567567567567575
-0.7297297297297298
0.664864864864865
0.6216216216216215
-0.5891891891891892
-0.3405405405405406
-0.49189189189189186
-0.05945945945945941
-0.9243243243243243
0.5675675675675675
0.10270270270270254
0.8378378378378377
-0.7837837837837838
0.9351351351351351
-0.08108108108108114
-0.16756756756756752
0.08108108108108092
-0.18918918918918914
0.7297297297297298
-0.7513513513513513
0.18918918918918926
0.37297297297297316
-0.5783783783783784
-0.30810810810810807
-0.9027027027027027
-0.9891891891891892
RANK
17
185
149
41
14
147
97
168
57
184
137
127
139
157
63
2
96
20
100
67
172
103
117
179
74
161
52
102
122
24
116
44
8
135
83
133
140
71
164
182
34
144
40
37
29
112
51
166
68
31
42
143
99
109
128
13
142
62
148
84
38
165
92
155
183
150
19
18
35
11
15
82
114
56
81
177
54
175
3
12
39
88
98
141
91
174
46
167
72
4
119
138
50
106
89
7
118
123
151
16
176
5
170
58
108
130
107
25
60
70
180
75
154
121
146
77
115
30
160
28
85
101
9
78
90
159
69
181
10
43
27
153
55
120
22
36
152
80
86
104
47
129
53
48
156
169
61
66
21
32
163
23
33
145
162
111
124
45
93
126
178
73
65
59
76
158
113
110
95
132
171
1
6
0
136
49
26
79
94
173
131
64
134
87
125
105
