DEGREE
0.33333333333333326
-0.33333333333333337
0.33333333333333326
-0.7037037037037037
0.18518518518518512
0.7037037037037037
0.7777777777777777
0.2592592592592593
-0.6296296296296297
0.7777777777777777
-0.4814814814814815
0.40740740740740744
0.18518518518518512
0.4814814814814814
-0.40740740740740744
0.03703703703703698
-0.2592592592592593
0.40740740740740744
-0.9259259259259259
-0.6296296296296297
-0.18518518518518523
-0.2592592592592593
-1.0
-0.33333333333333337
-0.4814814814814815
-0.6296296296296297
-0.33333333333333337
0.18518518518518512
-0.33333333333333337
-0.6296296296296297
0.11111111111111116
0.5555555555555556
0.4814814814814814
-0.6296296296296297
-0.2592592592592593
-0.5555555555555556
0.8518518518518519
0.11111111111111116
0.5555555555555556
0.03703703703703698
-0.5555555555555556
-0.6296296296296297
0.11111111111111116
-0.18518518518518523
0.7037037037037037
-0.40740740740740744
-0.33333333333333337
0.7037037037037037
-0.2592592592592593
0.5555555555555556
-0.6296296296296297
-0.18518518518518523
-0.5555555555555556
-0.18518518518518523
-0.5555555555555556
-0.2592592592592593
0.5555555555555556
0.11111111111111116
-0.4814814814814815
-0.6296296296296297
0.8518518518518519
-0.4814814814814815
-0.5555555555555556
-0.11111111111111116
-0.33333333333333337
0.6296296296296295
0.7777777777777777
0.5555555555555556
-0.33333333333333337
0.11111111111111116
-0.4814814814814815
-0.03703703703703709
-0.33333333333333337
-0.33333333333333337
-0.18518518518518523
0.7777777777777777
-0.6296296296296297
0.03703703703703698
0.33333333333333326
-0.40740740740740744
0.11111111111111116
-0.2592592592592593
-0.18518518518518523
-0.7777777777777778
0.7037037037037037
0.40740740740740744
-0.2592592592592593
-0.40740740740740744
-0.40740740740740744
-0.7037037037037037
-0.8518518518518519
-0.2592592592592593
0.03703703703703698
-0.40740740740740744
-0.11111111111111116
-0.6296296296296297
0.7777777777777777
-0.7037037037037037
-0.7777777777777778
0.03703703703703698
0.6296296296296295
0.40740740740740744
-0.9259259259259259
-0.2592592592592593
1.0
-0.4814814814814815
-0.33333333333333337
-0.03703703703703709
-0.6296296296296297
-0.33333333333333337
0.9259259259259258
0.6296296296296295
0.11111111111111116
-0.5555555555555556
-0.6296296296296297
-0.33333333333333337
0.4814814814814814
0.18518518518518512
0.5555555555555556
0.6296296296296295
-0.6296296296296297
-0.6296296296296297
0.03703703703703698
0.33333333333333326
-0.5555555555555556
-0.6296296296296297
-0.11111111111111116
-0.33333333333333337
0.5555555555555556
-0.33333333333333337
0.4814814814814814
-0.4814814814814815
0.5555555555555556
-0.4814814814814815
-0.33333333333333337
-0.5555555555555556
0.7037037037037037
-0.40740740740740744
-0.18518518518518523
-0.18518518518518523
-0.2592592592592593
-0.2592592592592593
EIGENVECTOR
-0.15541629816199454
-0.9863079699392537
0.3817546159357357
-1.0
-0.3013189574281101
0.7548234622274794
0.6445055178772918
-0.4415818533532293
-0.989619675959393
0.8419557343904498
-0.9977512911025079
0.25371682467459733
-0.04589875076051353
0.47473539738992243
-0.9892491479318
-0.41742492666763487
-0.9631497079211317
0.04353065031241288
-0.9969561373496244
-0.9988331368052765
-0.9949612106439929
-0.444197444098026
-0.9991665290315782
-0.9920196455212479
-0.9977512911025079
-0.9492335911607568
-0.9515456770597993
0.018061793287648786
-0.9790058404069757
-0.998798876021845
-0.10414721341280309
0.3926254699877887
0.3132643182059789
-0.9978560653532187
-0.6880361169301216
-0.9943719904832123
0.4037292634248193
-0.015125358846905801
0.3183883037678521
-0.45459867599209747
-0.9996215346240472
-0.9987988760218451
-0.4045311989284931
-0.32725966974247833
0.6748582991083769
-0.9864060722583633
-0.9967393461853667
0.34501814174388623
-0.9862004634869882
0.3751802455693889
-0.718911070650527
-0.7402049630096854
-0.9490872802702972
-0.5898306236339268
-0.9922634652685841
-0.35597277950441586
0.3751802455693891
-0.24447972081116842
-0.9991047429451752
-0.9478354907991486
0.8798992168428024
-0.9951958014353325
-0.8699209084136528
-0.6793510897708857
-0.8001003215858999
0.6727952150855523
0.826392323775933
0.4008862170069887
-0.42820687932030066
-0.2386942144293559
-0.9977512911025079
-0.4498046429239544
-0.972308868598593
-0.9360527592325376
-0.9211518329487269
0.8412554388555449
-0.9998538657402813
-0.5905582523395334
-0.09039748567344386
-0.9992395334193218
-0.17922927933507637
-0.3023345013000829
-0.9892693903659245
-0.9857890441898708
0.7555174144327996
-0.13028871505566364
-0.9809704976629325
-0.8879523353488654
-0.9992395334193218
-0.9918078778284501
-0.9920556613840541
-0.9889534012341649
-0.39993328984845467
-0.9824950588069093
-0.9969602336581224
-0.9944235496358786
0.8167870288106065
-0.9496018923855515
-0.9381354032972996
-0.02965793934857619
0.24267919176179786
0.41318789231424935
-0.9921265937995203
-0.7704103206374404
1.0
-0.9905411555956392
-0.9862089507245007
-0.9901946960557144
-0.6725773000811227
-0.9894001416214774
0.7170644521665668
0.61761156696407
-0.4546456804048392
-0.6090118229920694
-0.9998538657402812
-0.656705090487694
-0.1275309546998512
0.14272107646538457
0.10789163527750567
0.39684928490404525
-0.9021194017214852
-0.9988331368052765
-0.2837163800712771
0.29258675157273495
-0.8857369380210504
-0.994063616022263
-0.9977807761285753
-0.9725647931153186
0.4008862170069887
-0.42804080250592935
0.2414832195836405
-0.9897405327367662
0.27890659612104196
-0.9897448608976093
-0.9951000974107337
-0.9905804644478531
0.49526193037723365
-0.6287992506258361
-0.9588280422975303
-0.897721015658033
-0.4882225001292675
-0.8550178619962857
CENT
0.8227315081549766
-0.2647808126021338
0.26955655206776297
-0.8586665398817731
0.6424390243902436
0.763884512230135
0.42977203889685955
0.6515000237721673
-0.44469081054446913
0.47849764893830304
-0.6664635226894533
-0.03956199805405758
0.24789203348603595
0.08446919564333055
-0.18113235186405918
0.42178454648396246
0.12375016683785667
0.7542536250104765
-0.6627791198039775
-0.6774465522433002
-0.21835591689250233
-0.19720778781684156
-1.0
-0.20252520532868168
-0.6664635226894533
-0.06901318009164015
0.08446919564333055
0.6882028060786938
-0.13733992241883197
-0.8112622082872549
-0.18651147975834315
0.07801905023269606
0.7930781391147244
-0.50929580846064
0.5542600304051817
-0.43581990205866983
0.9568163072935074
0.23360914318677528
-0.08062872628726325
0.12375016683785667
-0.7514934289127837
-0.8112622082872549
0.7351400180668473
-0.3905149051490516
0.11054483679165172
-0.3435624538063565
-0.3858952543013804
0.8937727345187889
-0.2596999140723113
-0.0573039601363754
-0.08062872628726325
0.25508130081300795
-0.051413867674030334
0.7068343711426934
-0.27488573393196614
-0.4578814657711795
-0.0573039601363754
0.7162214479287647
-0.5943873912423334
-0.41336786819195626
0.36690512401659814
-0.24434217927084945
-0.2596999140723113
0.5286390152037113
0.46210146186972545
0.6066435911883867
0.7832963784183296
0.09094667217858587
-0.525969946670702
0.6606065558143015
-0.6664635226894533
0.7446722539204822
-0.051413867674030334
0.13039533828814687
0.2194523711241525
0.35920972112946914
-0.8524664425529885
0.10398431643890893
0.7162214479287647
-0.7377598505505922
0.6066435911883867
-0.10358325805480284
-0.27488573393196614
-0.6328746458985626
0.29890004782400736
0.7735653004198437
-0.07483259201329495
-0.26984271711876007
-0.7377598505505922
-0.4491030425138457
-0.7650592689132998
-0.15392214350993438
0.39020608810739277
-0.08640172230065624
-0.37660618976028215
-0.48385411564959036
0.7735653004198437
-0.07483259201329495
-0.10358325805480284
0.4458603214873753
0.7735653004198437
0.42178454648396246
-0.5134856110465869
0.1171333935561576
0.6697589645921649
-0.284915525735183
-0.12056146202487694
-0.30966676149266104
-0.33877313272221976
-0.284915525735183
0.935574598989233
0.6974949444925922
0.4138344662135143
-0.5383281778945737
-0.8524664425529885
0.43779720816076084
1.0
-0.08062872628726325
0.8427612244460176
0.8834616079494126
0.13039533828814687
-0.6774465522433002
0.7068343711426934
0.14377161012989403
-0.2494807057298446
-0.4709351937810037
-0.3905149051490516
-0.07483259201329495
0.09094667217858587
-0.4578814657711795
0.80291097950144
-0.22880959359878217
0.8227315081549766
-0.284915525735183
-0.23400673400673422
-0.30966676149266104
0.5628838928976083
-0.12617630113309009
0.11054483679165172
0.39020608810739277
-0.12056146202487694
-0.045499928683497726
DEGREE_RANK
0.47517730496453914
-0.33333333333333337
0.4893617021276595
-0.9148936170212766
0.404255319148936
0.8156028368794326
0.8865248226950353
0.46099290780141855
-0.8723404255319149
0.9007092198581559
-0.5460992907801419
0.5319148936170213
0.4184397163120568
0.5886524822695036
-0.43262411347517726
0.21985815602836878
-0.12056737588652477
0.5460992907801419
-0.9858156028368794
-0.8581560283687943
0.03546099290780136
-0.10638297872340419
-1.0
-0.3191489361702128
-0.5319148936170213
-0.8439716312056738
-0.3049645390070922
0.4326241134751774
-0.2907801418439716
-0.8297872340425532
0.3049645390070923
0.6453900709219857
0.6028368794326242
-0.8156028368794326
-0.09219858156028371
-0.6595744680851063
0.9574468085106385
0.3191489361702129
0.6595744680851063
0.23404255319148937
-0.6453900709219857
-0.8014184397163121
0.33333333333333326
0.049645390070921946
0.8297872340425532
-0.4184397163120568
-0.276595744680851
0.8439716312056738
-0.07801418439716312
0.6737588652482269
-0.7872340425531915
0.06382978723404253
-0.6312056737588652
0.07801418439716334
-0.6170212765957447
-0.06382978723404253
0.6879432624113475
0.34751773049645385
-0.5177304964539007
-0.7730496453900709
0.9716312056737588
-0.5035460992907801
-0.6028368794326241
0.14893617021276606
-0.26241134751773043
0.7588652482269505
0.9148936170212765
0.7021276595744681
-0.24822695035460995
0.36170212765957444
-0.4893617021276596
0.1914893617021276
-0.23404255319148937
-0.2198581560283689
0.09219858156028371
0.9290780141843973
-0.7588652482269503
0.24822695035460995
0.5035460992907801
-0.4042553191489362
0.375886524822695
-0.04964539007092206
0.1063829787234043
-0.9432624113475178
0.8581560283687943
0.5602836879432622
-0.03546099290780136
-0.3900709219858156
-0.375886524822695
-0.900709219858156
-0.9574468085106383
-0.02127659574468077
0.26241134751773054
-0.36170212765957444
0.16312056737588643
-0.7446808510638299
0.9432624113475179
-0.8865248226950355
-0.9290780141843972
0.27659574468085113
0.773049645390071
0.5744680851063828
-0.9716312056737588
-0.007092198581560294
1.0
-0.475177304964539
-0.2056737588652482
0.2056737588652482
-0.7304964539007092
-0.1914893617021276
0.9858156028368794
0.7872340425531916
0.3900709219858156
-0.5886524822695036
-0.7163120567375887
-0.17730496453900713
0.6170212765957448
0.44680851063829796
0.7163120567375887
0.801418439716312
-0.7021276595744681
-0.6879432624113475
0.2907801418439717
0.5177304964539007
-0.574468085106383
-0.6737588652482269
0.17730496453900702
-0.16312056737588654
0.730496453900709
-0.14893617021276595
0.6312056737588654
-0.46099290780141833
0.7446808510638296
-0.44680851063829785
-0.13475177304964547
-0.5602836879432624
0.8723404255319149
-0.34751773049645385
0.12056737588652489
0.13475177304964547
0.007092198581560183
0.02127659574468077
EIGENVECTOR_RANK
0.3900709219858156
-0.4042553191489362
0.7021276595744681
-1.0
0.3191489361702129
0.9007092198581559
0.8439716312056738
0.1914893617021276
-0.4893617021276596
0.9716312056737588
-0.7872340425531915
0.5886524822695036
0.46099290780141855
0.801418439716312
-0.44680851063829785
0.23404255319148937
-0.276595744680851
0.5177304964539007
-0.7446808510638299
-0.8723404255319149
-0.6879432624113475
0.17730496453900702
-0.9148936170212766
-0.5886524822695036
-0.7730496453900709
-0.2198581560283689
-0.24822695035460995
0.5035460992907801
-0.3191489361702128
-0.8439716312056738
0.4326241134751774
0.7163120567375887
0.6312056737588654
-0.8297872340425532
0.007092198581560183
-0.6595744680851063
0.773049645390071
0.4893617021276595
0.6453900709219857
0.14893617021276606
-0.9574468085106383
-0.8581560283687943
0.24822695035460995
0.2907801418439717
0.8723404255319149
-0.4184397163120568
-0.7304964539007092
0.6595744680851063
-0.375886524822695
0.6737588652482269
-0.007092198581560294
-0.02127659574468077
-0.2056737588652482
0.1063829787234043
-0.6312056737588652
0.27659574468085113
0.6879432624113475
0.34751773049645385
-0.900709219858156
-0.1914893617021276
0.9858156028368794
-0.7163120567375887
-0.07801418439716312
0.02127659574468077
-0.04964539007092206
0.8581560283687943
0.9432624113475179
0.7446808510638296
0.2056737588652482
0.36170212765957444
-0.8014184397163121
0.16312056737588643
-0.2907801418439716
-0.16312056737588654
-0.14893617021276595
0.9574468085106385
-0.9858156028368794
0.09219858156028371
0.44680851063829796
-0.9432624113475178
0.375886524822695
0.3049645390070923
-0.46099290780141833
-0.36170212765957444
0.9148936170212765
0.404255319148936
-0.33333333333333337
-0.10638297872340419
-0.9290780141843972
-0.574468085106383
-0.6028368794326241
-0.43262411347517726
0.26241134751773054
-0.34751773049645385
-0.7588652482269503
-0.6737588652482269
0.9290780141843973
-0.23404255319148937
-0.17730496453900713
0.47517730496453914
0.5744680851063828
0.7872340425531916
-0.6170212765957447
-0.03546099290780136
1.0
-0.5460992907801419
-0.3900709219858156
-0.5319148936170213
0.03546099290780136
-0.475177304964539
0.8865248226950353
0.8297872340425532
0.13475177304964547
0.07801418439716334
-0.9716312056737588
0.049645390070921946
0.4184397163120568
0.5460992907801419
0.5319148936170213
0.730496453900709
-0.13475177304964547
-0.8865248226950355
0.33333333333333326
0.6170212765957448
-0.09219858156028371
-0.6453900709219857
-0.8156028368794326
-0.3049645390070922
0.7588652482269505
0.21985815602836878
0.5602836879432622
-0.5035460992907801
0.6028368794326242
-0.5177304964539007
-0.7021276595744681
-0.5602836879432624
0.8156028368794326
0.06382978723404253
-0.26241134751773043
-0.12056737588652477
0.12056737588652489
-0.06382978723404253
CENT_RANK
0.9007092198581559
-0.375886524822695
0.34751773049645385
-0.9858156028368794
0.6170212765957448
0.801418439716312
0.47517730496453914
0.6312056737588654
-0.6170212765957447
0.5319148936170213
-0.8297872340425532
0.07801418439716334
0.3191489361702129
0.1063829787234043
-0.2198581560283689
0.44680851063829796
0.21985815602836878
0.7872340425531916
-0.7872340425531915
-0.8581560283687943
-0.276595744680851
-0.24822695035460995
-1.0
-0.26241134751773043
-0.8156028368794326
-0.007092198581560294
0.12056737588652489
0.6737588652482269
-0.1914893617021276
-0.9432624113475178
-0.23404255319148937
0.09219858156028371
0.8723404255319149
-0.7021276595744681
0.5602836879432622
-0.6028368794326241
0.9858156028368794
0.3049645390070923
-0.09219858156028371
0.23404255319148937
-0.900709219858156
-0.9290780141843972
0.7588652482269505
-0.574468085106383
0.17730496453900702
-0.5177304964539007
-0.5460992907801419
0.9574468085106385
-0.36170212765957444
0.007092198581560183
-0.07801418439716312
0.33333333333333326
0.03546099290780136
0.7021276595744681
-0.4184397163120568
-0.6595744680851063
0.02127659574468077
0.730496453900709
-0.7588652482269503
-0.5886524822695036
0.3900709219858156
-0.3191489361702128
-0.34751773049645385
0.5460992907801419
0.5177304964539007
0.5886524822695036
0.8581560283687943
0.13475177304964547
-0.7304964539007092
0.6453900709219857
-0.8014184397163121
0.773049645390071
0.049645390070921946
0.24822695035460995
0.2907801418439717
0.375886524822695
-0.9716312056737588
0.16312056737588643
0.7446808510638296
-0.8865248226950355
0.6028368794326242
-0.13475177304964547
-0.4042553191489362
-0.7730496453900709
0.36170212765957444
0.8156028368794326
-0.04964539007092206
-0.3900709219858156
-0.8723404255319149
-0.6312056737588652
-0.9148936170212766
-0.2056737588652482
0.404255319148936
-0.10638297872340419
-0.5319148936170213
-0.6879432624113475
0.8297872340425532
-0.03546099290780136
-0.12056737588652477
0.5035460992907801
0.8439716312056738
0.46099290780141855
-0.7163120567375887
0.2056737588652482
0.6595744680851063
-0.46099290780141833
-0.16312056737588654
-0.4893617021276596
-0.5035460992907801
-0.44680851063829785
0.9716312056737588
0.6879432624113475
0.4326241134751774
-0.7446808510638299
-0.9574468085106383
0.4893617021276595
1.0
-0.06382978723404253
0.9290780141843973
0.9432624113475179
0.26241134751773054
-0.8439716312056738
0.7163120567375887
0.27659574468085113
-0.33333333333333337
-0.6737588652482269
-0.5602836879432624
-0.02127659574468077
0.14893617021276606
-0.6453900709219857
0.8865248226950353
-0.2907801418439716
0.9148936170212765
-0.43262411347517726
-0.3049645390070922
-0.475177304964539
0.5744680851063828
-0.17730496453900713
0.1914893617021276
0.4184397163120568
-0.14893617021276595
0.06382978723404253
RANK
22
3
76
114
29
41
90
40
79
88
19
121
10
24
70
18
83
58
113
68
102
33
95
125
55
129
89
8
35
59
43
126
46
94
45
108
107
135
105
109
133
54
82
87
1
48
62
124
61
134
131
20
23
21
30
14
91
28
137
106
140
81
98
93
38
50
117
86
97
127
25
49
56
52
72
141
11
31
13
26
67
128
77
44
138
103
16
39
73
120
123
74
37
12
51
2
84
75
60
92
139
112
15
101
6
115
99
64
9
63
34
136
65
80
4
7
69
104
27
111
53
122
57
78
42
71
17
5
85
96
100
66
32
130
0
132
118
119
47
110
36
116
