DEGREE
0.4901960784313726
0.8431372549019607
0.4509803921568627
-0.607843137254902
0.2941176470588236
-0.0980392156862745
0.7647058823529411
0.2549019607843137
-0.21568627450980393
-0.0980392156862745
0.7647058823529411
-0.17647058823529416
0.019607843137254832
0.6862745098039216
0.7647058823529411
0.803921568627451
0.4509803921568627
0.6862745098039216
-0.37254901960784315
0.7254901960784315
0.7254901960784315
0.5686274509803921
-0.0980392156862745
-0.5686274509803921
0.5294117647058822
-0.37254901960784315
-0.37254901960784315
-0.4117647058823529
-0.2549019607843137
0.2941176470588236
0.6862745098039216
0.607843137254902
0.4509803921568627
-0.5686274509803921
0.6470588235294117
0.5686274509803921
0.41176470588235303
-0.2941176470588235
0.6862745098039216
-0.4117647058823529
0.4901960784313726
0.5686274509803921
0.2941176470588236
0.37254901960784315
0.13725490196078427
0.019607843137254832
0.803921568627451
0.4509803921568627
0.4901960784313726
0.17647058823529416
0.6470588235294117
0.6470588235294117
0.21568627450980382
0.41176470588235303
0.2549019607843137
-0.8431372549019608
-0.4117647058823529
0.41176470588235303
0.6862745098039216
-0.37254901960784315
-0.2941176470588235
-0.2549019607843137
0.33333333333333326
0.4901960784313726
-0.33333333333333337
0.4901960784313726
0.019607843137254832
-0.21568627450980393
-0.7254901960784313
0.05882352941176472
-0.05882352941176472
0.05882352941176472
0.803921568627451
0.37254901960784315
0.21568627450980382
0.4901960784313726
0.33333333333333326
0.0980392156862746
-0.5686274509803921
0.4901960784313726
-0.13725490196078427
0.2941176470588236
-0.7647058823529411
0.6862745098039216
0.21568627450980382
-0.6862745098039216
-0.13725490196078427
0.05882352941176472
-0.5294117647058824
0.17647058823529416
0.2549019607843137
0.4509803921568627
-0.803921568627451
0.2549019607843137
-0.4901960784313726
0.33333333333333326
-0.37254901960784315
-0.17647058823529416
0.803921568627451
0.019607843137254832
-0.6862745098039216
0.17647058823529416
0.21568627450980382
0.4509803921568627
0.5294117647058822
0.6862745098039216
0.5686274509803921
0.607843137254902
0.5686274509803921
0.33333333333333326
0.37254901960784315
-0.2549019607843137
0.2549019607843137
0.37254901960784315
-0.019607843137254943
0.4901960784313726
-0.2941176470588235
0.13725490196078427
0.33333333333333326
0.0980392156862746
-0.13725490196078427
0.05882352941176472
-0.37254901960784315
0.5686274509803921
0.019607843137254832
-0.33333333333333337
0.8431372549019607
-0.17647058823529416
-0.37254901960784315
0.6862745098039216
-0.05882352941176472
0.4901960784313726
0.5294117647058822
0.8823529411764706
-0.05882352941176472
0.7647058823529411
0.5686274509803921
0.6470588235294117
0.13725490196078427
-0.37254901960784315
0.5686274509803921
-0.17647058823529416
-0.9215686274509804
-0.4509803921568627
0.21568627450980382
-0.0980392156862745
-0.2549019607843137
-0.2549019607843137
0.7647058823529411
0.2549019607843137
0.2549019607843137
0.8431372549019607
0.4509803921568627
-0.4509803921568627
0.21568627450980382
-0.2549019607843137
0.41176470588235303
0.2549019607843137
0.8823529411764706
0.5686274509803921
0.6862745098039216
0.0980392156862746
-0.7647058823529411
-0.5294117647058824
0.7647058823529411
0.13725490196078427
0.4901960784313726
0.5686274509803921
-0.6470588235294117
0.8431372549019607
0.21568627450980382
0.41176470588235303
-0.17647058823529416
0.21568627450980382
-0.019607843137254943
-0.019607843137254943
-0.37254901960784315
0.37254901960784315
0.6470588235294117
0.6470588235294117
0.17647058823529416
0.5294117647058822
0.33333333333333326
-0.2549019607843137
0.2941176470588236
0.5686274509803921
0.2549019607843137
-0.33333333333333337
0.37254901960784315
-0.6862745098039216
0.5294117647058822
0.8823529411764706
0.607843137254902
0.2941176470588236
0.2549019607843137
-0.2941176470588235
-0.13725490196078427
-0.33333333333333337
0.41176470588235303
0.2941176470588236
0.21568627450980382
0.4901960784313726
0.13725490196078427
0.41176470588235303
0.41176470588235303
-0.019607843137254943
0.4901960784313726
-0.17647058823529416
0.33333333333333326
0.2549019607843137
-0.21568627450980393
-0.2941176470588235
0.7647058823529411
-0.4117647058823529
0.5294117647058822
0.607843137254902
-0.6862745098039216
-0.17647058823529416
0.7254901960784315
0.6862745098039216
0.5294117647058822
0.33333333333333326
-0.0980392156862745
0.2941176470588236
0.21568627450980382
0.8823529411764706
-0.05882352941176472
0.2941176470588236
-0.6470588235294117
-0.019607843137254943
0.0980392156862746
0.607843137254902
0.05882352941176472
-0.17647058823529416
0.5294117647058822
0.6470588235294117
0.33333333333333326
0.2549019607843137
-0.4901960784313726
0.5294117647058822
0.607843137254902
-0.17647058823529416
0.5686274509803921
-0.21568627450980393
0.21568627450980382
0.2549019607843137
0.2549019607843137
-0.6862745098039216
-0.019607843137254943
0.41176470588235303
0.41176470588235303
0.41176470588235303
0.6862745098039216
0.17647058823529416
0.019607843137254832
0.41176470588235303
0.2549019607843137
0.2941176470588236
-0.4509803921568627
0.607843137254902
0.05882352941176472
-0.0980392156862745
-0.4117647058823529
0.4901960784313726
0.2549019607843137
0.8431372549019607
0.8823529411764706
0.8431372549019607
0.37254901960784315
0.7254901960784315
-0.13725490196078427
0.05882352941176472
0.7254901960784315
-0.13725490196078427
0.33333333333333326
-0.4901960784313726
-0.4117647058823529
0.13725490196078427
0.019607843137254832
0.607843137254902
0.4509803921568627
0.05882352941176472
0.17647058823529416
-0.0980392156862745
-0.37254901960784315
-0.607843137254902
0.4509803921568627
-0.21568627450980393
-0.05882352941176472
0.21568627450980382
0.7647058823529411
0.13725490196078427
0.21568627450980382
0.2941176470588236
0.5686274509803921
-0.13725490196078427
-0.4509803921568627
-0.13725490196078427
0.33333333333333326
0.41176470588235303
0.17647058823529416
-0.0980392156862745
0.5294117647058822
0.4509803921568627
-0.2941176470588235
0.5686274509803921
1.0
0.4509803921568627
0.6470588235294117
0.6470588235294117
0.2549019607843137
0.17647058823529416
0.05882352941176472
0.5686274509803921
0.4509803921568627
0.607843137254902
-0.4509803921568627
0.17647058823529416
-0.37254901960784315
-0.2549019607843137
0.4901960784313726
0.607843137254902
0.803921568627451
0.13725490196078427
0.2549019607843137
0.0980392156862746
0.019607843137254832
0.4509803921568627
0.4509803921568627
-0.5686274509803921
0.17647058823529416
-0.05882352941176472
-0.2941176470588235
0.2941176470588236
0.13725490196078427
0.4509803921568627
0.17647058823529416
0.13725490196078427
0.05882352941176472
0.41176470588235303
0.5294117647058822
-0.4509803921568627
0.6470588235294117
0.2941176470588236
0.21568627450980382
0.21568627450980382
0.7254901960784315
-0.0980392156862745
0.5294117647058822
-0.607843137254902
-0.33333333333333337
0.7647058823529411
-0.607843137254902
0.41176470588235303
0.5294117647058822
0.0980392156862746
0.33333333333333326
0.5686274509803921
0.37254901960784315
-0.37254901960784315
-0.6470588235294117
0.33333333333333326
0.21568627450980382
-0.019607843137254943
0.7254901960784315
-0.4117647058823529
0.33333333333333326
-0.0980392156862745
0.4509803921568627
-0.0980392156862745
0.5294117647058822
-0.17647058823529416
0.019607843137254832
0.5686274509803921
0.6470588235294117
0.17647058823529416
0.13725490196078427
-0.05882352941176472
0.5686274509803921
0.33333333333333326
0.2549019607843137
0.8823529411764706
0.4901960784313726
0.0980392156862746
0.6470588235294117
-0.6862745098039216
-0.13725490196078427
-0.019607843137254943
-0.33333333333333337
0.05882352941176472
0.6470588235294117
0.2549019607843137
0.37254901960784315
0.21568627450980382
0.21568627450980382
-0.0980392156862745
-0.019607843137254943
-0.5294117647058824
0.0980392156862746
0.41176470588235303
-0.37254901960784315
0.6470588235294117
0.2549019607843137
0.5686274509803921
0.37254901960784315
0.2941176470588236
0.17647058823529416
-0.21568627450980393
-0.019607843137254943
-0.13725490196078427
0.37254901960784315
0.2549019607843137
-0.2941176470588235
0.4901960784313726
0.21568627450980382
0.33333333333333326
-0.6862745098039216
0.6862745098039216
0.2549019607843137
-0.7647058823529411
-0.2941176470588235
-0.05882352941176472
0.13725490196078427
0.2549019607843137
-0.4901960784313726
0.5686274509803921
0.8823529411764706
-0.13725490196078427
0.5294117647058822
0.2941176470588236
0.41176470588235303
-0.607843137254902
0.5686274509803921
0.0980392156862746
-0.0980392156862745
-0.33333333333333337
0.05882352941176472
0.7647058823529411
0.33333333333333326
0.13725490196078427
-0.2549019607843137
0.0980392156862746
-0.4901960784313726
0.33333333333333326
0.2549019607843137
-0.33333333333333337
-0.05882352941176472
0.21568627450980382
0.5294117647058822
-0.2549019607843137
-1.0
0.4509803921568627
0.21568627450980382
0.05882352941176472
0.5686274509803921
0.6470588235294117
-0.019607843137254943
0.33333333333333326
0.13725490196078427
0.6862745098039216
0.41176470588235303
0.13725490196078427
0.8431372549019607
0.17647058823529416
0.7647058823529411
0.2941176470588236
0.41176470588235303
0.6862745098039216
0.4509803921568627
0.6862745098039216
0.17647058823529416
0.21568627450980382
0.6862745098039216
0.6470588235294117
0.05882352941176472
0.8431372549019607
0.4509803921568627
0.5686274509803921
-0.019607843137254943
0.607843137254902
-0.5294117647058824
0.33333333333333326
-0.05882352941176472
0.4509803921568627
0.0980392156862746
EIGENVECTOR
-0.6914011521457955
0.7894706846510664
0.5654565693644003
-0.9787786913013553
-0.03323163830540665
-0.9405312863445129
0.9001614821413464
-0.3069720162661821
-0.9842585302508202
-0.9720296265697984
-0.49424128410883883
-0.9835880314986236
-0.6847645385186178
0.43244023211366867
0.8216034513597477
0.9267454868621929
0.4476378651333299
0.2600147291099122
-0.9398562481521435
-0.6068037125880221
0.8014935749938465
-0.6418556928561308
-0.8470931971306843
-0.9765970999589768
-0.5770945220413015
-0.5149248997874702
-0.8033896671312886
-0.9477786513495607
-0.9861363448887223
0.05337190053364993
0.4986251109189186
-0.5794122760818512
-0.03545687560572375
-0.9740128407022944
0.5959014042809356
-0.38735785284959534
-0.7767590628802016
-0.9693377296990897
0.793491225674503
-0.9333055429176227
-0.4095815980335775
0.2341145882825768
-0.5186441039648197
-0.40795807135940576
-0.7241828992527222
0.03656573960627174
0.6165467539360128
-0.5215067856499624
-0.6076394736212876
-0.7161500171401398
-0.25568329527996725
0.6585229774959398
-0.6093130164057847
0.14227131254908976
-0.6567031058703374
-0.9931778831065863
-0.9413835380720633
0.15275941145298644
-0.5326771298040229
-0.9774066913762249
-0.9743962662480996
-0.5231165862480092
-0.6465478480031133
0.4822067659641711
-0.29264706360269366
-0.5512248831230726
0.056814569328906606
-0.9690851225378438
-0.999175138229732
-0.4282118640025163
-0.9773781648298587
-0.9369528245001787
0.8340701827386658
0.39157622546754034
-0.31770935711957304
0.1728084531042231
-0.41747848259454445
-0.8038581203265426
-0.9659899877499465
-0.6963658367368426
-0.9613885626256176
0.2986064672806381
-0.9997199364369307
0.45002083819939265
-0.6981419633588763
-0.9652316683357748
-0.8867536856954388
-0.7053408733508617
-0.9762433483997108
-0.5554161326273712
-0.04773408969863335
-0.8170780848826447
-0.8909878112998448
-0.1410359404220669
-0.6719043457049417
-0.6475887717146763
-0.9362939274821835
-0.9167560261679071
-0.410843227820583
-0.3515263484294513
-0.9863608096328008
-0.9347175631192393
-0.24743424556806703
-0.8170780848826448
-0.463196738039362
-0.20615041609432294
-0.48175509494252633
-0.5629440597591309
-0.7148064959690832
-0.5673316394146082
-0.38040838486441464
-0.9722516531741002
-0.7274739206791228
-0.5134039621910342
-0.9253242349675374
-0.7945937093027395
-0.9565267457973469
-0.8721833605639402
-0.24024121791117314
-0.9554772939777543
-0.13134608613093812
-0.9531445420464865
-0.9362939274821835
0.10361661811590839
-0.6350796843416369
-0.983396400018234
0.5871344977691979
-0.9286203499167981
-0.9362939274821838
-0.19617455673969475
-0.36628531217246907
0.21817654363667072
0.3984908268671348
0.8211773872886483
-0.6614384535887627
0.5723453592424206
0.2773836871678437
-0.563656326062344
-0.9236501590705357
-0.9345552286441101
-0.566044109624944
-0.7449086066709865
-0.9942137592047617
-0.9935266998029272
-0.9235983226731552
-0.9415101638187636
-0.9832841629526693
-0.9869432722032386
0.732839393710949
-0.17521029290743617
-0.6870165132940012
0.22737279625461726
-0.6186060356044767
-0.4824769422710985
-0.23588456513558786
-0.9317987567565709
-7.755640942241904e-06
-0.6510039455444727
0.9895207467212135
-0.7146328322791964
0.4482288362394282
-0.9648794355650724
-0.8787483273140289
-0.9654423232102982
0.8265787022455287
0.14278054756995573
-0.4972010068388114
0.6246169786899687
-0.9848085378896954
-0.4750404916940565
-0.5529764750607452
0.2916078898953649
-0.9757363211689029
-0.6188465473273415
-0.9071965568519967
-0.9328211022250703
-0.9885613235936258
-0.6450531906409318
0.30765053059146563
0.6415187970169136
-0.3151561808006266
0.07781533634713966
-0.7883276435520976
-0.9385032523287264
-0.012511995431656597
-0.7107126125064007
-0.22151195644083954
-0.9412869648236222
-0.22459763187039528
-0.8410050905048653
-0.768358517530616
0.6673920494975534
0.03951812902795826
-0.11405838385568434
-0.900276877075371
-0.890464251414875
-0.781130438834002
-0.633292964489912
-0.0779101635170577
-0.13236839253484123
-0.09207576128431672
0.2541000386465546
-0.9042371662356137
0.4226950449929505
-0.7560843311553315
-0.6969242682233172
0.481053566588004
-0.9116726546006078
-0.947026984705572
0.04552246936744564
-0.7513148563499172
-0.8596663748133722
0.5074074665814698
-0.9795980111320586
-0.6592010368152169
0.14451910132674706
-0.9652316683357751
-0.642092532850233
-0.5832803062371164
0.32093612886574174
-0.7828991552694465
-0.7895025206371158
-0.7287103365068162
-0.18961837021002403
-0.6844517719756572
0.9079310578826074
-0.9755345179042795
-0.6487359422371493
-0.9771689115452543
-0.02806360053792689
-0.6383576300407487
0.5996048546264265
-0.8765634190718752
-0.46988036687031864
0.26148973698892175
-0.6351949285516625
-0.5874191275284417
-0.6961310062120082
-0.9694491393490801
-0.36417390544070005
0.5512518997535969
-0.8980060920089384
0.0643829563514462
-0.7681688331522591
-0.7097028533952304
-0.030285674075263724
-0.18670981315796586
-0.841005090504865
-0.6362578945114199
-0.30328345851980365
0.43962244848791676
-0.12162641620692194
-0.2646344485271821
-0.8746193558883092
-0.7279795191638236
-0.913396672092244
-0.19298894134592115
-0.8109244162710117
-0.9850234527126414
-0.5505881391741503
-0.8677711408664985
-0.03537093370585531
-0.906396744353026
0.03531498143560974
-0.8036597967637598
0.8238278571008963
0.8923279570418696
0.8274950485116404
-0.5750372130909263
0.39804079103535206
-0.7843762812578979
-0.2034756339904814
0.08536139194601211
-0.19378046978851027
-0.25517835234924624
-0.9120787884560064
-0.6315741056072828
-0.9070731279104107
-0.9096895752791434
-0.7119167481132568
-0.6415118689597618
-0.2529523314875889
-0.7947430514454998
-0.9733387344478717
-0.9270146229744891
-0.8874436061708536
-0.711524795249418
-0.3072602338747086
-0.9635027125716445
-0.8401344130223558
-0.5190202881565167
-0.46661169590192886
-0.6977491819792048
0.3026989736231205
-0.7814901621251444
-0.9199126113854679
-0.9817552341872011
-0.9427569547253047
-0.9188318099208191
-0.45005741933332877
-0.7304793246243857
-0.6378037922976062
-0.7881120684190064
-0.23004296014071757
-0.8598964371531743
-0.48951032393503424
0.9271461065491104
-0.6677106128230388
0.4646216000438792
0.3172419773301489
-0.6340293251060992
-0.9305143229288388
-0.9341585103170091
-0.3973252680056131
0.08210247895891709
-0.5455362372471693
-0.9801040644233869
-0.6862917672696567
-0.9362939274821838
-0.9737633245572397
-0.7352683909668968
-0.281310205301743
0.8414774758231018
-0.8119869603098437
-0.9282260641694426
-0.9277847678855731
-0.9758264012818149
0.18537455896758348
-0.7424271226748582
-0.9521299665849796
-0.9165817563087852
-0.9706605040969614
-0.9271232099356094
-0.36276236312866306
0.11266641253221832
-0.8170780848826447
-0.7870681021859471
-0.9174066180790535
-0.6265386167925706
-0.5683076230168551
-0.7524410280735998
-0.9108098900522275
0.31469495154598626
-0.0006966203533909088
-0.6825444784228594
-0.8302142141381502
-0.4838261771426354
-0.797771584849506
-0.6712159995025742
-0.9787786913013552
-0.6345264937783217
0.6198313519150414
-0.8874436061708534
-0.4855710589847084
-0.6107931423674147
-0.8392981839946229
-0.12301126961807896
-0.5433261535651954
-0.6450531906409314
-0.8883558726201602
-0.9806138614114591
-0.6507527470883707
-0.5713763110503883
0.010501573264883879
0.7955163807588297
-0.9784820898479414
0.20115491745564174
-0.8523212040996262
-0.519952926049148
-0.8881825345313246
-0.4702779766712071
-0.9204222098461634
-0.9374606362186263
-0.7224013313085491
-0.49667172389890635
-0.8512251043955628
-0.9242433279723898
-0.920476618936593
0.5564281017016468
-0.6177663507314421
-0.8568723598838655
1.0
-0.17241606322157566
-0.8782352848010399
0.6492269196714828
-0.9831518900288091
-0.4456341042079661
-0.9061212322856589
-0.9837102780536862
-0.8770883842726144
0.3975227877818919
-0.649136185805775
-0.5943749314516393
-0.11929282886018822
-0.6988566944839312
-0.9803438639013135
-0.7860756632566358
-0.9715068080285516
-0.9249190993481621
0.20695345682236477
-0.9376147947409278
0.62477427011655
-0.8130932989152514
0.5771915017081917
-0.34695440004159084
0.20980968564984503
-0.9412908043385776
-0.889887569526437
-0.6244703513261801
-0.5125328028463988
0.14362537083242333
-0.13048411065958065
-0.5315950249198265
-0.9204029734966565
-0.9046820354268398
-0.6722939307308553
-0.9831518900288092
0.3786390791127101
-0.9155858146900319
-1.0
-0.907127146281766
-0.9732963277539148
0.01848941809878868
-0.09446975249482059
-0.7299243734717604
-0.5633059686038928
0.3541684138316208
-0.9015954629131098
0.12017082551713121
-0.634763142045861
-0.5540358253112068
-0.8671016495137264
-0.5006526646139394
-0.9420995757703295
-0.49820563555781316
-0.9049875643153724
0.05131012637865062
0.7950092143897478
-0.13346812273531494
-0.8713415230617998
-0.9706347791200498
0.07851430360188183
-0.7057086136445274
0.3168352641907004
-0.12178209206211876
-0.9744070658653478
-0.5133891988331969
-0.18055426301837618
0.270662170440787
-0.9206202177707783
-0.9577893466181631
-0.9282577476253011
-0.4545036059004832
-0.4939603055569092
0.4909872192659477
0.6843582949674127
-0.9013549205548544
0.12033158519968845
-0.8053155210656838
-0.5219216802186595
-0.26017503857335256
-0.9687432752371675
0.8877072846600491
-0.787068102185947
-0.4792515258035662
-0.16270870100705315
-0.15358466042940344
0.048658901294793555
0.17593287054952422
0.5611154133725575
-0.1471921744402187
-0.5206653107050793
-0.5870533771852773
0.4029756895402816
-0.9687315262377065
0.805112303443889
-0.6181914005401584
0.5955094765091911
-0.38329849233515834
-0.6435660126623025
-0.7489239279910136
-0.7505140969582529
-0.8682531541174743
-0.7614694673983965
-0.33851432115028424
CENT
-0.16352792465594912
0.3060226193030313
0.4747057235926171
-0.764536027402699
0.8872443556147751
-0.3980380880531147
0.5162514789542776
0.6098764612298542
-0.6919779269600583
-0.43637155214856227
0.6891906918984516
-0.6919779269600583
0.10958961049004134
0.17814976931267013
0.13950473738991365
0.23244390387955427
-0.02713140512363499
0.5162514789542776
-0.7501209563994374
0.4602552942272624
0.2050891191889994
-0.08271822150415409
-0.4037808046707687
-0.7150872391378722
0.6864956339267583
-0.46687602666924344
-0.44056930537187466
-0.5990789127483007
-0.7579028884498192
0.8842781141075029
0.19053229851455056
-0.03803760455992311
1.0
-0.4349696011202907
0.16789710244293232
0.12747668636695986
0.1556724484573322
-0.30759536162419654
0.23032472193667597
-0.867235723754321
0.8754042985416612
-0.18683014116243646
0.5187235273288515
0.33945547195781134
-0.26419363597574386
-0.2499782426560847
0.5892502773029906
0.31487853836385216
0.4293182934364159
0.14555008595093
0.8200573466675987
0.039848082323468814
0.4602552942272624
0.41520881340951443
0.7027202446691017
-0.9981776615840099
-0.8174584908762121
0.8724546339736214
0.5261587126197711
-0.3864850603112717
-0.32733286474460854
-0.19342530499230604
0.7549713590743112
-0.08799883351104087
-0.4517042568476862
0.5063948569550201
-0.2468014190391361
-0.3197719741502989
-0.9592427419987218
0.8519219306513508
-0.6529457727769962
-0.34383441442576146
0.727303652167967
-0.13305743159748928
0.4530710284942978
0.8402785220062252
0.523677138055066
-0.1802072956375823
-0.5260033913009188
0.17404152450162247
-0.17522189037517955
-0.1141473380657615
-0.931595611814346
0.28188850915051056
0.2071784626241846
-0.5154344883273565
-0.1802072956375823
-0.22921156327370362
-0.39082805390594977
-0.04165707710011479
0.7466316289667885
-0.4023472265102399
-0.7928905452390642
-0.0791882834291665
-0.36310488454503154
0.3170992393791039
-0.7798817417262263
-0.5061214197071231
0.8813160299113834
-0.2922359452672576
-0.8682518897272278
0.07824154561607677
0.9474558914065199
-0.4023472265102399
0.14555008595093
0.4246033755274259
0.5211987449962134
0.6176671823106397
-0.019820523913862576
0.8344810243544418
0.37121702530345657
-0.28604856172062876
0.057017950933005546
0.4175530584794862
0.0821288837744536
-0.41804007312823865
-0.42652940828245345
-0.27046972649109446
0.3896137215712401
-0.19835361599193513
-0.2673348833204169
-0.4723536266827406
-0.7798817417262263
0.15770397486976706
-0.20163059610424716
-0.6077925061453282
0.35300079938532725
-0.2657650613957435
-0.7798817417262263
0.19260452627541236
-0.2751600261968412
-0.03441018586706335
0.5688382523266986
0.31044521160976846
-0.15174729111243646
0.34621570116046674
0.07824154561607677
0.5436193336543458
0.18846249867139275
-0.43216163739973545
0.4941446631589972
-0.36310488454503154
-1.0
-0.8394802136338784
0.06663230043721513
-0.04526862956910327
-0.6884764235164716
-0.7809708765719674
0.41990023019748546
0.5713781577072714
0.20927026845587493
0.43404502818226964
0.5386145231361106
-0.4913619869944793
0.7081575246132206
-0.2922359452672576
0.9111250070720516
0.0840758678094331
0.2580715736833883
0.2580715736833883
0.5688382523266986
-0.5007720663567259
-0.7907315905493807
-0.5233685805970326
0.15770397486976706
-0.25789185010516136
0.8114508544958081
0.13950473738991365
-0.8206281446957259
0.7054370588251964
0.7858435928559044
0.561238276382239
-0.5700534510265157
0.11354856191692786
-0.11760209322433757
0.0531873774291316
-0.7787916803514796
0.3193226386944952
-0.1768854377193917
0.5969598190893795
0.9566357885359671
0.06278004243247759
-0.03441018586706335
-0.3228008760136307
-0.016152979201013662
0.01161382425937263
0.8315882978599063
-0.6311670662103706
0.19053229851455056
-0.6896446187674571
-0.36457697503377184
0.27971032132424556
0.04555206902849229
-0.07387901919327822
-0.0069485988619034655
0.4892663914528128
-0.35275935972138495
-0.5700534510265157
0.74940776451514
-0.07210542341760728
0.8431833098921708
0.7915067747854123
-0.05426303056251869
-0.1313474909463661
0.4105290813457969
-0.3060663839556166
-0.0014014800677348838
-0.6493403166630844
-0.35572254770357903
-0.27359818505246336
0.721814886576702
-0.13817634483857022
0.2537748104286879
-0.4166203760599728
-0.1296357273307962
0.28188850915051056
-0.5154344883273565
-0.18848152048875355
-0.03803760455992311
0.21346128474166992
-0.4166203760599728
0.013481435538890807
-0.3182552435634425
0.8402785220062252
0.19053229851455056
0.654433737366954
-0.5738741619811261
0.7328072622909194
-0.6837933364229757
-0.2594697141377189
-0.14836534225960896
0.6945916386173454
0.38269364167879316
-0.34084758014356065
0.2645360038583229
0.049365426488012565
-0.04707144389615936
0.667730642793176
-0.5865341613948167
0.7943441960678697
0.7383257772483283
0.34621570116046674
0.23668981829479763
-0.37776062064542626
0.18226762405310004
-0.04707144389615936
-0.03622489011713914
-0.6896446187674571
-0.20326652601969064
0.9937516316061072
-0.15174729111243646
0.622878081279147
0.23881655973986549
-0.3182552435634425
0.4941446631589972
0.16381273579232314
0.4506823015828758
-0.05963615638472941
-0.6837933364229757
0.5137825937893965
-0.1718895451427962
-0.2813915264661323
-0.3303466410254787
-0.010636456722482257
0.4626560968333122
0.5113168657666698
0.17199099531313444
0.31487853836385216
0.22820805087287788
0.23456560117191927
-0.36310488454503154
-0.3497902865594844
0.21766220301514516
-0.42652940828245345
0.6176671823106397
-0.2813915264661323
-0.3228008760136307
-0.09676193851977588
0.09973179882743333
-0.21304643102821252
-0.09326236537127419
-0.21791356882405588
0.5969598190893795
-0.5572412394612258
-0.7798817417262263
-0.6115099826214632
0.0023068601694318236
-0.4709861838970937
-0.3060663839556166
0.24094583000948244
0.602116331985773
0.10761353399075912
0.21556050393794912
-0.10025398165612387
-0.415199299975614
-0.1802072956375823
-0.6837933364229757
-0.07565069237190236
-0.05784706653330107
0.8961681117104925
0.04364860380220903
-0.19506979101254784
-0.4293482450397976
0.09776698842070797
-0.14157989203869414
0.5211987449962134
0.286252753031192
0.2516302720600634
-0.0069485988619034655
0.3689301822867954
0.08993012504445286
-0.02713140512363499
-0.04707144389615936
0.6972975418830103
0.9081251896948817
0.7081575246132206
-0.41804007312823865
0.6202709188103539
-0.7798817417262263
-0.3121730700286174
0.2928188606068012
0.8577679765947746
0.1435326388024587
0.5815708509142055
-0.221149925597677
0.15161646181128852
-0.6445179787631881
0.9322428703953076
0.10958961049004134
-0.7623287671232877
-0.19013117243083844
-0.4586203137302405
-0.6826199813050005
0.5637683180608764
-0.29993503685859535
-0.4023472265102399
-0.4873099916651177
-0.19177909969760554
-0.1398790226754012
0.8460921350093684
0.17199099531313444
-0.2875977596284012
0.37121702530345657
0.8200573466675987
0.007884830531729836
-0.08975523782849548
0.6891906918984516
-0.02347999033439263
0.039848082323468814
-0.764536027402699
-0.4222909102803126
0.5187235273288515
-0.6115099826214632
0.7943441960678697
0.4246033755274259
0.31044521160976846
-0.18683014116243646
0.4626560968333122
0.3193226386944952
-0.21142068058523733
-0.4873099916651177
0.6124699602423116
0.17404152450162247
-0.37337906092161866
0.13548613292234846
-0.35720194021772056
-0.07565069237190236
0.36664615384615407
0.13147679324894512
-0.5965791067154926
0.14555008595093
-0.6238289093293288
0.08018411096495304
-0.06855245154325851
0.6254886764832515
0.12548008526217136
-0.017987763014887803
-0.17522189037517955
0.08993012504445286
0.35073632828658896
-0.4489285374267479
0.4650599326707019
0.28188850915051056
0.04174727610004303
0.48440050900810383
-0.7590107809253037
-0.36751679641454327
-0.43216163739973545
-0.5965791067154926
-0.47508460899203886
0.7245574175620806
0.3237775519213195
0.16381273579232314
0.8961681117104925
-0.251564210754084
-0.5764154578707764
-0.06855245154325851
-0.5978295789044906
-0.019820523913862576
0.721814886576702
-0.4791713521152168
0.06663230043721513
0.4411573842311167
0.06085717621215703
0.9535714607937782
-0.08448032842969566
-0.36457697503377184
0.4175530584794862
0.8085899268868195
-0.38793414412178384
0.6517849303615715
0.6307201922515291
-0.3792182683411539
-0.2065332788893426
0.3016107225036859
0.24307763361671886
-0.7590107809253037
0.18433016569020277
0.10761353399075912
-0.9601847867780723
-0.5507906262275666
-0.5180841430091071
-0.32582371400936794
-0.05963615638472941
-0.6433096948155872
-0.043463841717879426
0.4626560968333122
-0.6311670662103706
0.561238276382239
0.23881655973986549
0.47228969716391633
-0.5903096160144885
0.48440050900810383
-0.4023472265102399
-0.15174729111243646
-0.32733286474460854
-0.21791356882405588
0.29940877280201916
0.6124699602423116
0.14555008595093
-0.2657650613957435
-0.17522189037517955
-0.6077925061453282
-0.15848975015658373
0.721814886576702
-0.30147019376923956
-0.1718895451427962
0.8548429180917458
0.41990023019748546
-0.6966322519939395
-0.936408027826204
-0.27672027848959735
0.9171373619000756
0.8665676637672959
0.7190760517247263
0.23244390387955427
-0.1313474909463661
-0.06855245154325851
0.3965595585848749
0.55618801207417
0.12149376788399024
-0.4873099916651177
0.18433016569020277
-0.4873099916651177
0.6784320348586821
0.0004516616703054144
0.0821288837744536
0.4435341263278414
0.800030739339104
0.7773778519947736
-0.1618503056010151
0.2928188606068012
-0.04165707710011479
0.5713781577072714
-0.5391039152193111
0.032272574784658836
-0.10199718706047844
0.05893648026973719
-0.37045081933105306
0.36208651993392116
-0.721941662080352
0.40586099040661683
-0.5572412394612258
0.38269364167879316
-0.09676193851977588
DEGREE_RANK
0.43801652892561993
0.9380165289256199
0.35537190082644643
-0.9256198347107438
0.0826446280991735
-0.5206611570247934
0.8719008264462811
-0.02066115702479343
-0.6322314049586777
-0.5165289256198347
0.8760330578512396
-0.6074380165289257
-0.37603305785123964
0.7768595041322313
0.8801652892561984
0.9173553719008265
0.359504132231405
0.7809917355371903
-0.7975206611570248
0.8429752066115701
0.8471074380165291
0.5702479338842974
-0.5123966942148761
-0.9049586776859504
0.5041322314049586
-0.7933884297520661
-0.7892561983471075
-0.8264462809917356
-0.6735537190082644
0.08677685950413205
0.7851239669421488
0.6652892561983472
0.36363636363636376
-0.9008264462809917
0.7107438016528924
0.5743801652892562
0.27685950413223126
-0.7107438016528925
0.7892561983471076
-0.8223140495867769
0.4421487603305785
0.5785123966942147
0.09090909090909083
0.23140495867768607
-0.23553719008264462
-0.371900826446281
0.9214876033057853
0.3677685950413223
0.44628099173553726
-0.17355371900826444
0.7148760330578512
0.71900826446281
-0.11157024793388426
0.28099173553719026
-0.016528925619834656
-0.9917355371900827
-0.8181818181818181
0.2851239669421488
0.7933884297520661
-0.7851239669421488
-0.7066115702479339
-0.6694214876033058
0.14876033057851235
0.4504132231404958
-0.743801652892562
0.4545454545454546
-0.3677685950413223
-0.6280991735537189
-0.9710743801652892
-0.33884297520661155
-0.4669421487603306
-0.3347107438016529
0.9256198347107438
0.23553719008264462
-0.1074380165289256
0.45867768595041314
0.1528925619834709
-0.28099173553719003
-0.8966942148760331
0.4628099173553719
-0.5661157024793388
0.0950413223140496
-0.9834710743801653
0.7975206611570249
-0.10330578512396693
-0.9669421487603306
-0.5619834710743802
-0.3305785123966941
-0.8884297520661157
-0.16942148760330578
-0.012396694214875992
0.3719008264462811
-0.987603305785124
-0.008264462809917328
-0.871900826446281
0.1570247933884299
-0.78099173553719
-0.6033057851239669
0.9297520661157026
-0.36363636363636365
-0.9628099173553719
-0.1652892561983471
-0.09917355371900827
0.37603305785123964
0.5082644628099173
0.8016528925619835
0.5826446280991735
0.6694214876033058
0.586776859504132
0.16115702479338845
0.2396694214876034
-0.665289256198347
-0.004132231404958664
0.24380165289256195
-0.4256198347107438
0.46694214876033047
-0.7024793388429752
-0.23140495867768596
0.16528925619834722
-0.27685950413223137
-0.5578512396694215
-0.32644628099173545
-0.7768595041322315
0.5909090909090908
-0.35950413223140487
-0.7396694214876033
0.9421487603305785
-0.5991735537190083
-0.7727272727272727
0.8057851239669422
-0.4628099173553719
0.47107438016528946
0.5123966942148759
0.9710743801652895
-0.45867768595041325
0.884297520661157
0.5950413223140496
0.7231404958677687
-0.2272727272727273
-0.768595041322314
0.5991735537190084
-0.5950413223140496
-0.9958677685950413
-0.8512396694214877
-0.0950413223140496
-0.5082644628099173
-0.6611570247933884
-0.6570247933884297
0.8884297520661157
0.0
0.004132231404958553
0.9462809917355373
0.3801652892561984
-0.8471074380165289
-0.09090909090909094
-0.6528925619834711
0.2892561983471076
0.008264462809917328
0.975206611570248
0.6033057851239669
0.8099173553719008
-0.2727272727272727
-0.9793388429752066
-0.884297520661157
0.8925619834710743
-0.22314049586776863
0.475206611570248
0.6074380165289257
-0.9380165289256198
0.9504132231404958
-0.08677685950413228
0.29338842975206614
-0.5909090909090909
-0.08264462809917361
-0.42148760330578505
-0.4173553719008264
-0.7644628099173554
0.24793388429752072
0.7272727272727273
0.7314049586776861
-0.16115702479338845
0.5165289256198347
0.16942148760330578
-0.6487603305785123
0.09917355371900838
0.6115702479338843
0.01239669421487588
-0.7355371900826446
0.2520661157024793
-0.9586776859504132
0.5206611570247932
0.9793388429752068
0.6735537190082646
0.10330578512396693
0.016528925619834656
-0.6983471074380165
-0.5537190082644627
-0.731404958677686
0.2975206611570249
0.1074380165289257
-0.07851239669421484
0.4793388429752068
-0.21900826446280997
0.30165289256198347
0.30578512396694224
-0.4132231404958677
0.48347107438016534
-0.5867768595041323
0.17355371900826455
0.02066115702479321
-0.6239669421487604
-0.6942148760330578
0.8966942148760331
-0.8140495867768596
0.524793388429752
0.6776859504132231
-0.9545454545454546
-0.5826446280991735
0.8512396694214877
0.8140495867768596
0.5289256198347105
0.1776859504132231
-0.5041322314049587
0.11157024793388426
-0.07438016528925617
0.9834710743801653
-0.4545454545454545
0.11570247933884303
-0.9338842975206612
-0.40909090909090906
-0.26859504132231404
0.6818181818181819
-0.3223140495867768
-0.578512396694215
0.5330578512396695
0.7355371900826446
0.18181818181818188
0.024793388429751984
-0.8677685950413223
0.5371900826446281
0.6859504132231404
-0.5743801652892562
0.615702479338843
-0.6198347107438016
-0.07024793388429751
0.028925619834710536
0.03305785123966953
-0.9504132231404959
-0.4049586776859504
0.3099173553719008
0.31404958677685957
0.3181818181818181
0.8181818181818181
-0.15702479338842978
-0.3553719008264462
0.3223140495867769
0.037190082644628086
0.11983471074380159
-0.8429752066115702
0.6900826446280992
-0.3181818181818181
-0.5
-0.8099173553719008
0.4876033057851241
0.04132231404958686
0.9545454545454546
0.9876033057851241
0.9586776859504131
0.25619834710743805
0.8553719008264464
-0.5495867768595042
-0.31404958677685946
0.859504132231405
-0.5454545454545454
0.18595041322314043
-0.8636363636363636
-0.8057851239669422
-0.2148760330578513
-0.35123966942148754
0.6942148760330578
0.38429752066115697
-0.3099173553719008
-0.15289256198347112
-0.49586776859504134
-0.7603305785123967
-0.9214876033057852
0.38842975206611574
-0.615702479338843
-0.4504132231404958
-0.06611570247933884
0.9008264462809916
-0.21074380165289264
-0.06198347107438018
0.12396694214876036
0.6198347107438016
-0.5413223140495868
-0.8388429752066116
-0.5371900826446281
0.1900826446280992
0.32644628099173545
-0.14876033057851246
-0.49173553719008267
0.5413223140495869
0.3925619834710743
-0.6900826446280992
0.6239669421487604
1.0
0.39669421487603307
0.7396694214876034
0.743801652892562
0.045454545454545414
-0.1446280991735538
-0.30578512396694213
0.6280991735537189
0.4008264462809916
0.6983471074380165
-0.8347107438016529
-0.14049586776859502
-0.756198347107438
-0.6446280991735537
0.49173553719008267
0.7024793388429751
0.9338842975206612
-0.20661157024793397
0.04958677685950419
-0.26446280991735527
-0.3471074380165289
0.4049586776859504
0.40909090909090917
-0.8925619834710744
-0.13636363636363635
-0.44628099173553715
-0.6859504132231404
0.12809917355371891
-0.2024793388429752
0.41322314049586795
-0.1322314049586777
-0.19834710743801653
-0.30165289256198347
0.3305785123966942
0.5454545454545454
-0.8305785123966942
0.7479338842975207
0.1322314049586777
-0.05785123966942152
-0.05371900826446285
0.8636363636363638
-0.487603305785124
0.5495867768595042
-0.9173553719008265
-0.7272727272727273
0.9049586776859504
-0.9132231404958677
0.3347107438016528
0.5537190082644627
-0.2603305785123966
0.19421487603305776
0.6322314049586777
0.2603305785123966
-0.7520661157024794
-0.9297520661157025
0.19834710743801653
-0.04958677685950419
-0.40082644628099173
0.8677685950413223
-0.8016528925619835
0.2024793388429751
-0.48347107438016523
0.4173553719008265
-0.47933884297520657
0.5578512396694215
-0.5702479338842975
-0.3429752066115702
0.6363636363636362
0.7520661157024793
-0.12809917355371903
-0.19421487603305787
-0.4421487603305785
0.640495867768595
0.20661157024793386
0.05371900826446274
0.9917355371900827
0.49586776859504145
-0.25619834710743794
0.756198347107438
-0.9462809917355371
-0.5330578512396694
-0.39669421487603307
-0.7231404958677685
-0.2975206611570247
0.7603305785123966
0.05785123966942152
0.2644628099173554
-0.045454545454545414
-0.04132231404958675
-0.4752066115702479
-0.3925619834710743
-0.8801652892561983
-0.2520661157024793
0.33884297520661155
-0.7479338842975207
0.7644628099173554
0.06198347107438007
0.6446280991735536
0.26859504132231393
0.13636363636363624
-0.12396694214876036
-0.6115702479338843
-0.38842975206611563
-0.5289256198347108
0.2727272727272727
0.06611570247933884
-0.6818181818181818
0.5
-0.037190082644628086
0.21074380165289242
-0.9421487603305785
0.8223140495867769
0.0702479338842974
-0.9752066115702479
-0.6776859504132231
-0.4380165289256198
-0.1900826446280992
0.07438016528925617
-0.859504132231405
0.6487603305785123
0.9958677685950414
-0.524793388429752
0.5619834710743801
0.14049586776859502
0.3429752066115703
-0.9090909090909091
0.6528925619834709
-0.24793388429752072
-0.47107438016528924
-0.71900826446281
-0.293388429752066
0.9090909090909092
0.2148760330578512
-0.18595041322314054
-0.640495867768595
-0.24380165289256206
-0.8553719008264463
0.21900826446280997
0.07851239669421473
-0.7148760330578512
-0.43388429752066116
-0.03305785123966942
0.5661157024793388
-0.6363636363636364
-1.0
0.4214876033057853
-0.02892561983471076
-0.28925619834710736
0.6570247933884299
0.7685950413223139
-0.38429752066115697
0.22314049586776874
-0.18181818181818188
0.8264462809917354
0.3471074380165291
-0.17768595041322321
0.9628099173553719
-0.1198347107438017
0.913223140495868
0.14462809917355357
0.35123966942148765
0.8305785123966942
0.4256198347107438
0.8347107438016528
-0.11570247933884303
-0.024793388429752095
0.8388429752066116
0.7727272727272727
-0.2851239669421487
0.9669421487603305
0.4297520661157026
0.6611570247933884
-0.3801652892561983
0.7066115702479339
-0.8760330578512396
0.2272727272727273
-0.4297520661157025
0.43388429752066116
-0.2396694214876034
EIGENVECTOR_RANK
-0.12396694214876036
0.9173553719008265
0.8471074380165291
-0.8966942148760331
0.5413223140495869
-0.7066115702479339
0.9793388429752068
0.359504132231405
-0.9504132231404959
-0.8264462809917356
0.21900826446280997
-0.9421487603305785
-0.11157024793388426
0.7892561983471076
0.9462809917355373
0.9876033057851241
0.7975206611570249
0.7066115702479339
-0.7024793388429752
0.05785123966942152
0.9338842975206612
-0.02892561983471076
-0.38429752066115697
-0.8760330578512396
0.0826446280991735
0.18595041322314043
-0.3223140495867768
-0.7396694214876033
-0.9628099173553719
0.5991735537190084
0.8264462809917354
0.07851239669421473
0.5330578512396695
-0.8471074380165289
0.8677685950413223
0.3099173553719008
-0.26446280991735527
-0.8057851239669422
0.9214876033057853
-0.6528925619834711
0.2975206611570249
0.6983471074380165
0.18181818181818188
0.30165289256198347
-0.19421487603305787
0.5785123966942147
0.8760330578512396
0.16528925619834722
0.05371900826446274
-0.18595041322314054
0.38429752066115697
0.9008264462809916
0.04958677685950419
0.6446280991735536
-0.07438016528925617
-0.9793388429752066
-0.71900826446281
0.6611570247933884
0.14876033057851235
-0.8884297520661157
-0.8512396694214877
0.1570247933884299
-0.04958677685950419
0.8181818181818181
0.3677685950413223
0.1322314049586777
0.6033057851239669
-0.8016528925619835
-0.9917355371900827
0.2851239669421488
-0.884297520661157
-0.6859504132231404
0.9628099173553719
0.7644628099173554
0.3471074380165291
0.6652892561983472
0.2892561983471076
-0.3305785123966941
-0.7892561983471075
-0.1322314049586777
-0.7644628099173554
0.7272727272727273
-0.9958677685950413
0.8057851239669422
-0.1446280991735538
-0.7768595041322315
-0.4504132231404958
-0.15289256198347112
-0.871900826446281
0.11983471074380159
0.5289256198347105
-0.3553719008264462
-0.47933884297520657
0.475206611570248
-0.0950413223140496
-0.05371900826446285
-0.6694214876033058
-0.5619834710743802
0.29338842975206614
0.3347107438016528
-0.9669421487603306
-0.665289256198347
0.39669421487603307
-0.35123966942148754
0.26859504132231393
0.4214876033057853
0.24380165289256195
0.11570247933884303
-0.18181818181818188
0.09917355371900838
0.3181818181818181
-0.8305785123966942
-0.19834710743801653
0.1900826446280992
-0.6115702479338843
-0.3099173553719008
-0.756198347107438
-0.4256198347107438
0.4008264462809916
-0.7520661157024794
0.4876033057851241
-0.7479338842975207
-0.6818181818181818
0.6280991735537189
-0.004132231404958664
-0.9380165289256198
0.859504132231405
-0.6363636363636364
-0.6776859504132231
0.4297520661157026
0.3223140495867769
0.6900826446280992
0.7768595041322313
0.9421487603305785
-0.08264462809917361
0.8512396694214877
0.71900826446281
0.1074380165289257
-0.5991735537190083
-0.6611570247933884
0.10330578512396693
-0.2272727272727273
-0.987603305785124
-0.9834710743801653
-0.5950413223140496
-0.7231404958677685
-0.9338842975206612
-0.9710743801652892
0.913223140495868
0.4545454545454546
-0.1198347107438017
0.6942148760330578
0.03305785123966953
0.2396694214876034
0.4049586776859504
-0.6446280991735537
0.5619834710743801
-0.07024793388429751
0.9958677685950414
-0.17768595041322321
0.8016528925619835
-0.7727272727272727
-0.44628099173553715
-0.7851239669421488
0.9545454545454546
0.6487603305785123
0.21074380165289242
0.884297520661157
-0.9545454545454546
0.2520661157024793
0.12809917355371891
0.7231404958677687
-0.8636363636363636
0.028925619834710536
-0.5289256198347108
-0.6487603305785123
-0.9752066115702479
-0.04132231404958675
0.7355371900826446
0.8925619834710743
0.35123966942148765
0.6115702479338843
-0.30165289256198347
-0.6983471074380165
0.5537190082644627
-0.1652892561983471
0.4173553719008265
-0.7107438016528925
0.41322314049586795
-0.3801652892561983
-0.2603305785123966
0.9049586776859504
0.5826446280991735
0.5123966942148759
-0.487603305785124
-0.4752066115702479
-0.26859504132231404
0.01239669421487588
0.524793388429752
0.48347107438016534
0.5206611570247932
0.7024793388429751
-0.5
0.7851239669421488
-0.24793388429752072
-0.13636363636363635
0.8140495867768596
-0.5413223140495868
-0.7355371900826446
0.586776859504132
-0.2396694214876034
-0.40082644628099173
0.8305785123966942
-0.9049586776859504
-0.07851239669421484
0.6570247933884299
-0.78099173553719
-0.03305785123966942
0.07438016528925617
0.7520661157024793
-0.27685950413223137
-0.30578512396694213
-0.20661157024793397
0.4421487603305785
-0.1074380165289256
0.9834710743801653
-0.859504132231405
-0.05785123966942152
-0.8801652892561983
0.5495867768595042
-0.02066115702479343
0.8719008264462811
-0.43388429752066116
0.2603305785123966
0.7107438016528924
-0.008264462809917328
0.06611570247933884
-0.12809917355371903
-0.8099173553719008
0.32644628099173545
0.8347107438016528
-0.48347107438016523
0.6074380165289257
-0.25619834710743794
-0.16115702479338845
0.5454545454545454
0.44628099173553726
-0.37603305785123964
-0.012396694214875992
0.36363636363636376
0.7933884297520661
0.5041322314049586
0.37603305785123964
-0.4297520661157025
-0.2024793388429752
-0.5495867768595042
0.43801652892561993
-0.33884297520661155
-0.9586776859504132
0.13636363636363624
-0.4132231404958677
0.5371900826446281
-0.5165289256198347
0.5743801652892562
-0.32644628099173545
0.9504132231404958
0.975206611570248
0.9586776859504131
0.08677685950413205
0.7727272727272727
-0.28099173553719003
0.4256198347107438
0.6239669421487604
0.43388429752066116
0.38842975206611574
-0.5454545454545454
0.016528925619834656
-0.5206611570247934
-0.5330578512396694
-0.17355371900826444
-0.024793388429752095
0.3925619834710743
-0.31404958677685946
-0.8388429752066116
-0.615702479338843
-0.4545454545454545
-0.16942148760330578
0.35537190082644643
-0.768595041322314
-0.371900826446281
0.1776859504132231
0.2644628099173554
-0.14049586776859502
0.7314049586776861
-0.2727272727272727
-0.5743801652892562
-0.9214876033057852
-0.731404958677686
-0.5702479338842975
0.27685950413223126
-0.2148760330578513
-0.016528925619834656
-0.2975206611570247
0.40909090909090917
-0.4049586776859504
0.2272727272727273
0.9917355371900827
-0.08677685950413228
0.8099173553719008
0.7479338842975207
0.008264462809917328
-0.640495867768595
-0.6570247933884297
0.30578512396694224
0.6198347107438016
0.14049586776859502
-0.9090909090909091
-0.11570247933884303
-0.6735537190082644
-0.8429752066115702
-0.21900826446280997
0.3719008264462811
0.9669421487603305
-0.3429752066115702
-0.6280991735537189
-0.6239669421487604
-0.8677685950413223
0.6735537190082646
-0.22314049586776863
-0.743801652892562
-0.5578512396694215
-0.8181818181818181
-0.6198347107438016
0.3305785123966942
0.6322314049586777
-0.35950413223140487
-0.28925619834710736
-0.5661157024793388
0.02066115702479321
0.0950413223140496
-0.24380165289256206
-0.5371900826446281
0.7396694214876034
0.5578512396694215
-0.10330578512396693
-0.36363636363636365
0.23553719008264462
-0.3181818181818181
-0.09090909090909094
-0.9008264462809917
0.004132231404958553
0.8801652892561984
-0.45867768595041325
0.23140495867768607
0.045454545454545414
-0.3677685950413223
0.49586776859504145
0.14462809917355357
-0.045454545454545414
-0.4669421487603306
-0.9173553719008265
-0.06611570247933884
0.09090909090909083
0.5661157024793388
0.9297520661157026
-0.8925619834710744
0.6776859504132231
-0.3925619834710743
0.17355371900826455
-0.4628099173553719
0.25619834710743805
-0.5826446280991735
-0.6900826446280992
-0.1900826446280992
0.2148760330578512
-0.38842975206611563
-0.6033057851239669
-0.5867768595041323
0.8388429752066116
0.04132231404958686
-0.39669421487603307
1.0
0.45867768595041314
-0.4421487603305785
0.8966942148760331
-0.9297520661157025
0.28099173553719026
-0.5123966942148761
-0.9462809917355371
-0.4380165289256198
0.7685950413223139
-0.06198347107438018
0.06198347107438007
0.5082644628099173
-0.14876033057851246
-0.9132231404958677
-0.2851239669421487
-0.8223140495867769
-0.6074380165289257
0.6818181818181819
-0.6942148760330578
0.8884297520661157
-0.3471074380165289
0.8553719008264464
0.33884297520661155
0.6859504132231404
-0.7148760330578512
-0.47107438016528924
0.024793388429751984
0.19834710743801653
0.6528925619834709
0.49173553719008267
0.1528925619834709
-0.578512396694215
-0.5041322314049587
-0.09917355371900827
-0.9256198347107438
0.7603305785123966
-0.5537190082644627
-1.0
-0.524793388429752
-0.8347107438016529
0.5702479338842974
0.5165289256198347
-0.21074380165289264
0.11157024793388426
0.756198347107438
-0.49586776859504134
0.6363636363636362
0.0
0.12396694214876036
-0.40909090909090906
0.2024793388429751
-0.7272727272727273
0.20661157024793386
-0.5082644628099173
0.5950413223140496
0.9256198347107438
0.4793388429752068
-0.42148760330578505
-0.8140495867768596
0.615702479338843
-0.15702479338842978
0.743801652892562
0.5
-0.8553719008264463
0.19421487603305776
0.4504132231404958
0.7148760330578512
-0.5909090909090909
-0.7603305785123967
-0.6322314049586777
0.2727272727272727
0.22314049586776874
0.8223140495867769
0.9090909090909092
-0.49173553719008267
0.640495867768595
-0.3347107438016529
0.16115702479338845
0.3801652892561984
-0.7975206611570248
0.9710743801652895
-0.293388429752066
0.24793388429752072
0.4628099173553719
0.46694214876033047
0.5909090909090908
0.6694214876033058
0.8429752066115701
0.47107438016528946
0.16942148760330578
0.0702479338842974
0.7809917355371903
-0.7933884297520661
0.9380165289256199
0.037190082644628086
0.8636363636363638
0.31404958677685957
-0.037190082644628086
-0.23140495867768596
-0.23553719008264462
-0.4173553719008264
-0.2520661157024793
0.3429752066115703
CENT_RANK
-0.24380165289256206
0.4008264462809916
0.586776859504132
-0.9173553719008265
0.9545454545454546
-0.5743801652892562
0.6239669421487604
0.71900826446281
-0.8760330578512396
-0.6487603305785123
0.7768595041322313
-0.871900826446281
0.1322314049586777
0.2396694214876034
0.16528925619834722
0.3099173553719008
-0.04132231404958675
0.6280991735537189
-0.8925619834710744
0.5578512396694215
0.27685950413223126
-0.1446280991735538
-0.5950413223140496
-0.884297520661157
0.7727272727272727
-0.6694214876033058
-0.6528925619834711
-0.7933884297520661
-0.8966942148760331
0.9504132231404958
0.2603305785123966
-0.06198347107438018
1.0
-0.6446280991735537
0.21900826446280997
0.1528925619834709
0.19834710743801653
-0.4504132231404958
0.30578512396694224
-0.9710743801652892
0.9421487603305785
-0.28925619834710736
0.6322314049586777
0.43801652892561993
-0.37603305785123964
-0.35950413223140487
0.7024793388429751
0.41322314049586795
0.5330578512396695
0.1776859504132231
0.8884297520661157
0.028925619834710536
0.5619834710743801
0.5041322314049586
0.7933884297520661
-0.9958677685950413
-0.9586776859504132
0.9380165289256199
0.6528925619834709
-0.5619834710743802
-0.487603305785124
-0.30578512396694213
0.8512396694214877
-0.15289256198347112
-0.6611570247933884
0.6115702479338843
-0.3553719008264462
-0.4669421487603306
-0.987603305785124
0.9214876033057853
-0.8388429752066116
-0.5
0.8305785123966942
-0.2024793388429752
0.5537190082644627
0.9049586776859504
0.6487603305785123
-0.28099173553719003
-0.7355371900826446
0.23140495867768607
-0.26446280991735527
-0.18181818181818188
-0.9793388429752066
0.3677685950413223
0.28099173553719026
-0.7231404958677685
-0.27685950413223137
-0.35123966942148754
-0.5702479338842975
-0.07024793388429751
0.8429752066115701
-0.5909090909090909
-0.9545454545454546
-0.14049586776859502
-0.5289256198347108
0.4214876033057853
-0.9421487603305785
-0.7148760330578512
0.9462809917355373
-0.4297520661157025
-0.9752066115702479
0.0826446280991735
0.9834710743801653
-0.5867768595041323
0.18181818181818188
0.524793388429752
0.640495867768595
0.7314049586776861
-0.02892561983471076
0.9008264462809916
0.47107438016528946
-0.4173553719008264
0.05785123966942152
0.5082644628099173
0.0950413223140496
-0.615702479338843
-0.6280991735537189
-0.3925619834710743
0.4876033057851241
-0.31404958677685946
-0.38842975206611563
-0.6776859504132231
-0.9380165289256198
0.2024793388429751
-0.3181818181818181
-0.8016528925619835
0.4545454545454546
-0.38429752066115697
-0.9338842975206612
0.2727272727272727
-0.40082644628099173
-0.04958677685950419
0.6818181818181819
0.4049586776859504
-0.23140495867768596
0.4421487603305785
0.08677685950413205
0.6611570247933884
0.25619834710743805
-0.640495867768595
0.6033057851239669
-0.524793388429752
-1.0
-0.9669421487603306
0.07438016528925617
-0.07851239669421484
-0.859504132231405
-0.9462809917355371
0.5165289256198347
0.6900826446280992
0.2851239669421488
0.5371900826446281
0.6570247933884299
-0.7066115702479339
0.8016528925619835
-0.4256198347107438
0.9710743801652895
0.10330578512396693
0.35123966942148765
0.35537190082644643
0.6859504132231404
-0.7107438016528925
-0.9504132231404959
-0.731404958677686
0.20661157024793386
-0.3677685950413223
0.884297520661157
0.16942148760330578
-0.9628099173553719
0.7975206611570249
0.859504132231405
0.6694214876033058
-0.7603305785123967
0.14049586776859502
-0.18595041322314054
0.05371900826446274
-0.9214876033057852
0.4256198347107438
-0.26859504132231404
0.7066115702479339
0.9917355371900827
0.0702479338842974
-0.045454545454545414
-0.4752066115702479
-0.016528925619834656
0.016528925619834656
0.8966942148760331
-0.8223140495867769
0.2644628099173554
-0.8677685950413223
-0.5371900826446281
0.36363636363636376
0.045454545454545414
-0.12809917355371903
-0.008264462809917328
0.5991735537190084
-0.5082644628099173
-0.756198347107438
0.8471074380165291
-0.12396694214876036
0.913223140495868
0.8636363636363638
-0.0950413223140496
-0.19834710743801653
0.5
-0.44628099173553715
0.0
-0.8347107438016529
-0.5123966942148761
-0.39669421487603307
0.8140495867768596
-0.20661157024793397
0.3471074380165291
-0.6074380165289257
-0.1900826446280992
0.3719008264462811
-0.71900826446281
-0.293388429752066
-0.05785123966942152
0.2892561983471076
-0.6033057851239669
0.02066115702479321
-0.4628099173553719
0.9090909090909092
0.26859504132231393
0.7603305785123966
-0.7644628099173554
0.8347107438016528
-0.8553719008264463
-0.371900826446281
-0.21900826446280997
0.7851239669421488
0.4793388429752068
-0.49586776859504134
0.359504132231405
0.04958677685950419
-0.09090909090909094
0.7644628099173554
-0.7727272727272727
0.8677685950413223
0.8388429752066116
0.44628099173553726
0.3223140495867769
-0.5537190082644627
0.24380165289256195
-0.08677685950413228
-0.05371900826446285
-0.8636363636363636
-0.3223140495867768
0.9958677685950414
-0.2272727272727273
0.743801652892562
0.32644628099173545
-0.45867768595041325
0.6074380165289257
0.21074380165289242
0.5495867768595042
-0.1074380165289256
-0.8512396694214877
0.6198347107438016
-0.2520661157024793
-0.4132231404958677
-0.49173553719008267
-0.012396694214875992
0.5661157024793388
0.615702479338843
0.22314049586776874
0.4173553719008265
0.30165289256198347
0.3181818181818181
-0.5206611570247934
-0.5041322314049587
0.2975206611570249
-0.6239669421487604
0.7355371900826446
-0.40909090909090906
-0.47107438016528924
-0.16942148760330578
0.11983471074380159
-0.3347107438016529
-0.16115702479338845
-0.3429752066115702
0.7107438016528924
-0.7520661157024794
-0.9297520661157025
-0.8099173553719008
0.008264462809917328
-0.6735537190082644
-0.4421487603305785
0.3347107438016528
0.7148760330578512
0.12396694214876036
0.29338842975206614
-0.17355371900826444
-0.5991735537190083
-0.2727272727272727
-0.8471074380165289
-0.13636363636363635
-0.09917355371900827
0.9586776859504131
0.04132231404958686
-0.3099173553719008
-0.6322314049586777
0.11570247933884303
-0.2148760330578513
0.6446280991735536
0.3801652892561984
0.3429752066115703
-0.004132231404958664
0.46694214876033047
0.1074380165289257
-0.037190082644628086
-0.08264462809917361
0.7892561983471076
0.9669421487603305
0.8057851239669422
-0.6115702479338843
0.7396694214876034
-0.9256198347107438
-0.4545454545454545
0.38429752066115697
0.9297520661157026
0.17355371900826455
0.6983471074380165
-0.3471074380165289
0.19421487603305776
-0.8305785123966942
0.9793388429752068
0.13636363636363624
-0.9090909090909091
-0.2975206611570247
-0.665289256198347
-0.8429752066115702
0.6776859504132231
-0.43388429752066116
-0.5826446280991735
-0.7024793388429752
-0.30165289256198347
-0.21074380165289264
0.9173553719008265
0.2272727272727273
-0.42148760330578505
0.475206611570248
0.8925619834710743
0.01239669421487588
-0.15702479338842978
0.7809917355371903
-0.03305785123966942
0.03305785123966953
-0.9132231404958677
-0.6198347107438016
0.6363636363636362
-0.8057851239669422
0.8719008264462811
0.5289256198347105
0.40909090909090917
-0.2851239669421487
0.5702479338842974
0.4297520661157026
-0.3305785123966941
-0.6983471074380165
0.7231404958677687
0.23553719008264462
-0.5495867768595042
0.16115702479338845
-0.5165289256198347
-0.1322314049586777
0.4628099173553719
0.1570247933884299
-0.7851239669421488
0.18595041322314043
-0.8140495867768596
0.09090909090909083
-0.1198347107438017
0.7479338842975207
0.14876033057851235
-0.02066115702479343
-0.2603305785123966
0.11157024793388426
0.4504132231404958
-0.6570247933884297
0.5785123966942147
0.37603305785123964
0.037190082644628086
0.5909090909090908
-0.9049586776859504
-0.5413223140495868
-0.6363636363636364
-0.78099173553719
-0.6818181818181818
0.8264462809917354
0.43388429752066116
0.2148760330578512
0.9628099173553719
-0.36363636363636365
-0.768595041322314
-0.11570247933884303
-0.7892561983471075
-0.024793388429752095
0.8181818181818181
-0.6859504132231404
0.07851239669421473
0.5413223140495869
0.06611570247933884
0.9876033057851241
-0.14876033057851246
-0.5330578512396694
0.5123966942148759
0.8801652892561984
-0.5661157024793388
0.756198347107438
0.7520661157024793
-0.5578512396694215
-0.32644628099173545
0.39669421487603307
0.33884297520661155
-0.9008264462809917
0.24793388429752072
0.12809917355371891
-0.9917355371900827
-0.743801652892562
-0.7272727272727273
-0.47933884297520657
-0.10330578512396693
-0.8264462809917356
-0.07438016528925617
0.5743801652892562
-0.8181818181818181
0.6735537190082646
0.3305785123966942
0.5826446280991735
-0.7768595041322315
0.5950413223140496
-0.578512396694215
-0.22314049586776863
-0.48347107438016523
-0.33884297520661155
0.3925619834710743
0.7272727272727273
0.1900826446280992
-0.3801652892561983
-0.25619834710743794
-0.7975206611570248
-0.23553719008264462
0.8223140495867769
-0.4380165289256198
-0.24793388429752072
0.9256198347107438
0.5206611570247932
-0.8801652892561983
-0.9834710743801653
-0.4049586776859504
0.975206611570248
0.9338842975206612
0.8099173553719008
0.31404958677685957
-0.19421487603305787
-0.11157024793388426
0.49173553719008267
0.6652892561983472
0.14462809917355357
-0.6942148760330578
0.2520661157024793
-0.6900826446280992
0.7685950413223139
0.004132231404958553
0.09917355371900838
0.5454545454545454
0.8760330578512396
0.8553719008264464
-0.2396694214876034
0.38842975206611574
-0.06611570247933884
0.6942148760330578
-0.7396694214876033
0.024793388429751984
-0.17768595041322321
0.06198347107438007
-0.5454545454545454
0.45867768595041314
-0.8884297520661157
0.49586776859504145
-0.7479338842975207
0.48347107438016534
-0.1652892561983471
RANK
142
55
419
68
450
82
100
39
143
168
56
92
162
147
96
122
128
284
318
176
3
349
329
385
416
28
18
480
23
449
8
11
189
247
146
228
258
296
332
70
207
326
424
187
427
371
285
352
125
442
27
397
369
388
431
238
395
226
172
197
283
482
420
474
78
163
421
85
216
97
161
153
336
360
461
463
400
389
121
287
25
331
64
380
26
9
33
139
387
302
116
273
350
115
316
213
220
294
22
91
103
335
433
5
88
409
59
412
243
363
478
386
190
406
94
141
270
365
208
196
271
71
233
262
60
435
422
183
276
67
222
253
319
37
205
288
445
334
99
155
341
111
261
275
451
130
209
117
120
127
440
44
229
165
394
45
66
87
324
281
436
279
359
413
248
124
119
301
61
337
330
217
41
356
77
86
295
178
80
377
441
260
446
0
470
443
134
250
434
230
304
338
211
73
203
456
214
174
81
476
293
277
484
280
345
63
405
21
93
297
366
193
199
373
396
457
257
423
298
202
236
245
312
145
425
89
472
31
218
246
131
182
16
311
347
108
398
376
184
263
194
308
206
465
286
344
185
221
475
51
348
383
300
192
235
175
112
477
403
181
144
401
101
136
372
114
466
157
310
378
303
278
291
418
12
328
173
460
375
35
368
364
14
167
322
49
104
370
439
325
36
123
164
255
392
34
266
340
79
362
13
244
417
462
138
30
188
224
129
20
84
150
219
292
272
268
38
15
455
269
242
252
429
289
415
307
212
158
159
234
191
83
215
382
306
320
471
437
414
1
133
355
47
267
95
177
358
391
43
135
241
379
126
479
367
309
110
342
232
483
118
458
481
204
53
113
407
148
448
105
354
48
151
402
467
256
74
19
52
264
357
426
381
430
2
384
432
195
140
254
65
265
259
6
17
42
351
106
305
76
58
152
137
459
171
428
333
132
160
149
473
323
46
179
282
290
7
361
438
107
274
317
251
374
411
410
225
237
464
24
10
346
231
313
54
169
154
315
454
210
399
444
390
72
227
240
90
198
62
469
170
201
239
353
468
408
166
50
343
186
109
75
223
200
339
69
447
321
453
57
40
98
29
4
299
393
314
156
452
327
102
404
180
249
32
