DEGREE
-0.28888888888888886
0.15555555555555545
-0.022222222222222254
-0.11111111111111116
0.022222222222222143
-0.6888888888888889
-0.022222222222222254
-0.15555555555555556
-0.4222222222222223
-0.15555555555555556
0.022222222222222143
0.5111111111111111
-0.06666666666666665
0.06666666666666665
0.6888888888888889
0.15555555555555545
-0.6
0.7777777777777777
-0.06666666666666665
0.24444444444444446
0.5111111111111111
0.15555555555555545
0.6444444444444444
-0.37777777777777777
0.4222222222222223
-0.33333333333333337
-0.5555555555555556
0.7333333333333334
0.06666666666666665
0.15555555555555545
0.24444444444444446
0.5555555555555556
0.288888888888889
-0.06666666666666665
0.11111111111111116
-0.15555555555555556
0.6888888888888889
-0.6888888888888889
0.15555555555555545
-0.6888888888888889
0.06666666666666665
-0.11111111111111116
0.24444444444444446
0.37777777777777777
-0.4666666666666667
0.06666666666666665
-0.06666666666666665
0.19999999999999996
0.11111111111111116
0.4222222222222223
0.5111111111111111
-0.24444444444444446
0.6888888888888889
0.19999999999999996
-0.19999999999999996
-0.24444444444444446
0.288888888888889
0.4222222222222223
0.288888888888889
-0.11111111111111116
0.7777777777777777
-0.19999999999999996
0.33333333333333326
-0.15555555555555556
0.022222222222222143
-0.33333333333333337
0.06666666666666665
0.15555555555555545
0.15555555555555545
0.11111111111111116
0.15555555555555545
-0.33333333333333337
0.022222222222222143
0.15555555555555545
0.022222222222222143
-0.11111111111111116
-0.7333333333333334
-0.4222222222222223
0.19999999999999996
-0.06666666666666665
0.15555555555555545
-0.11111111111111116
-0.06666666666666665
0.5111111111111111
0.4222222222222223
-0.7777777777777778
-0.8222222222222222
0.4222222222222223
0.19999999999999996
0.5111111111111111
0.4222222222222223
0.4222222222222223
0.288888888888889
-0.022222222222222254
0.24444444444444446
-0.06666666666666665
-0.7777777777777778
-0.6888888888888889
0.288888888888889
0.37777777777777777
-0.37777777777777777
0.33333333333333326
-0.022222222222222254
-0.06666666666666665
0.022222222222222143
-0.5555555555555556
-0.5555555555555556
0.06666666666666665
0.06666666666666665
-0.022222222222222254
-0.15555555555555556
0.15555555555555545
0.46666666666666656
0.11111111111111116
-0.24444444444444446
-0.33333333333333337
-0.15555555555555556
-0.7333333333333334
-0.15555555555555556
-0.6
-0.19999999999999996
0.24444444444444446
0.6000000000000001
-0.06666666666666665
-0.24444444444444446
-0.5555555555555556
-0.33333333333333337
-0.33333333333333337
0.06666666666666665
0.24444444444444446
0.7777777777777777
-0.5555555555555556
-0.5555555555555556
0.6000000000000001
-0.6888888888888889
0.06666666666666665
0.6000000000000001
-0.4666666666666667
0.11111111111111116
-0.06666666666666665
-0.19999999999999996
-0.24444444444444446
0.06666666666666665
0.46666666666666656
0.11111111111111116
-0.7333333333333334
0.15555555555555545
0.288888888888889
-0.11111111111111116
0.37777777777777777
-0.24444444444444446
-0.9111111111111111
0.46666666666666656
-0.7333333333333334
-0.06666666666666665
-0.4222222222222223
0.46666666666666656
0.6444444444444444
0.19999999999999996
0.022222222222222143
-0.28888888888888886
-0.5111111111111111
0.4222222222222223
-0.4222222222222223
-0.6444444444444444
-0.022222222222222254
0.15555555555555545
0.19999999999999996
-0.4666666666666667
-0.022222222222222254
-0.6888888888888889
-0.33333333333333337
0.11111111111111116
-0.6
0.11111111111111116
-0.15555555555555556
-0.37777777777777777
-0.28888888888888886
0.4222222222222223
-0.24444444444444446
-0.4666666666666667
-0.28888888888888886
-0.28888888888888886
0.06666666666666665
-0.8222222222222222
-0.19999999999999996
-0.37777777777777777
0.5555555555555556
-0.37777777777777777
-0.7777777777777778
-0.5111111111111111
0.022222222222222143
0.24444444444444446
0.5555555555555556
-0.5111111111111111
-0.4222222222222223
0.15555555555555545
0.6444444444444444
0.022222222222222143
-0.4222222222222223
0.4222222222222223
-0.022222222222222254
-0.8222222222222222
0.022222222222222143
0.06666666666666665
0.06666666666666665
0.4222222222222223
0.4222222222222223
-0.33333333333333337
0.11111111111111116
0.46666666666666656
-0.022222222222222254
0.6000000000000001
-0.022222222222222254
0.022222222222222143
-0.6888888888888889
0.24444444444444446
0.4222222222222223
0.24444444444444446
0.288888888888889
-1.0
-0.022222222222222254
-0.33333333333333337
-0.5111111111111111
-0.022222222222222254
0.37777777777777777
-0.19999999999999996
0.06666666666666665
0.5111111111111111
-0.24444444444444446
-0.022222222222222254
-0.19999999999999996
0.15555555555555545
0.11111111111111116
0.19999999999999996
-0.06666666666666665
-0.5111111111111111
0.4222222222222223
0.4222222222222223
-0.06666666666666665
-0.11111111111111116
-0.19999999999999996
0.46666666666666656
-0.28888888888888886
0.46666666666666656
0.11111111111111116
0.11111111111111116
-0.9111111111111111
0.288888888888889
0.06666666666666665
-0.5111111111111111
-0.6888888888888889
0.022222222222222143
-0.15555555555555556
0.11111111111111116
-0.6444444444444444
-0.11111111111111116
0.11111111111111116
-0.7777777777777778
0.11111111111111116
-0.4666666666666667
0.24444444444444446
0.022222222222222143
-0.33333333333333337
0.19999999999999996
0.288888888888889
0.15555555555555545
-0.06666666666666665
0.37777777777777777
0.8666666666666667
-0.19999999999999996
-0.4222222222222223
0.5555555555555556
0.11111111111111116
0.15555555555555545
0.37777777777777777
0.5111111111111111
-0.33333333333333337
-0.15555555555555556
0.022222222222222143
-0.4222222222222223
0.06666666666666665
-0.11111111111111116
-0.6888888888888889
-0.4666666666666667
0.19999999999999996
-0.6
0.37777777777777777
-0.4222222222222223
-0.6444444444444444
-0.37777777777777777
-0.6444444444444444
-0.24444444444444446
0.5555555555555556
-0.37777777777777777
-0.6
-0.11111111111111116
-0.022222222222222254
0.06666666666666665
-0.24444444444444446
-0.06666666666666665
0.5111111111111111
-0.022222222222222254
-0.15555555555555556
0.5555555555555556
0.5111111111111111
-0.06666666666666665
-0.8222222222222222
0.19999999999999996
0.37777777777777777
-0.6
0.288888888888889
-0.37777777777777777
0.46666666666666656
0.06666666666666665
0.46666666666666656
0.6000000000000001
0.11111111111111116
-0.11111111111111116
-0.33333333333333337
0.37777777777777777
-0.022222222222222254
0.022222222222222143
-0.5111111111111111
-0.06666666666666665
-0.15555555555555556
-0.15555555555555556
-0.33333333333333337
-0.15555555555555556
-0.06666666666666665
0.6888888888888889
-0.24444444444444446
0.24444444444444446
1.0
-0.6444444444444444
-0.06666666666666665
0.06666666666666665
-0.15555555555555556
-0.06666666666666665
-0.06666666666666665
-0.19999999999999996
-0.33333333333333337
-0.6888888888888889
0.5555555555555556
-0.15555555555555556
0.7333333333333334
-0.6444444444444444
0.6888888888888889
-0.11111111111111116
-0.5111111111111111
-0.06666666666666665
-0.4666666666666667
-0.33333333333333337
0.022222222222222143
0.06666666666666665
0.15555555555555545
-0.19999999999999996
0.46666666666666656
-0.4222222222222223
0.11111111111111116
0.24444444444444446
-0.28888888888888886
-0.5555555555555556
-0.24444444444444446
0.19999999999999996
-0.11111111111111116
0.022222222222222143
-0.11111111111111116
-0.06666666666666665
-0.5111111111111111
-0.6
0.5111111111111111
-0.15555555555555556
0.15555555555555545
-0.19999999999999996
0.022222222222222143
0.288888888888889
-0.022222222222222254
0.24444444444444446
-0.4666666666666667
-0.5111111111111111
0.7333333333333334
-0.11111111111111116
0.46666666666666656
-0.5111111111111111
-0.11111111111111116
0.24444444444444446
-0.19999999999999996
-0.022222222222222254
-0.28888888888888886
-0.06666666666666665
-0.6
-0.24444444444444446
-0.11111111111111116
0.022222222222222143
-0.5111111111111111
0.15555555555555545
0.4222222222222223
0.46666666666666656
0.288888888888889
0.7333333333333334
0.15555555555555545
-0.4222222222222223
-0.24444444444444446
0.19999999999999996
EIGENVECTOR
-0.9914998937982793
-0.37478015211134275
-0.9883102768860084
-0.8573426616126112
-0.8754138848992714
-0.9977642749814974
-0.5664271313204274
-0.41195410528729615
-0.540762970348753
-0.8578877715459121
-0.3811975159720151
0.4343861583911295
-0.9896275975688509
-0.9807282783426864
0.8004839080119766
-0.7234234027235296
-0.987869543729252
0.8394534065927843
-0.9557092817634979
0.12569695008941628
-0.062441679729907884
-0.6735158454610999
0.5919975659479464
-0.9408687272175044
0.23799612789644842
-0.9745126716416876
-0.9750248709951185
0.8239715342474065
-0.9835001730840047
-0.5849493927141084
-0.9724394954712355
0.578015234836843
-0.720051876390041
-0.8761393048724376
-0.9876351125309188
-0.9857886619405046
0.7065462018551394
-0.9965800468457283
-0.6566766009371494
-0.7268313636055834
-0.984390203963036
-0.9869199324225553
-0.9878765889041784
-0.9700248154412726
-0.9165561225664929
-0.9884726123973471
-0.9822098577558385
0.21161627324651433
-0.9807913495474223
-0.9801468351167748
0.47897722663689657
-0.9849778654504822
0.6686754966125645
-0.9769889074677635
-0.8757987644598981
-0.8909370798067766
-0.01804976464766528
0.5534980097037503
0.16649335560387213
-0.5888761657035522
0.8314895714992294
-0.9213840341907205
0.02413798155757796
-0.873256126228346
-0.5004719565385147
-0.9894469959057655
-0.6143644400780095
-0.9815938592434258
-0.2815904855850193
-0.5209258111994701
-0.23053924354744326
-0.9890849414122678
-0.8226111015309919
-0.9866404460322753
-0.9788601882602376
-0.8916346640368706
-0.9930605789790583
-0.9905706258557793
-0.8175606135144411
-0.9726223600601732
-0.9544784527810714
-0.83456733045439
-0.830797110243298
-0.9821846810967524
0.28788517191832486
-0.9982116862989368
-0.9968585669859302
0.24497571194634404
-0.9702600399782754
0.5911242793376483
0.2762123849162288
-0.1540066621646844
-0.496364404707356
-0.9684643313046049
-0.9669796229191867
-0.5763772830533334
-0.9945158301007212
-0.9964116750309281
-0.9699141428753223
-0.9708859287655836
-0.9395472783259978
0.0845323871468946
-0.6122071928929151
-0.8309484799550213
-0.6133223052195929
-0.9838702347628093
-0.9964084768174575
-0.9835001730840046
-0.9888061061506974
-0.9898026686916654
-0.9874221406942867
-0.9223400909014696
0.4006676570093357
-0.9668076876722432
-0.9810642564018135
-0.4636163409201022
-0.6650486185503048
-0.8395705635899543
-0.8401005881572063
-0.9934051985050656
-0.8978229967945739
-0.9703705462510869
0.5558239043439883
-0.9889994070790901
-0.971231097596008
-0.7135825286200288
-0.9425828173218158
-0.9815085492517355
-0.9843902039630359
-0.9683447640740179
0.8448300644810864
-0.9466165179251382
-0.9895912116195692
0.6416879924153365
-0.9897503867572641
-0.987193662849939
-0.9795917346621806
-0.9937260380834249
-0.988535926291914
-0.8354884331846637
-0.9791166040071708
-0.5641254548724957
-0.9483224310150072
-0.9691993856937927
-0.9618904006425835
-0.8736187221722769
-0.9666376877966874
0.1411418735477048
-0.9908927034603926
0.24537372301657134
-0.9809528526002896
-0.895852143280617
0.1554115359909165
-0.8395705635899544
-0.9143539406483772
-0.9596916560932338
-0.968167941076864
0.25466981087945495
-0.9823926230315868
-0.9661439237194765
-0.767597747417094
-0.9479824820311537
-0.9795403350924996
-0.9905706258557794
-0.9820530170490497
-0.2474583202955135
-0.9822883419826567
-0.9845421410503357
-0.7782266229792661
-0.9856657846627374
-0.994207767849733
-0.9932387212389161
-0.8085499954620883
-0.9968352861239531
-0.742298570199984
-0.9439670899188278
-0.9909412397621731
-0.9381329565089521
0.2760327266536666
-0.08747207891767639
-0.9937260380834251
-0.990031361800649
-0.9158611195480532
-0.7205110112725079
-0.9986732047991607
-0.987335842118629
-0.9908224915370344
0.34192297701479046
-0.6353992871055687
-0.9949496737228027
-0.9837133451391472
-0.470456750223024
-0.97371755164167
0.6460376888612327
-0.9934758251201552
-0.9407135599534101
-0.713215230323152
0.7191290499187564
-0.978093168402943
-0.6651024218842552
0.4795837878247686
-0.8716793916900659
-0.9986732047991604
-0.9609416107054413
-0.7366998146351396
-0.9384446374858647
-0.9751226379786437
0.13426086685444005
-0.9447745478515714
-0.9838648339755465
-0.08930083233234176
-0.9832215207021131
-0.9803095547589419
-0.9093902122989798
-0.8036236252213778
-0.995480645572653
-0.9838281997774183
0.2198454791190152
-0.473288626476455
-0.9668872151560016
-1.0
-0.9515829283873107
-0.5671058665761652
-0.8023054553252176
-0.40415168634136256
0.11049345059867277
-0.8851031068232025
-0.7222305197510357
-0.9782926159816054
-0.9871306228042618
-0.8143322658369206
-0.8599277414925447
-0.9821252003404676
-0.616775474746678
-0.9829004379037428
-0.7452682937294219
-0.8190731046644493
0.26213778219157713
0.28492140391348153
-0.867310425948666
-0.9900762227232013
-0.9917311529078269
0.48444631843949915
-0.9044400531141246
0.4230257011934475
-0.6529154693170867
-0.9851467562909568
-0.9973683264582014
-0.2754211476064897
-0.9824528993514611
-0.7093099623716419
-0.9825376617833999
-0.897859309780411
-0.8724122717262299
-0.7754949325323937
-0.9827073887023001
-0.832960779145427
-0.9851467562909568
-0.9592908798469009
-0.9869994118980921
-0.5646311479614907
-0.9835843340694018
-0.4995631573858985
-0.7162312531635313
-0.7493926276890615
-0.9828398903150986
-0.752475429662022
-0.9864490152252439
-0.25938026292909455
0.9232273353212934
-0.641641131313555
-0.9940955555888107
0.6587469350733155
-0.9551929655520236
-0.012947438113765752
-0.9652490186387124
0.4354274197543624
-0.9876427634977816
-0.32600125426091053
-0.9436905536028586
-0.9298738004247803
-0.9750389713612918
-0.5585625305974908
-0.7875085775085402
-0.9929386984945686
-0.9861833918207257
-0.9953299699199012
-0.9826499487642377
-0.9652647529934758
-0.9948851482422778
-0.48405426525806017
-0.9914891869410906
-0.9917189067290966
0.5083197565683908
-0.940473331526108
-0.9944748959877001
-0.6570201334173154
-0.9490035356583901
-0.8066087283096944
-0.9921668374229424
-0.9099397128705438
0.16427575549289464
-0.8343771026316236
-0.5370165253822846
0.2811960797079758
0.5029107574580975
-0.3505380736948739
-0.9874104309448736
-0.5386175428873924
-0.39970440031412036
-0.9934745263618723
-0.9777628174939134
-0.569688155075784
0.38087870820086467
-0.6010384322434322
-0.9774282539457859
-0.9829793937385034
-0.9851467562909567
-0.8916346640368706
-0.9885182046707551
-0.9704015464330482
-0.954554040436739
-0.9714839071077715
-0.8187236502299365
-0.9858223259794044
-0.775778405456446
-0.7516391649019993
-0.9927162327591644
-0.5206776608747927
-0.9910292687462324
0.8004839080119759
-0.9915330989124367
0.018286161127455625
1.0
-0.9972968046241769
-0.9738651810340153
-0.9026349939258197
-0.9887984427500912
-0.7452682937294219
-0.8116414675095674
-0.8858024703899978
-0.6261348526479436
-0.99029716730703
0.6646053448055071
-0.611597593080544
0.8099941305175498
-0.8631414391425687
0.8004839080119781
-0.95490023758322
-0.980044343778329
-0.8662238797518372
-0.9178444004103056
-0.9929234293821378
-0.7429023327857528
0.27433303884088356
-0.9874254841281725
-0.9708793461977799
0.2533178137969765
-0.9861831935751699
-0.6460373390955891
-0.4779745290671704
-0.6824957254558148
-0.9895912116195691
-0.9536741917675244
-0.9806749410215678
-0.9740778161378411
-0.7307403322552027
-0.3597928373797672
-0.942907726893704
-0.9065426618848355
-0.9014600806022224
0.24995707109901
-0.992439878358461
-0.9666087785422793
-0.0435824885177748
-0.9106914580473587
-0.976848039530744
-0.8710933503592393
-0.9695653294672704
-0.9932087632260512
-0.9918720417792074
-0.97924588138996
-0.9902588634612586
-0.13492561219943333
-0.5163103014579171
-0.9902838703206054
-0.5281661987888517
-0.49476309426598053
-0.8901123513527986
-0.6612725347116252
-0.8666588872194454
-0.9953299699199011
-0.9066215752765163
-0.9457548267912701
-0.9149595053301559
-0.993082208055656
-0.9873289903422311
-0.9781230106910841
-0.9785829076079406
-0.9828496761686484
0.7670010630901558
-0.6375978694603213
-0.9179693448249546
-0.9429940836697696
-0.9699145185193805
CENT
-0.5342880351077073
-0.2802214657053368
-0.2961594138064727
-0.04386508641827813
0.6834007355746481
-0.7357273771747459
0.37846568043504525
-0.4561301846293415
-0.5739277241700507
-0.16366965528976707
0.42143640741426713
0.10136566100177968
-0.37335884992135004
0.12877313454759087
0.12877313454759087
0.44055686674381045
-0.24782585380411493
0.4765982676095033
0.39178589800844543
0.6616962312717025
-0.10689879874456365
0.4962974484811833
0.5831290788917904
-0.10689879874456365
0.5890607869774533
-0.37335884992135004
-0.3154091433312215
0.22832167832167838
-0.2677063042989861
0.8558701912662303
0.1730941441884315
0.5801700743964018
1.0
0.31329584803796773
-0.3949179342631385
-0.1482138943149548
0.5162054018980586
-0.7647781419667363
0.9496635876382711
-0.3850077331345344
-0.34807637259476154
-0.30494039232190917
-0.45927952497295577
0.0632885669527905
-0.42907213196657035
-0.4624218000550028
-0.2239875733484985
-0.012451486084299024
-0.132603091223781
-0.1423781370656373
0.0478592935489488
-0.20539216497575374
0.023900605204094205
0.15429216250571476
0.11273139265025645
-0.012451486084299024
0.04566679715785038
-0.006094996310260892
0.6740694615300293
0.09232807115871577
0.4962974484811833
-0.14627107042837395
0.25536772048399903
0.15195638280453605
-0.12079183381889513
-0.19223928725773776
0.6896462122115323
-0.1694260644074771
-0.4370844285954646
0.15195638280453605
0.3547325275586144
-0.3582423111218924
-0.1520922791950834
-0.27487066445773833
0.14962379624033728
0.7243530043050803
-0.3783627648445673
-0.3766967214944096
0.7824806167593845
0.19928750823341623
0.32614241025455937
0.5654431271762557
0.7857596908691797
-0.25327394043488094
-0.18087492254158932
-0.7254635951282293
-0.6236286497914406
0.7021966934596
0.19928750823341623
0.10136566100177968
-0.18467238596708413
-0.1423781370656373
0.9354994788131874
0.2904024512565433
0.12647212239880212
0.32614241025455937
-0.9116613586952573
-0.7215931307534362
0.06772339861065668
0.14962379624033728
-0.2908657381871669
0.7307289575289571
0.7824806167593845
0.7726752043647753
0.2702975951383588
-0.2496440746289874
-0.6096170179592073
-0.2677063042989861
-0.4702467328306257
-0.5011136689787136
-0.30669034931912387
0.5133485008674112
0.41872102823430213
0.24056357108988635
-0.6082076608392399
-0.5072052894900578
0.7021966934596
-0.7858244085922658
-0.30669034931912387
-0.7597739522551553
0.4025124873142487
0.25784725890508664
0.2803214854314924
-0.3378389687704275
-0.36161520531073144
-0.7784369657503987
-0.24782585380411493
-0.5710310233221286
-0.34807637259476154
0.25536772048399903
0.2803214854314924
-0.4995865499462624
-0.6250216709804668
0.2161650949107392
-0.8688711653716448
-0.3982061727328511
-0.11683490133395613
-0.6011383375455874
-0.4903882227591281
-0.17516111393662437
0.13338455073148903
-0.5768181922028079
0.349500472148808
0.10363267612087523
0.383782091598015
-0.5402342286202704
0.2828363570551067
0.6927763738381802
-0.5298113032103182
0.052253021376526876
-0.568128069477233
-0.8859469383029596
-0.31018405412255223
-0.7858244085922658
0.6069662685941755
-0.22028662248040687
0.21858962967749562
0.5450141216731603
-0.26231043027918055
0.35211460555414154
-0.30494039232190917
-0.35147292231840355
-0.1345630001645043
-0.3766967214944096
-0.7344489516641417
0.7890440881512311
-0.06037183522751188
-0.157891767033558
-0.5208135883588935
-0.3309739569281557
-0.8221117011439595
-0.4919255310487276
0.7629172375140114
-0.6822284078098033
0.4105988675525094
0.3944616516045085
-0.3361257338396848
-0.054201695268533356
0.14032525075469837
-0.11286798289952915
-0.6011383375455874
-0.40639384889956987
0.3971413285929415
0.5019639872581043
-0.8028919489510624
-0.1029067494257373
-0.2926323961422119
0.5305550339744867
-0.18656760800938266
-0.5072052894900578
-0.6278033027373398
0.4765982676095033
-0.0726411486794879
0.23076320347139068
-0.4919255310487276
-0.29439695343381456
0.9319733298724895
0.521932199718401
0.0066929123903580745
-0.18846049603438786
0.17545895954986812
0.3056319875476414
-0.8028919489510624
0.2040929322179319
0.7564381151337669
0.4488122748345793
-0.014564801812687933
0.39178589800844543
0.2929316679316678
-0.09489225447347305
0.9214303514387334
-0.2239875733484985
-0.157891767033558
0.5019639872581043
0.81551246624776
-0.8573502280149681
-0.23503656129490003
-0.18277482558790403
0.9005026711448725
0.12647212239880212
-0.9193773112121306
0.33130693173889725
-0.5797024475154515
-0.6053844462572511
0.04129051051618826
0.31585779327714825
-0.1029067494257373
0.8423291124771386
0.03257260088943226
-0.04800771703540552
0.24302226584529962
-0.34977563828205616
-0.21285759098831825
-0.12670859121864186
-0.09086973159400147
-0.19976905038254744
-0.42585446647946656
0.13338455073148903
0.07886242524796683
0.06107558005028002
-0.3800268843571388
-0.5911777404554294
-0.02509026536263903
-0.09890458084374454
0.34168072146411443
0.8088629879005078
-0.27308279194506746
-1.0
0.6069662685941755
-0.15596101034806742
-0.31714672953611034
-0.7357273771747459
0.300540981483165
0.3107375705800901
0.9249387810629419
-0.28732610526412683
0.4268792073670118
-0.27308279194506746
-0.6981198676113931
-0.40476006303138556
-0.19223928725773776
-0.2890969758152607
0.01958171188940372
0.539217271890539
0.9818851285688017
-0.2313625100510348
0.9179277985810645
-0.23687024687024716
0.8255275282302308
0.3338947737362721
0.714827177775385
-0.6875474162735637
0.5019639872581043
0.38911405919452746
0.6834007355746481
0.15663114190511385
0.18733206501001898
-0.01667536940618919
-0.06037183522751188
0.41872102823430213
0.33130693173889725
-0.029281363154420537
0.05445426442104173
-0.8538722721067151
-0.3899713868068301
-0.29967805872850384
-0.695484908338379
-0.2221382248787852
-0.37335884992135004
-0.8233029595999799
-0.15015429572786176
-0.5782610951965794
-0.48576603776826266
0.383782091598015
-0.28732610526412683
-0.8209192776429942
0.20650065333873502
0.37846568043504525
0.8088629879005078
-0.5564533174289273
0.4991285827759071
0.6927763738381802
-0.08683697328735496
0.7467584624211128
-0.20352009046861996
0.14264513002575763
-0.4529737551684655
-0.5564533174289273
0.4515722674204812
0.8729227511331903
-0.3683375300766609
0.09910169910169886
-0.5811422516578265
0.10817589075522904
0.7890440881512311
-0.014564801812687933
-0.2820008067769265
-0.27308279194506746
0.7243530043050803
-0.04593773633722087
0.09232807115871577
0.36787925587925563
0.18019837571561648
-0.278439997507541
-0.08279394043725274
0.556661044036713
-0.2550855933386057
-0.5357770191194553
-0.5695803292890673
-0.5461545409858796
0.12877313454759087
-0.48576603776826266
-0.320615758447226
0.34168072146411443
-0.731888212881624
-0.04593773633722087
0.6371817688223933
-0.23503656129490003
-0.19976905038254744
0.2753024361812455
0.2504191131918083
-0.6484798560714794
-0.6291919179577408
0.19928750823341623
0.7243530043050803
0.23320814812411417
-0.4624218000550028
0.12877313454759087
-0.02509026536263903
-0.48112840257687084
0.33130693173889725
-0.278439997507541
-0.5417167264578711
0.8901171792186762
-0.11088076713076767
-0.3883187406503471
-0.05831776210466888
-0.11485269272154519
-0.6361130800899345
0.5950108311004751
0.1683742652814817
-0.2837780245298146
-0.6250216709804668
0.19688979148438568
-0.10889104066615163
0.1636673441752372
0.711662014607874
-0.05831776210466888
0.5479191841787256
-0.43067822704805137
-0.4655570336242607
-0.20539216497575374
-0.6291919179577408
0.12187945815064438
-0.2855531227624253
0.6280676623622843
-0.029281363154420537
0.6463386980223313
0.1380085320821014
-0.4014868736931776
-0.3916221322776815
-0.1365204546168859
-0.48112840257687084
0.7339245914105796
-0.5825805101167423
-0.4624218000550028
0.8255275282302308
-0.5268186385994608
0.34168072146411443
-0.3154091433312215
0.714827177775385
-0.695484908338379
0.01958171188940372
0.3547325275586144
0.5683794747493898
-0.5011136689787136
-0.3866641905236379
0.08333894024242539
0.07886242524796683
-0.21843276203032325
0.5276763910021309
0.6678731036998753
-0.2641112154625669
-0.20164572034590467
0.20168855283359055
DEGREE_RANK
-0.504950495049505
0.3267326732673268
-0.044554455445544594
-0.24752475247524763
0.044554455445544594
-0.9257425742574258
-0.03960396039603975
-0.33168316831683176
-0.6732673267326732
-0.3267326732673268
0.04950495049504955
0.8118811881188119
-0.1633663366336635
0.13861386138613874
0.9356435643564356
0.33168316831683153
-0.8465346534653465
0.9801980198019802
-0.15841584158415845
0.4900990099009901
0.8168316831683169
0.3366336633663367
0.9207920792079207
-0.6188118811881188
0.6732673267326732
-0.5792079207920792
-0.806930693069307
0.9603960396039606
0.1435643564356437
0.34158415841584167
0.49504950495049505
0.8613861386138615
0.5594059405940595
-0.1534653465346535
0.23762376237623783
-0.32178217821782185
0.9405940594059405
-0.9207920792079208
0.3465346534653464
-0.9158415841584159
0.14851485148514842
-0.24257425742574257
0.5000000000000002
0.6287128712871286
-0.7128712871287128
0.15346534653465338
-0.14851485148514865
0.43069306930693063
0.24257425742574257
0.6782178217821782
0.8217821782178218
-0.4653465346534654
0.9455445544554457
0.4356435643564358
-0.39603960396039617
-0.46039603960396047
0.5643564356435642
0.6831683168316833
0.5693069306930694
-0.23762376237623772
0.9851485148514851
-0.3910891089108911
0.6188118811881189
-0.3168316831683169
0.05445544554455428
-0.5742574257425743
0.15841584158415856
0.3514851485148516
0.35643564356435653
0.24752475247524752
0.3613861386138615
-0.5693069306930694
0.05940594059405946
0.3663366336633662
0.06435643564356441
-0.23267326732673277
-0.9455445544554455
-0.6683168316831682
0.44059405940594054
-0.14356435643564358
0.3712871287128714
-0.2277227722772277
-0.13861386138613874
0.8267326732673266
0.6881188118811881
-0.9653465346534653
-0.9851485148514851
0.693069306930693
0.4455445544554455
0.8316831683168318
0.6980198019801982
0.7029702970297029
0.5742574257425743
-0.034653465346534684
0.504950495049505
-0.13366336633663378
-0.9603960396039604
-0.9108910891089109
0.5792079207920791
0.6336633663366338
-0.6138613861386139
0.6237623762376237
-0.02970297029702973
-0.12871287128712872
0.06930693069306915
-0.801980198019802
-0.7970297029702971
0.1633663366336633
0.16831683168316824
-0.024752475247524885
-0.31188118811881194
0.37623762376237635
0.7524752475247525
0.2524752475247527
-0.4554455445544555
-0.5643564356435644
-0.306930693069307
-0.9405940594059405
-0.301980198019802
-0.8415841584158416
-0.38613861386138626
0.5099009900990099
0.8960396039603962
-0.12376237623762387
-0.45049504950495056
-0.7920792079207921
-0.5594059405940595
-0.5544554455445545
0.17326732673267342
0.5148514851485149
0.9900990099009901
-0.7871287128712872
-0.7821782178217822
0.9009900990099009
-0.905940594059406
0.17821782178217815
0.9059405940594059
-0.7079207920792079
0.25742574257425743
-0.11881188118811892
-0.3811881188118812
-0.4455445544554456
0.1831683168316831
0.7574257425742574
0.2623762376237624
-0.9356435643564357
0.3811881188118811
0.5841584158415842
-0.22277227722772286
0.6386138613861385
-0.44059405940594065
-0.995049504950495
0.7623762376237624
-0.9306930693069307
-0.11386138613861396
-0.6633663366336634
0.7673267326732673
0.9257425742574257
0.4504950495049507
0.07425742574257432
-0.5
-0.7722772277227723
0.7079207920792079
-0.6584158415841584
-0.8762376237623762
-0.01980198019801982
0.38613861386138626
0.4554455445544554
-0.7029702970297029
-0.014851485148514976
-0.900990099009901
-0.5495049504950495
0.26732673267326734
-0.8366336633663366
0.2722772277227723
-0.29702970297029707
-0.608910891089109
-0.49504950495049516
0.7128712871287131
-0.4356435643564357
-0.698019801980198
-0.4900990099009901
-0.48514851485148525
0.18811881188118829
-0.9801980198019802
-0.37623762376237624
-0.6039603960396039
0.8663366336633664
-0.599009900990099
-0.9554455445544554
-0.7673267326732673
0.07920792079207928
0.5198019801980198
0.8712871287128712
-0.7623762376237624
-0.6534653465346534
0.3910891089108912
0.9306930693069309
0.08415841584158423
-0.6485148514851484
0.7178217821782178
-0.00990099009901002
-0.9752475247524752
0.08910891089108919
0.19306930693069302
0.19801980198019797
0.7227722772277227
0.7277227722772277
-0.5445544554455446
0.27722772277227725
0.7722772277227723
-0.004950495049504955
0.910891089108911
-1.1102230246251565e-16
0.09405940594059414
-0.8960396039603961
0.5247524752475248
0.7326732673267327
0.5297029702970297
0.5891089108910892
-1.0
0.004950495049504955
-0.5396039603960396
-0.7574257425742574
0.00990099009900991
0.6435643564356435
-0.3712871287128714
0.20297029702970315
0.8366336633663367
-0.43069306930693074
0.014851485148514865
-0.36633663366336633
0.39603960396039595
0.2821782178217822
0.46039603960396036
-0.10891089108910901
-0.7524752475247525
0.7376237623762376
0.7425742574257426
-0.10396039603960394
-0.2178217821782179
-0.3613861386138615
0.777227722772277
-0.4801980198019803
0.7821782178217822
0.28712871287128716
0.2920792079207921
-0.9900990099009901
0.5940594059405939
0.20792079207920788
-0.7475247524752475
-0.8910891089108911
0.0990099009900991
-0.2920792079207921
0.29702970297029707
-0.8712871287128713
-0.21287128712871295
0.301980198019802
-0.9504950495049505
0.306930693069307
-0.693069306930693
0.5346534653465347
0.10396039603960383
-0.5346534653465347
0.4653465346534653
0.5990099009900991
0.4009900990099011
-0.0990099009900991
0.6485148514851486
0.995049504950495
-0.35643564356435653
-0.6435643564356436
0.8762376237623761
0.31188118811881194
0.4059405940594061
0.6534653465346536
0.8415841584158414
-0.5297029702970297
-0.2871287128712873
0.10891089108910901
-0.6386138613861386
0.21287128712871284
-0.207920792079208
-0.8861386138613861
-0.6881188118811881
0.47029702970297027
-0.8316831683168318
0.6584158415841583
-0.6336633663366337
-0.8663366336633663
-0.5940594059405941
-0.8613861386138614
-0.4257425742574259
0.8811881188118813
-0.5891089108910892
-0.8267326732673267
-0.20297029702970304
0.01980198019801982
0.2178217821782178
-0.42079207920792083
-0.09405940594059414
0.8465346534653466
0.024752475247524774
-0.2821782178217822
0.886138613861386
0.8514851485148516
-0.08910891089108919
-0.9702970297029703
0.4752475247524752
0.6633663366336635
-0.8217821782178218
0.603960396039604
-0.5841584158415842
0.7871287128712872
0.22277227722772297
0.7920792079207921
0.9158415841584158
0.31683168316831667
-0.19801980198019808
-0.5247524752475248
0.6683168316831685
0.02970297029702973
0.11386138613861396
-0.7425742574257426
-0.08415841584158423
-0.27722772277227725
-0.2722772277227724
-0.5198019801980198
-0.26732673267326734
-0.07920792079207928
0.9504950495049505
-0.4158415841584159
0.5396039603960396
1.0
-0.8564356435643564
-0.07425742574257432
0.2277227722772277
-0.2623762376237625
-0.06930693069306937
-0.06435643564356452
-0.35148514851485146
-0.5148514851485149
-0.8811881188118812
0.891089108910891
-0.25742574257425754
0.9653465346534653
-0.8514851485148515
0.9554455445544554
-0.19306930693069313
-0.7376237623762376
-0.05940594059405946
-0.6831683168316831
-0.5099009900990099
0.1188118811881187
0.23267326732673266
0.4108910891089108
-0.3465346534653466
0.7970297029702971
-0.6287128712871287
0.32178217821782185
0.5445544554455446
-0.47524752475247534
-0.7772277227722773
-0.41089108910891103
0.4801980198019802
-0.18811881188118829
0.12376237623762387
-0.18316831683168322
-0.054455445544554504
-0.7326732673267327
-0.8168316831683168
0.8564356435643563
-0.2524752475247525
0.41584158415841577
-0.34158415841584167
0.12871287128712883
0.6089108910891088
0.034653465346534684
0.5495049504950495
-0.6782178217821782
-0.7277227722772277
0.9702970297029703
-0.17821782178217827
0.801980198019802
-0.7227722772277227
-0.1732673267326733
0.5544554455445545
-0.3366336633663367
0.03960396039603964
-0.4702970297029704
-0.04950495049504966
-0.8118811881188119
-0.40594059405940597
-0.16831683168316836
0.13366336633663356
-0.7178217821782178
0.42079207920792094
0.7475247524752475
0.806930693069307
0.613861386138614
0.9752475247524752
0.4257425742574257
-0.6237623762376238
-0.400990099009901
0.48514851485148514
EIGENVECTOR_RANK
-0.806930693069307
0.6287128712871286
-0.6782178217821782
0.17821782178217815
0.1188118811881187
-0.9801980198019802
0.5099009900990099
0.6089108910891088
0.5297029702970297
0.17326732673267342
0.6237623762376237
0.8564356435643563
-0.7326732673267327
-0.40594059405940597
0.9603960396039606
0.3514851485148516
-0.6683168316831682
0.9851485148514851
-0.13861386138613874
0.7326732673267327
0.693069306930693
0.39603960396039595
0.910891089108911
-0.04950495049504966
0.7722772277227723
-0.301980198019802
-0.306930693069307
0.9752475247524752
-0.5099009900990099
0.4900990099009901
-0.27722772277227725
0.9009900990099009
0.3663366336633662
0.10891089108910901
-0.6584158415841584
-0.5841584158415842
0.9405940594059405
-0.9554455445544554
0.42079207920792094
0.3465346534653464
-0.5495049504950495
-0.6138613861386139
-0.6732673267326732
-0.23762376237623772
0.004950495049504955
-0.6831683168316831
-0.45049504950495056
0.7623762376237624
-0.41089108910891103
-0.3910891089108911
0.8663366336633664
-0.5594059405940595
0.9356435643564356
-0.3267326732673268
0.11386138613861396
0.08910891089108919
0.7029702970297029
0.891089108910891
0.7574257425742574
0.48514851485148514
0.9801980198019802
-0.00990099009901002
0.7178217821782178
0.12871287128712883
0.5643564356435642
-0.7178217821782178
0.46039603960396036
-0.43069306930693074
0.6485148514851486
0.5495049504950495
0.6683168316831685
-0.7128712871287128
0.2277227722772277
-0.608910891089109
-0.3613861386138615
0.08415841584158423
-0.8564356435643564
-0.7772277227722773
0.24257425742574257
-0.2821782178217822
-0.11881188118811892
0.20297029702970315
0.22277227722772297
-0.4455445544554456
0.8316831683168318
-0.9851485148514851
-0.9653465346534653
0.777227722772277
-0.24257425742574257
0.9059405940594059
0.8168316831683169
0.6732673267326732
0.5742574257425743
-0.21287128712871295
-0.19801980198019808
0.49504950495049505
-0.9158415841584159
-0.9504950495049505
-0.2277227722772277
-0.2623762376237625
-0.034653465346534684
0.7227722772277227
0.47029702970297027
0.2178217821782178
0.4653465346534653
-0.5396039603960396
-0.9455445544554455
-0.5148514851485149
-0.7029702970297029
-0.7425742574257426
-0.6485148514851484
-0.014851485148514976
0.8465346534653466
-0.18811881188118829
-0.42079207920792083
0.603960396039604
0.4059405940594061
0.19306930693069302
0.1831683168316831
-0.8762376237623762
0.06930693069306915
-0.24752475247524763
0.8960396039603962
-0.7079207920792079
-0.26732673267326734
0.37623762376237635
-0.054455445544554504
-0.4257425742574259
-0.5445544554455446
-0.207920792079208
0.9900990099009901
-0.08910891089108919
-0.7277227722772277
0.9158415841584158
-0.7376237623762376
-0.6287128712871287
-0.3811881188118812
-0.8910891089108911
-0.693069306930693
0.19801980198019797
-0.36633663366336633
0.5198019801980198
-0.0990099009900991
-0.2178217821782179
-0.15841584158415845
0.12376237623762387
-0.18316831683168322
0.7425742574257426
-0.7871287128712872
0.7821782178217822
-0.4158415841584159
0.07425742574257432
0.7475247524752475
0.18811881188118829
0.01980198019801982
-0.14851485148514865
-0.20297029702970304
0.7970297029702971
-0.46039603960396047
-0.1732673267326733
0.29702970297029707
-0.09405940594059414
-0.37623762376237624
-0.7722772277227723
-0.4356435643564357
0.6633663366336635
-0.4554455445544555
-0.5544554455445545
0.2821782178217822
-0.5792079207920792
-0.905940594059406
-0.8712871287128713
0.25742574257425743
-0.9603960396039604
0.33168316831683153
-0.07425742574257432
-0.7920792079207921
-0.024752475247524885
0.8118811881188119
0.6881188118811881
-0.8960396039603961
-0.7475247524752475
0.00990099009900991
0.3613861386138615
-0.995049504950495
-0.6386138613861386
-0.7821782178217822
0.8366336633663367
0.4455445544554455
-0.9257425742574258
-0.5247524752475248
0.5990099009900991
-0.2871287128712873
0.9207920792079207
-0.8861386138613861
-0.044554455445544594
0.3811881188118811
0.9455445544554457
-0.34158415841584167
0.4009900990099011
0.8712871287128712
0.13861386138613874
-0.9900990099009901
-0.1534653465346535
0.3366336633663367
-0.02970297029702973
-0.3168316831683169
0.7376237623762376
-0.07920792079207928
-0.5346534653465347
0.6831683168316833
-0.504950495049505
-0.39603960396039617
0.034653465346534684
0.26732673267326734
-0.9405940594059405
-0.5297029702970297
0.7673267326732673
0.5940594059405939
-0.19306930693069313
-1.0
-0.10891089108910901
0.504950495049505
0.2722772277227723
0.613861386138614
0.7277227722772277
0.10396039603960383
0.35643564356435653
-0.35148514851485146
-0.6237623762376238
0.24752475247524752
0.16831683168316824
-0.44059405940594065
0.4554455445544554
-0.49504950495049516
0.32178217821782185
0.23267326732673266
0.801980198019802
0.8267326732673266
0.14851485148514842
-0.7524752475247525
-0.8217821782178218
0.8762376237623761
0.04950495049504955
0.8514851485148516
0.4257425742574257
-0.5742574257425743
-0.9752475247524752
0.6534653465346536
-0.4653465346534654
0.38613861386138626
-0.4702970297029704
0.06435643564356441
0.13366336633663356
0.2920792079207921
-0.4801980198019803
0.21287128712871284
-0.5693069306930694
-0.14356435643564358
-0.6188118811881188
0.5148514851485149
-0.5198019801980198
0.5693069306930694
0.3712871287128714
0.31188118811881194
-0.48514851485148525
0.301980198019802
-0.6039603960396039
0.6584158415841583
0.995049504950495
0.4356435643564358
-0.900990099009901
0.9257425742574257
-0.13366336633663378
0.7079207920792079
-0.1633663366336635
0.8613861386138615
-0.6633663366336634
0.6435643564356435
-0.06930693069306937
-0.01980198019801982
-0.31188118811881194
0.5247524752475248
0.27722772277227725
-0.8514851485148515
-0.599009900990099
-0.9306930693069307
-0.47524752475247534
-0.16831683168316836
-0.9207920792079208
0.5841584158415842
-0.801980198019802
-0.8168316831683168
0.886138613861386
-0.03960396039603975
-0.9108910891089109
0.41584158415841577
-0.10396039603960394
0.2623762376237624
-0.8316831683168318
0.02970297029702973
0.7524752475247525
0.20792079207920788
0.5396039603960396
0.8217821782178218
0.8811881188118813
0.6386138613861385
-0.6435643564356436
0.5346534653465347
0.6188118811881189
-0.8811881188118812
-0.3366336633663367
0.5000000000000002
0.8415841584158414
0.4801980198019802
-0.33168316831683176
-0.5
-0.5643564356435644
0.07920792079207928
-0.6881188118811881
-0.2524752475247525
-0.12376237623762387
-0.2722772277227724
0.23762376237623783
-0.5891089108910892
0.28712871287128716
0.306930693069307
-0.8415841584158416
0.5544554455445545
-0.7970297029702971
0.9653465346534653
-0.8118811881188119
0.7128712871287131
1.0
-0.9702970297029703
-0.2920792079207921
0.05445544554455428
-0.698019801980198
0.31683168316831667
0.2524752475247527
0.0990099009900991
0.4504950495049507
-0.7673267326732673
0.9306930693069309
0.4752475247524752
0.9702970297029703
0.1633663366336633
0.9554455445544554
-0.12871287128712872
-0.38613861386138626
0.15841584158415856
-1.1102230246251565e-16
-0.8465346534653465
0.3267326732673268
0.806930693069307
-0.6534653465346534
-0.25742574257425754
0.7920792079207921
-0.5940594059405941
0.43069306930693063
0.5891089108910892
0.3910891089108912
-0.7227722772277227
-0.11386138613861396
-0.400990099009901
-0.29702970297029707
0.34158415841584167
0.6336633663366338
-0.05940594059405946
0.044554455445544594
0.05940594059405946
0.7871287128712872
-0.8366336633663366
-0.17821782178217827
0.6980198019801982
0.024752475247524774
-0.32178217821782185
0.1435643564356437
-0.22277227722772286
-0.8663366336633663
-0.8267326732673267
-0.3712871287128714
-0.7574257425742574
0.6782178217821782
0.5594059405940595
-0.7623762376237624
0.5445544554455446
0.5792079207920791
0.09405940594059414
0.4108910891089108
0.15346534653465338
-0.9356435643564357
0.03960396039603964
-0.08415841584158423
0.014851485148514865
-0.8613861386138614
-0.6336633663366337
-0.3465346534653466
-0.35643564356435653
-0.4900990099009901
0.9504950495049505
0.44059405940594054
-0.004950495049504955
-0.06435643564356452
-0.23267326732673277
CENT_RANK
-0.7178217821782178
-0.3465346534653466
-0.39603960396039617
0.044554455445544594
0.7970297029702971
-0.9158415841584159
0.5544554455445545
-0.608910891089109
-0.7673267326732673
-0.14356435643564358
0.6188118811881189
0.19306930693069302
-0.5099009900990099
0.23267326732673266
0.23762376237623783
0.6287128712871286
-0.27722772277227725
0.6435643564356435
0.5792079207920791
0.7821782178217822
-0.044554455445544594
0.6534653465346536
0.7425742574257426
-0.03960396039603975
0.7475247524752475
-0.504950495049505
-0.4356435643564357
0.3811881188118811
-0.31188118811881194
0.9455445544554457
0.31683168316831667
0.7376237623762376
1.0
0.4752475247524752
-0.5594059405940595
-0.11386138613861396
0.6881188118811881
-0.9257425742574258
0.9900990099009901
-0.5346534653465347
-0.4702970297029704
-0.41089108910891103
-0.6138613861386139
0.15346534653465338
-0.5891089108910892
-0.6287128712871287
-0.24752475247524763
0.08415841584158423
-0.08415841584158423
-0.10396039603960394
0.13366336633663356
-0.2178217821782179
0.11386138613861396
0.29702970297029707
0.21287128712871284
0.08910891089108919
0.12871287128712883
0.09405940594059414
0.7920792079207921
0.17821782178217815
0.6584158415841583
-0.10891089108910901
0.4108910891089108
0.28712871287128716
-0.07425742574257432
-0.18811881188118829
0.806930693069307
-0.14851485148514865
-0.599009900990099
0.2920792079207921
0.5396039603960396
-0.48514851485148525
-0.12376237623762387
-0.33168316831683176
0.27722772277227725
0.8465346534653466
-0.5247524752475248
-0.5198019801980198
0.891089108910891
0.34158415841584167
0.48514851485148514
0.7277227722772277
0.9009900990099009
-0.2871287128712873
-0.15841584158415845
-0.8960396039603961
-0.8267326732673267
0.8217821782178218
0.3465346534653464
0.19801980198019797
-0.16831683168316836
-0.0990099009900991
0.9851485148514851
0.4504950495049507
0.22277227722772297
0.4900990099009901
-0.9900990099009901
-0.8910891089108911
0.15841584158415856
0.2821782178217822
-0.3811881188118812
0.8613861386138615
0.8960396039603962
0.886138613861386
0.4257425742574257
-0.2821782178217822
-0.8217821782178218
-0.306930693069307
-0.6386138613861386
-0.6881188118811881
-0.42079207920792083
0.6831683168316833
0.6089108910891088
0.39603960396039595
-0.8168316831683168
-0.698019801980198
0.8267326732673266
-0.9405940594059405
-0.4158415841584159
-0.9207920792079208
0.5990099009900991
0.42079207920792094
0.4356435643564358
-0.46039603960396047
-0.4900990099009901
-0.9306930693069307
-0.2722772277227724
-0.7623762376237624
-0.4653465346534654
0.41584158415841577
0.44059405940594054
-0.6782178217821782
-0.8366336633663366
0.3712871287128714
-0.9801980198019802
-0.5643564356435644
-0.06930693069306937
-0.806930693069307
-0.6633663366336634
-0.1534653465346535
0.2524752475247527
-0.7722772277227723
0.5297029702970297
0.20297029702970315
0.5643564356435642
-0.7277227722772277
0.4455445544554455
0.8118811881188119
-0.7128712871287128
0.13861386138613874
-0.7524752475247525
-0.9851485148514851
-0.4257425742574259
-0.9356435643564357
0.7574257425742574
-0.23267326732673277
0.37623762376237635
0.7128712871287131
-0.29702970297029707
0.5346534653465347
-0.40594059405940597
-0.4801980198019803
-0.08910891089108919
-0.5148514851485149
-0.905940594059406
0.9059405940594059
0.004950495049504955
-0.13861386138613874
-0.7029702970297029
-0.45049504950495056
-0.9603960396039604
-0.6732673267326732
0.8811881188118813
-0.8663366336633663
0.603960396039604
0.5891089108910892
-0.4554455445544555
0.024752475247524774
0.26732673267326734
-0.05940594059405946
-0.801980198019802
-0.5792079207920792
0.5940594059405939
0.6683168316831685
-0.9504950495049505
-0.034653465346534684
-0.38613861386138626
0.7029702970297029
-0.1732673267326733
-0.693069306930693
-0.8415841584158416
0.6485148514851486
-1.1102230246251565e-16
0.38613861386138626
-0.6683168316831682
-0.3910891089108911
0.9801980198019802
0.693069306930693
0.0990099009900991
-0.17821782178217827
0.32178217821782185
0.4653465346534653
-0.9455445544554455
0.3613861386138615
0.8762376237623761
0.6336633663366338
0.07425742574257432
0.5841584158415842
0.4554455445544554
-0.01980198019801982
0.9702970297029703
-0.24257425742574257
-0.13366336633663378
0.6732673267326732
0.9257425742574257
-0.9752475247524752
-0.2623762376237625
-0.1633663366336635
0.9603960396039606
0.2277227722772277
-0.995049504950495
0.49504950495049505
-0.7821782178217822
-0.8118811881188119
0.12376237623762387
0.4801980198019802
-0.02970297029702973
0.9405940594059405
0.1188118811881187
0.02970297029702973
0.4009900990099011
-0.47524752475247534
-0.22277227722772286
-0.07920792079207928
-0.014851485148514976
-0.19801980198019808
-0.5841584158415842
0.25742574257425743
0.1633663366336633
0.14851485148514842
-0.5297029702970297
-0.7970297029702971
0.05940594059405946
-0.024752475247524885
0.5148514851485149
0.9158415841584158
-0.3267326732673268
-1.0
0.7623762376237624
-0.12871287128712872
-0.44059405940594065
-0.9108910891089109
0.46039603960396036
0.47029702970297027
0.9752475247524752
-0.3712871287128714
0.6237623762376237
-0.32178217821782185
-0.8861386138613861
-0.5742574257425743
-0.18316831683168322
-0.37623762376237624
0.10396039603960383
0.7079207920792079
0.995049504950495
-0.2524752475247525
0.9653465346534653
-0.26732673267326734
0.9306930693069309
0.5099009900990099
0.8366336633663367
-0.8712871287128713
0.6782178217821782
0.5742574257425743
0.801980198019802
0.301980198019802
0.33168316831683153
0.06930693069306915
0.00990099009900991
0.613861386138614
0.5000000000000002
0.04950495049504955
0.1435643564356437
-0.9702970297029703
-0.5495049504950495
-0.400990099009901
-0.8811881188118812
-0.23762376237623772
-0.5
-0.9653465346534653
-0.11881188118811892
-0.7772277227722773
-0.6584158415841584
0.5693069306930694
-0.36633663366336633
-0.9554455445544554
0.3663366336633662
0.5594059405940595
0.9207920792079207
-0.7475247524752475
0.6633663366336635
0.8168316831683169
-0.00990099009901002
0.8712871287128712
-0.207920792079208
0.2722772277227723
-0.6039603960396039
-0.7425742574257426
0.6386138613861385
0.9504950495049505
-0.49504950495049516
0.18811881188118829
-0.7871287128712872
0.20792079207920788
0.910891089108911
0.07920792079207928
-0.35148514851485146
-0.3168316831683169
0.8514851485148516
0.034653465346534684
0.1831683168316831
0.5495049504950495
0.3267326732673268
-0.34158415841584167
-0.004950495049504955
0.7227722772277227
-0.2920792079207921
-0.7227722772277227
-0.7574257425742574
-0.7376237623762376
0.24257425742574257
-0.6534653465346534
-0.4455445544554456
0.5198019801980198
-0.900990099009901
0.03960396039603964
0.7722772277227723
-0.25742574257425754
-0.19306930693069313
0.43069306930693063
0.4059405940594061
-0.8613861386138614
-0.8514851485148515
0.3514851485148516
0.8564356435643563
0.3910891089108912
-0.6237623762376238
0.24752475247524752
0.06435643564356441
-0.6485148514851484
0.504950495049505
-0.3366336633663367
-0.7326732673267327
0.9554455445544554
-0.054455445544554504
-0.5445544554455446
0.014851485148514865
-0.06435643564356452
-0.8564356435643564
0.7524752475247525
0.31188118811881194
-0.35643564356435653
-0.8316831683168318
0.3366336633663367
-0.04950495049504966
0.306930693069307
0.8316831683168318
0.01980198019801982
0.7178217821782178
-0.5940594059405941
-0.6336633663366337
-0.21287128712871295
-0.8465346534653465
0.2178217821782178
-0.3613861386138615
0.7673267326732673
0.05445544554455428
0.777227722772277
0.2623762376237624
-0.5693069306930694
-0.5544554455445545
-0.09405940594059414
-0.6435643564356436
0.8663366336633664
-0.7920792079207921
-0.6188118811881188
0.9356435643564356
-0.7079207920792079
0.5247524752475248
-0.43069306930693074
0.8415841584158414
-0.8762376237623762
0.10891089108910901
0.5445544554455446
0.7326732673267327
-0.6831683168316831
-0.5396039603960396
0.17326732673267342
0.16831683168316824
-0.2277227722772277
0.6980198019801982
0.7871287128712872
-0.301980198019802
-0.20297029702970304
0.35643564356435653
RANK
247
220
96
151
134
215
283
289
170
295
184
202
117
153
125
37
119
5
251
164
334
85
97
258
286
391
271
173
341
358
342
372
190
132
362
86
106
114
223
137
180
241
384
312
222
291
141
8
127
328
150
299
307
329
352
145
327
0
148
387
168
115
189
109
395
131
171
194
138
292
331
349
382
108
370
45
346
385
42
7
306
68
369
44
236
181
259
379
135
34
380
284
355
396
39
240
76
77
163
12
25
288
310
124
71
161
231
40
128
123
176
169
332
250
26
389
152
110
118
41
160
285
2
195
186
100
261
255
294
374
361
316
1
323
351
73
246
257
317
28
107
402
158
326
83
105
16
126
267
216
337
265
46
211
287
155
399
232
51
371
304
403
235
338
65
260
199
188
90
217
84
139
67
9
167
212
249
72
290
35
61
49
91
381
162
48
233
64
136
357
179
354
364
20
23
185
226
243
209
234
302
324
192
166
278
356
367
177
229
319
335
3
281
376
242
348
277
206
315
47
55
57
198
262
392
52
228
224
56
50
149
282
239
43
98
238
398
397
59
320
311
11
89
143
313
54
373
94
219
13
14
330
347
140
237
378
178
305
74
99
63
69
53
275
365
360
30
200
322
276
363
79
88
343
404
203
296
133
156
27
193
345
113
230
340
62
129
121
104
339
122
130
146
93
208
252
201
253
33
225
80
95
221
280
350
269
244
333
388
142
159
70
393
321
6
297
144
293
273
18
207
175
182
120
174
112
279
10
256
15
205
308
17
191
21
60
300
183
213
272
111
36
197
400
187
263
157
368
325
81
394
31
22
24
359
154
248
375
336
377
19
401
58
4
274
66
147
301
87
116
366
270
390
75
318
344
101
383
303
204
172
103
78
102
82
165
314
245
298
214
268
386
227
29
309
353
218
266
210
254
196
92
38
264
32
