DEGREE
0.41176470588235303
-0.4117647058823529
-0.7647058823529411
-0.6470588235294117
-0.05882352941176472
-0.05882352941176472
0.17647058823529416
-0.17647058823529416
-0.17647058823529416
0.2941176470588236
-0.6470588235294117
-0.17647058823529416
0.5294117647058822
-0.4117647058823529
0.2941176470588236
-0.5294117647058824
-0.6470588235294117
-0.17647058823529416
0.2941176470588236
-0.4117647058823529
0.05882352941176472
0.41176470588235303
0.2941176470588236
0.41176470588235303
-1.0
-0.6470588235294117
-0.17647058823529416
0.05882352941176472
-0.17647058823529416
-0.4117647058823529
-0.17647058823529416
-0.4117647058823529
0.41176470588235303
-0.5294117647058824
0.5294117647058822
-0.4117647058823529
-0.2941176470588235
-0.4117647058823529
-0.05882352941176472
0.17647058823529416
-0.17647058823529416
-0.5294117647058824
-0.05882352941176472
-0.17647058823529416
-0.05882352941176472
-0.17647058823529416
0.2941176470588236
0.05882352941176472
-0.4117647058823529
-0.4117647058823529
-0.2941176470588235
0.17647058823529416
-0.7647058823529411
-0.6470588235294117
-0.6470588235294117
-0.4117647058823529
-0.17647058823529416
-0.17647058823529416
0.8823529411764706
0.05882352941176472
-0.2941176470588235
-0.4117647058823529
-0.2941176470588235
-0.6470588235294117
-0.05882352941176472
0.05882352941176472
-0.05882352941176472
-0.2941176470588235
-0.4117647058823529
-0.05882352941176472
-0.2941176470588235
-0.2941176470588235
-0.4117647058823529
-0.6470588235294117
0.2941176470588236
-0.17647058823529416
-0.5294117647058824
0.41176470588235303
-0.4117647058823529
0.05882352941176472
0.41176470588235303
-0.17647058823529416
-0.17647058823529416
-0.5294117647058824
0.17647058823529416
0.5294117647058822
-0.5294117647058824
-0.2941176470588235
-0.5294117647058824
-0.8823529411764706
-0.7647058823529411
-0.05882352941176472
0.41176470588235303
0.2941176470588236
-0.05882352941176472
0.05882352941176472
-0.4117647058823529
-0.5294117647058824
0.17647058823529416
-0.05882352941176472
-0.6470588235294117
-0.5294117647058824
-0.05882352941176472
-0.5294117647058824
-0.17647058823529416
-0.6470588235294117
-0.2941176470588235
-0.4117647058823529
-0.05882352941176472
-0.17647058823529416
-0.8823529411764706
-0.5294117647058824
-0.2941176470588235
0.5294117647058822
-0.2941176470588235
-0.05882352941176472
0.5294117647058822
-0.17647058823529416
-0.5294117647058824
0.17647058823529416
-0.6470588235294117
-0.7647058823529411
-0.6470588235294117
-0.4117647058823529
0.2941176470588236
-0.4117647058823529
-0.05882352941176472
0.05882352941176472
-0.05882352941176472
0.2941176470588236
-0.05882352941176472
-0.6470588235294117
0.7647058823529411
-0.2941176470588235
-0.6470588235294117
0.17647058823529416
-0.05882352941176472
-0.4117647058823529
-0.7647058823529411
0.41176470588235303
0.5294117647058822
-0.05882352941176472
-0.05882352941176472
-0.2941176470588235
-0.2941176470588235
0.41176470588235303
-0.6470588235294117
-0.2941176470588235
-0.6470588235294117
-0.4117647058823529
-0.5294117647058824
-0.4117647058823529
0.05882352941176472
0.17647058823529416
0.05882352941176472
-0.17647058823529416
0.17647058823529416
-0.6470588235294117
-0.4117647058823529
-0.17647058823529416
0.05882352941176472
-0.17647058823529416
-0.6470588235294117
-0.17647058823529416
1.0
-0.5294117647058824
-0.7647058823529411
-0.05882352941176472
-0.6470588235294117
0.6470588235294117
-0.4117647058823529
0.6470588235294117
0.41176470588235303
-0.7647058823529411
-0.7647058823529411
-0.2941176470588235
-0.05882352941176472
-0.5294117647058824
-0.6470588235294117
-0.6470588235294117
-0.5294117647058824
-0.2941176470588235
-0.2941176470588235
0.05882352941176472
-0.4117647058823529
0.05882352941176472
-0.2941176470588235
-0.17647058823529416
-0.05882352941176472
0.05882352941176472
-0.2941176470588235
-0.8823529411764706
-0.4117647058823529
-0.2941176470588235
-0.5294117647058824
-0.5294117647058824
0.7647058823529411
-0.05882352941176472
-0.2941176470588235
-0.2941176470588235
-0.6470588235294117
-0.2941176470588235
0.6470588235294117
0.41176470588235303
-0.5294117647058824
0.17647058823529416
-0.17647058823529416
0.05882352941176472
0.41176470588235303
0.41176470588235303
-0.17647058823529416
0.6470588235294117
-0.7647058823529411
-0.6470588235294117
-0.17647058823529416
-0.4117647058823529
0.05882352941176472
0.41176470588235303
-0.5294117647058824
-0.05882352941176472
-0.5294117647058824
0.41176470588235303
-0.05882352941176472
-0.4117647058823529
0.05882352941176472
-0.8823529411764706
-0.2941176470588235
-0.5294117647058824
0.05882352941176472
-0.4117647058823529
0.17647058823529416
-0.17647058823529416
0.41176470588235303
0.41176470588235303
-0.4117647058823529
-0.2941176470588235
-0.6470588235294117
0.05882352941176472
-0.17647058823529416
-0.2941176470588235
-0.2941176470588235
-0.2941176470588235
0.2941176470588236
-0.6470588235294117
0.2941176470588236
0.05882352941176472
-0.17647058823529416
-0.05882352941176472
-0.7647058823529411
-0.5294117647058824
-0.05882352941176472
-0.5294117647058824
0.5294117647058822
-0.17647058823529416
-0.6470588235294117
-0.4117647058823529
-0.2941176470588235
-0.17647058823529416
-0.7647058823529411
-0.4117647058823529
-0.7647058823529411
-0.4117647058823529
-0.2941176470588235
-0.6470588235294117
0.2941176470588236
0.17647058823529416
-0.17647058823529416
-0.2941176470588235
0.05882352941176472
-0.2941176470588235
0.05882352941176472
-0.17647058823529416
0.2941176470588236
-0.17647058823529416
-0.6470588235294117
0.05882352941176472
-0.5294117647058824
-0.5294117647058824
0.17647058823529416
-0.4117647058823529
-0.17647058823529416
EIGENVECTOR
-0.744685941174422
-0.9996396157103574
-0.9999957377805474
-0.9999989359765697
-0.6483981330223516
-0.9963170877214671
-0.9732098929458445
-0.9964078750770159
-0.9880231820037221
-0.9492357089006495
-0.9998413915111315
-0.9684570959335401
0.8496545452792221
-0.9975957381530247
-0.9546172339227744
-0.9997723254355986
-0.9999548495311092
-0.8793704605852636
0.6325538936934167
-0.9999938410024509
-0.9962112655116302
0.4954409990999986
-0.8617284830440191
-0.9443200384303361
-0.9999402813888525
-0.9991397663195352
-0.6602407180165618
0.0334720225510734
-0.5237325211606912
-0.9997682262925838
-0.9996241539192776
-0.9983581549711412
0.09545825716796763
-0.9999939377723333
-0.9410851340763474
-0.9999376198672544
-0.9887769536554254
-0.9905628190565857
-0.9995753289929707
-0.9861288870827455
-0.7104749223686943
-0.9992297491613185
-0.987771536922487
-0.9873222422828818
-0.976850899483122
-0.963455972795033
0.09560596242631147
-0.9991688445405631
-0.9905628190565856
-0.9996135009114718
-0.9935377053572013
-0.9976467909789429
-0.9903839211422445
-0.9998580312811275
-0.9996736152012254
-0.5834987543749706
-0.9692979773220749
-0.9991458618290546
-0.9791938547153303
-0.9989505225150525
-0.9926924702722646
-0.958338629466552
-0.958323385638488
-0.9999941109345143
-0.9735707969930993
-0.9016676429293553
-0.11369243665980688
-0.9833671997859913
-0.9999938410024508
-0.9444261058741006
-0.9928179623943467
-0.9990203889601907
-0.9982107393499511
-0.999275583440331
-0.9801569153362008
-0.9576946388604135
-0.9201870609770215
0.09545825716796763
-0.9922238742706649
-0.9609144564779323
0.7515281963764706
-0.9997774938062306
-0.9746313768195626
-0.9252048458372739
-0.9811739932926307
-0.9831838265535101
-0.9999939377723331
-0.9411819638053258
-0.9471653862029988
-0.9983128975766258
-0.9998769977741694
-0.999182504203271
-0.9788831813238617
-0.9801569153362005
-0.4845874682890743
-0.20157555521118853
-0.9981396068973898
-0.9995036192379004
-0.3700205877522691
-0.9403526321670029
-0.9996736152012254
-0.9970494242547235
-0.996947853559328
-0.9993393057684091
-0.781105882121288
-0.9999822924917714
-0.9984807164523675
-0.9948389508203273
-0.9345816023955227
-0.9554366692535898
-0.9999514685179087
-0.999105498008428
-0.854904835351396
0.8238784524327925
-0.9933673703273769
-0.9993378915813881
0.7927829084969158
-0.9848173970030332
-0.9939943384670906
-0.9861288870827456
-0.9999915983374317
-0.9999705867565362
-0.9455144957356556
-0.921045929873255
-0.5043409832923393
-0.9958387304026328
-0.9604185333314493
-0.9650260427803794
-0.9993378915813883
-0.7461640596420365
-0.9989936087505145
-0.9338777733093574
1.0
-0.9995721454006058
-0.9996736152012254
-0.9991548667178525
-0.9995434619317088
-0.8854865048452943
-0.9748024865432346
-0.9814370593332111
0.7097135671574821
-0.9904320132810731
-0.6417523153874711
-0.9806802654994048
-0.9659754969845475
-0.9812725889018389
-0.9949059042950186
-0.7345273674307695
-0.9995295900473747
-0.9898413560045823
-0.9620966055097012
-0.9816043042091047
0.2918613420224867
-0.9685030095845315
-0.9549442664647304
-0.9994863361379435
-0.9393427915495928
-0.9995512411667944
-0.7155996938529083
-0.9293980561965962
-0.9016676429293553
-0.9998263721103966
-0.997419288172601
-0.8001382947325593
-0.9749530700261746
-0.9999240346440323
-0.999982004534578
-0.5778269988494467
-0.9959640462553274
-0.9258740706606583
-0.9997628509688837
0.699994338007984
-0.9486111706009259
-0.9999984385868496
-0.9999984385868497
-0.9997803685926693
-0.9986549016216186
-0.9947863467753978
-0.9949553938162231
-0.996310823263359
-0.9997846739982786
-0.9951310237219443
-0.9979626066576799
-0.9212520374689571
-0.9999405051774674
-0.9859226359662651
-0.9997668375258019
-0.9982987913861837
-0.426150604251769
-0.6885303230636914
-0.8813733949458207
-1.0
-0.9982491635044802
-0.988568264645729
-0.9999536924366932
-0.998985316390403
0.9829974899346128
-0.8769275510640654
-0.8093114626828466
-0.9187811884667679
-0.9995295900473746
-0.8992891187197403
-0.9353480250410022
0.09169130075678655
-0.999941205150531
-0.9584486894489253
-0.9994863361379434
-0.9900561075566252
-0.950840460581571
-0.7200295027517988
-0.9885577259186403
0.7396166592272424
-0.9999705867565363
-0.9581040296282375
-0.998556327272172
-0.9737749071021397
-0.9981301556954674
-0.9633286546775899
-0.9992297491613183
-0.9981416444800906
-0.9958705575002317
-0.983472211401209
-0.9829738876489454
-0.9891266219482922
-0.7500738017180271
-0.999983054968081
-0.9998276854605781
-0.9973111572246313
-0.9989505225150522
-0.9947655779588683
-0.9389950769676836
-0.966816606178813
-0.9473968918329545
-0.463140971842381
-0.9991445383996146
-0.9864183133514973
-0.9860039336856792
-0.739455628585926
-0.9990045699144854
-0.9998382675052444
-0.997481295700944
-0.8597657675210622
-0.9315338631244262
-0.9999320693246693
0.0023794746872092265
-0.7195175725715592
-0.7792139681116703
-0.541086819910704
-0.9984636970193927
-0.9997723254355985
-0.8806363420096288
-0.9861459415783265
0.706203339982995
-0.9572406539970728
-0.9991349593484635
-0.9996364003305768
-0.9933673703273769
-0.7736966245168346
-0.9955234746679972
-0.994971002269054
-0.9998175596440131
-0.9989447781403862
-0.42538871076366325
-0.9991349593484634
-0.7138597037960881
-0.14121200680951895
-0.9668166061788129
-0.9987324051186572
-0.9984533896268853
-0.5716232799954406
-0.984116240308223
-0.9887823277898234
-0.9756383730443052
-0.9720839837653839
-0.999961306640207
-0.9904144382722002
-0.999932595760814
-0.9998850871890497
-0.9861288870827455
-0.9920073633430415
-0.9220018293301797
CENT
0.6588778265697557
-0.39421999931072527
-0.5633869913254241
-0.998908634893359
0.28055959302325606
0.36863196683555954
0.7210156571369808
0.3134171641116086
-0.002317949391648866
0.8020372637287421
-0.4876978423209093
0.7232779135580139
0.5452678658477141
-0.3768221479423509
0.823502728332274
-0.26315165876777225
-0.3143129192236337
0.34166143574526364
0.4582898605709953
-0.833834243131372
0.30643892397924644
0.3960913897280969
0.5290947230575229
0.8721697733132789
-0.6412645862121911
-0.2688204673577014
0.11435740959534169
0.4506161888541964
0.2584932198499712
-0.22973538054929188
-0.4023158482142857
0.15765079280051442
0.537160848001556
-0.8344938905859485
0.8945162576355481
-0.6356046375561988
0.48153965599617776
-0.30557271522704477
-0.15755361968560888
-0.01897845953002586
0.8067844809405811
-0.6412645862121911
0.10223107381422514
0.4913296788880901
0.466001473804317
-0.07568123304901553
0.2891357367122671
-0.08620693873556473
-0.30557271522704477
-0.08620693873556473
0.3887203250336162
0.18300174039002015
0.5926926168686621
-0.5298101224807206
-0.5642563119640409
0.44488566605279334
0.4391762113499247
-0.30227833064371534
0.20881282996640338
0.02022568382862522
0.30818041260382834
0.8623279140775659
0.5351404951649743
-0.835153061932654
0.6222529700993362
0.6393870113904361
0.4913296788880901
-0.23556309462349723
-0.833834243131372
0.9973528143945716
0.33100719874448425
0.024495243344765605
-0.2037571916912615
-0.39624939742441967
0.2023162356884769
0.09320563418617334
-0.1031296181068676
0.537160848001556
-0.10571338383838391
0.6918791736758936
0.44870366649330995
-0.23556309462349723
0.464069998099492
0.32394627864760617
0.17185481092256016
0.19907895595077618
-0.8344938905859485
0.8163180676711608
-0.08882498729028943
-0.5703214399237126
-0.5316041019166018
-0.2585972313536413
0.3134171641116086
0.2023162356884769
0.245077707330005
0.2994933496871768
-0.4886310152921358
-0.36333665199469023
0.4992057247873929
0.8139297601437028
-0.5642563119640409
-0.5162583151270094
0.2517700168283068
-0.712066270593813
-0.036793309128630436
-0.46123954849498316
0.13893219743731677
-0.11727602776810919
0.6654260228594551
0.03738589743589782
-0.6059879397612948
-0.059730324302946225
-0.028601016569278603
0.5091062994023521
0.12812738529386825
-0.15879175226356246
0.6010839780786592
-0.2425195800853065
-0.30776386404293377
-0.01897845953002586
-0.6143013287279064
-0.7105635786726765
-0.32190756250222285
0.7973030259214471
0.6436985002260964
-0.03543146980160439
-0.02173493238634061
0.30643892397924644
-0.15879175226356246
0.7714943638451102
0.06647962886170422
-0.1796541951182704
0.6222529700993362
-0.1538318594190745
-0.5642563119640409
0.00609134868821215
-0.35600906781145936
-0.10829193510828228
-0.046286772013516386
0.013139839811351806
0.48544835916571016
-0.14510456910071534
0.09470577761018939
-0.12365461769925157
0.17980796225111217
0.013139839811351806
-0.04898658710932824
0.15451366593895832
-0.36542169831076365
0.034510624564567216
0.013139839811351806
0.0723738208037239
0.694102606610896
0.4992057247873929
0.8574275168503265
-0.19417240183025153
0.9222154881237745
-0.7165604860166737
0.19584898796855343
0.7808346415489271
0.6393870113904361
-0.47832182916307164
0.1235222365691544
0.01455401090184294
0.3434445231134662
-0.2343997878620181
-0.4904949592449592
0.7598900634524368
-0.12365461769925157
1.0
-0.3695804591694536
0.7784948099147624
0.8452359534090306
-0.6151289697968831
-0.6151289697968831
-0.23672528657255543
0.04315488426592107
0.3204283010742941
0.24842001371256672
0.07385135135135168
-0.23206982347944916
0.34166143574526364
-0.16742450809417297
0.43159617735565203
-0.4641051387821904
0.06354205501014887
-0.22505300729602584
-0.12873450373450357
0.4913296788880901
0.1052527127055558
-0.009285296726334269
-1.0
-0.5153487309975858
0.053310189006273045
-0.3539068802834192
-0.3454596461890511
0.6010839780786592
0.35598567726251096
0.12199056444105971
0.8623279140775659
-0.36542169831076365
0.8945162576355481
0.9529292582417586
0.7645223556064786
-0.4904949592449592
0.6896586856851759
-0.19417240183025153
-0.10700331029394616
0.8920193658167679
0.6588778265697557
0.4913296788880901
0.4874063591977409
-0.7105635786726765
-0.24136293823345467
0.07977748145678798
0.26017887280156327
0.04749783808268826
0.7187564231026156
-0.6412645862121911
-0.16126434706597736
-0.1388334995014956
-0.012062021747885732
0.18780589483714483
0.44870366649330995
0.6720001013479275
-0.7113152141692605
-0.4792630692937937
-0.19176450989225502
0.02022568382862522
-0.017598062856683527
0.9632845217103811
0.3523918197645117
0.9349492236619106
0.6458584715937656
0.06795079246535574
0.43159617735565203
0.727811517852543
0.852540731837607
-0.03543146980160439
-0.24020518954729464
-0.08751662884419753
-0.10571338383838391
0.9947094542018677
-0.29676716391085567
0.5926926168686621
0.4893667975859759
0.5926926168686621
0.17503072180062107
-0.27220890535338105
-0.26315165876777225
0.9684844388036644
-0.1438528511289704
0.6808060664566611
0.17503072180062107
-0.34863459780621553
-0.2227050509731232
0.12812738529386825
-0.014832937721274586
-0.4969936500625123
-0.10183577487257311
-0.34014864149611834
0.044600987248045953
0.9349492236619106
-0.34863459780621553
0.5989820826724823
0.573968989769821
0.3523918197645117
0.025921453082234036
0.0857293493694149
0.9684844388036644
0.008906281713010111
0.03882583531729744
0.569837410354652
0.6458584715937656
-0.4886310152921358
-0.09013201610381483
-0.438042872110315
-0.519888953090921
-0.01897845953002586
0.22518402518759073
0.9763123513797491
DEGREE_RANK
0.7785714285714287
-0.49285714285714277
-0.9642857142857143
-0.8785714285714286
0.22857142857142865
0.23571428571428577
0.5928571428571427
-0.021428571428571463
-0.014285714285714235
0.6857142857142857
-0.8714285714285714
-0.0071428571428571175
0.9000000000000001
-0.48571428571428565
0.6928571428571431
-0.6785714285714286
-0.8642857142857143
2.220446049250313e-16
0.7000000000000002
-0.47857142857142854
0.4285714285714286
0.7857142857142858
0.7071428571428573
0.7928571428571429
-1.0
-0.8571428571428572
0.0071428571428573395
0.4357142857142857
0.014285714285714457
-0.4714285714285714
0.021428571428571574
-0.4642857142857142
0.8
-0.6714285714285715
0.9071428571428573
-0.4571428571428571
-0.2571428571428571
-0.44999999999999996
0.24285714285714288
0.5999999999999999
0.028571428571428692
-0.6642857142857143
0.25
0.03571428571428581
0.2571428571428571
0.04285714285714293
0.7142857142857144
0.44285714285714284
-0.44285714285714284
-0.4357142857142856
-0.25
0.607142857142857
-0.9571428571428572
-0.85
-0.8428571428571429
-0.4285714285714285
0.050000000000000044
0.05714285714285716
0.9928571428571429
0.44999999999999996
-0.24285714285714288
-0.4214285714285714
-0.23571428571428577
-0.8357142857142857
0.26428571428571423
0.4571428571428571
0.27142857142857135
-0.22857142857142865
-0.41428571428571426
0.2785714285714287
-0.22142857142857142
-0.2142857142857143
-0.40714285714285714
-0.8285714285714285
0.7214285714285715
0.06428571428571428
-0.6571428571428571
0.8071428571428572
-0.3999999999999999
0.4642857142857142
0.8142857142857143
0.07142857142857162
0.07857142857142874
-0.6499999999999999
0.6142857142857141
0.9142857142857144
-0.6428571428571428
-0.20714285714285718
-0.6357142857142857
-0.9928571428571429
-0.95
0.2857142857142858
0.8214285714285714
0.7285714285714286
0.2928571428571429
0.4714285714285713
-0.3928571428571428
-0.6285714285714286
0.6214285714285714
0.30000000000000004
-0.8214285714285714
-0.6214285714285714
0.30714285714285716
-0.6142857142857143
0.08571428571428585
-0.8142857142857143
-0.20000000000000007
-0.3857142857142857
0.3142857142857143
0.09285714285714297
-0.9857142857142858
-0.6071428571428572
-0.19285714285714284
0.9214285714285715
-0.18571428571428572
0.3214285714285714
0.9285714285714286
0.10000000000000009
-0.6
0.6285714285714286
-0.8071428571428572
-0.9428571428571428
-0.8
-0.37857142857142856
0.7357142857142858
-0.37142857142857144
0.3285714285714285
0.4785714285714284
0.33571428571428563
0.7428571428571429
0.34285714285714297
-0.7928571428571429
0.9785714285714286
-0.1785714285714286
-0.7857142857142857
0.6357142857142857
0.3500000000000001
-0.3642857142857142
-0.9357142857142857
0.8285714285714287
0.9357142857142857
0.3571428571428572
0.3642857142857143
-0.17142857142857149
-0.16428571428571426
0.8357142857142859
-0.7785714285714286
-0.15714285714285703
-0.7714285714285715
-0.3571428571428571
-0.5928571428571429
-0.35
0.48571428571428577
0.6428571428571428
0.4928571428571429
0.1071428571428572
0.6499999999999999
-0.7642857142857142
-0.34285714285714286
0.11428571428571432
0.5
0.12142857142857144
-0.7571428571428571
0.12857142857142856
1.0
-0.5857142857142857
-0.9285714285714286
0.37142857142857144
-0.75
0.95
-0.33571428571428574
0.9571428571428571
0.842857142857143
-0.9214285714285715
-0.9142857142857143
-0.1499999999999999
0.37857142857142856
-0.5785714285714285
-0.7428571428571429
-0.7357142857142857
-0.5714285714285714
-0.1428571428571428
-0.13571428571428568
0.5071428571428571
-0.3285714285714285
0.5142857142857142
-0.12857142857142856
0.1357142857142859
0.3857142857142857
0.5214285714285714
-0.12142857142857133
-0.9785714285714285
-0.3214285714285714
-0.11428571428571421
-0.5642857142857143
-0.5571428571428572
0.9857142857142858
0.3928571428571428
-0.1071428571428571
-0.09999999999999998
-0.7285714285714285
-0.09285714285714286
0.9642857142857142
0.8500000000000001
-0.55
0.657142857142857
0.14285714285714302
0.5285714285714285
0.8571428571428572
0.8642857142857143
0.15000000000000013
0.9714285714285715
-0.9071428571428571
-0.7214285714285713
0.15714285714285725
-0.3142857142857143
0.5357142857142856
0.8714285714285714
-0.5428571428571428
0.3999999999999999
-0.5357142857142857
0.8785714285714286
0.40714285714285703
-0.30714285714285716
0.5428571428571427
-0.9714285714285714
-0.08571428571428563
-0.5285714285714285
0.5499999999999998
-0.30000000000000004
0.6642857142857141
0.16428571428571437
0.8857142857142857
0.8928571428571428
-0.2928571428571428
-0.07857142857142851
-0.7142857142857142
0.5571428571428572
0.17142857142857149
-0.0714285714285714
-0.06428571428571428
-0.05714285714285716
0.75
-0.7071428571428571
0.7571428571428571
0.5642857142857143
0.1785714285714286
0.41428571428571437
-0.9
-0.5214285714285714
0.4214285714285715
-0.5142857142857142
0.9428571428571428
0.18571428571428572
-0.7
-0.2857142857142857
-0.04999999999999993
0.19285714285714284
-0.8928571428571429
-0.2785714285714286
-0.8857142857142857
-0.27142857142857146
-0.042857142857142816
-0.6928571428571428
0.7642857142857145
0.6714285714285715
0.19999999999999996
-0.0357142857142857
0.5714285714285714
-0.02857142857142858
0.5785714285714285
0.2071428571428573
0.7714285714285716
0.2142857142857144
-0.6857142857142857
0.5857142857142856
-0.5071428571428571
-0.4999999999999999
0.6785714285714286
-0.26428571428571435
0.22142857142857153
EIGENVECTOR_RANK
0.6857142857142857
-0.6714285714285715
-0.9714285714285714
-0.9928571428571429
0.7571428571428571
-0.2571428571428571
0.2142857142857144
-0.26428571428571435
-0.014285714285714235
0.3857142857142857
-0.7857142857142857
0.24285714285714288
0.9857142857142858
-0.30714285714285716
0.37142857142857144
-0.7214285714285713
-0.8785714285714286
0.5999999999999999
0.9285714285714286
-0.9357142857142857
-0.24285714285714288
0.9214285714285715
0.6142857142857141
0.4285714285714286
-0.8428571428571429
-0.4999999999999999
0.75
0.8785714285714286
0.8
-0.7142857142857142
-0.6571428571428571
-0.37857142857142856
0.8928571428571428
-0.95
0.44285714285714284
-0.8357142857142857
-0.0357142857142857
-0.09999999999999998
-0.6428571428571428
0.028571428571428692
0.7357142857142858
-0.5428571428571428
-0.0071428571428571175
2.220446049250313e-16
0.16428571428571437
0.2785714285714287
0.9071428571428573
-0.5285714285714285
-0.09285714285714286
-0.6499999999999999
-0.1499999999999999
-0.3142857142857143
-0.0714285714285714
-0.7928571428571429
-0.6928571428571428
0.7714285714285716
0.22857142857142865
-0.5142857142857142
0.15000000000000013
-0.4357142857142856
-0.12142857142857133
0.3214285714285714
0.3285714285714285
-0.9642857142857143
0.2071428571428573
0.5642857142857143
0.8642857142857143
0.07857142857142874
-0.9428571428571428
0.4214285714285715
-0.12857142857142856
-0.4714285714285714
-0.35
-0.5571428571428572
0.1357142857142859
0.34285714285714297
0.5428571428571427
0.9000000000000001
-0.11428571428571421
0.30000000000000004
0.9642857142857142
-0.7357142857142857
0.19285714285714284
0.5142857142857142
0.12142857142857144
0.08571428571428585
-0.9571428571428572
0.4357142857142857
0.40714285714285703
-0.37142857142857144
-0.8
-0.5357142857142857
0.15714285714285725
0.14285714285714302
0.8142857142857143
0.8500000000000001
-0.33571428571428574
-0.6
0.842857142857143
0.44999999999999996
-0.6785714285714286
-0.2785714285714286
-0.27142857142857146
-0.5785714285714285
0.6499999999999999
-0.9142857142857143
-0.3999999999999999
-0.1785714285714286
0.4785714285714284
0.3571428571428572
-0.8642857142857143
-0.47857142857142854
0.6285714285714286
0.9785714285714286
-0.13571428571428568
-0.5714285714285714
0.9714285714285715
0.05714285714285716
-0.15714285714285703
0.03571428571428581
-0.9285714285714286
-0.9
0.41428571428571437
0.5357142857142856
0.8071428571428572
-0.22142857142857142
0.30714285714285716
0.27142857142857135
-0.5642857142857143
0.6785714285714286
-0.4571428571428571
0.48571428571428577
1.0
-0.6357142857142857
-0.6857142857142857
-0.5214285714285714
-0.6214285714285714
0.5785714285714285
0.18571428571428572
0.1071428571428572
0.95
-0.08571428571428563
0.7642857142857145
0.12857142857142856
0.26428571428571423
0.11428571428571432
-0.18571428571428572
0.7000000000000002
-0.6142857142857143
-0.05714285714285716
0.2928571428571429
0.10000000000000009
0.9142857142857144
0.23571428571428577
0.3642857142857143
-0.5928571428571429
0.4571428571428571
-0.6285714285714286
0.7214285714285715
0.5
0.5571428571428572
-0.7642857142857142
-0.2928571428571428
0.6428571428571428
0.1785714285714286
-0.8142857142857143
-0.9071428571428571
0.7785714285714287
-0.23571428571428577
0.5071428571428571
-0.7
0.9357142857142857
0.3928571428571428
-0.9785714285714285
-0.9857142857142858
-0.7428571428571429
-0.41428571428571426
-0.17142857142857149
-0.19285714285714284
-0.25
-0.75
-0.20714285714285718
-0.3214285714285714
0.5285714285714285
-0.85
0.050000000000000044
-0.7071428571428571
-0.3642857142857142
0.8285714285714287
0.7428571428571429
0.5857142857142856
-1.0
-0.3571428571428571
-0.02857142857142858
-0.8714285714285714
-0.44999999999999996
0.9928571428571429
0.607142857142857
0.6357142857142857
0.5499999999999998
-0.6071428571428572
0.5714285714285714
0.4714285714285713
0.8857142857142857
-0.8571428571428572
0.3142857142857143
-0.5857142857142857
-0.06428571428571428
0.37857142857142856
0.7071428571428573
-0.021428571428571463
0.9571428571428571
-0.8928571428571429
0.33571428571428563
-0.40714285714285714
0.19999999999999996
-0.3285714285714285
0.2857142857142858
-0.55
-0.34285714285714286
-0.22857142857142865
0.07142857142857162
0.09285714285714297
-0.04999999999999993
0.6714285714285715
-0.9214285714285715
-0.7714285714285715
-0.2857142857142857
-0.44285714285714284
-0.16428571428571426
0.4642857142857142
0.2571428571428571
0.3999999999999999
0.8214285714285714
-0.5071428571428571
0.0071428571428573395
0.04285714285714293
0.6928571428571431
-0.4642857142857142
-0.7785714285714286
-0.30000000000000004
0.6214285714285714
0.4928571428571429
-0.8214285714285714
0.8714285714285714
0.7142857142857144
0.657142857142857
0.7928571428571429
-0.3928571428571428
-0.7285714285714285
0.5928571428571427
0.014285714285714457
0.9428571428571428
0.3500000000000001
-0.49285714285714277
-0.6642857142857143
-0.1428571428571428
0.6642857142857141
-0.2142857142857143
-0.20000000000000007
-0.7571428571428571
-0.4285714285714285
0.8357142857142859
-0.48571428571428565
0.7285714285714286
0.8571428571428572
0.25
-0.4214285714285714
-0.3857142857142857
0.7857142857142858
0.06428571428571428
-0.042857142857142816
0.17142857142857149
0.22142857142857153
-0.8857142857142857
-0.07857142857142851
-0.8285714285714285
-0.8071428571428572
0.021428571428571574
-0.1071428571428571
0.5214285714285714
CENT_RANK
0.7000000000000002
-0.6928571428571428
-0.8285714285714285
-0.9928571428571429
0.26428571428571423
0.3857142857142857
0.7642857142857145
0.30714285714285716
-0.12142857142857133
0.8285714285714287
-0.75
0.7714285714285716
0.5857142857142856
-0.6857142857142857
0.8571428571428572
-0.5428571428571428
-0.6
0.34285714285714297
0.4571428571428571
-0.9642857142857143
0.2857142857142858
0.3999999999999999
0.5571428571428572
0.9000000000000001
-0.9142857142857143
-0.55
0.08571428571428585
0.44999999999999996
0.25
-0.4642857142857142
-0.7071428571428571
0.1357142857142859
0.5714285714285714
-0.9785714285714285
0.9142857142857144
-0.8928571428571429
0.4785714285714284
-0.5857142857142857
-0.37857142857142856
-0.17142857142857149
0.8357142857142859
-0.9071428571428571
0.07142857142857162
0.5071428571428571
0.4714285714285713
-0.23571428571428577
0.27142857142857135
-0.25
-0.5785714285714285
-0.24285714285714288
0.3928571428571428
0.17142857142857149
0.607142857142857
-0.8142857142857143
-0.85
0.4285714285714286
0.4214285714285715
-0.5714285714285714
0.2142857142857144
-0.0714285714285714
0.30000000000000004
0.8857142857142857
0.5642857142857143
-0.9857142857142858
0.6499999999999999
0.6642857142857141
0.5142857142857142
-0.49285714285714277
-0.9571428571428572
0.9928571428571429
0.33571428571428563
-0.05714285714285716
-0.44285714285714284
-0.7
0.19999999999999996
0.05714285714285716
-0.2857142857142857
0.5785714285714285
-0.30000000000000004
0.7428571428571429
0.4357142857142857
-0.48571428571428565
0.4642857142857142
0.3285714285714285
0.14285714285714302
0.19285714285714284
-0.9714285714285714
0.8500000000000001
-0.26428571428571435
-0.8571428571428572
-0.8214285714285714
-0.5285714285714285
0.3142857142857143
0.2071428571428573
0.22857142857142865
0.2785714285714287
-0.7642857142857142
-0.6571428571428571
0.5357142857142856
0.842857142857143
-0.8428571428571429
-0.8
0.24285714285714288
-0.9428571428571428
-0.20714285714285718
-0.7214285714285713
0.12142857142857144
-0.3214285714285714
0.7142857142857144
-0.0357142857142857
-0.8642857142857143
-0.22857142857142865
-0.18571428571428572
0.5499999999999998
0.1071428571428572
-0.3928571428571428
0.6357142857142857
-0.5214285714285714
-0.5928571428571429
-0.16428571428571426
-0.8714285714285714
-0.9285714285714286
-0.6071428571428572
0.8214285714285714
0.6785714285714286
-0.20000000000000007
-0.1785714285714286
0.2928571428571429
-0.3857142857142857
0.8
0.014285714285714457
-0.41428571428571426
0.657142857142857
-0.37142857142857144
-0.8357142857142857
-0.11428571428571421
-0.6499999999999999
-0.3142857142857143
-0.2142857142857143
-0.09999999999999998
0.48571428571428577
-0.3642857142857142
0.06428571428571428
-0.33571428571428574
0.16428571428571437
-0.09285714285714286
-0.22142857142857142
0.12857142857142856
-0.6714285714285715
-0.042857142857142816
-0.08571428571428563
0.028571428571428692
0.75
0.5428571428571427
0.8785714285714286
-0.4357142857142856
0.9285714285714286
-0.95
0.18571428571428572
0.8142857142857143
0.6714285714285715
-0.7357142857142857
0.10000000000000009
-0.07857142857142851
0.3571428571428572
-0.47857142857142854
-0.7785714285714286
0.7857142857142858
-0.3285714285714285
1.0
-0.6785714285714286
0.8071428571428572
0.8642857142857143
-0.8857142857142857
-0.8785714285714286
-0.4999999999999999
-0.021428571428571463
0.3214285714285714
0.23571428571428577
0.03571428571428581
-0.4714285714285714
0.3500000000000001
-0.40714285714285714
0.40714285714285703
-0.7285714285714285
0.0071428571428573395
-0.4571428571428571
-0.34285714285714286
0.5214285714285714
0.07857142857142874
-0.12857142857142856
-1.0
-0.7928571428571429
2.220446049250313e-16
-0.6428571428571428
-0.6214285714285714
0.6428571428571428
0.37857142857142856
0.09285714285714297
0.8928571428571428
-0.6642857142857143
0.9214285714285715
0.95
0.7928571428571429
-0.7714285714285715
0.7357142857142858
-0.4285714285714285
-0.30714285714285716
0.9071428571428573
0.7071428571428573
0.5285714285714285
0.4928571428571429
-0.9214285714285715
-0.5142857142857142
0.04285714285714293
0.2571428571428571
-0.0071428571428571175
0.7571428571428571
-0.9
-0.3999999999999999
-0.35
-0.13571428571428568
0.1785714285714286
0.44285714285714284
0.7214285714285715
-0.9357142857142857
-0.7428571428571429
-0.4214285714285714
-0.06428571428571428
-0.1499999999999999
0.9571428571428571
0.3642857142857143
0.9357142857142857
0.6857142857142857
0.021428571428571574
0.41428571428571437
0.7785714285714287
0.8714285714285714
-0.19285714285714284
-0.5071428571428571
-0.2571428571428571
-0.2928571428571428
0.9857142857142858
-0.5642857142857143
0.6142857142857141
0.5
0.6214285714285714
0.15000000000000013
-0.5571428571428572
-0.5357142857142857
0.9642857142857142
-0.3571428571428571
0.7285714285714286
0.15714285714285725
-0.6357142857142857
-0.44999999999999996
0.11428571428571432
-0.1428571428571428
-0.7857142857142857
-0.2785714285714286
-0.6142857142857143
-0.014285714285714235
0.9428571428571428
-0.6285714285714286
0.6285714285714286
0.5999999999999999
0.37142857142857144
-0.04999999999999993
0.050000000000000044
0.9714285714285715
-0.1071428571428571
-0.02857142857142858
0.5928571428571427
0.6928571428571431
-0.7571428571428571
-0.27142857142857146
-0.7142857142857142
-0.8071428571428572
-0.15714285714285703
0.22142857142857153
0.9785714285714286
RANK
191
3
63
33
86
19
68
157
103
225
121
212
24
41
218
35
173
174
120
110
89
54
100
134
2
90
53
277
101
192
258
166
204
96
274
10
226
161
184
105
276
30
73
1
13
170
148
200
97
136
194
254
263
195
260
122
16
118
37
48
57
243
248
25
15
249
91
117
213
239
175
67
81
165
180
29
186
255
72
155
206
227
131
182
219
115
128
38
133
141
251
220
187
143
168
107
137
207
78
241
76
259
275
88
240
47
49
45
111
146
138
104
125
238
112
126
39
119
278
229
257
221
190
8
135
270
139
145
150
163
59
228
71
267
149
109
271
176
261
216
193
185
130
234
151
179
214
268
75
142
42
189
26
198
162
114
256
106
147
31
84
247
253
144
51
222
158
85
74
93
58
279
94
178
102
28
215
4
46
95
20
127
60
7
92
177
83
70
17
181
164
231
266
197
5
50
21
183
235
56
55
80
223
27
18
82
44
36
140
211
245
43
66
188
210
98
153
113
22
62
32
77
12
272
265
52
244
246
264
116
196
64
132
65
160
124
233
273
0
209
108
224
252
205
79
152
217
6
11
236
167
203
129
171
159
123
9
40
99
87
14
172
237
154
61
199
23
208
34
201
156
232
262
202
230
250
269
280
242
69
169
