DEGREE
-0.06666666666666665
-0.19999999999999996
-0.33333333333333337
-0.4666666666666667
-0.4666666666666667
-0.7333333333333334
-0.19999999999999996
-0.7333333333333334
1.0
0.06666666666666665
-0.19999999999999996
0.06666666666666665
-0.19999999999999996
-0.19999999999999996
0.46666666666666656
0.06666666666666665
-0.33333333333333337
-0.06666666666666665
0.06666666666666665
-0.33333333333333337
-0.33333333333333337
-0.06666666666666665
-0.19999999999999996
-0.19999999999999996
-0.33333333333333337
0.19999999999999996
-0.33333333333333337
-0.19999999999999996
-0.06666666666666665
-0.7333333333333334
-0.33333333333333337
-0.06666666666666665
0.33333333333333326
-0.19999999999999996
0.19999999999999996
-0.4666666666666667
0.06666666666666665
0.06666666666666665
-0.4666666666666667
-0.06666666666666665
-0.06666666666666665
0.33333333333333326
0.33333333333333326
0.19999999999999996
-0.8666666666666667
0.19999999999999996
0.19999999999999996
0.33333333333333326
0.19999999999999996
-0.06666666666666665
-0.33333333333333337
-0.33333333333333337
0.46666666666666656
0.33333333333333326
0.19999999999999996
-1.0
0.19999999999999996
-0.33333333333333337
0.19999999999999996
0.06666666666666665
-0.19999999999999996
0.33333333333333326
-0.06666666666666665
-0.8666666666666667
-0.19999999999999996
0.33333333333333326
-0.33333333333333337
-0.19999999999999996
-0.06666666666666665
-0.06666666666666665
-0.19999999999999996
0.6000000000000001
-0.33333333333333337
0.33333333333333326
0.19999999999999996
0.46666666666666656
0.46666666666666656
0.19999999999999996
-0.33333333333333337
0.06666666666666665
-0.19999999999999996
-0.8666666666666667
-0.7333333333333334
-0.06666666666666665
-0.6
0.33333333333333326
-0.33333333333333337
0.33333333333333326
-0.06666666666666665
0.6000000000000001
0.46666666666666656
0.06666666666666665
0.19999999999999996
0.19999999999999996
0.06666666666666665
-0.33333333333333337
-0.4666666666666667
0.06666666666666665
-0.6
0.33333333333333326
0.06666666666666665
-0.19999999999999996
1.0
0.06666666666666665
0.19999999999999996
0.33333333333333326
0.19999999999999996
0.19999999999999996
-0.6
-0.06666666666666665
0.7333333333333334
-0.6
-0.33333333333333337
-0.19999999999999996
0.19999999999999996
-0.19999999999999996
-0.6
0.33333333333333326
0.06666666666666665
0.19999999999999996
-0.06666666666666665
0.19999999999999996
-0.6
-0.4666666666666667
-0.06666666666666665
-0.33333333333333337
0.06666666666666665
-0.4666666666666667
-0.06666666666666665
0.06666666666666665
-0.33333333333333337
0.06666666666666665
0.06666666666666665
-0.33333333333333337
0.33333333333333326
-0.06666666666666665
0.33333333333333326
0.06666666666666665
-0.19999999999999996
-0.33333333333333337
-0.19999999999999996
-0.19999999999999996
-0.33333333333333337
-0.06666666666666665
-0.4666666666666667
0.33333333333333326
-1.0
-0.19999999999999996
0.7333333333333334
-0.06666666666666665
-0.19999999999999996
0.46666666666666656
0.33333333333333326
-0.4666666666666667
-0.4666666666666667
0.33333333333333326
0.19999999999999996
EIGENVECTOR
-0.5596329692665951
-0.1805801232207055
-0.9664427634416295
-0.9778069317303492
-0.9289160167560422
-0.9696342805810457
-0.9441074617501025
-0.9991913102028419
0.9999999999999993
-0.056449494321571536
-0.9722443088479238
-0.9914927262843533
-0.9376819012384885
-0.938991829406022
0.14730630366620412
-0.8537397678995784
-0.9408076115577159
-0.9540480824862649
-0.9922203927228745
-0.8220690528380311
-0.9741842088973613
-0.9923523380011178
-0.5931608579783855
-0.9424983850719844
-0.6219188466982313
-0.9178770476706319
-0.9773796872250907
-0.994275513672129
-0.9270777915308119
-0.9865041822548932
-0.9948996290600585
-0.9937494465170721
-0.9095407053139408
-0.9991945187599387
-0.9107903964791385
-0.9788627669882188
-0.9365915452261782
-0.9224670633737964
-0.9293048791579251
-0.9914827979984114
-0.9949110318907489
-0.9126665224625081
-0.9538361786375826
0.11936530461445449
-0.9983742362561374
-0.9831362445232268
-0.9479175162743532
-0.9907298223298797
-0.9479175162743532
-0.16214567257620938
-0.9437691224265397
-0.9948006227467191
-0.9864975890033674
-0.8765238934127125
0.4053966613241675
-0.9485939473566016
-0.9233690619190146
-0.993898991829222
-0.9618735561506959
-0.9945771087166512
-0.8339404556203511
0.0904237051776633
-0.9987518881720024
-0.9892771413955225
-0.9780853889692295
-0.9883050160611182
-0.9997804151708172
-0.9892538817239542
-0.13441803528373086
-0.9955201343117265
-0.9827545321514117
0.6743467228185847
-0.9997804151708172
-0.9865490863538559
-0.918299273210037
-0.9057425833447379
-0.9053684339813676
-0.9492971799817314
-0.6463338970834885
-0.992402248569073
-0.48436207550902977
-0.991948076844078
-0.9127270018756906
-0.6086929604021962
-0.9561697875426839
-0.9126665224625081
-0.9703641414769264
-0.9198005658863871
-0.993526002470685
-0.9025731619626401
0.7292460284070772
-0.8942002527541284
0.009929690237067135
-0.9909737957759329
-0.8584706407051554
-0.997147268592204
-0.8345769838023636
-0.9668369006569717
-0.9986723796944217
0.5914190073314842
-0.8977092301246835
-0.9174568885516712
1.0
-0.9739956243975847
-0.9178770476706323
-0.9246825192815272
0.5456899706133211
-0.733010764398486
-0.9113980303863979
-0.9987518881720023
-0.9214991840169773
-0.9849317190453203
-0.945717431299658
-0.9783132972118112
-0.9233690619190148
-0.2240839146683864
-0.7582157122347173
-0.9538361786375827
-0.9298343760048152
-0.9313730667791746
-0.6532231270654348
-0.9259818554001478
-0.9961303561561278
-0.8912062420498882
-0.9989445268629225
-0.9773009897155596
-0.9920706462278939
-0.9936259128528757
-0.60555862405236
-0.9979825979034789
-0.8900316983133428
-0.9920089483029726
-0.981726005152597
-0.6485660115846048
0.47763460768624055
-0.9935537860290532
-0.9883946444846824
-0.8827687933901598
-0.8995012317333979
-0.9437691224265397
-0.9770595152963971
-0.7571008205445929
-0.9997804151708172
-0.9762099989980352
-0.9788293512533559
-0.9559296274858832
-1.0
-0.973275430373581
0.7143783182171966
0.22184060353041102
-0.3963619481112858
0.6538694323021026
-0.992791233171922
-0.9540680915932472
-0.9808972508100928
-0.875195958699283
-0.9920323639970171
CENT
0.7835971622611024
0.45795226801326794
0.40195410134060494
-0.7436267201134115
-0.6009935866551034
-0.2283459243860806
-0.05642393527162781
-1.0
0.9420989775051127
0.8579743365019441
-0.7325071574642128
-0.23610840131900623
-0.865412406271302
-0.8346828689748651
0.9636373200770654
-0.453099093140398
0.43536236928744443
-0.3337914110429445
-0.7574021941585041
0.5214249725852822
-0.6131834669293807
-0.30806781449963716
0.9137007812576203
0.8579743365019441
0.6113125804741348
-0.4395281835745517
-0.026010834858106513
-0.46319915330247896
-0.8268891457475078
-0.6726387052436544
-0.7241089321133132
0.12009909924340723
-0.20877839791323582
-0.453099093140398
0.23288938064058007
-0.38755083752671116
0.09646993918078417
0.03644463920537544
-0.32281758315979037
-0.08207444166231692
-0.7656021403687449
-0.24383439187386913
-0.44632860077154946
0.8787069471592708
-0.39808599949161516
0.027386211669450766
-0.2705917123095035
-0.5979301445211853
-0.2705917123095035
0.9853844349518164
0.7181394944089114
-0.7212982810587955
-0.3698335124143588
-0.4732329835618583
0.6609057434472951
-0.3043591068088487
0.04554940140900321
-0.33014183899332195
-0.5979301445211853
-0.5948602733376678
0.5390884763188997
0.48080144821657544
-0.4497175752006701
-0.5224311190272004
0.22784044681927162
-0.4189453858069975
-0.8475727755589408
0.12486199660504971
0.7835971622611024
-0.1198463763778741
0.48655477986977913
0.7181394944089114
-0.8475727755589408
-0.38755083752671116
-0.2476837850552529
-0.1849884052015145
-0.026010834858106513
-0.28943832685239834
0.37454159097919604
-0.7574021941585041
-0.1073481964291525
-0.3662659967243148
-0.008391154517779054
0.7245955931559764
-0.1198463763778741
-0.24383439187386913
0.5155712209861532
0.05929420288713749
-0.4564731791725656
0.013884677091190012
0.8103494265137376
0.19782958418541252
0.8926380368098166
-0.22445092266264444
-0.49310454316349495
-0.8164269605422101
0.36910496758534395
-0.6784508941879348
-0.8294920687558724
0.75061772470617
0.593016872673749
-0.5127188657476346
0.9420989775051127
0.75061772470617
-0.4395281835745517
-0.2743785873620108
0.39094296113372184
-0.06929680698131135
-0.5731894490633254
-0.4497175752006701
-0.22445092266264444
-0.3910704408318585
-0.8398537045776311
0.48655477986977913
0.04554940140900321
1.0
0.05929420288713749
-0.44632860077154946
0.05470085470085517
-0.278156655728349
0.9492554139793408
-0.278156655728349
-0.5029435458883311
0.45795226801326794
-0.5917839528449417
-0.7899128525904874
-0.3626904005910322
-0.34469024693600914
-0.09896495916293402
-0.4050702036992606
0.6798112696183511
-0.3591066965300094
0.5214249725852822
-0.07356654811287122
0.7052859887215719
-0.44632860077154946
-0.3662659967243148
0.562881189986437
-0.31176798661461225
0.7181394944089114
0.629771642808453
-0.08207444166231692
-0.8475727755589408
0.04099120628279351
0.022874263011150253
-0.6491505184080668
-0.792587612404404
-0.7212982810587955
0.49811118379566643
0.30502887951952573
0.4923246678730635
0.4522806588246262
-0.6521076859636279
-0.8979198048506467
0.14886449251964295
-0.4732329835618583
-0.3662659967243148
DEGREE_RANK
-0.1282051282051282
-0.41025641025641024
-0.6794871794871795
-0.8076923076923077
-0.7948717948717948
-0.9358974358974359
-0.39743589743589747
-0.9230769230769231
0.9871794871794872
0.1282051282051282
-0.3846153846153847
0.14102564102564097
-0.3717948717948718
-0.35897435897435903
0.858974358974359
0.15384615384615374
-0.6666666666666667
-0.11538461538461531
0.16666666666666652
-0.6538461538461539
-0.641025641025641
-0.10256410256410253
-0.34615384615384615
-0.33333333333333337
-0.6282051282051282
0.3717948717948718
-0.6153846153846154
-0.3205128205128206
-0.08974358974358976
-0.9102564102564102
-0.6025641025641025
-0.07692307692307687
0.6282051282051282
-0.3076923076923077
0.3846153846153846
-0.782051282051282
0.17948717948717952
0.1923076923076923
-0.7692307692307692
-0.0641025641025641
-0.05128205128205132
0.6410256410256412
0.653846153846154
0.39743589743589736
-0.9743589743589743
0.41025641025641013
0.4230769230769229
0.6666666666666667
0.4358974358974359
-0.038461538461538436
-0.5897435897435896
-0.5769230769230769
0.8717948717948718
0.6794871794871795
0.4487179487179487
-1.0
0.46153846153846145
-0.5641025641025641
0.47435897435897423
0.20512820512820507
-0.29487179487179493
0.6923076923076923
-0.02564102564102566
-0.9615384615384616
-0.28205128205128205
0.7051282051282053
-0.5512820512820513
-0.2692307692307693
-0.012820512820512775
0.0
-0.2564102564102564
0.9358974358974359
-0.5384615384615384
0.7179487179487181
0.487179487179487
0.8846153846153846
0.8974358974358974
0.5000000000000002
-0.5256410256410257
0.21794871794871784
-0.2435897435897435
-0.9487179487179487
-0.8974358974358975
0.012820512820512775
-0.8846153846153846
0.7307692307692308
-0.5128205128205128
0.7435897435897436
0.02564102564102555
0.9487179487179487
0.9102564102564104
0.23076923076923062
0.512820512820513
0.5256410256410258
0.2435897435897436
-0.5
-0.7564102564102564
0.2564102564102564
-0.8717948717948718
0.7564102564102564
0.26923076923076916
-0.23076923076923073
1.0
0.28205128205128194
0.5384615384615385
0.7692307692307694
0.5512820512820513
0.5641025641025641
-0.858974358974359
0.03846153846153855
0.9615384615384615
-0.8461538461538461
-0.4871794871794872
-0.21794871794871795
0.5769230769230771
-0.20512820512820507
-0.8333333333333334
0.7820512820512822
0.2948717948717947
0.5897435897435899
0.05128205128205132
0.6025641025641026
-0.8205128205128205
-0.7435897435897436
0.0641025641025641
-0.47435897435897434
0.3076923076923077
-0.7307692307692308
0.07692307692307687
0.3205128205128205
-0.46153846153846156
0.33333333333333326
0.34615384615384603
-0.4487179487179487
0.7948717948717949
0.08974358974358965
0.8076923076923077
0.3589743589743588
-0.1923076923076923
-0.4358974358974359
-0.1794871794871794
-0.16666666666666663
-0.42307692307692313
0.10256410256410264
-0.717948717948718
0.8205128205128205
-0.9871794871794872
-0.15384615384615385
0.9743589743589745
0.11538461538461542
-0.14102564102564097
0.9230769230769231
0.8333333333333335
-0.7051282051282051
-0.6923076923076923
0.8461538461538463
0.6153846153846154
EIGENVECTOR_RANK
0.7179487179487181
0.7692307692307694
-0.16666666666666663
-0.3205128205128206
0.14102564102564097
-0.1923076923076923
0.0
-0.9358974358974359
0.9871794871794872
0.8076923076923077
-0.21794871794871795
-0.5769230769230769
0.07692307692307687
0.0641025641025641
0.858974358974359
0.5384615384615385
0.05128205128205132
-0.10256410256410253
-0.641025641025641
0.5769230769230771
-0.2564102564102564
-0.6538461538461539
0.7051282051282053
0.03846153846153855
0.6666666666666667
0.26923076923076916
-0.3076923076923077
-0.7564102564102564
0.15384615384615374
-0.46153846153846156
-0.7948717948717948
-0.7307692307692308
0.3717948717948718
-0.9487179487179487
0.3589743589743588
-0.3717948717948718
0.08974358974358965
0.21794871794871784
0.1282051282051282
-0.5641025641025641
-0.8076923076923077
0.3205128205128205
-0.08974358974358976
0.8461538461538463
-0.8717948717948718
-0.42307692307692313
-0.038461538461538436
-0.5384615384615384
-0.02564102564102566
0.7820512820512822
0.02564102564102555
-0.782051282051282
-0.4487179487179487
0.5000000000000002
0.8846153846153846
-0.05128205128205132
0.20512820512820507
-0.7435897435897436
-0.15384615384615385
-0.7692307692307692
0.5641025641025641
0.8333333333333335
-0.9102564102564102
-0.5256410256410257
-0.33333333333333337
-0.4871794871794872
-0.9615384615384616
-0.5128205128205128
0.7948717948717949
-0.8205128205128205
-0.41025641025641024
0.9487179487179487
-0.9871794871794872
-0.47435897435897434
0.2564102564102564
0.3846153846153846
0.39743589743589736
-0.0641025641025641
0.653846153846154
-0.6666666666666667
0.7307692307692308
-0.5897435897435896
0.3076923076923077
0.6794871794871795
-0.14102564102564097
0.33333333333333326
-0.20512820512820507
0.2435897435897436
-0.6923076923076923
0.41025641025641013
0.9743589743589745
0.4487179487179487
0.8205128205128205
-0.5512820512820513
0.5256410256410258
-0.8461538461538461
0.5512820512820513
-0.1794871794871794
-0.8846153846153846
0.9230769230769231
0.4358974358974359
0.2948717948717947
1.0
-0.2435897435897435
0.28205128205128194
0.17948717948717952
0.9102564102564104
0.6153846153846154
0.34615384615384603
-0.8974358974358975
0.23076923076923062
-0.4358974358974359
-0.012820512820512775
-0.34615384615384615
0.1923076923076923
0.7564102564102564
0.5897435897435899
-0.07692307692307687
0.11538461538461542
0.10256410256410264
0.6282051282051282
0.16666666666666652
-0.8333333333333334
0.46153846153846145
-0.9230769230769231
-0.29487179487179493
-0.6282051282051282
-0.717948717948718
0.6923076923076923
-0.858974358974359
0.47435897435897423
-0.6025641025641025
-0.39743589743589747
0.6410256410256412
0.8974358974358974
-0.7051282051282051
-0.5
0.487179487179487
0.4230769230769229
0.012820512820512775
-0.28205128205128205
0.6025641025641026
-0.9743589743589743
-0.2692307692307693
-0.35897435897435903
-0.1282051282051282
-1.0
-0.23076923076923073
0.9615384615384615
0.8717948717948718
0.7435897435897436
0.9358974358974359
-0.6794871794871795
-0.11538461538461531
-0.3846153846153847
0.512820512820513
-0.6153846153846154
CENT_RANK
0.8333333333333335
0.5256410256410258
0.487179487179487
-0.7948717948717948
-0.6666666666666667
0.0
0.16666666666666652
-1.0
0.9358974358974359
0.8717948717948718
-0.782051282051282
-0.012820512820512775
-0.9743589743589743
-0.9102564102564102
0.9743589743589745
-0.4871794871794872
0.5000000000000002
-0.20512820512820507
-0.8205128205128205
0.6282051282051282
-0.6794871794871795
-0.15384615384615385
0.9230769230769231
0.8846153846153846
0.6923076923076923
-0.39743589743589747
0.17948717948717952
-0.5128205128205128
-0.8846153846153846
-0.717948717948718
-0.7692307692307692
0.3589743589743588
0.03846153846153855
-0.47435897435897434
0.4230769230769229
-0.3205128205128206
0.34615384615384603
0.2564102564102564
-0.1794871794871794
0.11538461538461542
-0.8333333333333334
-0.038461538461538436
-0.4358974358974359
0.8974358974358974
-0.34615384615384615
0.2435897435897436
-0.07692307692307687
-0.6538461538461539
-0.0641025641025641
0.9871794871794872
0.7564102564102564
-0.7564102564102564
-0.29487179487179493
-0.5384615384615384
0.7179487179487181
-0.14102564102564097
0.28205128205128194
-0.1923076923076923
-0.641025641025641
-0.6282051282051282
0.653846153846154
0.5512820512820513
-0.46153846153846156
-0.5897435897435896
0.41025641025641013
-0.3717948717948718
-0.9615384615384616
0.3717948717948718
0.8461538461538463
0.0641025641025641
0.5641025641025641
0.7692307692307694
-0.9487179487179487
-0.3076923076923077
-0.05128205128205132
0.05128205128205132
0.1923076923076923
-0.1282051282051282
0.46153846153846145
-0.8076923076923077
0.08974358974358965
-0.28205128205128205
0.20512820512820507
0.7948717948717949
0.07692307692307687
-0.02564102564102566
0.6153846153846154
0.3205128205128205
-0.5
0.21794871794871784
0.858974358974359
0.39743589743589736
0.9102564102564104
0.012820512820512775
-0.5512820512820513
-0.8717948717948718
0.4487179487179487
-0.7307692307692308
-0.8974358974358975
0.8076923076923077
0.6794871794871795
-0.5769230769230769
0.9487179487179487
0.8205128205128205
-0.3846153846153847
-0.08974358974358976
0.47435897435897423
0.15384615384615374
-0.6025641025641025
-0.4487179487179487
0.02564102564102555
-0.33333333333333337
-0.9230769230769231
0.5769230769230771
0.2948717948717947
1.0
0.33333333333333326
-0.42307692307692313
0.3076923076923077
-0.11538461538461531
0.9615384615384615
-0.10256410256410253
-0.5641025641025641
0.5384615384615385
-0.6153846153846154
-0.8461538461538461
-0.2435897435897435
-0.21794871794871795
0.10256410256410264
-0.35897435897435903
0.7307692307692308
-0.23076923076923073
0.6410256410256412
0.14102564102564097
0.7435897435897436
-0.41025641025641024
-0.2692307692307693
0.6666666666666667
-0.16666666666666663
0.7820512820512822
0.7051282051282053
0.1282051282051282
-0.9358974358974359
0.26923076923076916
0.23076923076923062
-0.6923076923076923
-0.858974358974359
-0.7435897435897436
0.6025641025641026
0.4358974358974359
0.5897435897435899
0.512820512820513
-0.7051282051282051
-0.9871794871794872
0.3846153846153846
-0.5256410256410257
-0.2564102564102564
RANK
7
153
12
66
72
142
112
13
98
28
95
146
125
40
18
79
3
10
30
51
147
97
29
152
145
20
4
47
58
59
124
108
63
101
122
94
53
155
27
88
15
33
62
109
42
117
135
25
104
65
129
44
111
35
73
52
81
136
156
126
131
127
17
57
38
138
21
55
77
119
121
105
46
48
74
41
85
11
5
93
110
32
75
69
84
80
128
39
141
133
107
6
26
76
82
89
144
45
37
143
56
114
118
87
116
36
31
67
154
91
64
34
149
96
78
106
2
16
151
1
123
61
70
113
150
148
86
19
132
60
137
100
24
140
54
130
134
50
71
139
83
99
103
0
68
90
9
23
43
92
22
8
102
120
14
49
115
