DEGREE
0.28205128205128216
0.1282051282051282
0.1282051282051282
0.28205128205128216
-0.7435897435897436
-0.7435897435897436
0.17948717948717952
0.23076923076923084
0.4358974358974359
0.28205128205128216
0.28205128205128216
-0.3846153846153846
-0.7435897435897436
-0.28205128205128205
-0.02564102564102566
0.1282051282051282
0.4358974358974359
0.17948717948717952
-0.17948717948717952
-0.17948717948717952
0.33333333333333326
0.3846153846153846
-0.1282051282051282
-0.23076923076923073
-0.1282051282051282
0.28205128205128216
0.4871794871794872
0.9487179487179487
0.17948717948717952
0.5897435897435896
-0.5384615384615384
0.4358974358974359
-0.07692307692307687
0.17948717948717952
0.5384615384615385
0.1282051282051282
0.23076923076923084
0.28205128205128216
0.3846153846153846
0.4871794871794872
0.02564102564102555
0.07692307692307687
0.17948717948717952
-0.28205128205128205
0.5384615384615385
0.23076923076923084
-0.5384615384615384
-0.6923076923076923
-0.07692307692307687
0.23076923076923084
0.17948717948717952
-0.23076923076923073
0.3846153846153846
-0.33333333333333337
0.4871794871794872
-0.7435897435897436
0.33333333333333326
0.23076923076923084
-0.23076923076923073
-0.4358974358974359
0.5384615384615385
-0.641025641025641
-0.3846153846153846
0.17948717948717952
0.641025641025641
0.23076923076923084
0.28205128205128216
-0.5384615384615384
0.3846153846153846
-0.1282051282051282
0.02564102564102555
0.23076923076923084
0.641025641025641
-0.33333333333333337
0.23076923076923084
0.02564102564102555
-0.4358974358974359
0.3846153846153846
-0.5384615384615384
0.28205128205128216
0.17948717948717952
0.9487179487179487
0.33333333333333326
0.17948717948717952
0.23076923076923084
0.33333333333333326
0.4358974358974359
0.33333333333333326
0.28205128205128216
0.28205128205128216
0.02564102564102555
0.02564102564102555
0.02564102564102555
0.5384615384615385
0.641025641025641
0.07692307692307687
0.8974358974358974
0.23076923076923084
-0.02564102564102566
-0.7435897435897436
-0.4358974358974359
-0.4358974358974359
0.17948717948717952
0.641025641025641
-0.641025641025641
0.07692307692307687
0.23076923076923084
0.3846153846153846
0.7948717948717949
-0.23076923076923073
0.1282051282051282
-0.641025641025641
0.28205128205128216
-0.641025641025641
-0.5384615384615384
-0.6923076923076923
-0.28205128205128205
0.8461538461538463
-0.28205128205128205
-0.1282051282051282
0.07692307692307687
0.33333333333333326
0.641025641025641
0.17948717948717952
-0.17948717948717952
0.17948717948717952
-0.641025641025641
-0.5897435897435898
0.33333333333333326
0.4871794871794872
0.23076923076923084
0.3846153846153846
0.33333333333333326
-0.7435897435897436
-0.07692307692307687
0.02564102564102555
0.17948717948717952
0.33333333333333326
0.5384615384615385
0.1282051282051282
-0.17948717948717952
-0.02564102564102566
-0.6923076923076923
0.07692307692307687
0.1282051282051282
-0.02564102564102566
0.3846153846153846
0.17948717948717952
-0.33333333333333337
-0.17948717948717952
0.02564102564102555
0.23076923076923084
-0.5384615384615384
0.3846153846153846
-0.28205128205128205
0.07692307692307687
-0.02564102564102566
0.33333333333333326
0.33333333333333326
0.8461538461538463
0.3846153846153846
-0.17948717948717952
-0.07692307692307687
0.1282051282051282
-0.4358974358974359
0.17948717948717952
0.28205128205128216
0.28205128205128216
0.5384615384615385
0.23076923076923084
-0.23076923076923073
0.28205128205128216
0.3846153846153846
0.17948717948717952
-0.28205128205128205
0.17948717948717952
0.8974358974358974
0.02564102564102555
0.8461538461538463
-0.3846153846153846
0.28205128205128216
-0.28205128205128205
0.17948717948717952
-0.02564102564102566
-0.17948717948717952
-0.33333333333333337
-0.8974358974358975
0.17948717948717952
0.33333333333333326
-0.1282051282051282
0.28205128205128216
0.4358974358974359
-0.07692307692307687
-0.23076923076923073
0.28205128205128216
-0.23076923076923073
0.23076923076923084
0.28205128205128216
0.28205128205128216
0.1282051282051282
0.23076923076923084
0.23076923076923084
0.23076923076923084
-0.23076923076923073
0.02564102564102555
-0.23076923076923073
0.5384615384615385
-0.07692307692307687
0.33333333333333326
0.28205128205128216
0.4871794871794872
0.17948717948717952
0.07692307692307687
-0.17948717948717952
-0.23076923076923073
0.17948717948717952
-0.8461538461538461
0.23076923076923084
0.4358974358974359
-0.02564102564102566
0.6923076923076923
0.641025641025641
-0.4871794871794872
-0.6923076923076923
0.02564102564102555
-0.02564102564102566
0.07692307692307687
-0.1282051282051282
0.28205128205128216
0.28205128205128216
0.28205128205128216
0.28205128205128216
1.0
0.28205128205128216
0.28205128205128216
0.5384615384615385
-0.1282051282051282
-0.17948717948717952
-0.28205128205128205
0.02564102564102555
-1.0
-0.17948717948717952
0.07692307692307687
-0.3846153846153846
-0.1282051282051282
-0.02564102564102566
-0.4871794871794872
0.1282051282051282
0.4358974358974359
0.07692307692307687
0.23076923076923084
-0.8974358974358975
-0.23076923076923073
0.33333333333333326
0.4871794871794872
0.28205128205128216
-0.4358974358974359
0.4358974358974359
-0.02564102564102566
0.641025641025641
-0.641025641025641
0.17948717948717952
-0.1282051282051282
0.17948717948717952
0.33333333333333326
0.3846153846153846
-0.4871794871794872
0.17948717948717952
0.28205128205128216
0.17948717948717952
0.17948717948717952
0.17948717948717952
0.8974358974358974
-0.8974358974358975
-0.33333333333333337
0.1282051282051282
-0.5384615384615384
0.1282051282051282
0.7435897435897436
-0.23076923076923073
0.17948717948717952
-0.23076923076923073
0.5897435897435896
0.33333333333333326
0.4871794871794872
-0.641025641025641
-0.17948717948717952
-0.23076923076923073
0.5384615384615385
-0.641025641025641
-0.5384615384615384
-0.3846153846153846
-0.07692307692307687
0.17948717948717952
-0.7948717948717949
0.3846153846153846
0.1282051282051282
-0.28205128205128205
0.33333333333333326
-0.4358974358974359
0.28205128205128216
0.02564102564102555
0.1282051282051282
0.33333333333333326
0.3846153846153846
-0.28205128205128205
0.02564102564102555
-0.28205128205128205
0.28205128205128216
0.33333333333333326
0.07692307692307687
0.5384615384615385
0.02564102564102555
-0.4358974358974359
-0.23076923076923073
0.5384615384615385
0.02564102564102555
0.3846153846153846
0.17948717948717952
0.23076923076923084
-0.1282051282051282
-0.1282051282051282
0.02564102564102555
0.3846153846153846
-0.17948717948717952
-0.5384615384615384
0.02564102564102555
0.23076923076923084
0.33333333333333326
0.33333333333333326
0.07692307692307687
0.5384615384615385
0.4871794871794872
-0.6923076923076923
0.1282051282051282
0.4871794871794872
-0.7435897435897436
-0.1282051282051282
-0.5384615384615384
-0.5384615384615384
0.28205128205128216
0.4358974358974359
-0.07692307692307687
0.17948717948717952
0.17948717948717952
-0.07692307692307687
-0.28205128205128205
-0.07692307692307687
0.1282051282051282
-0.4871794871794872
-0.02564102564102566
-0.4871794871794872
0.1282051282051282
-0.07692307692307687
0.4871794871794872
-0.28205128205128205
-0.5384615384615384
0.1282051282051282
0.4358974358974359
0.1282051282051282
-0.28205128205128205
-0.17948717948717952
0.17948717948717952
0.8461538461538463
0.33333333333333326
0.7435897435897436
-0.28205128205128205
-0.1282051282051282
0.17948717948717952
0.28205128205128216
-0.02564102564102566
-0.07692307692307687
0.1282051282051282
-0.02564102564102566
0.6923076923076923
-0.1282051282051282
-0.02564102564102566
-0.1282051282051282
0.4358974358974359
-0.7435897435897436
0.17948717948717952
0.02564102564102555
0.28205128205128216
0.02564102564102555
-0.33333333333333337
0.17948717948717952
-0.02564102564102566
0.02564102564102555
-0.28205128205128205
0.7948717948717949
0.33333333333333326
0.5384615384615385
0.28205128205128216
0.23076923076923084
0.23076923076923084
-0.4358974358974359
0.17948717948717952
-0.4358974358974359
-0.07692307692307687
-0.4871794871794872
-0.23076923076923073
-0.02564102564102566
0.1282051282051282
-0.8974358974358975
-0.4358974358974359
-0.23076923076923073
0.5384615384615385
0.28205128205128216
0.23076923076923084
-0.3846153846153846
0.3846153846153846
-0.02564102564102566
0.33333333333333326
0.641025641025641
-0.02564102564102566
-0.28205128205128205
0.28205128205128216
-0.02564102564102566
-0.23076923076923073
-0.3846153846153846
-0.02564102564102566
-0.641025641025641
-0.02564102564102566
0.23076923076923084
0.4358974358974359
-0.02564102564102566
0.1282051282051282
0.33333333333333326
0.17948717948717952
-0.17948717948717952
-0.28205128205128205
-0.1282051282051282
0.23076923076923084
0.02564102564102555
-0.23076923076923073
0.3846153846153846
-0.1282051282051282
-0.33333333333333337
0.33333333333333326
-0.23076923076923073
-0.6923076923076923
-0.02564102564102566
0.17948717948717952
0.1282051282051282
-0.33333333333333337
0.28205128205128216
-0.17948717948717952
-0.28205128205128205
-0.07692307692307687
0.23076923076923084
0.7435897435897436
0.07692307692307687
0.3846153846153846
0.02564102564102555
-0.23076923076923073
-0.1282051282051282
0.5384615384615385
-0.02564102564102566
0.1282051282051282
0.4871794871794872
0.23076923076923084
0.1282051282051282
-0.28205128205128205
0.5897435897435896
-0.1282051282051282
0.17948717948717952
-0.28205128205128205
0.33333333333333326
0.07692307692307687
-0.07692307692307687
0.3846153846153846
-0.1282051282051282
0.17948717948717952
-0.28205128205128205
-0.1282051282051282
EIGENVECTOR
-0.8591194291438198
-0.8587485186352326
-0.8738248361212704
-0.6791538923862015
-0.9830819321326802
-0.9869948396382885
-0.9516930211843048
-0.5662736640450858
-0.9908265012957809
-0.9742264813231042
-0.9925426866057278
-0.9982249600637076
-0.9972184780611751
-0.9180957349583801
-0.5462358310381037
-0.9793792626545338
-0.9520555173994365
-0.5908204750281507
-0.986314256813215
-0.9934513839957758
-0.9346356199578079
-0.8455253279448292
-0.99322528658578
-0.9306321819195646
-0.911411882175584
-0.9607435374718302
0.423307265335632
0.9539736893574644
0.10263338660560217
-0.9467914273530804
-0.9988644332713184
-0.9308475222072876
-0.8937994579023577
-0.8879519442008863
-0.9553076128056239
-0.9802258193996345
-0.2853410185423707
-0.600765069781459
0.399896208439088
-0.8845571951612116
-0.8804507685151971
-0.9377240463403147
-0.4680076957124022
-0.9901092037360314
0.4425263336300853
0.21877186199852394
-0.9932060337893972
-0.9968409899605202
-0.8604655176719266
-0.6038352248973131
-0.9742299939798481
-0.9884261348222156
0.4040760534579866
-0.9982113504447806
0.26033148420740293
-0.9820778919145123
-0.7957151222155203
-0.7374563159363794
-0.9716003635871263
-0.998344144927942
-0.9702845116322699
-0.9992610212412312
-0.9328200302245648
-0.8850087570865671
0.5801900317829498
-0.9371091932609792
-0.39004587769150445
-0.9895536337252834
-0.6985372812956796
-0.7624443303936268
-0.9857289240401415
-0.9788927096260508
0.35666386868384126
-0.48754123332674937
-0.28733424337400904
-0.9845025703450334
-0.9987103768520342
-0.7167518405947122
-0.9897235907454088
-0.9141388075601796
-0.903507119962218
0.7772808088304484
-0.9675477089247677
-0.5623313496355076
-0.8517709149963821
-0.7327852280252952
-0.8518544416666486
-0.9533592863272888
-0.9638980819100523
-0.9571091554503416
-0.9865063595650289
0.00715679773595701
-0.8804507685151971
-0.9632751834687509
-0.6686492668938312
-0.9752966588078837
0.846400014060156
-0.9753174978459227
-0.9078174831155837
-0.9972184780611751
-0.9197296920721985
-0.9906202522089952
-0.9795444140730986
0.7564309304428831
-0.9521057358188224
-0.6861551831739886
-0.8191513423997714
-0.8375938768393502
0.7355686697583204
-0.9312196389875678
-0.32470072008714823
-0.9983260419838864
-0.7074522586707093
-0.9939205792803392
-0.9951018966221221
-0.9782852470578087
-0.6418823977400689
0.7709377051533699
-0.9894556940302073
-0.9836345922472621
-0.3449336773975976
-0.9562212779378921
-0.9687249004276328
-0.9771821885858427
-0.886289594584062
-0.6949010234119392
-0.738932679373474
-0.9985895270992426
-0.9720294838834252
-0.9154827226624528
-0.9765442015479274
-0.972770403061925
-0.13319184778758197
-0.9830819321326801
-0.9819113954323271
-0.9100502302274879
-0.9598721152311113
-0.9748202229832993
-0.9704489219595912
-0.8811395376134276
-0.9950477592838572
-0.43431334019524026
-0.9806087749521678
-0.27665904021700305
-0.9806318538300014
-0.6433965664964942
-0.07063781073599606
-0.6476528739483058
-0.8368505130083593
-0.21735576669096923
-0.8912483366390234
-0.9771831336503343
-0.9790170217910501
-0.9528109971292694
-0.929687908334058
-0.8824116933045838
-0.9939813362948771
-0.9558040845273018
-0.9945414809409994
0.9261724826145985
-0.9026221999001934
-0.9603294661600105
-0.8246061401469946
-0.5368855192419599
-0.9197296920721985
-0.7458227718761549
-0.9403950223087263
-0.9485665477955486
-0.9627271867761291
-0.793619918477011
-0.9350389929277926
-0.8356439471851069
-0.9647560065065037
-0.9750340012755108
-0.8638823630022223
-0.764005086695404
0.8923638271328174
-0.9922884334483529
0.8782267805841382
-0.989614112223141
-0.9401674915506131
-0.7036341658229666
-0.9219625036382816
-0.8706322457161118
-0.885670712543773
-0.9264192752057336
-1.0
-0.635802100074758
-0.8245684831976794
-0.9179574912251914
-0.9487026329459065
0.18348476055692942
-0.8735283986139232
-0.9871297536066712
-0.5776212814611144
-0.9851506082209499
-0.4706380987423613
-0.8951713224306777
-0.6856812954154696
-0.992631181704454
-0.9057922643487787
-0.9579404906872023
0.19074301839162544
-0.9018496940372757
0.0028238327748428826
-0.9736669390701109
0.5380354756474441
-0.9653127017993167
-0.959811984334863
0.29530163908098195
-0.9660532587244808
-0.7945834142061403
-0.9818578920294097
-0.10717281391288014
-0.9444818045024609
-0.8646229973039061
-0.82936878191178
-0.7842169639407499
-0.9635805683780794
-0.9050590272402391
-0.9621314949713603
-0.9618070301461515
-0.9979320117384326
-0.9983690917666997
-0.9961186731518658
-0.8234114281148254
-0.8825721274380749
-0.9239691000554913
-0.0801105992593012
-0.29607339047915215
-0.9511626166842846
0.1336874647512738
1.0
-0.9727988692019769
-0.968960953630688
0.6098018684624833
-0.8991823833037605
-0.9262332990540788
-0.9944671705746356
-0.7543541444763551
-0.9854970651599948
-0.9975858110732793
-0.626467908645823
-0.9848036027924622
-0.98540526968623
-0.983546815385542
-0.44548544671686663
-0.8186353017721778
-0.9554817130071366
-0.7825543201733667
-0.9882637966968771
-1.0
-0.9549285095204545
-0.9606387588142856
0.40396821759900803
-0.9547910873415086
-0.9979119004728663
-0.9596286041854941
-0.9829520563029193
0.6411654454661841
-0.9624738313477157
0.16182736596314684
-0.937948839559332
-0.379256446232313
-0.8685231262298632
-0.8491406775268321
-0.856401859141119
-0.9824677347358253
-0.9660462797365357
-0.15040784630902204
-0.975034001275511
-0.9447613574171057
0.9257762173929158
-1.0
-0.9920415507982838
-0.9192088990977928
-0.9668362412394055
-0.9886978133750204
0.8282003650981091
-0.971106306144344
-0.8383198402387113
-0.9487322487042349
-0.9514791382650096
-0.9574365030608036
-0.7435329332249543
-0.9992610212412313
-0.9911716882768284
-0.9796505845980364
0.15626715207384456
-0.9983260419838864
-0.9101971759324529
-0.9154538593340876
-0.4635994693032909
-0.981544947916947
-0.9992506302642177
-0.9650318025360896
-0.8978530485495039
-0.9976570939944128
-0.9755219981683364
-0.2844305971304051
-0.9750410053176325
0.019182640736957524
-0.6958046672887672
-0.912826421996979
-0.9653843326689098
-0.9427365346134996
-0.8079115131403564
-0.4182180848283643
-0.9561691427763556
0.0482084956546307
-0.8133494223990366
-0.9640462499370637
-0.40363713824537206
-0.9888503022661626
-0.9852399203219848
0.24222080128382517
-0.9351965694945942
-0.9500766554723967
-0.9470976154886919
-0.4541617078908342
-0.8735408122397256
-0.9012336593808294
-0.9704023278687104
-0.9454907667507232
-0.9950477592838574
-0.9468497695732978
-0.3850562788639301
-0.9763366596856838
-0.9477806822546023
-0.9892974220584931
-0.9861967590816915
0.22522997602888317
-0.6495698932014319
-0.9806087749521679
-0.694975677335052
-0.8374414743099666
-0.9989894517106102
-0.8753832292247706
-0.9726717481407682
-0.9970624015945947
-0.7074522586707093
-0.9691806579677795
-0.9939178640008278
-0.863545057668751
-0.8026714690722618
-0.9367851434669523
-0.9978220475906127
-0.4791203721374181
-0.9786801465834145
-0.9918369872456836
-0.048615438426488855
-0.9889976772834801
-0.46841829226375076
-0.9934708924569603
0.396090777507077
-0.9889547827368664
-0.9665834524945062
-0.7221319604102934
0.438444115883561
-0.725781388277122
-0.9875896683105605
-0.23237256715606036
-0.844136521331097
0.8461523960984245
-0.7448774330779218
0.7136061306502273
-0.9888069074154344
-0.9938019094902462
-0.969924108727283
-0.8042204734851615
-0.457555432305917
-0.8228063124707712
-0.990019995754453
-0.8900474730139389
0.7008441674449175
-0.9891009273498452
-0.9839742432013404
-0.9799602680881777
-0.9597275120029316
-0.9830819321326802
-0.9857410548118192
-0.8963508882009364
-0.9556450064133184
-0.5534423868715989
-0.9445257466288424
-0.9683417463881502
-0.9129012275097627
-0.9649956216206714
-0.9894556940302073
0.8494467866397906
0.3464684631722694
-0.9712679822007856
-0.9699357835710246
-0.995386591647773
-0.05904921435067001
-0.7646756283110159
-0.9792475597357174
-0.995443533206648
-0.9762442262597845
-0.9267141254644096
-0.959467680468015
-0.8976350000337775
-0.477255726754917
-0.9999999999999999
-0.9127074534919706
-0.9350389929277927
-0.90953618859137
-0.6662308330425426
-0.9753867019308441
-0.9508921923674455
-0.935181398740534
-0.905059027240239
-0.9565047223419152
0.7271562753113134
-0.8343693189602162
-0.9525029072249547
-0.934213413232401
-0.9964605922589806
-0.9262538107190342
-0.9967749066195918
-0.9585843737349807
-0.5438416468073721
-0.8163438380851508
-0.8842149397011505
0.28609070592526353
-0.7496323257890392
-0.8710799558390008
-0.18786181571732974
-0.6985247533651076
-0.9868737984021287
-0.9877731745971424
-0.3474416693318697
-0.9667676811391022
-0.33256146013013343
-0.9974309965844171
0.30931212523186535
-0.9791727491868041
-0.9884165589355511
0.017007403365057128
-0.9866926365601796
-0.9984885388747096
-0.8470769011774083
-0.5302645276145171
-0.858291732991881
-0.9947967525258581
-0.966256625290702
-0.9880479386187887
-0.9874748820529773
-0.9566128952157349
-0.8751749360347776
0.6926309035527431
-0.9772330704045264
-0.24619430888908023
-0.8790236841813193
-0.9811413907808909
-0.8662102252018208
0.6249407199532944
-0.9948556904075407
0.058870687307107206
0.645259607006536
-0.9597028081171285
-0.873028585316857
-0.3580761035390877
0.32416573073000254
-0.9076524609303372
-0.9844898608018613
-0.9389801268227079
-0.7957151222155205
-0.9811420017113874
-0.9538386278079752
-0.7838749639001834
-0.9599726132996524
0.1618273659631475
-0.959552625967241
-0.9178028166251501
CENT
0.7879775102259097
0.6552663737534865
-0.36688631071104094
-0.25630259985853077
-0.9719045076907675
-0.5351321509902698
0.2497592201080574
0.5885152057245082
-0.48243094884256454
-0.14663229662837374
-0.48865932553797653
-0.910049569051571
-0.6225965488907148
-0.7752545625735109
0.8377075715469746
-0.23878944923496803
0.29944932749918163
0.6407738925138959
-0.2431861588585552
-0.3341299918715491
0.38395931755104895
0.8218754249966003
-0.3258290904086968
-0.2678697271720526
-0.5824603920884346
0.21096475939113235
0.23803299800138844
0.1303063861203395
-0.2707481087139254
0.34431775628526773
-0.9271516088740855
0.4658336889268191
-0.07509756749532226
-0.0848182330454913
0.327875694739052
-0.44832752530640296
0.3340243975722612
0.7931568766491564
-0.1590260022999027
0.6747532409099859
0.7268146797875217
0.5536575052854125
0.22831896785385153
-0.5731214275756304
-0.05876813262721636
0.4857502848334565
-0.48990178207773305
-0.5998041142431423
-0.3423858001621274
0.7167952342392259
-0.21810709510553894
-0.10727850255246718
-0.16364913375995016
-0.8769811953361194
0.11025256314078513
-0.49856910341797545
0.7368833307160427
0.11388162144702862
0.19567858382506054
-0.9172794849482727
-0.1310051241623965
-0.9253625837903716
-0.6282362513547615
-0.00710340983938762
0.14503660071612745
0.4072984649324385
0.6698638729730741
-0.38833442199158774
0.8697330543028661
0.8403578868285355
-0.4521564728005736
-0.23585144177328277
0.04619727454846356
-0.4811820449712857
0.576827422194782
-0.0653192695407051
-0.9145732448536299
1.0
-0.4147180630774132
0.650423934108527
-0.02561937984496132
0.14134244847301058
0.006491905661927921
0.2734415902450562
-0.5278941282281895
-0.3749653714369028
0.8456685374872392
0.4180032833803018
0.1636244507508282
0.20713095386146008
-0.02561937984496132
-0.3601204306477157
0.7268146797875217
-0.015545084867004122
0.8035543820452933
0.003082792886824892
0.06375292488419859
-0.1651872239741773
0.19948789225054409
-0.6225965488907148
-0.8420562418487417
-0.32166161412732386
-0.11363948582082206
0.13214091480985446
-0.9675894898985253
0.09042697818789924
0.7368833307160427
-0.14818673358127576
0.3902959157439725
-0.22848227322213355
-0.010485167751003388
-0.8629392256200531
0.7192955023596972
-0.5894238424470979
-0.4521564728005736
-0.8553853958036328
0.6993785246798314
0.39241286699627675
-0.5578115933525013
-0.432910840797595
0.7343615351690682
0.1824097288262585
-0.11363948582082206
-0.0653192695407051
-0.4121007031943744
-0.24464898935014134
-0.4572461712989222
-0.8619974761132141
-0.09608684598951978
0.6120994832041344
-0.2678697271720526
-0.12943407848086053
0.06022739018087875
-0.9719045076907675
-0.17132487330345247
-0.2240441342696915
0.37344559978830727
-0.2431861588585552
-0.1231346428840221
-0.34786480171782674
-0.4960980468580831
-0.20915944959774901
-0.9351699723911312
-0.2879069767441861
-0.44832752530640296
-0.4534305621760869
0.06551840836428968
-0.08965711265972443
0.6894925491081505
-0.40685206746968094
-0.49733410586323545
-0.09126690986472086
-0.327215721127734
0.22831896785385153
-0.5339283718300227
-0.44960495582410864
-0.5518785301045024
0.30550387596899253
-0.5625401102584627
0.28940257493257393
0.48797600207433667
-0.2490292895202333
0.3299229951293132
0.7043395745404075
-0.8420562418487417
-0.35332403240638766
0.40303344307594124
0.25761909566328667
0.06905482154600362
0.7520793630323783
-0.6823057653480891
0.7853926525109536
0.009907909013635363
-0.2329079221024768
0.3401935619789582
-0.14818673358127576
0.0479447659564356
-0.5133067760746252
0.3546684276859857
-0.33274964971942356
0.5628927808083706
0.6747532409099859
0.6796544475101827
0.8403578868285355
-0.327215721127734
-0.7832959980807581
-1.0
0.07082575685073533
0.13214091480985446
-0.12786150973031674
0.30348347658029273
0.6026321604154008
-0.11681069586462733
-0.487415797914996
0.11388162144702862
-0.28363507582017766
-0.05219099913867353
-0.010485167751003388
-0.16979266347687394
-0.5459204116907604
0.5013844028136667
0.26156183454115434
-0.24172195995678047
-0.7394781622234826
-0.34786480171782674
0.1824097288262585
0.4374254918311251
0.39665392136322364
0.1899798259836385
-0.16825898671891504
0.013330823854168061
0.9049815489016024
-0.2431861588585552
-0.4303255813953487
-0.09769034724434544
0.7750852521060874
-0.5071844801953911
0.9352678259655003
0.1673656118947775
-0.40158479477836595
-0.003714844161468278
0.07259851504306858
-0.7332459100579559
-0.8648206075497891
-0.7259375737568237
-0.17743908530831976
0.6796544475101827
0.20713095386146008
0.0496940441654381
-0.0054099792553770065
0.30348347658029273
-0.24172195995678047
0.10844086476637349
-0.027292555272751096
-0.03396856695470607
0.45924042544694577
0.37344559978830727
-0.25920245177573464
-0.5684284707540521
0.1636244507508282
-0.6203341748266014
-0.869511749665165
0.5582697201017812
-0.39364872370740644
-0.32998520084566585
-0.2240441342696915
-0.40947870876528314
0.33813489403392993
0.3237878768422089
0.5421741692733122
-0.20166422467767564
-1.0
0.22251559130384146
0.30550387596899253
0.03401463597451526
0.1580275079318354
-0.8899460584730752
0.25565093170311526
-0.47617562114457623
0.14134244847301058
-0.7902915350751265
0.476873013538031
0.6601204819277107
0.31970907784861313
-0.05219099913867353
-0.3355090814445896
-0.5375366501515255
-0.19262295383822203
-0.05054263565891459
0.006491905661927921
-0.2329079221024768
0.3902959157439725
0.06728570631866604
-1.0
-0.27792077469205456
0.706824634251189
-0.8420562418487417
-0.25630259985853077
0.21096475939113235
-0.20166422467767564
-0.5034985064311511
-0.09769034724434544
0.31563926794370767
0.12664308262115176
0.9104564368859327
-0.9253625837903716
-0.2548506479204802
-0.2678697271720526
0.0374865239488682
-0.8629392256200531
-0.6593961218314306
-0.7892944868791493
0.1431885544915641
-0.17743908530831976
-0.7477422100623193
0.11388162144702862
-0.030633894120060234
-0.8806992328871492
-0.21363960622057332
-0.3789886425094644
-0.2490292895202333
-0.3519610723980635
-0.3856701569412879
0.5353163451399918
-0.010485167751003388
-0.1651872239741773
0.514886241885675
-0.39894413852241384
0.39877803253630306
0.6723070797910957
-0.018909912848953825
-0.012173500202359855
0.5467594357605792
-0.4303255813953487
-0.20915944959774901
0.5081235816200429
-0.0653192695407051
0.21288474234252153
0.3546684276859857
0.38818134308858143
0.3484511205622418
-0.487415797914996
-0.04889263527401211
0.3797467584384884
-0.4960980468580831
-0.910049569051571
-0.34375740994072057
-0.1512911192186882
0.2595893954497852
-0.3655355662815075
-0.0848182330454913
0.4244553197289682
0.8832212185277728
-0.9351699723911312
0.4991432068543453
-0.1231346428840221
-0.7722261373424162
-0.3736218776916449
-0.3341299918715491
-0.6032470260717846
0.7192955023596972
-0.0472409955444647
-0.45470354075005226
-0.36958416364970537
0.6407738925138959
0.32174735184899994
-0.8256799169350937
-0.22107840990379413
-0.1310051241623965
-0.4225424580032183
-0.22848227322213355
-0.4121007031943744
0.11388162144702862
-0.5315177478580169
-0.11997574223487828
-0.4911431689174983
-0.816924028639844
0.5721715932813489
-0.14818673358127576
0.18429923633937206
-0.48865932553797653
-0.3655355662815075
-0.38300113214994225
0.023641247704112578
-0.36823584262313336
0.47466007306424296
-0.4849255238744975
-0.5494982982354613
-0.0422762158201242
0.7622726249814462
0.4417685902957218
-0.624855208054887
-0.44576931290102784
0.4461215988537919
0.1487385260307712
-0.20166422467767564
-0.2649860004462581
-0.33136805328092567
0.19758222222222255
-0.9719045076907675
-0.25920245177573464
0.3014652949735792
0.21096475939113235
-0.16825898671891504
-0.23585144177328277
0.12116246702594236
-0.3258290904086968
-0.09126690986472086
-0.5578115933525013
0.1487385260307712
0.4969046018730112
-0.1435189236286396
-0.1056843761940971
-0.6293614182234082
-0.05712629246960077
0.7546229652357606
-0.2076632396869903
-0.48617119782317275
-0.2329079221024768
-0.8506411267473987
0.061989253085462215
-0.5777987085497887
0.003082792886824892
-1.0
-0.7982403100775192
-0.6823057653480891
0.5628927808083706
-0.08320210273698636
-0.17743908530831976
-0.7196410081513638
0.4115731307049484
-0.40158479477836595
0.2734415902450562
0.3755436339488012
0.4991432068543453
-0.16672384092191617
0.616850070682152
-0.6920062214191911
-0.5917372779006966
-0.5471140474016774
0.25761909566328667
-0.4199389282697825
-0.5637197591466685
-0.05054263565891459
-0.0669530098574026
0.4658336889268191
0.5838318031044407
0.09761012051872475
0.6026321604154008
-0.3856701569412879
-0.49856910341797545
-0.36688631071104094
0.1524482489764094
0.7093127245225939
-0.8591679838848182
-0.12943407848086053
-0.10089264740427539
-0.3923219228671816
0.6359662071206424
-0.5554413645498915
-0.7122570587002869
-0.3423858001621274
0.7725163798689609
0.626385300028711
-0.6527786965026505
-0.05054263565891459
-0.5554413645498915
-0.5157483779822463
0.2536849000982644
-0.19262295383822203
0.476873013538031
-0.14818673358127576
0.6894925491081505
-0.6157982452779587
-0.0003194501396128757
0.32174735184899994
0.4991432068543453
-0.5766308536198377
0.3902959157439725
0.34431775628526773
0.3319725614856952
-0.6055375563609793
-0.3034700674251549
0.2714562418503379
-0.7528809599660188
-0.2721852996829568
-0.6833870580943748
0.7368833307160427
-0.07996507242895301
0.38818134308858143
-0.12786150973031674
0.4483018300237165
0.476873013538031
0.24193329649907103
0.10844086476637349
DEGREE_RANK
0.37130801687763704
-0.029535864978902926
-0.025316455696202556
0.37552742616033763
-0.9704641350210971
-0.9662447257383966
0.07594936708860756
0.24894514767932496
0.7257383966244726
0.379746835443038
0.38396624472573837
-0.7468354430379747
-0.9620253164556962
-0.6835443037974684
-0.28691983122362863
-0.021097046413502074
0.729957805907173
0.08016877637130793
-0.5021097046413502
-0.4978902953586497
0.5274261603375527
0.6413502109704641
-0.43881856540084385
-0.5907172995780592
-0.4345991561181435
0.38818565400843896
0.7763713080168777
0.9915611814345993
0.0843881856540083
0.8860759493670887
-0.869198312236287
0.7341772151898733
-0.35021097046413496
0.08860759493670889
0.8227848101265822
-0.016877637130801704
0.25316455696202533
0.39240506329113933
0.6455696202531644
0.7805907172995781
-0.18565400843881852
-0.08860759493670889
0.09282700421940926
-0.679324894514768
0.8270042194092826
0.2573839662447257
-0.8649789029535865
-0.9367088607594937
-0.3459915611814346
0.2616033755274261
0.09704641350210985
-0.5864978902953586
0.6497890295358648
-0.7172995780590719
0.7848101265822784
-0.9578059071729957
0.5316455696202531
0.26582278481012644
-0.5822784810126582
-0.7932489451476793
0.831223628691983
-0.9113924050632911
-0.7426160337552743
0.10126582278481022
0.89873417721519
0.27004219409282704
0.3966244725738397
-0.8607594936708861
0.6540084388185654
-0.4303797468354431
-0.18143459915611815
0.2742616033755274
0.9029535864978904
-0.7130801687763713
0.2784810126582278
-0.17721518987341778
-0.7890295358649789
0.658227848101266
-0.8565400843881856
0.4008438818565401
0.10548523206751059
0.9957805907172996
0.5358649789029535
0.10970464135021096
0.28270042194092837
0.5400843881856541
0.7383966244725737
0.5443037974683544
0.40506329113924044
0.4092827004219408
-0.17299578059071719
-0.16877637130801681
-0.16455696202531644
0.8354430379746833
0.9071729957805907
-0.08438818565400852
0.9789029535864979
0.28691983122362874
-0.28270042194092826
-0.9535864978902954
-0.7848101265822784
-0.7805907172995781
0.11392405063291133
0.9113924050632911
-0.9071729957805907
-0.08016877637130793
0.2911392405063291
0.6624472573839664
0.9535864978902953
-0.5780590717299579
-0.012658227848101333
-0.9029535864978903
0.4135021097046412
-0.8987341772151899
-0.8523206751054853
-0.9324894514767933
-0.6751054852320675
0.9620253164556962
-0.6708860759493671
-0.4261603375527425
-0.07594936708860756
0.5485232067510548
0.9156118143459915
0.11814345991561193
-0.49367088607594933
0.1223628691983123
-0.8945147679324894
-0.8734177215189873
0.5527426160337552
0.7890295358649788
0.2953586497890295
0.6666666666666667
0.5569620253164556
-0.9493670886075949
-0.3417721518987342
-0.16033755274261607
0.12658227848101267
0.5611814345991561
0.8396624472573841
-0.00843881856540074
-0.48945147679324896
-0.2784810126582278
-0.9282700421940928
-0.07172995780590719
-0.00421940928270037
-0.2742616033755274
0.6708860759493671
0.13080168776371304
-0.7088607594936709
-0.4852320675105485
-0.1561181434599156
0.2995780590717301
-0.8481012658227848
0.6751054852320675
-0.6666666666666667
-0.0675105485232067
-0.27004219409282704
0.5654008438818565
0.5696202531645571
0.9662447257383966
0.6793248945147679
-0.4810126582278481
-0.33755274261603374
2.220446049250313e-16
-0.7763713080168777
0.1350210970464134
0.4177215189873418
0.42194092827004237
0.8438818565400845
0.30379746835443044
-0.5738396624472574
0.42616033755274274
0.6835443037974682
0.13924050632911378
-0.6624472573839663
0.14345991561181437
0.9831223628691983
-0.15189873417721522
0.970464135021097
-0.7383966244725739
0.4303797468354431
-0.6582278481012659
0.14767932489451496
-0.26582278481012656
-0.47679324894514774
-0.7046413502109705
-0.9957805907172996
0.15189873417721533
0.5738396624472575
-0.42194092827004215
0.4345991561181435
0.7426160337552741
-0.33333333333333326
-0.569620253164557
0.43881856540084385
-0.5654008438818565
0.3080168776371308
0.4430379746835442
0.4472573839662448
0.0042194092827005925
0.3122362869198312
0.31645569620253156
0.3206751054852319
-0.5611814345991561
-0.14767932489451474
-0.5569620253164558
0.8481012658227849
-0.3291139240506329
0.5780590717299579
0.4514767932489452
0.7932489451476794
0.1561181434599157
-0.06329113924050633
-0.47257383966244715
-0.5527426160337554
0.16033755274261607
-0.9789029535864979
0.3248945147679323
0.7468354430379749
-0.2616033755274261
0.9324894514767934
0.9198312236286919
-0.8185654008438819
-0.9240506329113924
-0.14345991561181426
-0.2573839662447257
-0.05907172995780596
-0.4177215189873418
0.45569620253164556
0.4599156118143459
0.4641350210970463
0.4683544303797469
1.0
0.47257383966244726
0.47679324894514785
0.8523206751054853
-0.4135021097046414
-0.4683544303797468
-0.6540084388185654
-0.1392405063291139
-1.0
-0.4641350210970464
-0.05485232067510548
-0.7341772151898734
-0.4092827004219409
-0.25316455696202533
-0.8143459915611815
0.008438818565400963
0.7510548523206753
-0.050632911392405
0.3291139240506331
-0.9915611814345991
-0.5485232067510548
0.5822784810126582
0.7974683544303798
0.4810126582278482
-0.7721518987341772
0.7552742616033756
-0.24894514767932496
0.9240506329113922
-0.890295358649789
0.16455696202531644
-0.40506329113924044
0.16877637130801681
0.5864978902953586
0.6877637130801688
-0.810126582278481
0.17299578059071719
0.4852320675105486
0.17721518987341756
0.18143459915611815
0.18565400843881852
0.9873417721518989
-0.9873417721518988
-0.70042194092827
0.012658227848101333
-0.8438818565400844
0.016877637130801704
0.9409282700421941
-0.5443037974683544
0.1898734177215191
-0.5400843881856541
0.890295358649789
0.590717299578059
0.8016877637130801
-0.8860759493670887
-0.45991561181434604
-0.5358649789029536
0.8565400843881856
-0.8818565400843882
-0.8396624472573839
-0.729957805907173
-0.3248945147679325
0.19409282700421948
-0.9746835443037974
0.6919831223628692
0.021097046413502074
-0.649789029535865
0.5949367088607593
-0.7679324894514767
0.48945147679324896
-0.13502109704641352
0.025316455696202445
0.5991561181434599
0.6962025316455696
-0.6455696202531647
-0.13080168776371315
-0.6413502109704641
0.49367088607594933
0.6033755274261603
-0.04641350210970463
0.860759493670886
-0.12658227848101256
-0.7637130801687764
-0.5316455696202532
0.8649789029535864
-0.12236286919831219
0.7004219409282701
0.19831223628691985
0.3333333333333335
-0.4008438818565401
-0.3966244725738396
-0.11814345991561181
0.7046413502109705
-0.45569620253164556
-0.8354430379746836
-0.11392405063291133
0.33755274261603385
0.6075949367088609
0.6118143459915613
-0.04219409282700426
0.869198312236287
0.8059071729957807
-0.919831223628692
0.029535864978903037
0.8101265822784811
-0.9451476793248945
-0.3924050632911392
-0.8312236286919832
-0.8270042194092827
0.4978902953586497
0.759493670886076
-0.32067510548523204
0.20253164556962022
0.2067510548523206
-0.31645569620253167
-0.6371308016877637
-0.3122362869198312
0.03375527426160341
-0.8059071729957806
-0.24472573839662448
-0.8016877637130801
0.03797468354430378
-0.3080168776371307
0.8143459915611815
-0.6329113924050633
-0.8227848101265822
0.04219409282700415
0.7637130801687764
0.04641350210970452
-0.628691983122363
-0.4514767932489451
0.21097046413502119
0.9746835443037973
0.6160337552742616
0.9451476793248945
-0.6244725738396625
-0.38818565400843885
0.21518987341772156
0.5021097046413501
-0.240506329113924
-0.30379746835443033
0.05063291139240511
-0.23628691983122363
0.9367088607594938
-0.3839662447257385
-0.23206751054852315
-0.3797468354430379
0.7679324894514767
-0.940928270042194
0.21940928270042193
-0.10970464135021096
0.5063291139240504
-0.10548523206751059
-0.6962025316455697
0.2236286919831223
-0.22784810126582278
-0.10126582278481011
-0.620253164556962
0.9578059071729959
0.620253164556962
0.8734177215189873
0.510548523206751
0.3417721518987342
0.3459915611814346
-0.759493670886076
0.22784810126582267
-0.7552742616033755
-0.29957805907172996
-0.7974683544303798
-0.5274261603375527
-0.2236286919831224
0.05485232067510548
-0.9831223628691983
-0.751054852320675
-0.5232067510548524
0.8776371308016877
0.5147679324894516
0.35021097046413496
-0.7257383966244726
0.7088607594936709
-0.21940928270042193
0.6244725738396624
0.9282700421940928
-0.21518987341772144
-0.6160337552742616
0.518987341772152
-0.21097046413502107
-0.518987341772152
-0.7215189873417722
-0.2067510548523207
-0.8776371308016877
-0.20253164556962022
0.35443037974683533
0.7721518987341771
-0.19831223628691985
0.059071729957806074
0.628691983122363
0.23206751054852304
-0.4472573839662447
-0.6118143459915613
-0.3755274261603375
0.3586497890295359
-0.09704641350210963
-0.5147679324894515
0.7130801687763713
-0.37130801687763715
-0.6919831223628692
0.6329113924050633
-0.510548523206751
-0.9156118143459916
-0.19409282700421937
0.23628691983122363
0.06329113924050644
-0.6877637130801688
0.5232067510548524
-0.4430379746835442
-0.6075949367088608
-0.2953586497890296
0.3628691983122363
0.9493670886075949
-0.03797468354430378
0.7172995780590719
-0.09282700421940926
-0.5063291139240507
-0.36708860759493667
0.8818565400843881
-0.189873417721519
0.06751054852320681
0.8185654008438819
0.36708860759493667
0.07172995780590719
-0.6033755274261603
0.8945147679324894
-0.3628691983122363
0.24050632911392422
-0.5991561181434599
0.6371308016877637
-0.033755274261603296
-0.2911392405063291
0.7215189873417722
-0.3586497890295358
0.2447257383966246
-0.5949367088607596
-0.35443037974683544
EIGENVECTOR_RANK
0.28691983122362874
0.2911392405063291
0.23628691983122363
0.5358649789029535
-0.5907172995780592
-0.6708860759493671
-0.13502109704641352
0.590717299578059
-0.7721518987341772
-0.4261603375527425
-0.7932489451476793
-0.9324894514767933
-0.8987341772151899
0.05063291139240511
0.6033755274261603
-0.518987341772152
-0.1392405063291139
0.5822784810126582
-0.6540084388185654
-0.810126582278481
-0.016877637130801704
0.3206751054852319
-0.8059071729957806
0.0042194092827005925
0.08860759493670889
-0.26582278481012656
0.890295358649789
0.9957805907172996
0.8016877637130801
-0.08860759493670889
-0.9662447257383966
2.220446049250313e-16
0.16455696202531644
0.17721518987341756
-0.17299578059071719
-0.5358649789029536
0.7172995780590719
0.5780590717299579
0.8776371308016877
0.19409282700421948
0.21940928270042193
-0.04641350210970463
0.6413502109704641
-0.7637130801687764
0.89873417721519
0.831223628691983
-0.8016877637130801
-0.8860759493670887
0.28270042194092837
0.5738396624472575
-0.4303797468354431
-0.7046413502109705
0.8860759493670887
-0.9282700421940928
0.8438818565400845
-0.5738396624472574
0.4092827004219408
0.47257383966244726
-0.4008438818565401
-0.9451476793248945
-0.3797468354430379
-0.9789029535864979
-0.00843881856540074
0.1898734177215191
0.9071729957805907
-0.04219409282700426
0.6751054852320675
-0.7468354430379747
0.5063291139240504
0.4430379746835442
-0.6413502109704641
-0.5021097046413502
0.869198312236287
0.620253164556962
0.7130801687763713
-0.6160337552742616
-0.9620253164556962
0.48945147679324896
-0.7552742616033755
0.07172995780590719
0.12658227848101267
0.9578059071729959
-0.35021097046413496
0.5949367088607593
0.3080168776371308
0.47679324894514785
0.30379746835443044
-0.1561181434599156
-0.2953586497890296
-0.2067510548523207
-0.6582278481012659
0.7805907172995781
0.21518987341772156
-0.28691983122362863
0.5400843881856541
-0.4514767932489451
0.970464135021097
-0.45569620253164556
0.10548523206751059
-0.8945147679324894
0.03797468354430378
-0.7679324894514767
-0.5232067510548524
0.9493670886075949
-0.14345991561181426
0.5274261603375527
0.37552742616033763
0.3333333333333335
0.9451476793248945
-0.00421940928270037
0.7046413502109705
-0.9367088607594937
0.4978902953586497
-0.8270042194092827
-0.8607594936708861
-0.49367088607594933
0.5611814345991561
0.9535864978902953
-0.7426160337552743
-0.6033755274261603
0.6962025316455696
-0.19409282700421937
-0.3586497890295358
-0.4810126582278481
0.18143459915611815
0.5232067510548524
0.4683544303797469
-0.9578059071729957
-0.40506329113924044
0.06329113924050644
-0.47679324894514774
-0.4135021097046414
0.7510548523206753
-0.5864978902953586
-0.569620253164557
0.09704641350210985
-0.24894514767932496
-0.4345991561181435
-0.38818565400843885
0.21097046413502119
-0.8523206751054853
0.6624472573839664
-0.5443037974683544
0.7257383966244726
-0.5485232067510548
0.5569620253164556
0.7637130801687764
0.5527426160337552
0.3417721518987342
0.7383966244725737
0.16877637130801681
-0.4852320675105485
-0.5063291139240507
-0.15189873417721522
0.008438818565400963
0.2067510548523206
-0.8312236286919832
-0.18565400843881852
-0.8396624472573839
0.9915611814345993
0.13080168776371304
-0.2573839662447257
0.3586497890295359
0.6118143459915613
0.04219409282700415
0.45569620253164556
-0.06329113924050633
-0.10548523206751059
-0.28270042194092826
0.4177215189873418
-0.025316455696202556
0.3459915611814346
-0.30379746835443033
-0.4430379746835442
0.2742616033755274
0.43881856540084385
0.9831223628691983
-0.7890295358649789
0.9789029535864979
-0.751054852320675
-0.05907172995780596
0.5021097046413501
0.03375527426160341
0.2573839662447257
0.18565400843881852
0.016877637130801704
-0.9957805907172996
0.5654008438818565
0.3628691983122363
0.05485232067510548
-0.10970464135021096
0.8227848101265822
0.2447257383966246
-0.6751054852320675
0.5864978902953586
-0.6244725738396625
0.6329113924050633
0.16033755274261607
0.5316455696202531
-0.7974683544303798
0.11392405063291133
-0.21518987341772144
0.8270042194092826
0.1350210970464134
0.7763713080168777
-0.42194092827004215
0.9029535864978904
-0.31645569620253167
-0.24472573839662448
0.8523206751054853
-0.3291139240506329
0.4135021097046412
-0.5654008438818565
0.7552742616033756
-0.07172995780590719
0.27004219409282704
0.35443037974683533
0.42194092827004237
-0.2911392405063291
0.11814345991561193
-0.2742616033755274
-0.27004219409282704
-0.9240506329113924
-0.9493670886075949
-0.8734177215189873
0.36708860759493667
0.20253164556962022
0.029535864978903037
0.759493670886076
0.7088607594936709
-0.12658227848101256
0.8059071729957807
1.0
-0.4177215189873418
-0.3628691983122363
0.9113924050632911
0.14345991561181437
0.025316455696202445
-0.8354430379746836
0.4472573839662448
-0.6371308016877637
-0.9071729957805907
0.5696202531645571
-0.620253164556962
-0.6329113924050633
-0.5991561181434599
0.658227848101266
0.379746835443038
-0.17721518987341778
0.4303797468354431
-0.6962025316455697
-0.9915611814345991
-0.16877637130801681
-0.2616033755274261
0.8818565400843881
-0.16455696202531644
-0.919831223628692
-0.23206751054852315
-0.5822784810126582
0.9198312236286919
-0.2784810126582278
0.8185654008438819
-0.050632911392405
0.6835443037974682
0.2616033755274261
0.3122362869198312
0.2995780590717301
-0.5780590717299579
-0.3248945147679325
0.7468354430379749
-0.43881856540084385
-0.08016877637130793
0.9873417721518989
-1.0
-0.7848101265822784
0.04641350210970452
-0.3459915611814346
-0.7088607594936709
0.9620253164556962
-0.3924050632911392
0.3291139240506331
-0.11392405063291133
-0.13080168776371315
-0.21097046413502107
0.4641350210970463
-0.9831223628691983
-0.7763713080168777
-0.5274261603375527
0.8101265822784811
-0.940928270042194
0.09282700421940926
0.06751054852320681
0.6455696202531644
-0.5611814345991561
-0.9746835443037974
-0.3122362869198312
0.14767932489451496
-0.9113924050632911
-0.4641350210970464
0.7215189873417722
-0.4472573839662447
0.7890295358649788
0.5147679324894516
0.08016877637130793
-0.32067510548523204
-0.0675105485232067
0.39240506329113933
0.6666666666666667
-0.189873417721519
0.7932489451476794
0.38818565400843896
-0.29957805907172996
0.6708860759493671
-0.7172995780590719
-0.628691983122363
0.8396624472573841
-0.033755274261603296
-0.11814345991561181
-0.09704641350210963
0.6540084388185654
0.24050632911392422
0.13924050632911378
-0.3839662447257385
-0.08438818565400852
-0.8565400843881856
-0.09282700421940926
0.6793248945147679
-0.47257383966244715
-0.10126582278481011
-0.7341772151898734
-0.649789029535865
0.8354430379746833
0.5485232067510548
-0.5400843881856541
0.518987341772152
0.33755274261603385
-0.9704641350210971
0.22784810126582267
-0.4092827004219409
-0.890295358649789
0.49367088607594933
-0.36708860759493667
-0.8227848101265822
0.2784810126582278
0.4008438818565401
-0.03797468354430378
-0.9156118143459916
0.6244725738396624
-0.4978902953586497
-0.7805907172995781
0.7721518987341771
-0.7257383966244726
0.6371308016877637
-0.8143459915611815
0.8734177215189873
-0.7215189873417722
-0.33755274261603374
0.4852320675105486
0.8945147679324894
0.4810126582278482
-0.6835443037974684
0.7341772151898733
0.3248945147679323
0.9662447257383966
0.4599156118143459
0.9367088607594938
-0.7130801687763713
-0.8185654008438819
-0.37130801687763715
0.3966244725738397
0.6497890295358648
0.37130801687763704
-0.759493670886076
0.17299578059071719
0.9324894514767934
-0.729957805907173
-0.6075949367088608
-0.5316455696202532
-0.240506329113924
-0.5949367088607596
-0.6455696202531647
0.1561181434599157
-0.18143459915611815
0.5991561181434599
-0.07594936708860756
-0.35443037974683544
0.07594936708860756
-0.3080168776371307
-0.7383966244725739
0.9746835443037973
0.8649789029535864
-0.3966244725738396
-0.3755274261603375
-0.8649789029535865
0.7679324894514767
0.4345991561181435
-0.5147679324894515
-0.869198312236287
-0.4683544303797468
0.012658227848101333
-0.2236286919831224
0.15189873417721533
0.628691983122363
-0.9873417721518988
0.0843881856540083
-0.021097046413502074
0.10126582278481022
0.5443037974683544
-0.45991561181434604
-0.12236286919831219
-0.029535864978902926
0.1223628691983123
-0.19831223628691985
0.9409282700421941
0.35021097046413496
-0.14767932489451474
-0.012658227848101333
-0.8776371308016877
0.021097046413502074
-0.8818565400843882
-0.21940928270042193
0.6075949367088609
0.38396624472573837
0.19831223628691985
0.8481012658227849
0.4514767932489452
0.25316455696202533
0.7426160337552741
0.510548523206751
-0.6666666666666667
-0.6877637130801688
0.6919831223628692
-0.3417721518987342
0.7004219409282701
-0.9029535864978903
0.8565400843881856
-0.510548523206751
-0.70042194092827
0.7848101265822784
-0.6624472573839663
-0.9535864978902954
0.31645569620253156
0.6160337552742616
0.2953586497890295
-0.8438818565400844
-0.33333333333333326
-0.6919831223628692
-0.679324894514768
-0.20253164556962022
0.23206751054852304
0.9282700421940928
-0.48945147679324896
0.729957805907173
0.2236286919831223
-0.5527426160337554
0.26582278481012644
0.9156118143459915
-0.8481012658227848
0.7974683544303798
0.9240506329113922
-0.23628691983122363
0.24894514767932496
0.6877637130801688
0.860759493670886
0.10970464135021096
-0.6118143459915613
-0.05485232067510548
0.40506329113924044
-0.5569620253164558
-0.16033755274261607
0.42616033755274274
-0.25316455696202533
0.8143459915611815
-0.22784810126582278
0.059071729957806074
CENT_RANK
0.9451476793248945
0.8227848101265822
-0.42194092827004215
-0.2742616033755274
-0.9831223628691983
-0.6624472573839663
0.43881856540084385
0.7805907172995781
-0.5738396624472574
-0.0675105485232067
-0.5991561181434599
-0.9367088607594937
-0.7679324894514767
-0.8438818565400844
0.9620253164556962
-0.22784810126582278
0.4852320675105486
0.8101265822784811
-0.24894514767932496
-0.36708860759493667
0.5949367088607593
0.9578059071729959
-0.33755274261603374
-0.29957805907172996
-0.729957805907173
0.4008438818565401
0.4303797468354431
0.30379746835443044
-0.30379746835443033
0.5569620253164556
-0.9578059071729957
0.6751054852320675
0.04641350210970452
0.029535864978903037
0.5316455696202531
-0.5358649789029536
0.5443037974683544
0.9493670886075949
-0.09282700421940926
0.8396624472573841
0.8945147679324894
0.7510548523206753
0.42194092827004237
-0.7172995780590719
0.06751054852320681
0.7004219409282701
-0.6033755274261603
-0.7426160337552743
-0.3797468354430379
0.8818565400843881
-0.18143459915611815
-0.00843881856540074
-0.09704641350210963
-0.919831223628692
0.2742616033755274
-0.628691983122363
0.9071729957805907
0.2784810126582278
0.379746835443038
-0.9451476793248945
-0.05907172995780596
-0.9535864978902954
-0.7763713080168777
0.1561181434599157
0.3291139240506331
0.6371308016877637
0.831223628691983
-0.45991561181434604
0.9789029535864979
0.9662447257383966
-0.5485232067510548
-0.2236286919831224
0.21097046413502119
-0.569620253164557
0.7721518987341771
0.05485232067510548
-0.940928270042194
1.0
-0.5021097046413502
0.8185654008438819
0.1223628691983123
0.31645569620253156
0.18143459915611815
0.47257383966244726
-0.649789029535865
-0.43881856540084385
0.9746835443037973
0.6455696202531644
0.35021097046413496
0.39240506329113933
0.12658227848101267
-0.40506329113924044
0.89873417721519
0.1350210970464134
0.9535864978902953
0.17299578059071719
0.23206751054852304
-0.10548523206751059
0.38818565400843896
-0.7637130801687764
-0.8818565400843882
-0.3291139240506329
-0.016877637130801704
0.3080168776371308
-0.9704641350210971
0.2573839662447257
0.9113924050632911
-0.08438818565400852
0.6075949367088609
-0.20253164556962022
0.14345991561181437
-0.9071729957805907
0.8860759493670887
-0.7341772151898734
-0.5443037974683544
-0.890295358649789
0.8649789029535864
0.620253164556962
-0.70042194092827
-0.5232067510548524
0.9029535864978904
0.3628691983122363
-0.012658227848101333
0.059071729957806074
-0.4978902953586497
-0.25316455696202533
-0.5611814345991561
-0.8987341772151899
0.012658227848101333
0.7932489451476794
-0.2953586497890296
-0.050632911392405
0.2236286919831223
-0.9789029535864979
-0.12658227848101256
-0.19409282700421937
0.5780590717299579
-0.24472573839662448
-0.033755274261603296
-0.3924050632911392
-0.6160337552742616
-0.17299578059071719
-0.9662447257383966
-0.32067510548523204
-0.5316455696202532
-0.5527426160337554
0.23628691983122363
0.025316455696202445
0.8565400843881856
-0.4852320675105485
-0.620253164556962
0.016877637130801704
-0.3459915611814346
0.42616033755274274
-0.6582278481012659
-0.5400843881856541
-0.6835443037974684
0.5021097046413501
-0.7046413502109705
0.4810126582278482
0.7046413502109705
-0.2616033755274261
0.5358649789029535
0.869198312236287
-0.8776371308016877
-0.4008438818565401
0.6329113924050633
0.4514767932489452
0.2447257383966246
0.9198312236286919
-0.7974683544303798
0.9409282700421941
0.1898734177215191
-0.21518987341772144
0.5527426160337552
-0.08016877637130793
0.21518987341772156
-0.6413502109704641
0.5696202531645571
-0.3586497890295358
0.759493670886076
0.8438818565400845
0.8481012658227849
0.970464135021097
-0.3417721518987342
-0.8481012658227848
-1.0
0.24894514767932496
0.3122362869198312
-0.04219409282700426
0.49367088607594933
0.7848101265822784
-0.021097046413502074
-0.5907172995780592
0.28270042194092837
-0.31645569620253167
0.07594936708860756
0.14767932489451496
-0.12236286919831219
-0.6708860759493671
0.7257383966244726
0.4641350210970463
-0.23628691983122363
-0.8270042194092827
-0.38818565400843885
0.36708860759493667
0.6540084388185654
0.6244725738396624
0.37552742616033763
-0.11814345991561181
0.19409282700421948
0.9873417721518989
-0.240506329113924
-0.518987341772152
0.0042194092827005925
0.9367088607594938
-0.6371308016877637
0.9957805907172996
0.3586497890295359
-0.4810126582278481
0.16455696202531644
0.25316455696202533
-0.8227848101265822
-0.9113924050632911
-0.8185654008438819
-0.1392405063291139
0.8523206751054853
0.3966244725738397
0.21940928270042193
0.16033755274261607
0.4978902953586497
-0.23206751054852315
0.26582278481012644
0.11814345991561193
0.10970464135021096
0.6708860759493671
0.5822784810126582
-0.28270042194092826
-0.7130801687763713
0.35443037974683533
-0.759493670886076
-0.9156118143459916
0.7552742616033756
-0.4683544303797468
-0.35021097046413496
-0.189873417721519
-0.48945147679324896
0.5485232067510548
0.5274261603375527
0.7426160337552741
-0.16033755274261607
-0.9957805907172996
0.4177215189873418
0.5063291139240504
0.20253164556962022
0.3459915611814346
-0.9282700421940928
0.4472573839662448
-0.5654008438818565
0.3206751054852319
-0.8565400843881856
0.6877637130801688
0.8270042194092826
0.5147679324894516
0.08016877637130793
-0.37130801687763715
-0.6666666666666667
-0.14767932489451474
0.0843881856540083
0.18565400843881852
-0.21097046413502107
0.6118143459915613
0.24050632911392422
-0.9915611814345991
-0.3122362869198312
0.8734177215189873
-0.8734177215189873
-0.27004219409282704
0.40506329113924044
-0.1561181434599156
-0.6329113924050633
0.008438818565400963
0.510548523206751
0.2995780590717301
0.9915611814345993
-0.9493670886075949
-0.26582278481012656
-0.2911392405063291
0.2067510548523206
-0.9029535864978903
-0.7890295358649789
-0.8523206751054853
0.3248945147679323
-0.13502109704641352
-0.8312236286919832
0.28691983122362874
0.11392405063291133
-0.9240506329113924
-0.17721518987341778
-0.4430379746835442
-0.2573839662447257
-0.3966244725738396
-0.45569620253164556
0.7383966244725737
0.15189873417721533
-0.10126582278481011
0.7341772151898733
-0.47257383966244715
0.628691983122363
0.8354430379746833
0.13080168776371304
0.13924050632911378
0.7468354430379749
-0.5147679324894515
-0.16877637130801681
0.729957805907173
0.06329113924050644
0.4135021097046412
0.5738396624472575
0.5991561181434599
0.5654008438818565
-0.5864978902953586
0.09704641350210985
0.590717299578059
-0.6118143459915613
-0.9324894514767933
-0.3839662447257385
-0.08860759493670889
0.4599156118143459
-0.4135021097046414
0.03375527426160341
0.6497890295358648
0.9831223628691983
-0.9620253164556962
0.7130801687763713
-0.029535864978902926
-0.8396624472573839
-0.4345991561181435
-0.3628691983122363
-0.7468354430379747
0.890295358649789
0.10126582278481022
-0.5569620253164558
-0.4303797468354431
0.8143459915611815
0.518987341772152
-0.869198312236287
-0.18565400843881852
-0.05485232067510548
-0.510548523206751
-0.19831223628691985
-0.49367088607594933
0.2911392405063291
-0.6540084388185654
-0.025316455696202556
-0.6075949367088608
-0.8649789029535865
0.7679324894514767
-0.07594936708860756
0.37130801687763704
-0.5949367088607596
-0.4092827004219409
-0.4472573839662447
0.19831223628691985
-0.4261603375527425
0.6835443037974682
-0.5780590717299579
-0.679324894514768
0.10548523206751059
0.9282700421940928
0.658227848101266
-0.7721518987341772
-0.5274261603375527
0.6624472573839664
0.3333333333333335
-0.15189873417721522
-0.28691983122362863
-0.35443037974683544
0.38396624472573837
-0.9746835443037974
-0.2784810126582278
0.48945147679324896
0.4092827004219408
-0.11392405063291133
-0.21940928270042193
0.2953586497890295
-0.33333333333333326
0.021097046413502074
-0.6962025316455697
0.33755274261603385
0.7088607594936709
-0.06329113924050633
-0.00421940928270037
-0.7805907172995781
0.07172995780590719
0.9240506329113922
-0.16455696202531644
-0.5822784810126582
-0.2067510548523207
-0.8860759493670887
0.22784810126582267
-0.7257383966244726
0.17721518987341756
-0.9873417721518988
-0.8607594936708861
-0.7932489451476793
0.7637130801687764
0.03797468354430378
-0.13080168776371315
-0.8143459915611815
0.6413502109704641
-0.47679324894514774
0.47679324894514785
0.5864978902953586
0.7172995780590719
-0.10970464135021096
0.7974683544303798
-0.8059071729957806
-0.7383966244725739
-0.6751054852320675
0.45569620253164556
-0.5063291139240507
-0.7088607594936709
0.08860759493670889
0.05063291139240511
0.6793248945147679
0.7763713080168777
0.2616033755274261
0.7890295358649788
-0.4514767932489451
-0.6244725738396625
-0.4177215189873418
0.3417721518987342
0.8776371308016877
-0.8945147679324894
-0.04641350210970463
2.220446049250313e-16
-0.4641350210970464
0.8059071729957807
-0.6919831223628692
-0.810126582278481
-0.3755274261603375
0.9324894514767934
0.8016877637130801
-0.7848101265822784
0.09282700421940926
-0.6877637130801688
-0.6455696202531647
0.4430379746835442
-0.14345991561181426
0.6919831223628692
-0.07172995780590719
0.860759493670886
-0.7552742616033755
0.16877637130801681
0.5232067510548524
0.7215189873417722
-0.7215189873417722
0.6160337552742616
0.5611814345991561
0.5400843881856541
-0.751054852320675
-0.3248945147679325
0.4683544303797469
-0.8354430379746836
-0.3080168776371307
-0.8016877637130801
0.9156118143459915
0.04219409282700415
0.6033755274261603
-0.03797468354430378
0.6666666666666667
0.6962025316455696
0.4345991561181435
0.27004219409282704
RANK
186
251
273
403
4
133
379
104
142
333
30
61
285
59
76
11
325
256
297
53
241
223
111
289
127
434
115
399
100
164
276
346
356
404
260
291
185
13
336
464
294
203
222
224
409
440
417
466
170
405
290
444
393
62
371
12
99
240
453
461
339
47
418
113
24
401
457
43
238
422
158
118
388
439
446
156
367
419
199
266
5
154
353
84
447
177
216
280
55
430
150
140
324
355
46
10
360
193
321
397
366
8
73
258
126
342
145
70
114
155
35
144
372
119
213
313
349
421
78
124
351
246
149
219
411
307
243
437
67
302
429
362
299
85
337
343
364
2
431
329
361
91
165
301
139
204
326
48
441
265
19
338
179
377
244
152
184
22
386
101
462
143
195
274
465
28
23
130
287
376
237
380
3
277
286
161
300
125
18
137
212
202
231
15
71
384
173
270
398
109
350
135
245
347
50
298
141
314
396
250
279
375
267
449
225
293
408
134
198
209
383
415
97
305
52
38
327
107
175
358
451
9
391
60
348
131
435
189
470
138
335
354
192
102
122
51
392
436
214
281
128
151
387
147
33
330
407
468
32
424
75
123
316
44
394
196
264
268
423
445
322
341
368
234
296
233
80
90
310
93
311
110
197
304
63
229
220
454
95
402
82
269
172
210
363
254
288
72
176
228
132
400
96
146
272
168
187
221
105
427
232
474
54
57
194
295
352
385
283
27
103
188
81
259
292
64
374
389
432
255
88
239
218
121
205
359
208
58
378
98
89
227
25
278
382
317
252
42
153
26
473
6
448
257
167
420
328
201
463
83
412
159
16
381
190
230
157
253
282
263
345
455
248
34
162
460
36
247
174
29
459
320
178
318
136
236
413
323
20
319
469
108
271
458
117
207
308
166
65
410
87
331
206
370
373
471
235
31
425
365
261
450
472
45
160
390
334
414
456
200
315
306
303
249
312
41
242
180
406
357
74
426
7
191
428
129
416
443
438
17
344
79
1
262
66
309
39
181
182
226
148
452
116
163
275
433
49
112
340
40
92
120
56
106
467
169
395
369
442
215
171
0
37
94
21
14
69
183
86
68
332
211
284
217
77
