DEGREE
-0.1333333333333333
0.06666666666666665
0.6000000000000001
0.1333333333333333
-0.1333333333333333
0.6000000000000001
0.2666666666666666
0.0
0.33333333333333326
0.33333333333333326
-0.06666666666666665
0.2666666666666666
0.46666666666666656
0.1333333333333333
0.6666666666666667
0.33333333333333326
0.33333333333333326
0.06666666666666665
-0.06666666666666665
0.6666666666666667
-0.4
-0.1333333333333333
0.19999999999999996
-0.7333333333333334
0.06666666666666665
-0.4
0.06666666666666665
-0.06666666666666665
-0.06666666666666665
0.19999999999999996
0.0
-0.1333333333333333
0.6000000000000001
0.8666666666666667
-0.5333333333333333
-0.33333333333333337
0.2666666666666666
0.46666666666666656
-0.4
0.2666666666666666
0.06666666666666665
0.46666666666666656
0.8666666666666667
-0.06666666666666665
0.0
0.6000000000000001
0.3999999999999999
-0.2666666666666667
0.46666666666666656
-0.33333333333333337
0.33333333333333326
0.33333333333333326
-0.1333333333333333
0.1333333333333333
-0.33333333333333337
0.46666666666666656
0.06666666666666665
0.7333333333333334
-0.4666666666666667
-0.2666666666666667
0.8
0.6666666666666667
-0.33333333333333337
0.3999999999999999
0.1333333333333333
0.1333333333333333
0.19999999999999996
-0.1333333333333333
0.5333333333333334
0.06666666666666665
-0.33333333333333337
-0.06666666666666665
-0.4
-0.1333333333333333
0.0
0.8666666666666667
0.7333333333333334
0.6000000000000001
0.0
-0.06666666666666665
0.0
0.1333333333333333
-0.06666666666666665
0.1333333333333333
0.8
-0.06666666666666665
-0.1333333333333333
-0.2666666666666667
-0.06666666666666665
-0.33333333333333337
-0.4
0.2666666666666666
-0.5333333333333333
0.06666666666666665
0.19999999999999996
0.0
0.33333333333333326
0.0
-0.06666666666666665
0.46666666666666656
0.6666666666666667
-0.2666666666666667
-0.1333333333333333
-0.06666666666666665
-0.4
-0.1333333333333333
-0.4
0.33333333333333326
-0.9333333333333333
0.2666666666666666
-0.1333333333333333
0.8666666666666667
-0.4666666666666667
-0.33333333333333337
0.33333333333333326
-0.33333333333333337
-0.4666666666666667
-0.2666666666666667
0.6000000000000001
-0.06666666666666665
0.1333333333333333
-0.8666666666666667
0.0
0.8666666666666667
-0.4
-0.06666666666666665
0.5333333333333334
-0.2666666666666667
-0.06666666666666665
0.7333333333333334
0.1333333333333333
0.0
-0.6
-0.06666666666666665
-0.6
-0.06666666666666665
0.06666666666666665
0.06666666666666665
-0.33333333333333337
0.19999999999999996
-0.6666666666666667
0.33333333333333326
0.0
-0.2666666666666667
-0.4666666666666667
0.1333333333333333
0.7333333333333334
0.2666666666666666
-0.19999999999999996
0.6000000000000001
0.2666666666666666
-0.33333333333333337
0.19999999999999996
0.2666666666666666
-0.4
0.8
-0.6
0.1333333333333333
-0.6
0.0
-0.19999999999999996
-0.4
0.8
0.06666666666666665
0.5333333333333334
-0.06666666666666665
-0.2666666666666667
-0.6666666666666667
0.6666666666666667
-0.2666666666666667
0.2666666666666666
0.06666666666666665
-0.1333333333333333
0.33333333333333326
0.3999999999999999
-0.2666666666666667
-0.1333333333333333
0.06666666666666665
0.0
0.0
0.8666666666666667
0.19999999999999996
1.0
-0.2666666666666667
0.5333333333333334
0.1333333333333333
0.46666666666666656
-0.4
-0.8666666666666667
-0.06666666666666665
0.6000000000000001
0.1333333333333333
-0.06666666666666665
0.6666666666666667
0.06666666666666665
-0.06666666666666665
-0.6
0.0
-0.7333333333333334
0.06666666666666665
0.7333333333333334
-0.4
-0.19999999999999996
-0.06666666666666665
0.3999999999999999
-0.6666666666666667
-0.2666666666666667
0.06666666666666665
-0.06666666666666665
-0.5333333333333333
-0.19999999999999996
-0.6
0.5333333333333334
-0.06666666666666665
-0.33333333333333337
0.6000000000000001
-0.5333333333333333
0.0
0.1333333333333333
-0.5333333333333333
0.7333333333333334
0.1333333333333333
-0.6
0.3999999999999999
0.19999999999999996
0.8
0.06666666666666665
0.7333333333333334
-0.4
0.06666666666666665
-0.19999999999999996
-0.1333333333333333
-0.2666666666666667
0.19999999999999996
0.6666666666666667
0.6000000000000001
0.33333333333333326
-0.2666666666666667
0.6000000000000001
0.7333333333333334
-0.2666666666666667
0.06666666666666665
-0.19999999999999996
-0.2666666666666667
0.19999999999999996
-0.4
0.0
0.1333333333333333
-0.33333333333333337
0.06666666666666665
-0.5333333333333333
0.1333333333333333
-0.06666666666666665
-0.4666666666666667
-0.5333333333333333
-0.1333333333333333
-0.33333333333333337
0.06666666666666665
-0.19999999999999996
0.1333333333333333
0.6666666666666667
0.33333333333333326
0.9333333333333333
0.8666666666666667
-0.1333333333333333
0.8666666666666667
0.19999999999999996
-0.4
0.5333333333333334
0.7333333333333334
-0.6666666666666667
0.0
-0.06666666666666665
0.33333333333333326
0.1333333333333333
0.6000000000000001
0.2666666666666666
-1.0
0.6000000000000001
0.1333333333333333
0.9333333333333333
0.0
-0.33333333333333337
0.6000000000000001
0.2666666666666666
0.2666666666666666
-0.4666666666666667
-0.06666666666666665
0.19999999999999996
0.1333333333333333
0.19999999999999996
0.1333333333333333
0.0
0.33333333333333326
-0.06666666666666665
-0.5333333333333333
0.06666666666666665
-0.1333333333333333
0.0
-0.5333333333333333
-0.6
0.6666666666666667
-0.2666666666666667
-0.2666666666666667
0.6000000000000001
0.0
0.1333333333333333
-0.06666666666666665
-0.06666666666666665
0.1333333333333333
-0.19999999999999996
0.06666666666666665
0.33333333333333326
-0.6
0.5333333333333334
-0.19999999999999996
-0.1333333333333333
0.8
0.19999999999999996
0.5333333333333334
0.2666666666666666
-0.4666666666666667
-0.19999999999999996
0.3999999999999999
0.8
0.6666666666666667
0.1333333333333333
0.06666666666666665
-0.4666666666666667
-0.2666666666666667
0.2666666666666666
0.2666666666666666
-0.2666666666666667
0.1333333333333333
0.0
0.3999999999999999
-0.8666666666666667
0.0
0.8
-0.8666666666666667
-0.06666666666666665
0.6666666666666667
0.1333333333333333
-0.06666666666666665
0.0
0.06666666666666665
0.8666666666666667
0.8
0.3999999999999999
0.0
-0.5333333333333333
0.7333333333333334
-0.33333333333333337
0.33333333333333326
-0.19999999999999996
0.46666666666666656
-0.9333333333333333
-0.33333333333333337
-0.8
0.0
0.7333333333333334
0.6666666666666667
0.19999999999999996
-0.33333333333333337
0.5333333333333334
-0.33333333333333337
-0.33333333333333337
0.3999999999999999
-0.4666666666666667
-0.4
-0.5333333333333333
-0.19999999999999996
-0.1333333333333333
0.06666666666666665
0.06666666666666665
0.33333333333333326
0.19999999999999996
0.7333333333333334
-0.06666666666666665
-0.6
0.2666666666666666
-0.6
-0.4
0.3999999999999999
-0.6
-0.6
-0.33333333333333337
0.1333333333333333
-1.0
-0.06666666666666665
-0.19999999999999996
0.19999999999999996
-0.2666666666666667
EIGENVECTOR
-0.9664352055732301
-0.9633075216419684
-0.28408135875491936
-0.9978060599127208
-0.8430824502668681
-0.18445619358035015
-0.8265485423941845
-0.8987982580339267
-0.6680676575503283
-0.5416047244826866
-0.9994040271199838
-0.2916232818625254
0.21866116336600117
-0.3444450346202128
-0.2756159431886067
-0.9303913156412152
-0.9060827498926634
-0.8647092925792981
-0.9582517040399754
-0.21747070945858926
-0.9932956068754053
-0.7220281152532313
-0.9651259785414809
-0.9994799040822968
-0.9284924099138369
-0.9969981891840293
-0.7064419899126342
-0.9962554059563102
-0.9026363988685859
-0.2500559011317781
-0.8170682221796344
-0.7514748459285638
0.49134732796315705
0.8200523829709483
-0.9153044268862616
-0.6183848453961056
-0.09500852330824117
-0.2058809090099234
-0.9608803407890767
-0.3390916002482395
-0.706441989912634
-0.3972755974011085
0.5068785214784008
-0.7924923157527517
-0.9233081648559573
-0.28408135875491924
-0.888204791864923
-0.8466176573422808
-0.9092955943373348
-0.9331385470090147
0.2485020887177536
-0.05664930952128022
-0.6320843113882699
-0.9888274585729288
-0.890169003289392
-0.7958418221155114
-0.9914074358818459
0.16184178215345724
-0.9646200424344482
-0.8161526152940973
0.23351084367756947
-0.2974128925675006
-0.9548043366363861
-0.9960286821753598
-0.9975592241831546
-0.7519302186064694
-0.9364581840819465
-0.7788639022716557
0.029172733993448663
-0.9978154996033429
-0.9514374465713524
-0.7076241564509379
-0.954714223074142
-0.8197417979091941
-0.8912972604469898
0.8814065999921334
-0.11316787889124302
0.5993582275603282
-0.9127868967521885
-0.9944716938627765
-0.9158254032236649
-0.9476036976522374
-0.9982508064978395
-0.9843997055167951
-0.04649753211951646
-0.7878060707282386
-0.991951666639332
-0.8206229467570765
-0.9786922733095512
-0.9680488017078687
-0.9454248828954971
-0.8159000732194172
-0.9999280622172878
-0.8088341286770091
-0.4527179037251836
-0.8569946839122197
-0.7144429780350456
-0.9978049821832282
-0.8047005788487244
-0.4210315455276735
0.6909642874958537
-0.9909431213793649
-0.9766478933444078
-0.990466569830997
-0.9862871890711125
-0.9426149363135614
-0.9608803407890767
0.1062153906829324
-0.9923494616631976
-0.5147013412955659
-0.9858697966314908
0.6660366900941923
-0.9976566146005041
-0.998231291372799
0.2621054228057129
-0.9686181939517601
-0.9972953347844048
-0.9908025887465695
-0.3017071939929713
-0.9175308724115907
-0.6191327538709832
-0.9984926230949858
-0.744538734668293
-0.10592132091032835
-0.9998090074794357
-0.9592525489445608
0.04434738360027635
-0.9956552180227617
-0.8253613345416291
-0.06333031148577206
-0.6746195261910373
-0.9543385834059217
-0.9943252959085958
-0.6924710364236175
-0.9863733546257349
-0.9528892669376539
-0.7790965927051768
-0.9324253929764572
-0.991200136170439
-0.9894025737364279
-0.9989753022076086
-0.9297886588700588
-0.9078524586184301
-0.9993004881950692
-0.886293588262262
-0.9265242560922707
0.6354463305131601
-0.8759863872828485
-0.9491029794465075
-0.0936299436416792
-0.85830365795776
-0.9730101261851198
-0.25005590113177834
-0.5906596690339471
-0.9966463559195933
0.7110752099933557
-0.9999551371531326
-0.9006296466219005
-0.945082893702918
-0.997374945193221
-0.998923358941561
-0.9971892299604318
-0.13086288712564786
-0.9977111301868705
-0.20807281408054457
-0.9885898416899183
-0.9823812814316407
-0.96636451932801
-0.2762381303814295
-0.9055940557428973
-0.9927383625445573
-0.9444063298376392
-0.9797643465181705
-0.3323447290329421
-0.9941702395141194
-0.8144483845893234
-0.9094499256982229
-0.9965166653932687
-0.8674572004973438
-0.9765779629696493
0.02892910378638236
-0.9958965107939618
1.0
-0.9437737886870946
-0.2155378632139432
-0.994593816848451
-0.924619702512833
-0.995170152204388
-0.999800771364389
-0.7512041104628576
0.6162261628926577
-0.9987875667318559
-0.7176072355113532
-0.2372982598473663
-0.9350813579827318
-0.6841446035202202
-0.9999729250641554
-0.8718400509859121
-0.9987462431673712
-0.9825667687516687
0.7508743312718826
-0.9796619165256877
-0.9508515330742643
-0.9636605847727003
-0.7739186064892274
-1.0
-0.8330205506264271
-0.980237955477858
-0.9238844831376256
-0.9987564888127559
-0.8326918189202355
-0.9999551371531324
0.16053671206742526
-0.7091344513976782
-0.9968674512734054
-0.9173550064891955
-0.98631681812426
-0.915825403223665
-0.6707478753270533
-0.9694541079121155
0.7645105480353098
-0.9576788507605855
-0.9918629860109103
-0.9225286144146387
-0.9178461593126785
-0.1495063293217067
-0.8541318714332167
0.805924153214485
-0.9761585348111728
-0.4737115065366859
-0.9907355480671152
-0.9930941140623086
-0.8352888907107139
-0.9967560738586579
-0.572927856494169
-0.32990295659549895
-0.9072125725799016
-0.9809803963865842
-0.2513325630352975
-0.004696737775031101
-0.9827930922314195
-0.9891671903866384
-0.9815300397114687
-0.8747133915367273
-0.9543047242854764
-0.964420429821668
-0.7350030392232247
-0.9868185902480182
-0.9331385470090146
-0.5797794068321271
-0.9999149835257402
-0.9525451176347056
-0.988930985227703
-0.9856932228270192
-0.9875646530687987
-0.9834314790110681
-0.9973127083231355
-0.8268338961819747
-0.953244673618352
-0.9928958374007848
-0.39132123435383526
0.09733606548547957
0.961634076920447
0.8788665785651066
-0.9820995871892397
0.9163516816372415
-0.9599856438551593
-0.8658219327324723
-0.8890657797007485
0.6682473174808554
-1.0
-0.9021756697404509
-0.9813676419595134
-0.9865154119362968
-0.8961768195090852
0.5229711963032642
-0.8622647778889682
-0.9790376616857165
0.4913473279631573
-0.2833196045248304
0.8232773113763716
-0.9307919156951775
-0.9974572170424562
-0.9935240300810267
-0.05674683741275255
-0.6435127650017505
-0.9798214899155929
-0.9546094209305236
-0.9927249047437581
-0.9972265094373862
-0.8841577834943977
-0.9259185411199349
-0.8587183755421336
0.09495630982086767
-0.9074744738316228
-0.9999280622172879
-0.9968608471504551
-0.9942611562361604
-0.9564747722384223
-0.9983553321838942
-0.9989655768918135
0.7227646221078925
-0.9683188248955246
-0.9452370652536082
0.5643004319117289
-0.6944664136972956
-0.7435026675604774
-0.9629772447175426
-0.9898859425421597
-0.8144997046582589
-0.989586714806309
-0.9846990745730307
0.07349785226934658
-0.9988592675747364
-0.1836856940984749
-0.9842482663236773
-0.9904014933897858
0.6718204410780058
-0.8822329846519403
-0.2971761348276659
-0.9949104037645772
-0.9954888639581516
-0.8435903256864135
-0.9282870417021788
-0.08992636551801081
0.5369813996247232
-0.8974031318495718
-0.8379139277499331
-0.9976566146005041
-0.983004827545379
-0.8003809816433896
-0.8815843893134031
-0.994827622844918
-0.8485945241581361
-0.9399009410405408
-0.893045562052775
-0.9896870033735268
-0.9945906593188454
0.8798039582932651
-0.9928121637824612
-0.8916574283804896
0.4900453323521996
-0.9196214329028388
-0.8281003348664675
-0.9914487793307593
-0.8634725807040451
0.022983775699251696
-0.4407207350370892
0.10241525838391397
-0.9159295631041366
-0.9959177197789464
0.6173399197806864
-0.9912001361704389
-0.21485421530198756
-0.9987520759313713
-0.8259863948252832
-0.9939230346956948
-0.7682723125191371
-0.9997115738945033
-0.8027424397941246
0.5644479335720136
-0.9136430532483694
-0.6393475456429185
-0.9947390365099548
-0.9918430111369545
-0.9915694990565888
-0.8901690032893919
-0.9960286821753594
-0.9934789173056712
-0.9462639303324718
-0.99817931410106
-0.9910003587073458
-0.9676781291655706
-0.93727276885992
-0.7171242830472933
-0.9003695331286015
-0.9471146752223976
0.7272621476138181
-0.8474316303663151
-0.9991274430715923
-0.9905270189348947
-0.9801119031059904
-0.9962283959445022
-0.9344325352886353
-0.9981051485698
-0.9979113185874132
-0.9745148182052819
-0.861277008471847
-0.9740351951794447
-0.9926650824979839
-0.8037869645390184
-0.994030033626642
-0.9996843400800466
CENT
-0.6768651787434294
0.4433582450446063
0.45939328685206515
-0.3634041725113717
0.7820872666088534
0.8767390396013557
-0.1271294443074843
-0.367570005898886
0.3499947951004545
0.16700549054761415
-0.623910797104986
0.4686190447977876
0.7416996261885067
0.27158399286485024
0.3435068674241495
-0.4960495364885237
-0.42064734537536674
-0.08420046665073877
0.48720938087148813
0.4479254751375852
-0.6557185830928847
0.16116195273220701
0.13798701298701266
-0.4884370061597655
-0.33105985946839156
-0.5481793446746369
0.9170215259600734
-0.49731419500946816
-0.2950671731084624
0.34134943605226953
0.07955579974894422
-0.08587347924662536
0.7739442892762973
0.5781223329904182
-0.4179732287502874
0.1476047230237174
0.27989521418577645
0.18268693994516783
-0.48206086468542286
0.4525040523860746
0.9170215259600734
0.6968969836630494
0.4456404443347126
0.8456323380587616
-0.5061342433332418
0.45939328685206515
-0.20028496026713816
-0.27894646473960516
-0.2921492137264222
-0.4614569892072111
0.896782169557155
0.5036295761708425
0.100056493628774
0.19058195702500957
0.5756730701259212
-0.08420046665073877
-0.03144143209023653
0.8344371042055607
-0.636499721159585
-0.13687067530619623
0.8767390396013557
0.3435068674241495
-0.5408539251597347
-0.19093867026827926
-0.3606202257439288
0.3674114164839337
-0.3936757621822514
0.9141180663263515
1.0
-0.364794126591345
-0.5048777139097995
0.14953484499231462
-0.5518271519059501
-0.22033984865981393
-0.005273958386705635
0.7390359522687715
0.6787406993157097
0.3499947951004545
-0.3395674770793997
-0.38411328661356825
-0.47693861869060716
-0.38274196709252906
-0.5457419637365111
0.021324137484190375
0.7099691637080972
0.01953732095602123
-0.04179018231446241
-0.12223584215920602
0.30084652105940357
-0.5161450356981081
-0.553040889844491
-0.1625514913276458
-0.9683729256049806
0.11134584775569079
0.42294500592293827
0.4139449463880416
-0.03834802934991566
-0.5136492226085182
0.08884299182521826
0.3456669012464175
0.8039643630796292
0.09070667373094476
0.24892933017096963
-0.07075215644500121
-0.6018768796945893
0.4802161920277439
-0.48206086468542286
0.5879509267905125
-0.8829197559626221
0.8456323380587616
-0.27007868428459014
0.5978302815656884
-0.733007729173424
-0.4179732287502874
0.6916923193858546
0.15146716903959878
-0.6911354455265357
-0.3550361229119984
0.9551394226193057
0.6003080977746429
0.8682084903625906
-0.9376214854384322
0.18071886390958558
0.7497121003551206
-0.7445700608091566
-0.6181481903748465
0.7470376930377156
-0.2355873946994116
0.7875343079049304
0.6865014058729326
-0.021025445806080567
-0.4653436512053759
-0.8137424892620014
0.8996614253924282
-0.7725028396578502
-0.4858900935115612
-0.03662417095522463
-0.04007003213815363
-0.44580075488001747
-0.09587439642478379
-0.7245311759391673
-0.38411328661356825
-0.1704897404721184
-0.6489679670750981
-0.3395674770793997
-0.21573533793564825
0.3674114164839337
-0.2551803382724833
-0.50236118398716
0.7685339406597458
-0.04007003213815363
-0.6801724934629556
0.34134943605226953
0.36086040383757356
-0.5782783807670903
0.8260808805788131
-0.9718351014772785
-0.16731936375953527
-0.11240230180864208
-0.22187156914775108
-0.44973134397670844
-0.42064734537536674
0.7712372896142374
-0.5098969085764414
0.20050212822559188
0.29453497100419157
-0.42996694511622024
-0.42464902416019734
0.49657465702678105
-0.07580869245370458
0.10945898856828107
-0.4179732287502874
0.3674114164839337
0.45479760941670344
-0.1058120500256422
-0.18624392367409126
-0.13848828539205438
-0.21880657154536431
0.13033210091698266
-0.07917075573647159
0.7047298825221586
-0.19561899367784596
0.6735839252416975
-0.50236118398716
0.9551394226193057
-0.4614569892072111
-0.27007868428459014
-0.5073896178583166
-0.636499721159585
0.05382538970183459
0.34782954223081264
-0.5901302115564357
0.8853051081291095
0.5830303092513658
0.27365811414307784
0.15727739140348884
-0.9795865066372065
0.7073477836459428
-0.2551803382724833
0.2757346885511436
0.683911088634801
-0.7466608441626887
-0.5590931628833808
0.18860478795527413
-0.03834802934991566
-1.0
-0.17681089342301837
0.16700549054761415
-0.3282128767549457
-0.4418590676494063
0.17482820094495777
-0.9718351014772785
0.8122297896092325
0.46630829152179376
-0.41931092134096404
-0.2715603370682207
-0.7170669900088749
-0.47693861869060716
0.9286760862289549
-0.5445216159368014
0.6684407127037122
-0.6053805823931294
-0.653472292856431
-0.374486293137434
-0.15457204732513274
0.5107112016334296
0.42294500592293827
0.6480024135664986
-0.6911354455265357
0.042919852651813306
-0.30812676794627825
-0.2877614083696646
-0.24616931449114265
-0.1752330489299907
0.21047987441863247
0.4139449463880416
-0.348025439334702
0.24280145927454244
0.4184394376573144
0.6942929292662532
-0.34098057397497084
0.2778137204437161
-0.2906880629346711
-0.22798293214825438
-0.435264798445994
-0.6319359852144326
0.3199172285915002
-0.09421198647056606
-0.4614569892072111
0.36086040383757356
-0.8555370878936263
-0.05718865728675171
0.2757346885511436
-0.6319359852144326
-0.7714794580180668
-0.20648403016434014
-0.5198801923873098
-0.14976447378682
-0.5098969085764414
0.10193276440085097
0.3630414278458971
0.49657465702678105
0.6581947588083676
0.8012167127920857
-0.3138938987375184
0.6302935454908216
0.14182753201190845
-0.03317087533608676
-0.14333100558659229
0.4525040523860746
-1.0
0.617742855174835
-0.17365357695424766
-0.03662417095522463
-0.005273958386705635
0.5659073792679896
-0.2551803382724833
-0.4614569892072111
0.7739442892762973
0.9670091144310973
0.5904159913115736
0.20648183490058636
-0.36618273707143456
-0.0774906182608549
0.5586158714293363
0.06296887470071799
-0.7245311759391673
0.42520195673417094
-0.07917075573647159
-0.22340173537847086
-0.01229362234220921
0.27158399286485024
-0.1987312291931589
0.7658342350326868
-0.24164335398372216
-0.9683729256049806
-0.3854832894571989
-0.45625779029206304
-0.6169926186856001
-0.5865857684529019
-0.6878564406797077
0.38942143251800077
0.15727739140348884
0.5130777044184867
0.7685339406597458
-0.08754471770402172
0.28615451031403616
-0.6735492995490149
0.22454640331735298
0.06664050772029229
0.2571334679123045
0.015969559147858803
0.30929708996914873
-0.5186362797934843
0.9492296711992696
0.12461366066093338
-0.30523466287031564
0.681324188701733
-0.08084910773124332
0.30718066616254625
-0.029710121195092976
-0.6169926186856001
-0.27747218335188384
-0.26711093375897843
0.683911088634801
0.6052733465555884
-0.3634041725113717
0.01953732095602123
-0.733007729173424
0.22656528122593222
-0.15136866326012366
-0.20338766123713692
-0.503620027993561
-0.2355873946994116
-0.374486293137434
-0.14815861588972745
-0.8707230137709339
-0.28189062667508424
0.6003080977746429
-0.8603035787339677
-0.10416014224090042
0.4778909603817627
0.7178542470109017
0.014188607440664525
-0.28336051159960984
-0.09753504907461019
0.7577569046125205
0.24892933017096963
0.28615451031403616
-0.26264816218741527
-0.38411328661356825
0.8288624754388234
-0.44580075488001747
0.8039643630796292
-0.5687202466102919
-0.09587439642478379
-0.9898395949607437
0.8288624754388234
-0.6433154316104233
0.3872083448777235
0.6227533451879228
-0.27007868428459014
0.6865014058729326
-0.47693861869060716
-0.0825256770898013
-0.5913095875022438
0.5756730701259212
-0.19093867026827926
-0.48333845779864093
-0.48333845779864093
-0.20957408641279274
-0.4666367881264071
0.5130777044184867
-0.33673714335594573
0.1866298980429677
-0.29360891640044084
-0.5971907422186752
0.5978302815656884
0.41170184186943937
-0.6030458164263861
-0.17996171001228567
-0.7393277160886202
-0.5408539251597347
-0.3239319307032422
-0.7877522811232425
-0.737224600353092
0.2612500317259778
-0.01404377730018791
-0.40587661109999496
-0.2172717354302902
-0.1287572306840351
-0.348025439334702
-0.7224030658342078
DEGREE_RANK
-0.3928571428571429
0.015306122448979664
0.6989795918367347
0.15306122448979598
-0.3877551020408164
0.7040816326530612
0.38265306122448983
-0.12244897959183687
0.46938775510204067
0.4744897959183674
-0.2959183673469389
0.38775510204081653
0.6122448979591837
0.15816326530612246
0.7755102040816326
0.47959183673469385
0.48469387755102034
0.020408163265306145
-0.2908163265306123
0.7806122448979591
-0.7551020408163265
-0.38265306122448983
0.29591836734693877
-0.9540816326530612
0.025510204081632848
-0.75
0.03061224489795933
-0.2857142857142858
-0.2806122448979592
0.3010204081632655
-0.11734693877551028
-0.37755102040816324
0.7091836734693877
0.9438775510204083
-0.8571428571428572
-0.6683673469387755
0.392857142857143
0.6173469387755102
-0.7448979591836735
0.3979591836734693
0.03571428571428559
0.6224489795918366
0.9489795918367347
-0.27551020408163274
-0.1122448979591838
0.7142857142857142
0.5612244897959184
-0.5663265306122449
0.6275510204081631
-0.6632653061224489
0.4897959183673468
0.4948979591836735
-0.37244897959183687
0.16326530612244916
-0.6581632653061225
0.6326530612244898
0.04081632653061229
0.8367346938775511
-0.8010204081632653
-0.5612244897959184
0.8979591836734693
0.7857142857142858
-0.653061224489796
0.5663265306122449
0.16836734693877564
0.17346938775510212
0.30612244897959195
-0.3673469387755103
0.653061224489796
0.04591836734693877
-0.6479591836734694
-0.27040816326530615
-0.739795918367347
-0.3622448979591838
-0.1071428571428572
0.9540816326530612
0.8418367346938775
0.7193877551020409
-0.10204081632653073
-0.26530612244897966
-0.09693877551020413
0.17857142857142838
-0.2602040816326532
0.18367346938775508
0.9030612244897958
-0.2551020408163266
-0.3571428571428572
-0.5561224489795918
-0.2500000000000001
-0.6428571428571428
-0.7346938775510203
0.40306122448979576
-0.8520408163265306
0.05102040816326525
0.31122448979591844
-0.09183673469387754
0.5
-0.08673469387755117
-0.24489795918367352
0.6377551020408163
0.7908163265306123
-0.5510204081632653
-0.3520408163265306
-0.23979591836734693
-0.7295918367346939
-0.34693877551020413
-0.7244897959183674
0.5051020408163265
-0.9897959183673469
0.40816326530612246
-0.34183673469387754
0.9591836734693879
-0.7959183673469388
-0.6377551020408163
0.5102040816326532
-0.6326530612244898
-0.7908163265306123
-0.5459183673469388
0.7244897959183674
-0.23469387755102045
0.18877551020408156
-0.9795918367346939
-0.08163265306122458
0.9642857142857144
-0.7193877551020409
-0.22959183673469397
0.6581632653061225
-0.5408163265306123
-0.22448979591836749
0.846938775510204
0.19387755102040805
-0.0765306122448981
-0.923469387755102
-0.2193877551020409
-0.9183673469387755
-0.2142857142857143
0.05612244897959173
0.061224489795918435
-0.6275510204081634
0.3163265306122449
-0.9438775510204082
0.5153061224489797
-0.07142857142857151
-0.5357142857142857
-0.7857142857142857
0.19897959183673475
0.8520408163265305
0.41326530612244894
-0.4591836734693878
0.7295918367346939
0.4183673469387754
-0.6224489795918366
0.3214285714285716
0.4234693877551021
-0.7142857142857143
0.9081632653061225
-0.9132653061224489
0.20408163265306123
-0.9081632653061225
-0.06632653061224492
-0.45408163265306123
-0.7091836734693877
0.9132653061224489
0.06632653061224492
0.6632653061224492
-0.20918367346938782
-0.5306122448979591
-0.9387755102040817
0.7959183673469388
-0.5255102040816326
0.4285714285714286
0.0714285714285714
-0.33673469387755117
0.5204081632653061
0.5714285714285714
-0.5204081632653061
-0.3316326530612246
0.0765306122448981
-0.061224489795918435
-0.056122448979591844
0.9693877551020407
0.3265306122448979
1.0
-0.5153061224489797
0.6683673469387756
0.2091836734693877
0.6428571428571428
-0.7040816326530612
-0.9744897959183674
-0.20408163265306123
0.7346938775510206
0.2142857142857144
-0.19897959183673475
0.8010204081632653
0.08163265306122458
-0.19387755102040827
-0.903061224489796
-0.051020408163265474
-0.9489795918367347
0.08673469387755106
0.8571428571428572
-0.6989795918367347
-0.44897959183673475
-0.1887755102040818
0.5765306122448981
-0.9336734693877551
-0.510204081632653
0.09183673469387754
-0.1836734693877552
-0.846938775510204
-0.44387755102040827
-0.8979591836734694
0.6734693877551021
-0.1785714285714286
-0.6173469387755102
0.739795918367347
-0.8418367346938775
-0.04591836734693888
0.2193877551020409
-0.8367346938775511
0.8622448979591837
0.22448979591836737
-0.8928571428571429
0.5816326530612246
0.33163265306122436
0.9183673469387754
0.09693877551020424
0.8673469387755102
-0.6938775510204082
0.10204081632653073
-0.4387755102040817
-0.326530612244898
-0.5051020408163265
0.33673469387755106
0.806122448979592
0.7448979591836735
0.5255102040816328
-0.5
0.7500000000000002
0.8724489795918369
-0.4948979591836735
0.10714285714285698
-0.4336734693877552
-0.4897959183673469
0.34183673469387754
-0.6887755102040816
-0.04081632653061229
0.22959183673469385
-0.6122448979591837
0.11224489795918369
-0.8316326530612245
0.23469387755102056
-0.17346938775510212
-0.7806122448979592
-0.8265306122448979
-0.3214285714285715
-0.6071428571428572
0.11734693877551017
-0.4285714285714286
0.23979591836734704
0.8112244897959184
0.5306122448979593
0.9897959183673468
0.9744897959183674
-0.3163265306122449
0.9795918367346939
0.346938775510204
-0.6836734693877551
0.6785714285714284
0.8775510204081634
-0.9285714285714286
-0.03571428571428581
-0.16836734693877553
0.5357142857142856
0.24489795918367352
0.7551020408163265
0.4336734693877551
-1.0
0.760204081632653
0.2500000000000002
0.9948979591836735
-0.030612244897959218
-0.6020408163265306
0.7653061224489794
0.4387755102040818
0.44387755102040827
-0.7755102040816326
-0.16326530612244905
0.3520408163265307
0.2551020408163265
0.3571428571428572
0.26020408163265296
-0.025510204081632737
0.5408163265306121
-0.15816326530612257
-0.8214285714285714
0.12244897959183665
-0.31122448979591844
-0.020408163265306145
-0.8163265306122449
-0.8877551020408163
0.8163265306122449
-0.48469387755102045
-0.47959183673469397
0.7704081632653061
-0.015306122448979664
0.26530612244897944
-0.15306122448979598
-0.1479591836734695
0.27040816326530615
-0.4234693877551021
0.12755102040816335
0.5459183673469388
-0.8826530612244898
0.6836734693877551
-0.41836734693877553
-0.30612244897959184
0.9234693877551021
0.3622448979591837
0.6887755102040816
0.44897959183673475
-0.7704081632653061
-0.41326530612244905
0.5867346938775511
0.9285714285714286
0.8214285714285716
0.2755102040816326
0.13265306122448983
-0.7653061224489796
-0.4744897959183675
0.45408163265306123
0.45918367346938793
-0.4693877551020409
0.2806122448979591
-0.010204081632653184
0.5918367346938775
-0.9693877551020408
-0.005102040816326592
0.9336734693877551
-0.9642857142857143
-0.1428571428571429
0.8265306122448979
0.2857142857142858
-0.13775510204081642
-1.1102230246251565e-16
0.1377551020408163
0.9846938775510203
0.9387755102040816
0.5969387755102042
0.005102040816326481
-0.8112244897959183
0.8826530612244898
-0.5969387755102041
0.5510204081632653
-0.40816326530612257
0.6479591836734695
-0.9846938775510204
-0.5918367346938775
-0.9591836734693877
0.010204081632653184
0.8877551020408165
0.8316326530612244
0.36734693877551017
-0.5867346938775511
0.693877551020408
-0.5816326530612245
-0.576530612244898
0.6020408163265307
-0.7602040816326531
-0.6785714285714286
-0.8061224489795918
-0.403061224489796
-0.3010204081632655
0.1428571428571428
0.1479591836734695
0.5561224489795917
0.37244897959183687
0.892857142857143
-0.13265306122448983
-0.8775510204081632
0.4642857142857144
-0.8724489795918368
-0.673469387755102
0.607142857142857
-0.8673469387755102
-0.8622448979591837
-0.5714285714285714
0.2908163265306123
-0.9948979591836735
-0.12755102040816324
-0.3979591836734695
0.37755102040816335
-0.4642857142857143
EIGENVECTOR_RANK
-0.2806122448979592
-0.2500000000000001
0.6377551020408163
-0.8367346938775511
0.26020408163265296
0.7040816326530612
0.29591836734693877
0.10204081632653073
0.5051020408163265
0.5510204081632653
-0.9336734693877551
0.6275510204081631
0.8316326530612244
0.5918367346938775
0.653061224489796
-0.056122448979591844
0.0714285714285714
0.19897959183673475
-0.2193877551020409
0.6785714285714284
-0.6326530612244898
0.4387755102040818
-0.27040816326530615
-0.9387755102040817
-0.04591836734693888
-0.7755102040816326
0.46938775510204067
-0.7448979591836735
0.08163265306122458
0.6683673469387756
0.3214285714285716
0.41326530612244894
0.8622448979591837
0.9642857142857144
0.03061224489795933
0.5306122448979593
0.7346938775510206
0.6989795918367347
-0.23469387755102045
0.5969387755102042
0.4744897959183674
0.5816326530612246
0.8673469387755102
0.37755102040816335
-0.015306122448979664
0.6326530612244898
0.1479591836734695
0.2500000000000002
0.05102040816326525
-0.0765306122448981
0.8418367346938775
0.760204081632653
0.5204081632653061
-0.48469387755102045
0.13265306122448983
0.37244897959183687
-0.5663265306122449
0.8265306122448979
-0.26530612244897966
0.3265306122448979
0.8367346938775511
0.6173469387755102
-0.20408163265306123
-0.7295918367346939
-0.8112244897959183
0.40816326530612246
-0.09183673469387754
0.392857142857143
0.7857142857142858
-0.8418367346938775
-0.16326530612244905
0.4642857142857144
-0.19897959183673475
0.3163265306122449
0.12755102040816335
0.9846938775510203
0.7244897959183674
0.892857142857143
0.04081632653061229
-0.673469387755102
0.025510204081632848
-0.1479591836734695
-0.8673469387755102
-0.4285714285714286
0.7653061224489794
0.38265306122448983
-0.5918367346938775
0.31122448979591844
-0.34183673469387754
-0.2908163265306123
-0.13265306122448983
0.33163265306122436
-0.9744897959183674
0.346938775510204
0.5663265306122449
0.22959183673469385
0.45408163265306123
-0.8316326530612245
0.3520408163265307
0.5765306122448981
0.9285714285714286
-0.5459183673469388
-0.33673469387755117
-0.5255102040816326
-0.44897959183673475
-0.1071428571428572
-0.23979591836734693
0.8163265306122449
-0.5969387755102041
0.5561224489795917
-0.44387755102040827
0.9132653061224489
-0.8163265306122449
-0.8622448979591837
0.846938775510204
-0.3010204081632655
-0.7908163265306123
-0.5408163265306123
0.6122448979591837
0.005102040816326481
0.5255102040816328
-0.8775510204081632
0.4234693877551021
0.7295918367346939
-0.9591836734693877
-0.22448979591836749
0.7908163265306123
-0.7142857142857143
0.30612244897959195
0.7500000000000002
0.4948979591836735
-0.1887755102040818
-0.6683673469387755
0.48469387755102034
-0.4591836734693878
-0.17346938775510212
0.38775510204081653
-0.06632653061224492
-0.5612244897959184
-0.5
-0.9183673469387755
-0.051020408163265474
0.05612244897959173
-0.9285714285714286
0.15306122448979598
-0.03571428571428581
0.9081632653061225
0.17346938775510212
-0.15306122448979598
0.739795918367347
0.22448979591836737
-0.31122448979591844
0.6632653061224492
0.5357142857142856
-0.7551020408163265
0.9336734693877551
-0.9846938775510204
0.09183673469387754
-0.12244897959183687
-0.8010204081632653
-0.9081632653061225
-0.7806122448979592
0.7193877551020409
-0.8265306122448979
0.693877551020408
-0.47959183673469397
-0.3979591836734695
-0.27551020408163274
0.6479591836734695
0.0765306122448981
-0.6122448979591837
-0.11734693877551028
-0.3571428571428572
0.6020408163265307
-0.6581632653061225
0.34183673469387754
0.04591836734693877
-0.75
0.18877551020408156
-0.3316326530612246
0.7806122448979591
-0.7193877551020409
1.0
-0.1122448979591838
0.6836734693877551
-0.6836734693877551
-0.025510204081632737
-0.7040816326530612
-0.9540816326530612
0.4183673469387754
0.8979591836734693
-0.8979591836734694
0.44387755102040827
0.6734693877551021
-0.08673469387755117
0.4897959183673468
-0.9897959183673469
0.18367346938775508
-0.8826530612244898
-0.403061224489796
0.9489795918367347
-0.3520408163265306
-0.15816326530612257
-0.2551020408163266
0.3979591836734693
-0.9948979591836735
0.2755102040816326
-0.37244897959183687
-0.020408163265306145
-0.8928571428571429
0.2806122448979591
-0.9795918367346939
0.8214285714285716
0.45918367346938793
-0.7704081632653061
0.010204081632653184
-0.45408163265306123
0.020408163265306145
0.5
-0.30612244897959184
0.9540816326530612
-0.2142857142857143
-0.5867346938775511
-0.010204081632653184
-1.1102230246251565e-16
0.7142857142857142
0.23469387755102056
0.9591836734693879
-0.326530612244898
0.5612244897959184
-0.5357142857142857
-0.6275510204081634
0.27040816326530615
-0.7602040816326531
0.5459183673469388
0.607142857142857
0.06632653061224492
-0.37755102040816324
0.6581632653061225
0.7704081632653061
-0.40816326530612257
-0.4948979591836735
-0.3877551020408164
0.17857142857142838
-0.1836734693877552
-0.2602040816326532
0.4336734693877551
-0.4693877551020409
-0.07142857142857151
0.5408163265306121
-0.9642857142857143
-0.16836734693877553
-0.4897959183673469
-0.4387755102040817
-0.4744897959183675
-0.41836734693877553
-0.7959183673469388
0.2908163265306123
-0.1785714285714286
-0.6224489795918366
0.5867346938775511
0.806122448979592
0.9948979591836735
0.9744897959183674
-0.3928571428571429
0.9897959183673468
-0.22959183673469397
0.19387755102040805
0.1428571428571428
0.9183673469387754
-1.0
0.08673469387755106
-0.38265306122448983
-0.4642857142857143
0.11224489795918369
0.8724489795918369
0.2091836734693877
-0.34693877551020413
0.8571428571428572
0.6428571428571428
0.9693877551020407
-0.061224489795918435
-0.8061224489795918
-0.6428571428571428
0.7551020408163265
0.5102040816326532
-0.3622448979591838
-0.19387755102040827
-0.6071428571428572
-0.7857142857142857
0.15816326530612246
-0.030612244897959218
0.2193877551020409
0.8010204081632653
0.061224489795918435
-0.9693877551020408
-0.7653061224489796
-0.6632653061224489
-0.20918367346938782
-0.8724489795918368
-0.9132653061224489
0.9387755102040816
-0.2959183673469389
-0.12755102040816324
0.8826530612244898
0.47959183673469385
0.4285714285714286
-0.24489795918367352
-0.5153061224489797
0.33673469387755106
-0.5051020408163265
-0.4336734693877552
0.7959183673469388
-0.903061224489796
0.7091836734693877
-0.4234693877551021
-0.5204081632653061
0.9234693877551021
0.16326530612244916
0.6224489795918366
-0.6989795918367347
-0.7091836734693877
0.2551020408163265
-0.04081632653061229
0.7448979591836735
0.8775510204081634
0.10714285714285698
0.26530612244897944
-0.8214285714285714
-0.41326530612244905
0.36734693877551017
0.16836734693877564
-0.6938775510204082
0.23979591836734704
-0.10204081632653073
0.11734693877551017
-0.510204081632653
-0.6785714285714286
0.9795918367346939
-0.6173469387755102
0.12244897959183665
0.8520408163265305
-0.005102040816326592
0.2857142857142858
-0.5714285714285714
0.20408163265306123
0.7755102040816326
0.5714285714285714
0.8112244897959184
0.015306122448979664
-0.7244897959183674
0.9030612244897958
-0.5561224489795918
0.6887755102040816
-0.8877551020408163
0.3010204081632655
-0.6479591836734694
0.40306122448979576
-0.9489795918367347
0.3622448979591837
0.8877551020408165
0.03571428571428559
0.5153061224489797
-0.6887755102040816
-0.5816326530612245
-0.576530612244898
0.1377551020408163
-0.7346938775510203
-0.6377551020408163
-0.13775510204081642
-0.8571428571428572
-0.5510204081632653
-0.2857142857142858
-0.09693877551020413
0.44897959183673475
0.09693877551020424
-0.1428571428571429
0.9438775510204083
0.24489795918367352
-0.923469387755102
-0.5306122448979591
-0.3673469387755103
-0.739795918367347
-0.08163265306122458
-0.8520408163265306
-0.846938775510204
-0.3214285714285715
0.2142857142857144
-0.3163265306122449
-0.6020408163265306
0.3571428571428572
-0.653061224489796
-0.9438775510204082
CENT_RANK
-0.8418367346938775
0.5459183673469388
0.5765306122448981
-0.403061224489796
0.8673469387755102
0.9336734693877551
-0.051020408163265474
-0.41836734693877553
0.45918367346938793
0.26530612244897944
-0.7908163265306123
0.5918367346938775
0.8163265306122449
0.3571428571428572
0.4387755102040818
-0.6173469387755102
-0.4948979591836735
0.005102040816326481
0.607142857142857
0.5561224489795917
-0.8316326530612245
0.26020408163265296
0.22448979591836737
-0.6122448979591837
-0.3520408163265306
-0.7091836734693877
0.9642857142857144
-0.6224489795918366
-0.3214285714285715
0.4285714285714286
0.17857142857142838
-1.1102230246251565e-16
0.8571428571428572
0.6632653061224492
-0.47959183673469397
0.23469387755102056
0.38775510204081653
0.2857142857142858
-0.5918367346938775
0.5612244897959184
0.9693877551020407
0.7857142857142858
0.5510204081632653
0.9183673469387754
-0.6479591836734694
0.5816326530612246
-0.15816326530612257
-0.2857142857142858
-0.31122448979591844
-0.5561224489795918
0.9489795918367347
0.6224489795918366
0.19387755102040805
0.3010204081632655
0.653061224489796
0.010204081632653184
0.09693877551020424
0.9132653061224489
-0.8112244897959183
-0.061224489795918435
0.9387755102040816
0.44387755102040827
-0.6938775510204082
-0.1428571428571429
-0.3928571428571429
0.48469387755102034
-0.4591836734693878
0.9591836734693879
1.0
-0.40816326530612257
-0.6428571428571428
0.23979591836734704
-0.7142857142857143
-0.19387755102040827
0.12244897959183665
0.8112244897959184
0.7448979591836735
0.4642857142857144
-0.3673469387755103
-0.44897959183673475
-0.5816326530612245
-0.4336734693877552
-0.7040816326530612
0.15306122448979598
0.8010204081632653
0.1428571428571428
0.05612244897959173
-0.04591836734693888
0.40816326530612246
-0.673469387755102
-0.7193877551020409
-0.09693877551020413
-0.9693877551020408
0.2091836734693877
0.5306122448979593
0.5153061224489797
0.0714285714285714
-0.6683673469387755
0.18367346938775508
0.44897959183673475
0.8826530612244898
0.18877551020408156
0.33673469387755106
0.04591836734693877
-0.7602040816326531
0.6020408163265307
-0.5867346938775511
0.6734693877551021
-0.9540816326530612
0.9234693877551021
-0.27040816326530615
0.6836734693877551
-0.8928571428571429
-0.4744897959183675
0.7755102040816326
0.24489795918367352
-0.8622448979591837
-0.3877551020408164
0.9846938775510203
0.693877551020408
0.9285714285714286
-0.9591836734693877
0.2806122448979591
0.8265306122448979
-0.9081632653061225
-0.7857142857142857
0.8214285714285716
-0.2193877551020409
0.8724489795918369
0.7653061224489794
0.10714285714285698
-0.5612244897959184
-0.9336734693877551
0.9540816326530612
-0.923469387755102
-0.6071428571428572
0.08163265306122458
0.061224489795918435
-0.5255102040816326
-0.020408163265306145
-0.8826530612244898
-0.44387755102040827
-0.1071428571428572
-0.8214285714285714
-0.3622448979591838
-0.1785714285714286
0.4897959183673468
-0.24489795918367352
-0.6326530612244898
0.8418367346938775
0.06632653061224492
-0.846938775510204
0.4336734693877551
0.46938775510204067
-0.7346938775510203
0.8979591836734693
-0.9795918367346939
-0.10204081632653073
-0.04081632653061229
-0.19897959183673475
-0.5306122448979591
-0.4897959183673469
0.8520408163265305
-0.6632653061224489
0.30612244897959195
0.40306122448979576
-0.5051020408163265
-0.5
0.6122448979591837
0.04081632653061229
0.20408163265306123
-0.4693877551020409
0.4948979591836735
0.5714285714285714
-0.03571428571428581
-0.13265306122448983
-0.06632653061224492
-0.1887755102040818
0.2193877551020409
0.025510204081632848
0.7908163265306123
-0.1479591836734695
0.739795918367347
-0.6275510204081634
0.9897959183673468
-0.5510204081632653
-0.26530612244897966
-0.653061224489796
-0.8061224489795918
0.16326530612244916
0.45408163265306123
-0.7448979591836735
0.9438775510204083
0.6683673469387756
0.36734693877551017
0.2500000000000002
-0.9846938775510204
0.7959183673469388
-0.23979591836734693
0.37244897959183687
0.7551020408163265
-0.9132653061224489
-0.7244897959183674
0.29591836734693877
0.0765306122448981
-1.0
-0.12244897959183687
0.27040816326530615
-0.34693877551020413
-0.5153061224489797
0.2755102040816326
-0.9744897959183674
0.892857142857143
0.5867346938775511
-0.48469387755102045
-0.27551020408163274
-0.8673469387755102
-0.576530612244898
0.9744897959183674
-0.6989795918367347
0.7346938775510206
-0.7704081632653061
-0.8265306122448979
-0.4285714285714286
-0.09183673469387754
0.6275510204081631
0.5357142857142856
0.7244897959183674
-0.8571428571428572
0.15816326530612246
-0.3316326530612246
-0.3010204081632655
-0.22959183673469397
-0.11734693877551028
0.3163265306122449
0.5204081632653061
-0.38265306122448983
0.33163265306122436
0.5255102040816328
0.7806122448979591
-0.37244897959183687
0.38265306122448983
-0.30612244897959184
-0.20918367346938782
-0.510204081632653
-0.8010204081632653
0.4234693877551021
-0.010204081632653184
-0.5459183673469388
0.4744897959183674
-0.9387755102040817
0.05102040816326525
0.37755102040816335
-0.7959183673469388
-0.9183673469387755
-0.16836734693877553
-0.6836734693877551
-0.08163265306122458
-0.6581632653061225
0.19897959183673475
0.47959183673469385
0.6173469387755102
0.7295918367346939
0.8775510204081634
-0.33673469387755117
0.7193877551020409
0.22959183673469385
0.09183673469387754
-0.07142857142857151
0.5663265306122449
-0.9948979591836735
0.7091836734693877
-0.1122448979591838
0.08673469387755106
0.12755102040816335
0.6479591836734695
-0.23469387755102045
-0.5408163265306123
0.8622448979591837
0.9948979591836735
0.6785714285714284
0.31122448979591844
-0.41326530612244905
0.03571428571428559
0.6428571428571428
0.16836734693877564
-0.8775510204081632
0.5408163265306121
0.03061224489795933
-0.20408163265306123
0.11734693877551017
0.3622448979591837
-0.15306122448979598
0.8367346938775511
-0.22448979591836749
-0.9642857142857143
-0.45408163265306123
-0.5357142857142857
-0.7806122448979592
-0.739795918367347
-0.8520408163265306
0.5051020408163265
0.2551020408163265
0.6326530612244898
0.846938775510204
-0.005102040816326592
0.392857142857143
-0.8367346938775511
0.3214285714285716
0.17346938775510212
0.346938775510204
0.1377551020408163
0.4183673469387754
-0.6785714285714286
0.9795918367346939
0.2142857142857144
-0.326530612244898
0.7500000000000002
0.020408163265306145
0.41326530612244894
0.10204081632653073
-0.7755102040816326
-0.2806122448979592
-0.2551020408163266
0.760204081632653
0.7040816326530612
-0.3979591836734695
0.1479591836734695
-0.8877551020408163
0.3265306122448979
-0.08673469387755117
-0.16326530612244905
-0.6377551020408163
-0.2142857142857143
-0.4234693877551021
-0.0765306122448981
-0.9489795918367347
-0.2908163265306123
0.6989795918367347
-0.9438775510204082
-0.030612244897959218
0.5969387755102042
0.806122448979592
0.13265306122448983
-0.2959183673469389
-0.025510204081632737
0.8316326530612244
0.34183673469387754
0.3979591836734693
-0.2500000000000001
-0.4387755102040817
0.9030612244897958
-0.5204081632653061
0.8877551020408165
-0.7295918367346939
-0.015306122448979664
-0.9897959183673469
0.9081632653061225
-0.8163265306122449
0.5
0.7142857142857142
-0.2602040816326532
0.7704081632653061
-0.5714285714285714
0.015306122448979664
-0.75
0.6581632653061225
-0.13775510204081642
-0.6020408163265306
-0.5969387755102041
-0.17346938775510212
-0.5663265306122449
0.6377551020408163
-0.3571428571428572
0.2908163265306123
-0.3163265306122449
-0.7551020408163265
0.6887755102040816
0.5102040816326532
-0.7653061224489796
-0.12755102040816324
-0.903061224489796
-0.6887755102040816
-0.34183673469387754
-0.9285714285714286
-0.8979591836734694
0.3520408163265307
0.11224489795918369
-0.4642857142857143
-0.1836734693877552
-0.056122448979591844
-0.37755102040816324
-0.8724489795918368
RANK
205
270
356
196
156
211
92
295
121
108
336
339
250
132
384
134
254
201
124
381
385
112
328
140
286
392
216
116
228
300
151
0
307
20
222
143
358
58
188
245
253
10
125
298
321
221
379
104
376
365
191
299
154
354
202
90
72
25
82
219
62
382
256
313
89
97
163
258
187
44
70
332
148
183
27
15
23
135
368
369
38
106
80
217
363
371
131
49
185
248
277
297
160
138
352
209
244
166
167
16
161
214
34
113
171
388
66
296
79
141
350
81
223
334
7
282
69
3
326
64
117
236
391
240
78
144
373
24
208
383
264
230
316
28
375
48
242
231
344
337
47
322
215
110
186
361
323
349
147
198
276
232
294
127
333
243
289
159
73
177
389
145
370
255
331
46
292
181
63
367
175
380
206
233
272
142
157
91
224
330
257
335
268
176
59
390
6
87
158
174
340
345
139
355
247
305
31
17
55
364
318
179
288
283
169
103
251
86
137
150
96
204
136
273
267
56
320
130
387
290
74
274
343
311
85
327
83
229
189
285
309
30
98
101
52
259
170
93
315
178
22
266
35
71
115
195
302
21
9
207
210
122
37
374
203
53
164
281
234
308
329
237
102
347
310
386
13
291
194
199
252
241
36
306
348
165
88
319
312
246
29
152
14
61
99
190
8
77
153
249
260
65
146
172
359
301
378
95
235
238
94
226
287
1
42
19
39
269
173
2
45
213
11
341
105
18
168
261
51
225
303
372
284
275
54
366
33
193
107
280
111
377
119
338
325
271
360
265
227
262
220
182
76
317
200
324
129
362
114
239
41
180
197
84
342
75
12
126
123
346
293
149
304
162
32
278
4
128
263
100
353
212
155
351
357
57
43
109
120
5
60
192
50
133
67
26
40
218
314
118
184
279
68
