DEGREE
0.5238095238095237
0.1428571428571428
0.5238095238095237
0.23809523809523814
-0.33333333333333337
0.1428571428571428
0.04761904761904767
0.23809523809523814
0.4285714285714286
-0.23809523809523814
-0.4285714285714286
0.1428571428571428
0.6190476190476191
0.4285714285714286
0.33333333333333326
0.5238095238095237
0.04761904761904767
0.23809523809523814
-0.5238095238095238
0.4285714285714286
0.23809523809523814
-0.4285714285714286
0.04761904761904767
-0.6190476190476191
-0.1428571428571429
0.04761904761904767
-0.1428571428571429
0.5238095238095237
-0.1428571428571429
0.4285714285714286
0.33333333333333326
0.1428571428571428
-0.1428571428571429
0.33333333333333326
0.04761904761904767
-0.04761904761904767
-0.1428571428571429
0.9047619047619047
0.23809523809523814
0.6190476190476191
-0.6190476190476191
-0.1428571428571429
-0.1428571428571429
0.04761904761904767
0.23809523809523814
0.33333333333333326
0.4285714285714286
0.6190476190476191
0.23809523809523814
0.1428571428571428
0.23809523809523814
0.33333333333333326
-0.5238095238095238
0.8095238095238095
0.7142857142857142
0.1428571428571428
0.23809523809523814
0.1428571428571428
0.6190476190476191
-0.1428571428571429
0.04761904761904767
-1.0
0.1428571428571428
0.33333333333333326
0.5238095238095237
-0.23809523809523814
0.8095238095238095
-0.04761904761904767
0.04761904761904767
0.1428571428571428
0.4285714285714286
-0.4285714285714286
-0.7142857142857143
0.04761904761904767
0.04761904761904767
-0.1428571428571429
0.04761904761904767
-1.0
-0.33333333333333337
0.04761904761904767
-0.33333333333333337
0.4285714285714286
-0.04761904761904767
0.7142857142857142
0.8095238095238095
0.1428571428571428
0.04761904761904767
0.6190476190476191
0.33333333333333326
-0.1428571428571429
0.5238095238095237
0.33333333333333326
-0.7142857142857143
0.4285714285714286
0.1428571428571428
0.4285714285714286
0.4285714285714286
-0.4285714285714286
-0.04761904761904767
-0.1428571428571429
-0.6190476190476191
-0.23809523809523814
-0.6190476190476191
0.23809523809523814
0.5238095238095237
-0.7142857142857143
0.8095238095238095
0.6190476190476191
0.4285714285714286
-0.1428571428571429
0.23809523809523814
0.7142857142857142
0.9047619047619047
-0.33333333333333337
0.04761904761904767
0.5238095238095237
0.23809523809523814
-0.5238095238095238
0.6190476190476191
-0.1428571428571429
0.23809523809523814
-0.33333333333333337
0.5238095238095237
-0.4285714285714286
-0.33333333333333337
0.04761904761904767
0.4285714285714286
0.5238095238095237
-0.7142857142857143
0.04761904761904767
0.23809523809523814
0.04761904761904767
0.4285714285714286
0.04761904761904767
0.5238095238095237
-0.04761904761904767
-0.6190476190476191
-0.9047619047619048
-0.04761904761904767
0.5238095238095237
-0.1428571428571429
0.9047619047619047
0.33333333333333326
0.1428571428571428
0.04761904761904767
-0.1428571428571429
0.04761904761904767
0.04761904761904767
0.04761904761904767
0.23809523809523814
-0.23809523809523814
-0.23809523809523814
-0.4285714285714286
0.1428571428571428
-0.4285714285714286
-0.04761904761904767
-0.23809523809523814
0.33333333333333326
0.1428571428571428
0.6190476190476191
-0.1428571428571429
-0.33333333333333337
0.4285714285714286
-0.23809523809523814
-0.23809523809523814
0.23809523809523814
0.6190476190476191
-0.7142857142857143
1.0
-0.04761904761904767
0.5238095238095237
0.1428571428571428
0.33333333333333326
-0.4285714285714286
0.33333333333333326
0.33333333333333326
0.33333333333333326
0.9047619047619047
-0.23809523809523814
-0.5238095238095238
0.23809523809523814
0.23809523809523814
0.23809523809523814
0.1428571428571428
-0.33333333333333337
0.33333333333333326
-0.1428571428571429
-0.23809523809523814
0.1428571428571428
-0.33333333333333337
0.33333333333333326
0.33333333333333326
0.1428571428571428
-0.04761904761904767
0.6190476190476191
-0.5238095238095238
-0.23809523809523814
-0.5238095238095238
0.1428571428571428
0.1428571428571428
-0.8095238095238095
0.8095238095238095
-0.33333333333333337
-0.33333333333333337
1.0
-0.6190476190476191
-0.6190476190476191
0.5238095238095237
0.6190476190476191
-0.04761904761904767
0.4285714285714286
0.23809523809523814
0.4285714285714286
0.23809523809523814
0.1428571428571428
-0.1428571428571429
0.6190476190476191
0.23809523809523814
0.33333333333333326
-0.4285714285714286
0.6190476190476191
0.33333333333333326
0.1428571428571428
-0.04761904761904767
0.1428571428571428
0.7142857142857142
0.8095238095238095
-0.04761904761904767
-0.04761904761904767
0.33333333333333326
-0.5238095238095238
0.5238095238095237
0.23809523809523814
0.23809523809523814
-0.04761904761904767
0.8095238095238095
0.33333333333333326
0.33333333333333326
0.1428571428571428
0.5238095238095237
0.5238095238095237
-0.5238095238095238
0.23809523809523814
-0.23809523809523814
-0.04761904761904767
0.23809523809523814
0.23809523809523814
0.23809523809523814
0.5238095238095237
0.8095238095238095
0.23809523809523814
-0.23809523809523814
0.5238095238095237
-0.9047619047619048
0.04761904761904767
0.33333333333333326
0.8095238095238095
0.04761904761904767
-0.23809523809523814
0.33333333333333326
0.4285714285714286
0.1428571428571428
0.23809523809523814
0.4285714285714286
EIGENVECTOR
0.13943010239715048
-0.9800871948599428
-0.9839182745022268
-0.9827043616728112
-0.9906211143818526
-0.9849439761757138
-0.9679823209466865
-0.9985344068572205
0.05699880291125203
-0.9930161520029107
-0.9991509713007244
-0.196927534445844
-0.9890366078595836
-0.07275715361743695
-0.998705453279576
-0.8340736188055731
-0.9043494367976399
-0.6902498518982125
-0.9616421068224233
-0.7942000159097314
-0.791984494542543
-0.9977037605987396
-0.2737070694551218
-0.9996943757168464
-0.978352119136599
-0.7345709278180236
-0.669844016122593
-0.9825405034344373
-0.9925461798778469
-0.9986115562753525
-0.06575972581459899
-0.9281006208594866
-0.9962296864430737
-0.9687943273109667
-0.9987561624798146
-0.9966278843857466
-0.9967226601575145
1.0
-0.8278544927746152
-0.8557172457178572
-0.8716960274859935
-0.9965394826522432
-0.9948083771200271
-0.9753692234278251
-0.9797147535098883
-0.9854498905493778
-0.7981608968640321
-0.8771009855000172
-0.9984256701293751
-0.9855472018982986
-0.24039547513319748
-0.837361103671194
-0.7489926478609585
0.7681615832298674
0.565962524024624
-0.4249446334198038
-0.9976099796141192
-0.8308972217748891
0.6095470512632728
-0.9817906107811443
-0.9636058141589717
-1.0
0.2722334148693917
-0.8603408456649304
-0.5734153256408352
-0.9609757848419866
-0.8164980539249178
-0.9950661984928875
-0.9955110141869425
-0.9488477170080899
-0.8152814084206156
-0.9451681789684672
-0.989955962718065
-0.9990849593308883
-0.9308937391417715
-0.9984050406630692
-0.5389030453312372
-0.9978019731626733
-0.9997152687849732
-0.9880521783614767
-0.9980191946121894
-0.8776575197163424
-0.9871912046299542
-0.8207580474927031
0.6661033181862577
-0.9832505590264126
-0.8278043827284357
-0.8539118558617858
-0.998467653966319
-0.9965394826522429
-0.9058122656496188
-0.9988079533257948
-0.9951446205754038
-0.8012687182706576
-0.4758118786622302
0.5804490032996914
-0.8901798628910875
-0.9988250809720693
-0.9414365636288929
-0.9953174882653397
-0.9984877943266086
-0.9639650185758539
-0.9825309763180836
-0.8746047749517392
-0.8329492896767319
-0.9995461842365371
-0.8581092028487436
-0.8856365949478482
-0.9156116474631192
-0.9273260726662873
-0.9099863011966951
-0.824928365981213
0.9832592591239304
-0.9977970876422034
-0.9970985440236129
-0.8108485330135435
-0.9905274496324842
-0.9800809585446842
0.38665357082985463
-0.9991602135896915
-0.9987658689951617
-0.9863916739055524
0.45246454755960896
-0.9996809066390964
-0.9995514676325088
-0.5415459541879435
-0.7799336566749377
-0.9924072042799649
-0.8947835494636366
-0.39802050292336466
-0.7226749078903287
-0.989072404585952
0.019132136958085022
-0.9804667319421795
-0.8526458303199022
-0.995850149360837
-0.9996220770038594
-0.9999827832102495
-0.9951264410393262
0.14678890304179304
-0.48864630716023005
0.9489130074153647
-0.9988212263569677
-0.22113084733206811
-0.992289444564482
-0.9796156213136212
-0.9538613509153155
-0.9807987796229835
-0.9429545797242751
-0.9864024938086772
-0.9612598479383817
-0.9914231213472648
-0.8033311203371072
-0.41053516477286967
-0.9798224110512502
-0.9904346984288738
-0.9757808728544504
-0.9987420789503593
-0.902120093155918
-0.9977674771955916
-0.9593447578938217
-0.9730637461464483
-0.8361917519930588
-0.9975324309182307
-0.9990457521734682
-0.9507274000057081
-0.9835050946759695
-0.999805736937819
0.8109210388123911
-0.998711757158315
-0.8034665363932273
-0.9969521900138397
-0.9575058897899711
-0.9596737670686277
-0.8775674847266063
-0.7918711231705917
-0.8814218074647125
0.9999999999999998
-0.9967117399856353
-0.8180178206906334
-0.9981432658431932
-0.982704361672811
-0.9899186718764154
-0.9800871948599426
-0.9860272941521707
-0.06278980788462918
-0.998348288027038
-0.5453858333906929
-0.9936032595796513
-0.9650602432932373
-0.9330413467088706
-0.9838048581158692
-0.9918836948029971
-0.9726343008019318
-0.9912237544082144
-0.999368873342931
-0.9676050035276484
-0.8180178206906337
-0.9941491808646262
0.3282727505448977
-0.974266928362967
0.6661033181862581
-0.9884901028691351
-0.9991099299170825
0.7094687509271387
-0.9885652477600458
-0.9987335297837953
0.6646141882326786
0.1685720094156482
-0.6760987199642895
-0.8186610149421787
-0.9827043616728114
-0.8314940292905041
-0.9987907286857265
-0.8755068539403414
-0.9919914171510397
0.2046867360467446
-0.9989016703377708
-0.9008976441760774
-0.9596737670686276
-0.841935151878557
-0.15460053079552305
-0.9551469728113503
-0.9961685646616831
-0.9158386675828071
0.6573412714376141
-0.8356144089785332
-0.7306381223905875
-0.9916655613714734
-0.9983277628171439
-0.9616421068224233
-0.8472284449660047
-0.9980919676752509
-0.4734465358109906
-0.9900621166475952
0.9204752695087277
-0.9004725201514766
-0.9928559510944991
0.2722334148693908
-0.958079083162875
-0.8229856893132738
-0.9901072932501778
0.42023712220180576
-0.998790267399313
-0.9885593626739603
-0.872391469207302
-0.8951814720394188
-0.5710720814677336
-0.8736973361987592
0.6716508421053791
-0.9141022816870557
-0.702368803322226
-0.8641460814234685
-0.999989122422928
-0.8245050019557244
-0.9208200154143744
0.6571773843345501
-0.9899053397023768
-0.9975324309182309
-0.9928559510944986
-0.9920325065770519
-0.9628446026323871
0.37120538360716826
-0.9837899792556621
CENT
0.05652872947211263
-0.29448735655702796
-0.3008119707197149
-0.3944072573180015
0.053868625004183324
0.47470760312971416
0.7449931739622966
-0.09081080093873595
-0.13853594512715894
0.23052184527232167
-0.34635285647913694
-0.03904914455509911
-0.24067349074753652
0.18672262799161565
-0.1847993697386009
0.6680566075343828
0.8047563996696943
0.16951820536824314
-0.4522148597208516
0.7568012306544845
0.4713111123115983
-0.2710557191052282
0.43104291987648624
-0.5433705066075011
0.6196531791907509
0.7061421217611366
0.7177160130605837
-0.20964532283478388
-0.649842422069872
-0.18251987686311
-0.258112559195673
-0.06391359417820075
-0.8303960299968121
0.4611596248431007
-0.166465081895669
-0.4081154104373741
-0.7628638569640521
-0.09806547415697608
0.3787211640713013
0.5868540309139856
-0.7746338936260055
-0.7628638569640521
-0.574701848711056
0.39816214613902456
-0.07864297075905446
0.1638226437298813
0.5194473638115256
0.18672262799161565
-0.14790339203297964
0.263377046675664
0.004149799476568017
0.24537749565587408
-0.4597404266771643
0.3404697182731862
0.011897605284888257
-0.33202076549629367
0.09151522480470153
0.7293594172206888
-0.12437500000000012
0.327902367140233
0.44102599816786014
-1.0
-0.40225716594805494
0.5617345469846966
0.4577883984026003
-0.16415739300564658
0.8831347404257366
-0.17336686319549666
-0.29870687086586023
0.7215893932656934
0.8497587048205344
-0.3685834828250615
-0.6627457390374014
-0.3544775776799316
-0.023937820450018243
-0.10768518224212087
0.38517784059744287
-0.841513650723578
-0.6351658422442321
-0.0061219127693116215
-0.5451310497203186
0.7726568533383253
-0.47280998409005537
0.9559371019888308
-0.07129584531828692
0.4645371408851693
0.7099924003408329
0.3658781196563261
-0.08595522060437566
-0.7628638569640521
0.4849353100022771
-0.35650143048986993
0.13843194598467057
0.437692143010062
0.0196834526929226
-0.1408832657387572
0.8622099354946802
-0.6252857180563256
0.3341747411319498
-0.19840335542083742
-0.4709506570394223
0.4986621381840348
-0.48575361321404
0.7686809236865633
0.1328421671401978
-0.4389436699535305
0.2876745772448208
0.5229345533243839
0.09151522480470153
-0.2362809187663376
0.9428996954178388
0.7332561075909039
-0.11962513681963349
-0.4002988702049396
0.08608322347294028
0.6013608715845313
-0.6400770712909443
-0.4158877894255578
0.3341747411319498
-0.42168831750764824
-0.22302351897727635
0.4645371408851693
-0.3258336390044819
-0.5274182684023374
-0.48391216420643657
0.5299288023758155
0.5194473638115256
-0.46722427184854953
-0.7760970247171886
-0.36456772154530737
0.2815679126752919
-0.47280998409005537
-0.1314720286178982
-0.2965986684330021
0.401423099134802
-0.8289988245125541
-0.6546967647201323
-0.880940450561931
-0.7084283656388471
0.1780982460322189
0.5653024013655579
-0.04655031866014536
-0.18934789910024574
0.1924970200541627
0.3247746183156639
-0.32996139418765713
-0.12674436968950387
0.65303170398271
-0.018868136130205104
-0.45786295995562265
-0.19161695156254865
-0.523846871789241
-0.2710557191052282
0.001575603079716048
0.25135627540637495
0.045914649268394614
-0.32996139418765713
-0.21857762336292785
0.7138503564451157
0.045914649268394614
-0.23187510617630303
-0.37258772111692584
0.8622099354946802
-0.39833779081471266
-0.406165430166774
0.7806329069399336
-0.2881346953248828
-0.6368050446663165
-0.011232797144490103
-0.20515879469878462
0.5055644017886354
0.02750762256563921
-0.0035602428590881807
-0.4120070966634236
0.6567768604426678
0.26941926136044736
0.33103573635801786
-0.09806547415697608
-0.8401297558450523
-0.606969837375525
-0.08595522060437566
-0.3944072573180015
-0.34635285647913694
-0.29448735655702796
0.4611596248431007
0.263377046675664
-0.10288289681330565
-0.4949229683547818
-0.34022836145205027
-0.23187510617630303
0.05652872947211263
-0.056495964837762536
-0.034028246039090826
-0.3544775776799316
-0.4370371570577346
-0.4351279702308085
-0.37258772111692584
-0.606969837375525
0.327902367140233
-0.5040296484774732
-0.6563107085394195
-0.07129584531828692
0.45442344401129176
-0.5626070291490217
0.024895290438737838
-0.6400770712909443
-0.5626070291490217
-0.1361849710982661
0.18672262799161565
-0.23187510617630303
0.4986621381840348
-0.3944072573180015
0.5194473638115256
-0.3625555042301818
0.2846185381051938
-0.6186558897915826
0.23941963901911079
-0.34022836145205027
1.0
-0.4120070966634236
0.8169292573112219
-0.058972454548390285
-0.06144499451466323
-0.09081080093873595
0.7966824811932702
0.13843194598467057
0.9342538845270651
-0.08838492997326908
-0.6119912820998767
-0.08352166371470837
-0.4522148597208516
0.5832447904485054
-0.056495964837762536
0.2070205668145979
-0.0810842501580209
-0.10047608210823367
0.2876745772448208
-0.6928657675016058
-0.40225716594805494
0.127271304636992
0.6946371226718049
0.4211150475480139
-0.350421091787561
-0.12674436968950387
0.2876745772448208
0.8456254096895293
0.8332765001871336
0.5124927609078092
0.8250861123462279
0.16951820536824314
0.6159804962447408
-0.4802216464022324
0.24836426325930416
-0.9508916981863712
0.05652872947211263
0.11895026950562171
0.0196834526929226
-0.5058435200101078
-0.39833779081471266
-0.6928657675016058
-0.5130742939944244
-0.10528592721852625
-0.4002988702049396
-0.35245080022720443
DEGREE_RANK
0.6197718631178706
-0.11787072243346008
0.6273764258555135
0.0722433460076044
-0.7414448669201521
-0.11026615969581754
-0.30038022813688203
0.07984790874524705
0.4828897338403042
-0.6577946768060836
-0.8098859315589354
-0.1026615969581749
0.7642585551330798
0.49049429657794685
0.30038022813688214
0.6349809885931561
-0.2927756653992395
0.0874524714828897
-0.870722433460076
0.4980988593155893
0.09505703422053213
-0.8022813688212928
-0.28517110266159695
-0.9239543726235742
-0.5513307984790874
-0.2775665399239543
-0.543726235741445
0.6425855513307985
-0.5361216730038023
0.5057034220532319
0.30798479087452457
-0.09505703422053235
-0.5285171102661597
0.3155893536121672
-0.26996197718631176
-0.4144486692015209
-0.520912547528517
0.9619771863117872
0.10266159695817478
0.7718631178707225
-0.9163498098859315
-0.5133079847908746
-0.5057034220532319
-0.2623574144486692
0.11026615969581743
0.3231939163498099
0.5133079847908746
0.7794676806083649
0.11787072243345986
-0.08745247148288982
0.12547528517110274
0.3307984790874523
-0.8631178707224334
0.893536121673004
0.8631178707224334
-0.07984790874524716
0.13307984790874539
-0.07224334600760463
0.7870722433460076
-0.4980988593155894
-0.2547528517110266
-1.0
-0.06463878326996197
0.33840304182509495
0.6501901140684412
-0.650190114068441
0.9011406844106464
-0.40684410646387825
-0.24714828897338403
-0.057034220532319324
0.520912547528517
-0.7946768060836502
-0.9619771863117871
-0.2395437262357415
-0.23193916349809884
-0.49049429657794674
-0.2243346007604563
-0.9923954372623575
-0.7338403041825095
-0.21673003802281376
-0.726235741444867
0.5285171102661597
-0.3992395437262357
0.8707224334600758
0.9087452471482891
-0.049429657794676785
-0.20912547528517111
0.7946768060836502
0.3460076045627376
-0.4828897338403042
0.6577946768060838
0.35361216730038003
-0.9543726235741445
0.5361216730038023
-0.041825095057034134
0.5437262357414447
0.5513307984790874
-0.7870722433460076
-0.3916349809885932
-0.47528517110266166
-0.908745247148289
-0.6425855513307985
-0.9011406844106464
0.14068441064638804
0.6653992395437263
-0.9467680608365019
0.9163498098859317
0.8022813688212926
0.55893536121673
-0.467680608365019
0.14828897338403046
0.8783269961977187
0.9695817490494296
-0.7186311787072244
-0.20152091254752857
0.6730038022813689
0.15589353612167312
-0.8555133079847909
0.8098859315589353
-0.4600760456273765
0.16349809885931577
-0.7110266159695817
0.6806083650190116
-0.779467680608365
-0.7034220532319391
-0.19391634980988603
0.5665399239543725
0.688212927756654
-0.9391634980988594
-0.18631178707224327
0.1711026615969582
-0.17870722433460073
0.5741444866920151
-0.17110266159695808
0.6958174904942966
-0.3840304182509505
-0.8935361216730038
-0.9847908745247148
-0.376425855513308
0.7034220532319393
-0.45247148288973393
0.9771863117870723
0.3612167300380227
-0.034220532319391594
-0.16349809885931554
-0.4448669201520913
-0.155893536121673
-0.14828897338403035
-0.14068441064638781
0.17870722433460084
-0.6349809885931559
-0.6273764258555132
-0.7718631178707225
-0.026615969581749055
-0.7642585551330798
-0.36882129277566544
-0.6197718631178708
0.36882129277566533
-0.019011406844106404
0.8174904942965779
-0.43726235741444863
-0.6958174904942966
0.5817490494296578
-0.6121673003802282
-0.6045627376425855
0.1863117870722435
0.8250950570342204
-0.9315589353612167
0.9923954372623573
-0.3612167300380228
0.7110266159695817
-0.011406844106463865
0.3764258555133082
-0.7566539923954373
0.38403041825095063
0.3916349809885933
0.39923954372623593
0.9847908745247149
-0.596958174904943
-0.8479087452471483
0.19391634980988592
0.20152091254752857
0.20912547528517123
-0.0038022813688213253
-0.688212927756654
0.40684410646387836
-0.429657794676806
-0.5893536121673004
0.0038022813688212143
-0.6806083650190113
0.414448669201521
0.42205323193916366
0.011406844106463865
-0.35361216730038025
0.832699619771863
-0.8403041825095057
-0.5817490494296578
-0.8326996197718631
0.019011406844106515
0.026615969581748944
-0.9695817490494296
0.9239543726235742
-0.6730038022813689
-0.6653992395437263
1.0
-0.8859315589353612
-0.8783269961977186
0.7186311787072244
0.8403041825095057
-0.3460076045627377
0.5893536121673002
0.21673003802281365
0.5969581749049429
0.2243346007604563
0.034220532319391594
-0.42205323193916344
0.8479087452471481
0.23193916349809895
0.4296577946768061
-0.7490494296577948
0.8555133079847907
0.43726235741444874
0.041825095057034245
-0.33840304182509506
0.049429657794676674
0.8859315589353614
0.9315589353612168
-0.3307984790874525
-0.32319391634981
0.4448669201520914
-0.8250950570342205
0.726235741444867
0.23954372623574138
0.24714828897338403
-0.3155893536121672
0.9391634980988595
0.4524714828897338
0.4600760456273765
0.057034220532319324
0.7338403041825095
0.7414448669201521
-0.8174904942965779
0.2547528517110267
-0.5741444866920151
-0.3079847908745247
0.2623574144486691
0.26996197718631176
0.2775665399239544
0.7490494296577948
0.9467680608365019
0.28517110266159684
-0.5665399239543727
0.7566539923954372
-0.9771863117870723
-0.13307984790874527
0.4676806083650191
0.9543726235741445
-0.12547528517110262
-0.55893536121673
0.47528517110266155
0.6045627376425855
0.06463878326996197
0.2927756653992395
0.6121673003802279
EIGENVECTOR_RANK
0.7946768060836502
-0.155893536121673
-0.2623574144486692
-0.2243346007604563
-0.42205323193916344
-0.26996197718631176
-0.06463878326996197
-0.779467680608365
0.7870722433460076
-0.5133079847908746
-0.908745247148289
0.7414448669201521
-0.35361216730038025
0.7566539923954372
-0.7946768060836502
0.3916349809885933
0.17870722433460084
0.6121673003802279
-0.011406844106463865
0.5437262357414447
0.5513307984790874
-0.6806083650190113
0.7186311787072244
-0.9619771863117871
-0.11787072243346008
0.5817490494296578
0.6273764258555135
-0.20152091254752857
-0.49049429657794674
-0.7870722433460076
0.7642585551330798
0.11787072243345986
-0.596958174904943
-0.07224334600760463
-0.8250950570342205
-0.6197718631178708
-0.6349809885931559
0.9923954372623573
0.42205323193916366
0.3307984790874523
0.30038022813688214
-0.6121673003802282
-0.5361216730038023
-0.1026615969581749
-0.13307984790874527
-0.2775665399239543
0.5361216730038023
0.2623574144486691
-0.7566539923954373
-0.28517110266159695
0.726235741444867
0.36882129277566533
0.5741444866920151
0.9543726235741445
0.8783269961977187
0.6958174904942966
-0.6730038022813689
0.414448669201521
0.893536121673004
-0.18631178707224327
-0.034220532319391594
-1.0
0.8250950570342204
0.3155893536121672
0.6349809885931561
0.0038022813688212143
0.49049429657794685
-0.543726235741445
-0.5741444866920151
0.0722433460076044
0.4980988593155893
0.07984790874524705
-0.3840304182509505
-0.8935361216730038
0.11026615969581743
-0.7490494296577948
0.6653992395437263
-0.7034220532319391
-0.9695817490494296
-0.32319391634981
-0.7110266159695817
0.24714828897338403
-0.3155893536121672
0.4600760456273765
0.9239543726235742
-0.23193916349809884
0.4296577946768061
0.33840304182509495
-0.7642585551330798
-0.6045627376425855
0.1711026615969582
-0.8555133079847909
-0.55893536121673
0.5285171102661597
0.6806083650190116
0.8859315589353614
0.2243346007604563
-0.870722433460076
0.09505703422053213
-0.5665399239543727
-0.7718631178707225
-0.041825095057034134
-0.19391634980988603
0.2775665399239544
0.39923954372623593
-0.9315589353612167
0.3231939163498099
0.23193916349809895
0.14828897338403046
0.12547528517110274
0.16349809885931577
0.43726235741444874
0.9847908745247149
-0.6958174904942966
-0.650190114068441
0.5057034220532319
-0.4144486692015209
-0.14828897338403035
0.8555133079847907
-0.9163498098859315
-0.8326996197718631
-0.30038022813688203
0.8707224334600758
-0.9543726235741445
-0.9391634980988594
0.6577946768060838
0.5665399239543725
-0.4828897338403042
0.21673003802281365
0.7110266159695817
0.5969581749049429
-0.3612167300380228
0.7794676806083649
-0.17110266159695808
0.3460076045627376
-0.5817490494296578
-0.9467680608365019
-0.9847908745247148
-0.5513307984790874
0.8022813688212926
0.6730038022813689
0.9771863117870723
-0.8631178707224334
0.7338403041825095
-0.47528517110266166
-0.12547528517110262
0.057034220532319324
-0.17870722433460073
0.0874524714828897
-0.3079847908745247
-0.0038022813688213253
-0.43726235741444863
0.520912547528517
0.7034220532319393
-0.14068441064638781
-0.40684410646387825
-0.11026615969581754
-0.8174904942965779
0.1863117870722435
-0.688212927756654
0.026615969581748944
-0.08745247148288982
0.3764258555133082
-0.6653992395437263
-0.8859315589353612
0.06463878326996197
-0.2395437262357415
-0.9771863117870723
0.9619771863117872
-0.8022813688212928
0.5133079847908746
-0.6425855513307985
0.041825095057034245
0.019011406844106515
0.2547528517110267
0.55893536121673
0.23954372623574138
1.0
-0.6273764258555132
0.4828897338403042
-0.726235741444867
-0.21673003802281376
-0.376425855513308
-0.16349809885931554
-0.2927756653992395
0.7718631178707225
-0.7414448669201521
0.6501901140684412
-0.520912547528517
-0.049429657794676785
0.10266159695817478
-0.2547528517110266
-0.45247148288973393
-0.07984790874524716
-0.429657794676806
-0.9239543726235742
-0.057034220532319324
0.47528517110266155
-0.5285171102661597
0.8403041825095057
-0.09505703422053235
0.9315589353612168
-0.3307984790874525
-0.9011406844106464
0.9467680608365019
-0.3460076045627377
-0.8098859315589354
0.9163498098859317
0.8098859315589353
0.6197718631178706
0.4676806083650191
-0.20912547528517111
0.40684410646387836
-0.8479087452471483
0.26996197718631176
-0.4600760456273765
0.8174904942965779
-0.8783269961977186
0.19391634980988592
0.011406844106463865
0.3612167300380227
0.7490494296577948
0.049429657794676674
-0.5893536121673004
0.14068441064638804
0.9087452471482891
0.38403041825095063
0.5893536121673002
-0.4448669201520913
-0.7338403041825095
-0.019011406844106404
0.35361216730038003
-0.7186311787072244
0.688212927756654
-0.3916349809885932
0.9695817490494296
0.20152091254752857
-0.4980988593155894
0.832699619771863
0.034220532319391594
0.4524714828897338
-0.3992395437262357
0.8631178707224334
-0.8403041825095057
-0.33840304182509506
0.2927756653992395
0.20912547528517123
0.6425855513307985
0.28517110266159684
0.9391634980988595
0.15589353612167312
0.6045627376425855
0.30798479087452457
-0.9923954372623575
0.4448669201520914
0.13307984790874539
0.9011406844106464
-0.36882129277566544
-0.6577946768060836
-0.5057034220532319
-0.467680608365019
-0.026615969581749055
0.8479087452471481
-0.24714828897338403
CENT_RANK
0.21673003802281365
-0.32319391634981
-0.3460076045627377
-0.5057034220532319
0.20912547528517123
0.6425855513307985
0.8631178707224334
-0.034220532319391594
-0.13307984790874527
0.36882129277566533
-0.40684410646387825
0.0874524714828897
-0.2775665399239543
0.3307984790874523
-0.18631178707224327
0.7946768060836502
0.9087452471482891
0.30798479087452457
-0.6349809885931559
0.8707224334600758
0.6349809885931561
-0.30038022813688203
0.5665399239543725
-0.7566539923954373
0.7718631178707225
0.8098859315589353
0.832699619771863
-0.2243346007604563
-0.8631178707224334
-0.17870722433460073
-0.28517110266159695
0.041825095057034245
-0.9619771863117871
0.6045627376425855
-0.16349809885931554
-0.5665399239543727
-0.9315589353612167
-0.049429657794676785
0.5285171102661597
0.7490494296577948
-0.9391634980988594
-0.9239543726235742
-0.7870722433460076
0.5437262357414447
0.019011406844106515
0.30038022813688214
0.688212927756654
0.33840304182509495
-0.14828897338403035
0.40684410646387836
0.14828897338403046
0.38403041825095063
-0.650190114068441
0.5133079847908746
0.15589353612167312
-0.376425855513308
0.24714828897338403
0.8479087452471481
-0.09505703422053235
0.47528517110266155
0.5817490494296578
-1.0
-0.5513307984790874
0.726235741444867
0.5969581749049429
-0.155893536121673
0.9695817490494296
-0.17110266159695808
-0.33840304182509506
0.8403041825095057
0.9467680608365019
-0.467680608365019
-0.8859315589353612
-0.43726235741444863
0.10266159695817478
-0.07984790874524716
0.5361216730038023
-0.9771863117870723
-0.8326996197718631
0.12547528517110274
-0.7642585551330798
0.8859315589353614
-0.6806083650190113
0.9923954372623573
0.026615969581748944
0.6197718631178706
0.8174904942965779
0.520912547528517
-0.011406844106463865
-0.9163498098859315
0.6501901140684412
-0.4448669201520913
0.28517110266159684
0.5741444866920151
0.16349809885931577
-0.14068441064638781
0.9543726235741445
-0.8250950570342205
0.4980988593155893
-0.20912547528517111
-0.6653992395437263
0.6577946768060838
-0.7034220532319391
0.8783269961977187
0.2775665399239544
-0.6197718631178708
0.4448669201520914
0.7110266159695817
0.2547528517110267
-0.26996197718631176
0.9847908745247149
0.8555133079847907
-0.08745247148288982
-0.5361216730038023
0.23954372623574138
0.7566539923954372
-0.8555133079847909
-0.5893536121673004
0.5057034220532319
-0.596958174904943
-0.2395437262357415
0.6273764258555135
-0.35361216730038025
-0.7490494296577948
-0.6958174904942966
0.7186311787072244
0.6958174904942966
-0.6577946768060836
-0.9467680608365019
-0.4600760456273765
0.4296577946768061
-0.6730038022813689
-0.11787072243346008
-0.3307984790874525
0.5513307984790874
-0.9543726235741445
-0.870722433460076
-0.9847908745247148
-0.908745247148289
0.3231939163498099
0.7338403041825095
0.07984790874524705
-0.19391634980988603
0.35361216730038003
0.4676806083650191
-0.36882129277566544
-0.11026615969581754
0.7794676806083649
0.11026615969581743
-0.6425855513307985
-0.20152091254752857
-0.7414448669201521
-0.2927756653992395
0.14068441064638804
0.39923954372623593
0.19391634980988592
-0.3612167300380228
-0.23193916349809884
0.8250950570342204
0.20152091254752857
-0.2623574144486692
-0.4828897338403042
0.9619771863117872
-0.520912547528517
-0.55893536121673
0.893536121673004
-0.3079847908745247
-0.8403041825095057
0.11787072243345986
-0.21673003802281376
0.6730038022813689
0.1863117870722435
0.13307984790874539
-0.5817490494296578
0.7870722433460076
0.42205323193916366
0.49049429657794685
-0.041825095057034134
-0.9695817490494296
-0.8022813688212928
-0.0038022813688213253
-0.4980988593155894
-0.3992395437262357
-0.3155893536121672
0.6121673003802279
0.414448669201521
-0.06463878326996197
-0.7110266159695817
-0.3916349809885932
-0.2547528517110266
0.2243346007604563
0.06463878326996197
0.09505703422053213
-0.429657794676806
-0.6121673003802282
-0.6045627376425855
-0.47528517110266166
-0.7946768060836502
0.4828897338403042
-0.7186311787072244
-0.8783269961977186
0.034220532319391594
0.5893536121673002
-0.779467680608365
0.17870722433460084
-0.8479087452471483
-0.7718631178707225
-0.12547528517110262
0.3460076045627376
-0.24714828897338403
0.6653992395437263
-0.49049429657794674
0.7034220532319393
-0.45247148288973393
0.43726235741444874
-0.8174904942965779
0.3764258555133082
-0.3840304182509505
1.0
-0.5741444866920151
0.9163498098859317
0.057034220532319324
0.049429657794676674
-0.026615969581749055
0.9011406844106464
0.2927756653992395
0.9771863117870723
-0.019011406844106404
-0.8098859315589354
0.0038022813688212143
-0.6273764258555132
0.7414448669201521
0.0722433460076044
0.3612167300380227
0.011406844106463865
-0.057034220532319324
0.4524714828897338
-0.9011406844106464
-0.543726235741445
0.26996197718631176
0.8022813688212926
0.55893536121673
-0.4144486692015209
-0.1026615969581749
0.4600760456273765
0.9391634980988595
0.9315589353612168
0.6806083650190116
0.9239543726235742
0.3155893536121672
0.7642585551330798
-0.688212927756654
0.3916349809885933
-0.9923954372623575
0.23193916349809895
0.2623574144486691
0.1711026615969582
-0.726235741444867
-0.5133079847908746
-0.8935361216730038
-0.7338403041825095
-0.07224334600760463
-0.5285171102661597
-0.42205323193916344
RANK
61
253
137
77
178
32
135
128
40
36
41
89
138
237
259
72
200
136
28
116
205
167
78
97
215
228
179
197
42
203
206
80
23
123
151
260
257
199
187
102
124
251
82
131
100
127
52
149
18
230
105
194
195
119
117
173
219
35
164
62
238
113
262
163
258
3
181
211
161
196
71
129
213
91
73
193
263
242
10
182
188
217
55
145
156
122
2
68
133
1
183
166
21
152
30
12
109
160
189
209
120
157
27
169
99
150
142
14
29
67
34
65
48
95
8
207
132
146
243
58
112
75
261
186
235
37
177
7
223
227
88
180
229
234
44
84
201
31
222
221
191
232
141
11
192
74
148
168
79
172
153
50
54
94
256
204
171
155
159
4
0
190
254
114
56
108
255
239
104
92
225
45
17
249
139
13
47
208
143
233
9
216
51
252
154
49
185
175
130
214
106
236
244
144
59
198
176
98
118
53
87
38
76
43
134
241
22
93
60
202
64
33
184
85
121
20
5
90
101
210
170
247
46
126
212
107
125
63
140
231
39
115
250
24
147
174
15
240
25
86
158
26
69
57
111
6
19
103
81
165
224
16
220
248
246
245
70
96
162
66
226
110
83
218
