DEGREE
0.8775510204081634
0.30612244897959173
0.061224489795918435
0.4285714285714286
0.4693877551020409
0.6734693877551021
0.18367346938775508
-0.18367346938775508
0.26530612244897966
-0.5102040816326531
0.18367346938775508
0.26530612244897966
0.3877551020408163
0.061224489795918435
0.4693877551020409
0.4693877551020409
0.4693877551020409
-0.18367346938775508
0.3877551020408163
-0.1428571428571429
0.5510204081632653
0.6734693877551021
0.22448979591836737
0.9183673469387754
0.3877551020408163
0.510204081632653
0.1428571428571428
0.5918367346938775
-0.4693877551020408
0.30612244897959173
-0.020408163265306145
0.26530612244897966
-0.10204081632653061
0.4285714285714286
-0.7551020408163265
-0.22448979591836737
-0.5510204081632653
-0.020408163265306145
0.3877551020408163
0.8367346938775511
-0.10204081632653061
0.1428571428571428
0.346938775510204
0.7142857142857142
0.30612244897959173
0.5510204081632653
0.1428571428571428
0.22448979591836737
-0.7551020408163265
0.020408163265306145
0.7959183673469388
0.346938775510204
0.6326530612244898
-0.26530612244897955
-0.18367346938775508
-0.6326530612244898
0.346938775510204
0.5918367346938775
0.22448979591836737
0.26530612244897966
0.4285714285714286
-0.26530612244897955
-0.8367346938775511
0.4285714285714286
0.061224489795918435
0.7551020408163265
0.18367346938775508
0.3877551020408163
0.3877551020408163
0.3877551020408163
-0.1428571428571429
-0.34693877551020413
0.3877551020408163
0.020408163265306145
0.4285714285714286
-0.5510204081632653
0.510204081632653
0.3877551020408163
0.26530612244897966
0.510204081632653
0.510204081632653
0.7142857142857142
-0.10204081632653061
0.5510204081632653
-0.34693877551020413
0.1020408163265305
-0.6326530612244898
-0.26530612244897955
0.020408163265306145
-0.10204081632653061
0.020408163265306145
0.1428571428571428
0.26530612244897966
0.30612244897959173
-0.061224489795918324
-0.5918367346938775
-0.7551020408163265
0.5918367346938775
-0.6734693877551021
0.3877551020408163
-0.061224489795918324
-0.061224489795918324
0.4693877551020409
0.020408163265306145
0.020408163265306145
-0.020408163265306145
-0.10204081632653061
-0.1428571428571429
-0.18367346938775508
0.5510204081632653
0.020408163265306145
0.1020408163265305
-0.3877551020408163
0.4285714285714286
0.26530612244897966
0.061224489795918435
0.26530612244897966
0.5510204081632653
-0.22448979591836737
-0.5510204081632653
0.4693877551020409
0.18367346938775508
0.18367346938775508
0.4693877551020409
0.22448979591836737
-0.6734693877551021
0.3877551020408163
0.510204081632653
-0.3877551020408163
-0.10204081632653061
0.26530612244897966
-0.020408163265306145
-0.26530612244897955
0.26530612244897966
0.5918367346938775
0.7959183673469388
-0.8775510204081632
0.510204081632653
-0.5918367346938775
0.30612244897959173
0.6734693877551021
0.1020408163265305
-0.020408163265306145
-0.10204081632653061
0.7142857142857142
-0.1428571428571429
0.7959183673469388
0.18367346938775508
-0.22448979591836737
-0.30612244897959184
0.510204081632653
0.1020408163265305
0.5510204081632653
0.4693877551020409
-0.1428571428571429
0.3877551020408163
0.5510204081632653
0.4285714285714286
-0.4693877551020408
-0.020408163265306145
-0.5510204081632653
0.1428571428571428
0.22448979591836737
0.4285714285714286
0.020408163265306145
0.18367346938775508
0.4285714285714286
-0.18367346938775508
0.5510204081632653
-0.020408163265306145
-0.4285714285714286
0.6734693877551021
0.5918367346938775
0.30612244897959173
0.510204081632653
0.9591836734693877
0.6734693877551021
0.6326530612244898
-0.22448979591836737
0.5510204081632653
0.5510204081632653
0.30612244897959173
-0.18367346938775508
-0.3877551020408163
-0.10204081632653061
0.30612244897959173
-0.10204081632653061
0.22448979591836737
-0.3877551020408163
0.4693877551020409
-0.4285714285714286
-0.9183673469387755
-0.3877551020408163
0.3877551020408163
-0.22448979591836737
0.5918367346938775
0.6326530612244898
0.5918367346938775
-0.22448979591836737
-0.1428571428571429
0.5918367346938775
-0.30612244897959184
0.510204081632653
0.510204081632653
0.30612244897959173
0.1428571428571428
-0.4285714285714286
-0.30612244897959184
0.22448979591836737
0.5918367346938775
0.4693877551020409
0.30612244897959173
0.4693877551020409
0.22448979591836737
0.061224489795918435
0.3877551020408163
-0.7142857142857143
0.5918367346938775
0.510204081632653
0.3877551020408163
0.346938775510204
-0.020408163265306145
0.510204081632653
-0.3877551020408163
-0.061224489795918324
0.26530612244897966
0.8367346938775511
0.510204081632653
0.30612244897959173
0.510204081632653
0.346938775510204
0.3877551020408163
-0.26530612244897955
-0.26530612244897955
-0.6734693877551021
-0.5918367346938775
-0.020408163265306145
-0.26530612244897955
0.5510204081632653
-0.22448979591836737
0.5918367346938775
-0.26530612244897955
0.346938775510204
-0.22448979591836737
0.30612244897959173
-0.30612244897959184
0.4693877551020409
-0.4285714285714286
-0.10204081632653061
0.6734693877551021
0.6326530612244898
0.4693877551020409
-0.5918367346938775
-0.020408163265306145
-0.10204081632653061
0.020408163265306145
0.6326530612244898
0.3877551020408163
0.4285714285714286
0.7142857142857142
0.4693877551020409
0.18367346938775508
-0.5102040816326531
-0.34693877551020413
0.5510204081632653
0.26530612244897966
0.5918367346938775
0.6734693877551021
0.26530612244897966
0.1428571428571428
0.5918367346938775
0.22448979591836737
-0.5918367346938775
-0.26530612244897955
-0.061224489795918324
-0.7959183673469388
0.6326530612244898
-0.3877551020408163
-0.4693877551020408
0.26530612244897966
0.7959183673469388
0.5918367346938775
-0.061224489795918324
0.3877551020408163
0.510204081632653
0.346938775510204
0.26530612244897966
-0.020408163265306145
0.510204081632653
0.510204081632653
-0.1428571428571429
-0.10204081632653061
-0.6326530612244898
0.5918367346938775
-0.8367346938775511
0.4693877551020409
-0.18367346938775508
0.1428571428571428
0.510204081632653
0.18367346938775508
0.26530612244897966
0.4285714285714286
-0.7142857142857143
0.30612244897959173
0.3877551020408163
-0.26530612244897955
0.3877551020408163
-0.6326530612244898
0.6326530612244898
0.061224489795918435
-0.30612244897959184
0.5510204081632653
0.18367346938775508
-0.5918367346938775
0.6734693877551021
-0.1428571428571429
0.30612244897959173
-0.020408163265306145
0.5918367346938775
0.1020408163265305
0.6734693877551021
-0.26530612244897955
0.510204081632653
-0.9183673469387755
-0.6326530612244898
-0.9183673469387755
0.6734693877551021
0.6326530612244898
-0.18367346938775508
0.6734693877551021
0.1020408163265305
0.4285714285714286
-1.0
0.30612244897959173
-0.5918367346938775
0.4693877551020409
0.3877551020408163
-0.10204081632653061
-0.4693877551020408
0.6326530612244898
0.5918367346938775
0.5918367346938775
-0.4693877551020408
0.5510204081632653
0.1020408163265305
0.020408163265306145
-0.34693877551020413
-0.7959183673469388
0.5510204081632653
0.26530612244897966
-0.6326530612244898
0.4693877551020409
-0.7142857142857143
0.26530612244897966
0.6326530612244898
-0.061224489795918324
0.5918367346938775
-0.7142857142857143
0.8775510204081634
-0.30612244897959184
0.6326530612244898
0.5510204081632653
0.18367346938775508
-0.30612244897959184
0.1020408163265305
-0.18367346938775508
-0.10204081632653061
-0.061224489795918324
0.30612244897959173
-0.10204081632653061
-0.18367346938775508
-0.4693877551020408
0.4693877551020409
0.1020408163265305
-0.061224489795918324
0.5918367346938775
0.5918367346938775
0.4693877551020409
0.4285714285714286
0.4285714285714286
0.7551020408163265
0.1020408163265305
0.18367346938775508
-0.3877551020408163
0.4693877551020409
0.6326530612244898
0.4285714285714286
-0.3877551020408163
0.7142857142857142
0.346938775510204
0.4693877551020409
0.4285714285714286
0.3877551020408163
-0.26530612244897955
-0.4693877551020408
0.510204081632653
0.4693877551020409
-0.22448979591836737
0.8775510204081634
0.510204081632653
0.4693877551020409
0.26530612244897966
-0.1428571428571429
0.1428571428571428
0.7142857142857142
0.510204081632653
0.6326530612244898
0.1428571428571428
0.061224489795918435
0.1428571428571428
0.346938775510204
0.346938775510204
0.4693877551020409
0.020408163265306145
-0.5510204081632653
-0.34693877551020413
0.7142857142857142
-0.6734693877551021
0.26530612244897966
-0.7142857142857143
-0.26530612244897955
-0.020408163265306145
0.4285714285714286
0.30612244897959173
-0.6326530612244898
0.7142857142857142
0.4285714285714286
0.5918367346938775
0.30612244897959173
-0.4285714285714286
-0.020408163265306145
-0.061224489795918324
0.3877551020408163
-0.4285714285714286
0.7551020408163265
0.5918367346938775
0.4285714285714286
-0.061224489795918324
0.5918367346938775
-0.18367346938775508
-0.020408163265306145
0.5918367346938775
0.1428571428571428
1.0
0.6734693877551021
0.26530612244897966
-0.1428571428571429
0.4285714285714286
-0.7551020408163265
0.4693877551020409
0.4285714285714286
-0.22448979591836737
-0.4693877551020408
-0.4693877551020408
0.7142857142857142
-0.34693877551020413
-0.020408163265306145
0.5510204081632653
0.30612244897959173
0.22448979591836737
-0.30612244897959184
0.8367346938775511
-0.10204081632653061
0.8367346938775511
EIGENVECTOR
0.8788021903072183
-0.563925661354842
-0.4756855291184331
0.03936105023348935
-0.7058805817684386
-0.6023876919516638
-0.3367925771768381
-0.8506438262551496
-0.7436485138369855
-0.7920482007604221
-0.6050911531035026
-0.40712391996865527
-0.3305780513547578
-0.7626748030951118
-0.6159944443881264
-0.3845273829075543
0.2887777628699937
-0.7264450739335682
-0.5218540514009304
-0.8271363366431678
-0.40394894110866664
0.649258152184182
-0.544024532995864
0.8156239187198122
0.24287023783193806
0.36530935090723826
-0.7964839115872682
-0.029055006651875326
-0.8899626149926555
-0.5417684986095206
-0.8244741473315342
-0.7456458027097004
-0.7032570828298215
-0.4353801180469249
-0.9461117664816321
-0.7262573015909632
-0.8031911789932225
-0.33792712461701435
-0.4259102501169697
0.8721427383851235
-0.7167720982486396
-0.7711388432882198
0.2470608355080539
-0.05452232974508575
-0.12595390422985842
-0.13997683691492213
-0.8288848586723416
-0.10294585861961558
-0.946111766481632
-0.8177324157661767
0.507313049379398
-0.15150917441745382
0.48934053810933653
-0.9267424684391813
-0.8516593005614778
-0.7192827760640608
-0.19225500057335054
0.022611444564216265
-0.10495245249983798
-0.38773207394955667
0.207668448467333
-0.6819836775491308
-0.8652766338928326
0.09897849171007245
-0.7486107017436577
0.7330582430081787
-0.5329080257395007
-0.46510267671987937
0.25117491962817096
-0.040114511478667625
-0.6549591201956733
-0.9149957588011493
-0.028265292790250474
-0.652758160834892
-0.4531057143080105
-0.6592677368469966
0.11228952146176896
0.05112464902002167
-0.19878213284447488
-0.5119824383647025
-0.4128034060374596
0.6940058824624049
-0.7875259885952124
-0.5832361279134934
-0.6471117146704765
-0.12340856722558702
-0.8472556369315496
-0.540998054638697
-0.8029112293711587
-0.6897012375609701
-0.9189736155977977
-0.7697873092454499
-0.6174340597864714
0.04884651471910795
-0.8137504541454088
-0.7972097649854657
-0.946111766481632
-0.09510744162104334
-0.9208391446119475
-0.4080027025128745
-0.6179140640855575
-0.8120095285139628
0.10472365107627346
-0.8239102594480534
-0.6662087476354674
-0.46770637412647575
-0.8209735722418994
-0.6588207683080245
-0.7473834639314121
0.5337509923231161
-0.7657671745343669
-0.7290799118197225
-0.8747456596021738
-0.11302949623619474
0.21512904681344813
-0.6957367224435516
-0.008153569196079347
-0.2091361474807194
-0.6677120824475324
-0.9723620812581012
-0.6855615894643019
-0.32201140125045835
-0.5942375897300547
-0.1922171174162005
-0.5801182702638865
-0.9824477125940548
0.1911410200027257
0.329874466981547
-0.6284272382032884
-0.662050601613208
-0.49025708109786725
-0.8330916494136718
-0.9601516708746591
-0.5455413524944441
-0.1580663357696862
-0.22909908808160517
-0.9942136656732953
0.007389818864581121
-0.9771615671470832
-0.09064006817738446
0.6205032373877681
-0.7066529923851439
-0.6755682271805137
-0.819722435797875
0.6705018169145698
-0.7136698840762569
0.8248505312091441
-0.7394926389520773
-0.7502462233066517
-0.7734835023614991
0.41852549060699684
-0.8134665638670132
0.4942236352617497
-0.4244103404696702
-0.8074619648730887
-0.42591025011697003
-0.6537528345611836
0.17002357375932853
-0.8889769935150873
-0.5036573470373338
-0.949313224838195
-0.6583487667691306
-0.6108726454074527
0.013425015457400491
-0.7952043156125905
-0.7506972533845984
0.10012898447365859
-0.9597218582844272
-0.4843465684573125
-0.8063365533001159
-0.7997966737457269
0.649502505561202
-0.09827257220058105
-0.7142261566439498
-0.5980763961692661
0.8704933749766879
0.6470748644747288
-0.1086096465561821
-0.5119217831495857
0.1766862049936948
-0.38076452263404337
-0.4613795749283921
-0.8241618189329631
-0.7844501661519451
-0.7208399392281855
-0.6983111051063131
-0.6538443322553885
-0.5938272550826051
-0.8788058229152622
0.21937502719155666
-0.8099263281246817
-0.8920537056990585
-0.8745587145897328
-0.22380862394466094
-0.7572700426050146
0.35039287253078943
0.11359574813179174
0.5930934342987091
-0.6991312183150931
-0.8055371483834242
0.47824101133439934
-0.5818046433007698
-0.26151261272654525
0.4930584417295143
0.011172174842587479
-0.5723147399578037
-0.9707306237054295
-0.8594610751665938
-0.5438726918827328
0.5868756908536898
0.307861256089762
-0.5913969118213602
-0.3187787436477658
-0.5841510710497302
-0.7904111741805406
0.21116252263092705
-0.9244874495730229
0.5989473985575959
-0.3614325730066261
0.14545754251662646
-0.39080379001696275
-0.49161488216366955
-0.3594037631422894
-0.5951424868240524
-0.7171748092361789
-0.5996075923552405
0.867997427655345
-0.3168568058502734
0.09010154892950828
0.3395796764472263
-0.5240086617627298
-0.7283563844000496
-0.5827277496210428
-0.7023895129273451
-0.9886499915009975
-0.9834983231940888
-0.4686332529011281
-0.8822380917082262
0.37406749417526997
-0.8501794561997171
-0.11678161596124281
-0.7029895463167396
-0.5066617973084191
-0.6280653788304889
-0.6024693911288708
-0.8593317411462467
-0.25987701943012775
-0.9717155236730357
-0.6099708057210219
-0.5714775345857412
-0.3256121667875056
0.19186243724500573
-0.9853183860573494
-0.5894207926238806
-0.8868200189470178
-0.5745564844942014
-0.034449605461396415
0.2293381000789012
0.053414291532287494
0.253179252455324
-0.14977943026511542
-0.21387070894282678
-0.6356764088520767
-0.9726034332628504
-0.42188445037226596
-0.7930192045593214
-0.5424963246517467
-0.481651321454306
-0.7078295145655005
-0.5369346345252244
-0.6317589441457094
-0.45933342049680037
-0.9556620289745603
-0.8726421541503101
-0.8125028825204813
-0.9955184461422228
0.4463373746674826
-0.6732970172983122
-0.9657536417573847
-0.5451082299181413
-0.5307760022475012
0.5952798261475589
-0.7992732076859209
-0.46925561725126763
-0.12925524987098802
-0.07099829705194705
-0.5359947609236995
-0.8041589752813908
0.43423356823080117
0.23306931072226078
-0.5750082841108131
-0.8238283893466345
-0.8747321339061338
-0.1262472413110849
-0.9656527317558151
-0.516166240323919
-0.9040593548449712
-0.4412465670659973
0.02757552906429428
-0.17086367045648432
-0.7343426164206208
-0.5794722891340329
-0.9908029810056999
-0.09064006817738401
-0.2876774325538133
-0.780276960601174
-0.4421340404710653
-0.9922699818521642
-0.09564059049749674
-0.4938734156478237
-0.8733809088713108
0.3354567057289919
-0.327065835064957
-0.7935454986940673
-0.45912641624157546
-0.8942566674575796
-0.5512557903021642
-0.5099023590878091
-0.25742191478753196
-0.45072674957348435
-0.559997009214001
-0.5132788423634758
0.2938793982322414
-0.9847074432903855
-0.810569677659561
-0.8927122714942908
0.5098721301976272
0.7570664321087892
-0.8113438855757072
-0.032893445863647286
-0.5434675223593084
-0.4019732689789619
-1.0
-0.7058890137846694
-0.9105317547875036
-0.06880376001444954
-0.5714475171570133
-0.7996883352564345
-0.7466379417170347
-0.4449489449091403
-0.28508473718278393
0.42924724719328866
-0.9604407128669582
-0.6274386660701918
-0.6498351324558819
-0.3164838838209352
-0.86573422312203
-0.8475822797547867
0.3039386802834829
-0.511886172419817
-0.7688025151862614
-0.22479058200854074
-0.9383664496823503
-0.6340036144903268
0.6167388073552185
-0.5589487031177334
-0.19179151929151061
-0.9266990020701918
0.8961545417959642
-0.7672781436085173
0.6243214840258771
-0.36262263530829486
-0.6427293756190269
-0.871798637601476
-0.5249097472847146
-0.5942460584908931
-0.7175437359731771
-0.38946469800504335
-0.6438562420813547
-0.8197224357978747
-0.8414103400690389
-0.8931239839173851
0.380170162881859
-0.5941367813043382
-0.8030368081200269
0.06321336413368495
0.5652639842680143
-0.016611013139984143
-0.7001655492969856
0.2009686923989451
0.5908698751673955
-0.7581262730252508
-0.5566565459265397
-0.6878814945169788
-0.3786548277183587
0.3390012291727449
0.15442324771928484
-0.8745587145897328
0.5939366280880001
-0.4475413905138833
-0.6159944443881267
-0.3789314566387795
0.24247924695925827
-0.9396805282599906
-0.8905113893134715
-0.6057036003948381
-0.30065442754390903
-0.9634896876673262
0.8438538970999154
-0.18733847935430648
0.4733976930980479
-0.5370406212933154
-0.5926999033307818
-0.6069513542588469
0.7833226363069514
0.007230200333292025
0.644236341024417
-0.5369346345252246
-0.772199809250725
-0.7733682820218828
-0.10625933976141366
-0.5997163754545434
0.460751265209596
-0.7946472272112639
-0.9723620812581011
-0.7050495380355728
0.714983354290287
-0.9291850597167319
-0.6133474130447759
-0.9383664496823502
-0.6459600115799465
-0.4418167786018681
-0.30044800591600984
-0.6939595819158868
-0.8240509597441239
0.4194008752723395
-0.07509082768371278
0.49517049072432995
-0.7142261566439498
-0.8327785312793424
-0.9486462938225628
-0.6543782607302462
-0.6505858020288655
-0.8803981172392189
0.3727937526918135
-0.046641332894703846
-0.6560107650349281
-0.6514540023890101
0.21782813684098135
-0.6853603626715112
-0.6528174726726141
-0.07744085947701373
-0.7600958030539088
1.0
0.6395980670941117
-0.3441724960799514
-0.7160006841350419
-0.37152204653195164
-0.946111766481632
-0.6398213193240408
0.31756731138532546
-0.9044695613333261
-0.8890357354563212
-0.9657536417573847
-0.5562989394452607
-0.707209682267864
-0.5748978269277907
-0.27766852660333474
0.028417760588416385
-0.7322014207216365
-0.9611747900155049
0.8320307946388601
-0.8048604912489633
0.8564280996228877
CENT
0.8436278888020541
0.21736335170788057
0.11079650517751483
0.24439868862945802
-0.42537223215131725
-0.3280515204469244
0.41815851957939154
-0.32452176379995124
-0.5686539861497395
-0.45484485653556606
0.19795050743888432
0.3409670986220652
-0.2447757160871914
-0.459700653729878
-0.3049631409548349
-0.3049631409548349
0.4648997134670485
-0.3508001727931208
0.24439868862945802
-0.7719322069156805
-0.34558024393189246
0.6454627715727932
0.06093763055350854
0.8103693378504366
0.6546263653701669
0.49858484112597057
-0.6172836108435393
0.18832158168869317
-0.8654856502604611
-0.1608123293126995
-0.28877584486928987
-0.5939144833200231
0.25184185118563485
-0.42371767628886225
-0.9738011546068174
-0.333331088157935
-0.4693646940654558
-0.017680948527392326
-0.4187430210588018
0.9395964535093893
-0.4385431881097296
-0.6114776352198175
0.748586658419331
0.1479640298972278
0.37252865477717534
-0.057759256338111076
-0.21474883545260015
0.3751827114587516
-0.9738011546068174
-0.021944654535747787
0.50709759243152
0.04094432885361132
0.8004927129141435
-0.2466337281568861
-0.7680473372781066
-0.5214089861131757
0.6333085679411994
0.2593153115541176
0.35668194030096756
0.08116326242164229
0.6792657891558991
-0.475772411001677
-0.36635415000799654
0.2895158613879014
-0.21853321503671141
0.6576900831961561
0.40732358136407876
-0.43032495449593267
0.7582215698252204
0.16921667143120023
-0.512083379602456
-0.33859265734265753
0.25184185118563485
0.012467230919032124
-0.37663618432849233
-0.34732219186348634
0.31506430632304716
0.29459755207911154
0.014641129319357793
-0.1822167270158085
0.09250160959009102
0.7808771696634413
0.10849922811286095
-0.006974726391873243
-0.49167060717982813
0.2568207802627618
-0.6302596975673898
-0.19185333896872347
-0.3280515204469244
-0.12116140456960212
-0.4385431881097296
-0.6056475559090228
0.19072400507410214
0.691697583340436
-0.6988513050113268
-0.5968569131585189
-0.9738011546068174
0.5648083335869467
-0.47736999425300286
0.23698564001484246
-0.4805599653629675
-0.6754395946625782
0.25184185118563485
-0.7537047703827827
-0.3508001727931208
-0.2778905291161289
-0.44181784506204747
-0.5490303563765306
-0.4483456269757642
0.8236103008584048
-0.2335817937824628
0.03873701847602895
-0.8750760123174665
0.2844480550974873
0.5502222183717846
0.1526650606918163
0.3698783074690186
0.2593153115541176
-0.2705915098035173
-0.501127381354259
-0.48691920468764494
0.5736115589406627
-0.1131151681339303
0.3938656280428432
-0.23545292505046778
-0.6273865166759092
0.7646696252465479
0.5972781065088757
-0.2977894962749489
-0.2760689477746333
0.06317337620138863
-0.7563240371537183
-0.5520669380653923
0.1859223530152334
0.034330833301925656
-0.1509892249911723
-0.9288527450783202
0.742188032169731
-0.6027234304157382
0.15737849526158842
0.9466169282222792
0.12696158296601
-0.34034252996381187
-0.764151052744438
1.0
-0.21285328873010256
0.7906620971002243
-0.18028249665966778
-0.34558024393189246
-0.47896584476761384
0.688582571274879
-0.1705765774070147
0.6699911644220724
-0.41375182041223324
-0.5701523909616397
-0.4187430210588018
-0.31388397486732156
0.3331586167359393
-0.8798442415088065
-0.09486683669582341
-0.4677584046538449
-0.31566201400202565
-0.2447757160871914
0.5972781065088757
-0.5997932224981306
-0.45484485653556606
0.4788645519165897
-0.5475096529936816
-0.15492556348389275
-0.6906340920122811
-0.4979819169557236
0.660758411583207
0.5531308927758631
-0.3049631409548349
-0.03678384094910836
0.9536600496277916
0.6792657891558991
0.3672316617632472
-0.12916858160510136
0.30224624644137843
-0.38175128039381423
0.09477809692177308
-0.501127381354259
-0.47896584476761384
0.24192433546819836
-0.05567342563906785
-0.28696686595633436
0.09477809692177308
-0.35253621248226186
0.5972781065088757
-0.4020408768065121
-0.43361767849229726
-0.8509638159093393
0.6333085679411994
-0.501127381354259
0.5943044599879994
0.5357424934937141
0.7453848880647884
-0.641693544475701
0.08795746993577591
0.8103693378504366
-0.2650949533752598
0.32797094989429243
0.7358090185676394
0.7389960794278867
-0.5026975755241574
-0.49482966622623104
-0.8288688414749645
0.08568980619102429
0.803779793175911
0.6393765722991887
-0.237321860155013
0.20036577369431408
-0.07435325553296435
-0.6114776352198175
0.7711376128330116
-0.5820831746444597
0.7582215698252204
0.1715937144872448
0.3831672157813053
-0.13315761161915052
-0.3368407950994212
0.15973987931337508
-0.28877584486928987
-0.4204030737812223
0.2027842667583688
0.7517933545744195
-0.12116140456960212
0.4510345526652555
0.4760635584574575
0.2593153115541176
-0.5183071034410707
0.3488081384590713
-0.615834368479345
-0.8063905325443788
-0.641693544475701
-0.28877584486928987
-0.07435325553296435
0.4676846726474515
-0.6933786714503736
0.31506430632304716
-0.7550150473227397
-0.013406529689869662
-0.09078426885481727
-0.2851557957382769
-0.39361990173288275
-0.17252241079970254
-0.6933786714503736
-0.07228796844181451
-0.2778905291161289
0.19795050743888432
0.7743791100921209
-0.7745158031461972
-0.4401814162169194
-0.41375182041223324
0.26681925510561144
0.20036577369431408
0.7679011217472753
0.6515672477210939
0.3461908284023669
0.3461908284023669
0.6032386353660035
-0.310321779490799
-0.6459571119417667
0.003799085529854418
-0.14901749452180957
-0.038893151736044906
-0.0005185909250318144
-0.1627698704621786
0.2568207802627618
-0.41541739743316597
0.19553846153846122
-0.6516215554971592
-0.8164288534686259
-0.6878839819355222
-0.8845946372108849
0.7808771696634413
-0.34906216703411563
-0.7523932044345227
-0.09690436825617843
-0.17446591524757527
0.9360946745562129
-0.5880111854403882
-0.03467189681537164
-0.011265290335058076
0.26932737592078215
0.06541199555832744
-0.3315732366459546
0.6576900831961561
0.8169794748520705
-0.4515987990789052
-0.7706385155936095
-0.5073980386299648
0.3383606638044503
-0.6988513050113268
-0.04310389294583217
-0.17640709492936246
0.4788645519165897
0.26431454206328775
0.3514290887244773
-0.4070710059171596
-0.2778905291161289
-0.8076495536477751
0.15737849526158842
0.12696158296601
-0.6071073436617644
-0.009121357597410062
-0.8594548837521162
0.3488081384590713
0.3514290887244773
-0.8089073624053813
0.7104872981608581
0.6302813633772439
-0.8928652177989048
-0.0846415860608315
-0.41541739743316597
-0.17640709492936246
0.0475831958716082
-0.057759256338111076
0.547317799526454
-0.2650949533752598
-0.15885243393453752
0.3938656280428432
-0.8690904941357219
-0.5641493031212317
-0.40036043278291056
0.660758411583207
0.7199467003929718
-0.6288238464888373
0.6182176263509671
0.40732358136407876
0.07214515139622857
-1.0
-0.1391230575929726
-0.9560178401963606
0.18352631268552555
-0.24105315732153143
-0.6216223642991923
-0.30675140456117245
0.014641129319357793
-0.26141991156999445
0.558961045726664
-0.6768278995429691
-0.3611870363139402
0.021179377046225634
-0.006974726391873243
-0.3969939245215812
-0.9254149360652794
0.38850890898211543
-0.17834595401380082
-0.2558912678740346
0.24192433546819836
-0.9173563648378176
0.01899719713484882
0.7873953938882028
-0.4483456269757642
0.29459755207911154
-0.5026975755241574
0.9082816624716066
-0.3280515204469244
0.8236103008584048
-0.34906216703411563
-0.00482539162058615
-0.34558024393189246
0.034330833301925656
-0.2052486294426925
-0.37663618432849233
-0.04520533317622977
-0.35600240698024255
-0.764151052744438
0.003799085529854418
-0.764151052744438
0.7136356256314043
-0.04099983409832453
-0.6056475559090228
0.2718389114681725
0.8004927129141435
0.11309677543704066
-0.49955549607593863
0.6393765722991887
0.6062255373545415
-0.4725720349884228
-0.5306749723371993
-0.359460777111411
0.11079650517751483
0.688582571274879
0.5502222183717846
-0.8509638159093393
0.5913352123525084
0.11540004474514509
-0.3049631409548349
0.09705753689590835
0.5156474094176449
-0.3013804437699692
-0.8714880767006274
-0.21853321503671141
0.13859898429856
-0.5596303647666844
0.8070719974910874
-0.021944654535747787
0.8740108785787568
-0.1627698704621786
-0.49955549607593863
0.1859223530152334
0.7358090185676394
0.4510345526652555
0.8103693378504366
0.2568207802627618
-0.5459873378425417
0.0016388852593653969
0.6002561616976851
-0.2833426305864801
0.691697583340436
-0.5997932224981306
-0.501127381354259
-0.7245491547754892
0.6182176263509671
-0.8975670840787122
-0.2650949533752598
-0.9173563648378176
-0.29958600309135863
0.11770631897080763
0.11540004474514509
-0.32275386169864084
-0.49955549607593863
0.7550049879060357
0.1621043827628521
0.6333085679411994
-0.3049631409548349
-0.3280515204469244
-0.5214089861131757
-0.6359883600840794
-0.19952142686474839
-0.4020408768065121
0.7010710239024474
0.558961045726664
-0.2447757160871914
-0.2833426305864801
0.6454627715727932
-0.6754395946625782
0.3331586167359393
0.15502022443861097
-0.5352857862268665
0.9221436320654155
0.6393765722991887
0.10620493840459799
-0.3542702894357461
0.22224915653649435
-0.9738011546068174
-0.24291552708478514
0.803779793175911
-0.17834595401380082
-0.4170811299612732
-0.7523932044345227
-0.2760689477746333
-0.7298975063398143
-0.49482966622623104
-0.07228796844181451
0.28698022625148134
-0.573144481200205
-0.5535828214719093
0.918669822485207
-0.5894893207001766
0.8910781648338206
DEGREE_RANK
0.9784017278617709
0.08423326133909281
-0.2267818574514039
0.3088552915766738
0.39956803455723544
0.8401727861771058
-0.10151187904967596
-0.550755939524838
-0.00647948164146861
-0.8228941684665227
-0.09719222462203025
-0.002159827213822796
0.20950323974082075
-0.22246220302375808
0.40388768898488125
0.40820734341252707
0.41252699784017266
-0.5464362850971922
0.21382289416846634
-0.5032397408207343
0.6025917926565874
0.8444924406047516
-0.049676025917926525
0.9913606911447084
0.21814254859611237
0.5075593952483801
-0.1533477321814254
0.6760259179265657
-0.8142548596112311
0.08855291576673863
-0.3434125269978402
0.002159827213823018
-0.4600431965442764
0.3131749460043196
-0.9611231101511879
-0.5939524838012958
-0.8444924406047516
-0.33909287257019427
0.22246220302375797
0.9611231101511879
-0.4557235421166306
-0.1490280777537797
0.16630669546436283
0.8920086393088551
0.09287257019438444
0.6069114470842334
-0.14470842332613387
-0.04535637149028071
-0.9568034557235421
-0.2742980561555075
0.9438444924406046
0.17062634989200842
0.7840172786177106
-0.6501079913606911
-0.5421166306695464
-0.9049676025917927
0.17494600431965446
0.6803455723542118
-0.04103671706263501
0.00647948164146861
0.3174946004319654
-0.6457883369330453
-0.978401727861771
0.32181425485961124
-0.21814254859611226
0.9308855291576674
-0.09287257019438444
0.22678185745140378
0.23110151187904981
0.2354211663066954
-0.4989200863930885
-0.7105831533477323
0.23974082073434122
-0.2699784017278618
0.32613390928725705
-0.8401727861771058
0.5118790496760259
0.2440604751619868
0.010799136069114423
0.5161987041036715
0.5205183585313176
0.8963282937365011
-0.4514038876889849
0.611231101511879
-0.7062634989200863
-0.1965442764578833
-0.9006479481641468
-0.6414686825053995
-0.265658747300216
-0.44708423326133906
-0.26133909287257007
-0.14038876889848817
0.015118790496760237
0.09719222462203003
-0.3909287257019438
-0.8747300215982721
-0.9524838012958963
0.6846652267818574
-0.9222462203023758
0.24838012958963285
-0.386609071274298
-0.3822894168466522
0.4168466522678185
-0.25701943844492436
-0.25269978401727855
-0.33477321814254857
-0.44276457883369336
-0.4946004319654428
-0.5377969762419006
0.6155507559395248
-0.24838012958963285
-0.1922246220302376
-0.7494600431965444
0.33045356371490264
0.01943844492440605
-0.21382289416846645
0.023758099352051865
0.6198704103671706
-0.5896328293736501
-0.8358531317494601
0.4211663066954643
-0.08855291576673852
-0.08423326133909281
0.4254859611231101
-0.036717062634989084
-0.91792656587473
0.25269978401727866
0.5248380129589634
-0.7451403887688984
-0.43844492440604743
0.028077753779697456
-0.33045356371490275
-0.6371490280777538
0.03239740820734349
0.6889848812095032
0.9481641468682505
-0.9827213822894169
0.529157667386609
-0.8704103671706264
0.10151187904967607
0.8488120950323972
-0.18790496760259168
-0.32613390928725694
-0.4341252699784016
0.900647948164147
-0.49028077753779686
0.9524838012958965
-0.079913606911447
-0.5853131749460043
-0.6846652267818574
0.533477321814255
-0.18358531317494597
0.6241900647948164
0.4298056155507559
-0.48596112311015116
0.25701943844492425
0.6285097192224622
0.3347732181425487
-0.8099352051835853
-0.32181425485961124
-0.8315334773218143
-0.13606911447084225
-0.03239740820734338
0.33909287257019427
-0.24406047516198703
-0.0755939524838013
0.3434125269978401
-0.5334773218142548
0.6328293736501078
-0.3174946004319654
-0.775377969762419
0.8531317494600432
0.693304535637149
0.10583153347732188
0.5377969762419006
0.9956803455723542
0.857451403887689
0.7883369330453562
-0.5809935205183585
0.6371490280777539
0.6414686825053995
0.11015118790496747
-0.529157667386609
-0.7408207343412527
-0.4298056155507559
0.11447084233261329
-0.4254859611231101
-0.028077753779697567
-0.7365010799136069
0.43412526997840173
-0.7710583153347732
-0.9956803455723542
-0.7321814254859611
0.2613390928725703
-0.5766738660907127
0.6976241900647948
0.7926565874730023
0.7019438444924406
-0.5723542116630669
-0.48164146868250535
0.7062634989200864
-0.6803455723542116
0.5421166306695464
0.546436285097192
0.1187904967602591
-0.13174946004319643
-0.7667386609071274
-0.6760259179265659
-0.023758099352051754
0.7105831533477323
0.43844492440604754
0.12311015118790491
0.44276457883369313
-0.01943844492440605
-0.20950323974082063
0.2656587473002159
-0.9438444924406048
0.7149028077753778
0.550755939524838
0.2699784017278617
0.17926565874730027
-0.3131749460043196
0.5550755939524838
-0.7278617710583153
-0.3779697624190065
0.036717062634989084
0.9654427645788337
0.5593952483801294
0.12742980561555073
0.5637149028077755
0.18358531317494586
0.27429805615550773
-0.6328293736501079
-0.6285097192224622
-0.9136069114470842
-0.8660907127429806
-0.3088552915766738
-0.6241900647948164
0.6457883369330453
-0.5680345572354211
0.7192224622030237
-0.6198704103671706
0.1879049676025919
-0.5637149028077754
0.13174946004319654
-0.67170626349892
0.44708423326133917
-0.7624190064794816
-0.4211663066954644
0.8617710583153346
0.7969762419006479
0.451403887688985
-0.8617710583153347
-0.304535637149028
-0.4168466522678186
-0.2397408207343411
0.8012958963282937
0.2786177105831533
0.3477321814254859
0.9049676025917925
0.4557235421166306
-0.07127429805615548
-0.8185745140388769
-0.7019438444924406
0.6501079913606913
0.0410367170626349
0.7235421166306695
0.8660907127429807
0.04535637149028071
-0.12742980561555073
0.7278617710583153
-0.015118790496760237
-0.857451403887689
-0.6155507559395248
-0.37365010799136067
-0.9697624190064795
0.8056155507559395
-0.7235421166306695
-0.8056155507559395
0.049676025917926525
0.9568034557235421
0.7321814254859611
-0.36933045356371486
0.28293736501079914
0.5680345572354211
0.1922246220302375
0.05399568034557234
-0.3002159827213823
0.5723542116630669
0.5766738660907129
-0.47732181425485953
-0.41252699784017266
-0.8963282937365011
0.7365010799136069
-0.9740820734341252
0.4600431965442764
-0.5248380129589633
-0.12311015118790491
0.5809935205183585
-0.06695464362850967
0.05831533477321815
0.3520518358531317
-0.9395248380129589
0.13606911447084236
0.2872570194384447
-0.611231101511879
0.29157667386609076
-0.8920086393088553
0.8099352051835853
-0.20518358531317493
-0.6673866090712743
0.6544276457883369
-0.06263498920086386
-0.8531317494600432
0.8704103671706263
-0.47300215982721383
0.14038876889848795
-0.29589632829373647
0.7408207343412527
-0.17926565874730016
0.8747300215982721
-0.6069114470842332
0.5853131749460043
-0.9913606911447084
-0.8876889848812095
-0.9870410367170627
0.8790496760259181
0.8142548596112311
-0.5205183585313174
0.8833693304535637
-0.17494600431965435
0.3563714902807775
-1.0
0.14470842332613398
-0.8488120950323974
0.4643628509719222
0.29589632829373635
-0.40820734341252696
-0.8012958963282938
0.8185745140388767
0.7451403887688983
0.7494600431965444
-0.796976241900648
0.6587473002159827
-0.17062634989200864
-0.2354211663066954
-0.6976241900647948
-0.9654427645788337
0.6630669546436285
0.06263498920086397
-0.8833693304535637
0.468682505399568
-0.9352051835853131
0.06695464362850956
0.8228941684665227
-0.36501079913606904
0.7537796976241902
-0.9308855291576674
0.982721382289417
-0.6630669546436285
0.8272138228941686
0.6673866090712743
-0.05831533477321804
-0.6587473002159827
-0.16630669546436283
-0.5161987041036717
-0.40388768898488114
-0.36069114470842323
0.1490280777537798
-0.39956803455723544
-0.5118790496760259
-0.7926565874730022
0.4730021598272136
-0.16198704103671702
-0.3563714902807775
0.7580993520518358
0.7624190064794816
0.47732181425485964
0.36069114470842334
0.36501079913606915
0.935205183585313
-0.1576673866090712
-0.05399568034557234
-0.7192224622030237
0.48164146868250546
0.8315334773218142
0.36933045356371474
-0.714902807775378
0.9092872570194386
0.1965442764578833
0.48596112311015105
0.37365010799136056
0.30021598272138217
-0.6025917926565875
-0.7883369330453563
0.5896328293736499
0.4902807775377971
-0.5593952483801296
0.9870410367170626
0.593952483801296
0.4946004319654427
0.07127429805615537
-0.468682505399568
-0.11879049676025921
0.9136069114470842
0.5982721382289415
0.8358531317494602
-0.11447084233261329
-0.20086393088552912
-0.11015118790496747
0.20086393088552912
0.20518358531317493
0.4989200863930885
-0.2311015118790496
-0.8272138228941684
-0.693304535637149
0.91792656587473
-0.9092872570194385
0.07559395248380141
-0.9265658747300216
-0.5982721382289417
-0.29157667386609076
0.3779697624190066
0.1533477321814254
-0.8790496760259179
0.9222462203023758
0.3822894168466522
0.7667386609071274
0.1576673866090712
-0.7580993520518359
-0.28725701943844484
-0.3520518358531317
0.3045356371490282
-0.7537796976241901
0.939524838012959
0.7710583153347732
0.386609071274298
-0.3477321814254859
0.775377969762419
-0.5075593952483801
-0.282937365010799
0.7796976241900648
-0.10583153347732177
1.0
0.8876889848812095
0.079913606911447
-0.4643628509719222
0.3909287257019438
-0.9481641468682506
0.5032397408207343
0.3952483801295896
-0.5550755939524837
-0.7840172786177106
-0.7796976241900648
0.9265658747300216
-0.6889848812095032
-0.2786177105831533
0.6717062634989199
0.16198704103671702
-0.010799136069114312
-0.6544276457883369
0.9697624190064795
-0.3952483801295896
0.9740820734341251
EIGENVECTOR_RANK
0.9913606911447084
0.00647948164146861
0.16198704103671702
0.611231101511879
-0.33477321814254857
-0.09719222462203025
0.32613390928725705
-0.7062634989200863
-0.4254859611231101
-0.5248380129589633
-0.10583153347732177
0.25701943844492425
0.33045356371490264
-0.468682505399568
-0.13606911447084225
0.28293736501079914
0.7408207343412527
-0.39956803455723544
0.10151187904967607
-0.67170626349892
0.2613390928725703
0.9222462203023758
0.0410367170626349
0.9568034557235421
0.7235421166306695
0.7840172786177106
-0.5464362850971922
0.5637149028077755
-0.7883369330453563
0.05831533477321815
-0.6673866090712743
-0.4298056155507559
-0.32613390928725694
0.22678185745140378
-0.8833693304535637
-0.3952483801295896
-0.5766738660907127
0.32181425485961124
0.2354211663066954
0.9870410367170626
-0.37365010799136067
-0.49028077753779686
0.7278617710583153
0.5421166306695464
0.468682505399568
0.4557235421166306
-0.6760259179265659
0.4989200863930885
-0.8704103671706264
-0.6328293736501079
0.8531317494600432
0.44708423326133917
0.8358531317494602
-0.8488120950323974
-0.7105831533477323
-0.386609071274298
0.4211663066954643
0.5982721382289415
0.4946004319654427
0.2786177105831533
0.6889848812095032
-0.2742980561555075
-0.7235421166306695
0.6371490280777539
-0.44276457883369336
0.9438444924406046
0.08423326133909281
0.17926565874730027
0.7321814254859611
0.550755939524838
-0.2311015118790496
-0.8272138228941684
0.5680345572354211
-0.20950323974082063
0.1965442764578833
-0.24838012958963285
0.6501079913606913
0.6198704103671706
0.4168466522678185
0.11447084233261329
0.24838012958963285
0.935205183585313
-0.5161987041036717
-0.04103671706263501
-0.1922246220302376
0.4730021598272136
-0.693304535637149
0.06263498920086397
-0.5680345572354211
-0.29157667386609076
-0.8315334773218143
-0.48596112311015116
-0.14038876889848817
0.6155507559395248
-0.6285097192224622
-0.550755939524838
-0.8790496760259179
0.5118790496760259
-0.8358531317494601
0.25269978401727866
-0.14470842332613387
-0.6155507559395248
0.6457883369330453
-0.6544276457883369
-0.25701943844492436
0.17494600431965446
-0.6457883369330453
-0.24406047516198703
-0.43844492440604743
0.8617710583153346
-0.47300215982721383
-0.40820734341252696
-0.7580993520518359
0.48164146868250546
0.6976241900647948
-0.3002159827213823
0.5766738660907129
0.41252699784017266
-0.26133909287257007
-0.9481641468682506
-0.282937365010799
0.3434125269978401
-0.07127429805615548
0.4254859611231101
-0.028077753779697567
-0.9611231101511879
0.6760259179265657
0.7624190064794816
-0.1576673866090712
-0.25269978401727855
0.1490280777537798
-0.6846652267818574
-0.9049676025917927
0.03239740820734349
0.44276457883369313
0.3952483801295896
-0.9913606911447084
0.5853131749460043
-0.9568034557235421
0.5161987041036715
0.900647948164147
-0.3434125269978402
-0.2699784017278618
-0.6414686825053995
0.9308855291576674
-0.3563714902807775
0.9611231101511879
-0.4211663066954644
-0.44708423326133906
-0.5032397408207343
0.8012958963282937
-0.6241900647948164
0.8444924406047516
0.23974082073434122
-0.5982721382289417
0.23110151187904981
-0.21814254859611226
0.6673866090712743
-0.7796976241900648
0.13606911447084236
-0.8920086393088553
-0.2397408207343411
-0.12311015118790491
0.593952483801296
-0.5421166306695464
-0.4514038876889849
0.6414686825053995
-0.9006479481641468
0.1533477321814254
-0.5939524838012958
-0.5637149028077754
0.9265658747300216
0.5032397408207343
-0.36501079913606904
-0.08423326133909281
0.982721382289417
0.91792656587473
0.48596112311015105
0.1187904967602591
0.6717062634989199
0.2872570194384447
0.18358531317494586
-0.6630669546436285
-0.5118790496760259
-0.3909287257019438
-0.304535637149028
-0.22246220302375808
-0.06263498920086386
-0.7624190064794816
0.7062634989200864
-0.6025917926565875
-0.796976241900648
-0.7451403887688984
0.40388768898488125
-0.4557235421166306
0.7796976241900648
0.6544276457883369
0.8790496760259181
-0.3088552915766738
-0.5896328293736501
0.8315334773218142
-0.03239740820734338
0.3822894168466522
0.8401727861771058
0.5896328293736499
-0.00647948164146861
-0.9352051835853131
-0.7192224622030237
0.04535637149028071
0.8704103671706263
0.7537796976241902
-0.05399568034557234
0.3477321814254859
-0.04535637149028071
-0.5205183585313174
0.693304535637149
-0.8401727861771058
0.8920086393088551
0.3088552915766738
0.6587473002159827
0.2699784017278617
0.14470842332613398
0.3131749460043196
-0.079913606911447
-0.3779697624190065
-0.08855291576673852
0.9784017278617709
0.3520518358531317
0.6328293736501078
0.775377969762419
0.09719222462203003
-0.40388768898488114
-0.036717062634989084
-0.3174946004319654
-0.978401727861771
-0.9654427645788337
0.17062634989200842
-0.7710583153347732
0.7926565874730023
-0.7019438444924406
0.47732181425485964
-0.32181425485961124
0.13174946004319654
-0.1533477321814254
-0.10151187904967596
-0.714902807775378
0.386609071274298
-0.9395248380129589
-0.11879049676025921
-0.002159827213822796
0.33909287257019427
0.6803455723542118
-0.9740820734341252
-0.049676025917926525
-0.775377969762419
-0.010799136069114312
0.5550755939524838
0.7105831533477323
0.6241900647948164
0.7365010799136069
0.451403887688985
0.40820734341252707
-0.17062634989200864
-0.9524838012958963
0.2440604751619868
-0.529157667386609
0.05399568034557234
0.1576673866090712
-0.3520518358531317
0.07559395248380141
-0.16198704103671702
0.1879049676025919
-0.8963282937365011
-0.7365010799136069
-0.6198704103671706
-0.9956803455723542
0.8185745140388767
-0.265658747300216
-0.9265658747300216
0.036717062634989084
0.08855291576673863
0.8876889848812095
-0.5550755939524837
0.16630669546436283
0.4600431965442764
0.533477321814255
0.079913606911447
-0.5809935205183585
0.8142548596112311
0.7149028077753778
-0.01943844492440605
-0.6501079913606911
-0.7537796976241901
0.4643628509719222
-0.9222462203023758
0.10583153347732188
-0.8142548596112311
0.22246220302375797
0.6025917926565874
0.43844492440604754
-0.4168466522678186
-0.023758099352051754
-0.9827213822894169
0.5205183585313176
0.36933045356371474
-0.5075593952483801
0.21382289416846634
-0.9870410367170627
0.5075593952483801
0.14038876889848795
-0.7408207343412527
0.7667386609071274
0.3347732181425487
-0.5334773218142548
0.1922246220302375
-0.8099352051835853
0.028077753779697456
0.12742980561555073
0.3909287257019438
0.20086393088552912
0.010799136069114423
0.11015118790496747
0.7451403887688983
-0.9697624190064795
-0.6069114470842332
-0.8012958963282938
0.857451403887689
0.9481641468682505
-0.611231101511879
0.5593952483801294
0.049676025917926525
0.2656587473002159
-1.0
-0.33909287257019427
-0.8228941684665227
0.5377969762419006
0.002159827213823018
-0.5593952483801296
-0.4341252699784016
0.20950323974082075
0.37365010799136056
0.8099352051835853
-0.9092872570194385
-0.1490280777537797
-0.1965442764578833
0.3563714902807775
-0.7278617710583153
-0.6976241900647948
0.7494600431965444
0.12311015118790491
-0.48164146868250535
0.39956803455723544
-0.8617710583153347
-0.16630669546436283
0.8963282937365011
0.015118790496760237
0.4298056155507559
-0.8444924406047516
0.9956803455723542
-0.47732181425485953
0.9049676025917925
0.3045356371490282
-0.17926565874730016
-0.7321814254859611
0.09287257019438444
-0.0755939524838013
-0.3822894168466522
0.27429805615550773
-0.18358531317494597
-0.6371490280777538
-0.6889848812095032
-0.8056155507559395
0.7969762419006479
-0.06695464362850967
-0.5723542116630669
0.6285097192224622
0.8660907127429807
0.5723542116630669
-0.3131749460043196
0.6846652267818574
0.8747300215982721
-0.4600431965442764
0.01943844492440605
-0.28725701943844484
0.29589632829373635
0.7710583153347732
0.6630669546436285
-0.7494600431965444
0.8833693304535637
0.20518358531317493
-0.13174946004319643
0.29157667386609076
0.7192224622030237
-0.8660907127429806
-0.7926565874730022
-0.11015118790496747
0.36069114470842334
-0.91792656587473
0.9697624190064795
0.43412526997840173
0.8272138228941686
0.06695464362850956
-0.05831533477321804
-0.11447084233261329
0.9524838012958965
0.5809935205183585
0.9136069114470842
0.07127429805615537
-0.4946004319654428
-0.4989200863930885
0.4902807775377971
-0.09287257019438444
0.8228941684665227
-0.5377969762419006
-0.9438444924406048
-0.33045356371490275
0.939524838012959
-0.8531317494600432
-0.12742980561555073
-0.857451403887689
-0.18790496760259168
0.21814254859611237
0.36501079913606915
-0.29589632829373647
-0.6587473002159827
0.8056155507559395
0.529157667386609
0.8488120950323972
-0.36069114470842323
-0.6803455723542116
-0.8876889848812095
-0.2267818574514039
-0.20086393088552912
-0.7667386609071274
0.7883369330453562
0.546436285097192
-0.2354211663066954
-0.20518358531317493
0.7019438444924406
-0.2786177105831533
-0.21382289416846645
0.5248380129589634
-0.4643628509719222
1.0
0.9092872570194386
0.3174946004319654
-0.36933045356371486
0.30021598272138217
-0.8747300215982721
-0.17494600431965435
0.7580993520518358
-0.8185745140388769
-0.7840172786177106
-0.9308855291576674
0.023758099352051865
-0.3477321814254859
-0.015118790496760237
0.3779697624190066
0.6069114470842334
-0.41252699784017266
-0.9136069114470842
0.9654427645788337
-0.5853131749460043
0.9740820734341251
CENT_RANK
0.9568034557235421
0.37365010799136056
0.24838012958963285
0.3952483801295896
-0.4643628509719222
-0.3002159827213823
0.5896328293736499
-0.282937365010799
-0.6760259179265659
-0.5118790496760259
0.3520518358531317
0.5118790496760259
-0.14038876889848817
-0.5161987041036717
-0.25701943844492436
-0.25269978401727855
0.6025917926565874
-0.3563714902807775
0.39956803455723544
-0.8833693304535637
-0.33477321814254857
0.7494600431965444
0.1922246220302375
0.9308855291576674
0.7624190064794816
0.6241900647948164
-0.7494600431965444
0.33909287257019427
-0.9265658747300216
-0.028077753779697567
-0.22246220302375808
-0.7019438444924406
0.40388768898488125
-0.4600431965442764
-0.9956803455723542
-0.3088552915766738
-0.5248380129589633
0.10151187904967607
-0.4514038876889849
0.9870410367170626
-0.48164146868250535
-0.7408207343412527
0.8531317494600432
0.2872570194384447
0.5550755939524838
0.05399568034557234
-0.09719222462203025
0.5593952483801294
-0.9913606911447084
0.09287257019438444
0.6285097192224622
0.18358531317494586
0.9092872570194386
-0.14470842332613387
-0.8747300215982721
-0.6328293736501079
0.7235421166306695
0.4298056155507559
0.5421166306695464
0.20950323974082075
0.7883369330453562
-0.5334773218142548
-0.3822894168466522
0.468682505399568
-0.10583153347732177
0.7667386609071274
0.5809935205183585
-0.468682505399568
0.8660907127429807
0.3174946004319654
-0.6198704103671706
-0.3174946004319654
0.40820734341252707
0.1490280777537798
-0.3909287257019438
-0.33909287257019427
0.48596112311015105
0.4730021598272136
0.1533477321814254
-0.0755939524838013
0.22246220302375797
0.8920086393088551
0.2440604751619868
0.1187904967602591
-0.5593952483801296
0.4168466522678185
-0.7667386609071274
-0.079913606911447
-0.29589632829373647
0.00647948164146861
-0.47732181425485953
-0.7278617710583153
0.3434125269978401
0.8056155507559395
-0.8272138228941684
-0.7062634989200863
-0.9870410367170627
0.6673866090712743
-0.5377969762419006
0.3822894168466522
-0.550755939524838
-0.796976241900648
0.41252699784017266
-0.8488120950323974
-0.3520518358531317
-0.1922246220302376
-0.49028077753779686
-0.6544276457883369
-0.4989200863930885
0.9481641468682505
-0.11015118790496747
0.17926565874730027
-0.9395248380129589
0.4600431965442764
0.6457883369330453
0.29157667386609076
0.550755939524838
0.43412526997840173
-0.17062634989200864
-0.6025917926565875
-0.5550755939524837
0.6717062634989199
0.015118790496760237
0.5723542116630669
-0.11447084233261329
-0.7580993520518359
0.8747300215982721
0.6846652267818574
-0.2267818574514039
-0.17926565874730016
0.1965442764578833
-0.857451403887689
-0.6587473002159827
0.33045356371490264
0.17062634989200842
-0.015118790496760237
-0.9740820734341252
0.8444924406047516
-0.7192224622030237
0.30021598272138217
0.9913606911447084
0.27429805615550773
-0.32181425485961124
-0.8704103671706264
1.0
-0.09287257019438444
0.9049676025917925
-0.07127429805615548
-0.33045356371490275
-0.5464362850971922
0.7969762419006479
-0.04103671706263501
0.7840172786177106
-0.4298056155507559
-0.6803455723542116
-0.44708423326133906
-0.2699784017278618
0.4989200863930885
-0.9438444924406048
0.023758099352051865
-0.5205183585313174
-0.2742980561555075
-0.13606911447084225
0.6889848812095032
-0.714902807775378
-0.5075593952483801
0.6155507559395248
-0.6501079913606911
-0.01943844492440605
-0.8099352051835853
-0.5723542116630669
0.775377969762419
0.6544276457883369
-0.24838012958963285
0.08423326133909281
0.9956803455723542
0.7926565874730023
0.546436285097192
0.002159827213823018
0.48164146868250546
-0.3952483801295896
0.22678185745140378
-0.5982721382289417
-0.5421166306695464
0.386609071274298
0.06263498920086397
-0.20950323974082063
0.23110151187904981
-0.36069114470842323
0.693304535637149
-0.4168466522678186
-0.47300215982721383
-0.91792656587473
0.7278617710583153
-0.5939524838012958
0.6803455723542118
0.6371490280777539
0.8488120950323972
-0.7796976241900648
0.21814254859611237
0.935205183585313
-0.16630669546436283
0.4946004319654427
0.8315334773218142
0.8401727861771058
-0.611231101511879
-0.5680345572354211
-0.9092872570194385
0.21382289416846634
0.91792656587473
0.7365010799136069
-0.11879049676025921
0.36069114470842334
0.036717062634989084
-0.7365010799136069
0.8833693304535637
-0.6889848812095032
0.8704103671706263
0.32181425485961124
0.5637149028077755
-0.002159827213822796
-0.3131749460043196
0.3088552915766738
-0.21814254859611226
-0.4557235421166306
0.36933045356371474
0.857451403887689
0.010799136069114423
0.593952483801296
0.611231101511879
0.43844492440604754
-0.6241900647948164
0.5248380129589634
-0.7451403887688984
-0.8920086393088553
-0.775377969762419
-0.21382289416846645
0.0410367170626349
0.6069114470842334
-0.8185745140388769
0.4902807775377971
-0.8531317494600432
0.10583153347732188
0.028077753779697456
-0.20518358531317493
-0.39956803455723544
-0.04535637149028071
-0.8142548596112311
0.04535637149028071
-0.18790496760259168
0.3563714902807775
0.8876889848812095
-0.8876889848812095
-0.48596112311015116
-0.4254859611231101
0.44708423326133917
0.36501079913606915
0.8790496760259181
0.7580993520518358
0.5161987041036715
0.5205183585313176
0.7019438444924406
-0.265658747300216
-0.7840172786177106
0.14038876889848795
-0.010799136069114312
0.079913606911447
0.13174946004319654
-0.036717062634989084
0.4211663066954643
-0.43844492440604743
0.3477321814254859
-0.7883369330453563
-0.9049676025917927
-0.8056155507559395
-0.9481641468682506
0.8963282937365011
-0.3477321814254859
-0.8444924406047516
0.01943844492440605
-0.049676025917926525
0.982721382289417
-0.693304535637149
0.08855291576673863
0.11015118790496747
0.451403887688985
0.20086393088552912
-0.304535637149028
0.7710583153347732
0.9438444924406046
-0.5032397408207343
-0.8790496760259179
-0.6155507559395248
0.5075593952483801
-0.8228941684665227
0.07127429805615537
-0.05831533477321804
0.6198704103671706
0.44276457883369313
0.533477321814255
-0.4211663066954644
-0.18358531317494597
-0.8963282937365011
0.3045356371490282
0.2786177105831533
-0.7321814254859611
0.11447084233261329
-0.9222462203023758
0.529157667386609
0.5377969762419006
-0.9006479481641468
0.8185745140388767
0.7192224622030237
-0.9524838012958963
0.03239740820734349
-0.4341252699784016
-0.05399568034557234
0.1879049676025919
0.05831533477321815
0.6414686825053995
-0.16198704103671702
-0.023758099352051754
0.5766738660907129
-0.9308855291576674
-0.67170626349892
-0.40820734341252696
0.7796976241900648
0.8272138228941686
-0.7624190064794816
0.7105831533477323
0.5853131749460043
0.20518358531317493
-1.0
-0.00647948164146861
-0.978401727861771
0.32613390928725705
-0.12311015118790491
-0.7537796976241901
-0.26133909287257007
0.1576673866090712
-0.1533477321814254
0.6587473002159827
-0.8012958963282938
-0.3779697624190065
0.16630669546436283
0.12311015118790491
-0.40388768898488114
-0.9697624190064795
0.5680345572354211
-0.06695464362850967
-0.1490280777537797
0.3909287257019438
-0.9654427645788337
0.16198704103671702
0.900647948164147
-0.4946004319654428
0.47732181425485964
-0.6069114470842332
0.9697624190064795
-0.29157667386609076
0.9524838012958965
-0.3434125269978402
0.12742980561555073
-0.32613390928725694
0.17494600431965446
-0.08855291576673852
-0.386609071274298
0.06695464362850956
-0.36933045356371486
-0.8660907127429806
0.14470842332613398
-0.8617710583153347
0.8228941684665227
0.07559395248380141
-0.7235421166306695
0.4557235421166306
0.9136069114470842
0.25701943844492425
-0.5853131749460043
0.7408207343412527
0.7062634989200864
-0.529157667386609
-0.6371490280777538
-0.37365010799136067
0.25269978401727866
0.8012958963282937
0.6501079913606913
-0.9136069114470842
0.6760259179265657
0.2613390928725703
-0.24406047516198703
0.2354211663066954
0.6328293736501078
-0.2354211663066954
-0.9352051835853131
-0.10151187904967596
0.28293736501079914
-0.6673866090712743
0.9265658747300216
0.09719222462203003
0.9611231101511879
-0.03239740820734338
-0.5809935205183585
0.3347732181425487
0.8358531317494602
0.5982721382289415
0.939524838012959
0.4254859611231101
-0.6457883369330453
0.13606911447084236
0.6976241900647948
-0.20086393088552912
0.8099352051835853
-0.7105831533477323
-0.5896328293736501
-0.8315334773218143
0.7149028077753778
-0.9568034557235421
-0.1576673866090712
-0.9611231101511879
-0.2311015118790496
0.2699784017278617
0.2656587473002159
-0.2786177105831533
-0.5766738660907127
0.8617710583153346
0.3131749460043196
0.7321814254859611
-0.2397408207343411
-0.28725701943844484
-0.6285097192224622
-0.7710583153347732
-0.08423326133909281
-0.41252699784017266
0.8142548596112311
0.6630669546436285
-0.13174946004319643
-0.1965442764578833
0.7537796976241902
-0.7926565874730022
0.5032397408207343
0.29589632829373635
-0.6414686825053995
0.9784017278617709
0.7451403887688983
0.23974082073434122
-0.36501079913606904
0.3779697624190066
-0.9827213822894169
-0.12742980561555073
0.9222462203023758
-0.06263498920086386
-0.44276457883369336
-0.8401727861771058
-0.17494600431965435
-0.8358531317494601
-0.5637149028077754
0.049676025917926525
0.4643628509719222
-0.6846652267818574
-0.6630669546436285
0.9740820734341251
-0.6976241900647948
0.9654427645788337
RANK
332
34
48
96
448
334
136
347
352
419
417
313
275
158
112
394
323
28
307
192
387
207
273
310
302
234
252
19
291
54
143
369
371
131
241
103
278
453
455
415
94
294
239
247
169
274
342
101
439
272
263
198
235
431
86
328
125
337
26
233
41
214
305
91
374
138
164
413
95
31
462
282
216
459
154
8
324
397
460
132
107
167
408
442
382
55
430
231
70
292
205
357
119
182
194
414
378
402
424
170
206
456
84
120
100
149
183
98
61
381
36
160
13
9
165
290
108
355
106
253
40
90
191
67
4
33
224
38
155
452
270
315
153
254
300
190
433
325
346
245
180
74
366
62
343
383
368
446
188
17
104
277
361
75
20
148
363
142
71
221
35
287
5
88
359
429
7
423
161
156
262
338
14
15
173
390
428
393
420
128
30
223
236
186
244
411
437
105
249
301
129
454
118
201
320
418
340
350
53
12
162
436
449
336
211
124
110
64
395
46
145
365
432
87
79
147
349
451
296
316
280
246
151
268
401
29
321
168
135
265
333
220
178
89
227
122
279
159
243
314
213
237
248
457
45
318
185
367
295
373
266
174
283
49
399
37
242
284
306
83
345
362
267
409
264
370
73
78
339
353
344
134
364
111
51
317
22
130
286
331
59
208
199
80
181
187
391
445
82
2
384
377
389
422
421
141
304
396
43
115
441
139
303
222
426
69
218
335
133
403
27
92
271
10
250
212
256
225
1
447
99
184
351
3
18
32
72
102
85
269
407
57
117
230
298
255
285
375
113
458
63
77
356
179
76
240
202
157
440
293
11
259
260
232
308
299
309
58
177
116
44
47
219
348
123
322
66
330
6
228
405
16
238
229
166
297
25
50
392
196
319
114
386
172
341
435
97
121
388
195
127
163
189
410
261
380
329
416
312
56
193
427
210
379
444
21
438
258
24
65
288
171
326
152
60
176
150
385
93
412
434
311
372
327
203
404
204
137
197
42
226
425
68
217
126
257
215
251
81
276
354
146
52
376
209
450
398
23
200
406
289
109
360
0
400
463
358
461
443
281
39
140
175
144
