DEGREE
-0.19999999999999996
-0.19999999999999996
0.06666666666666665
0.1333333333333333
-0.1333333333333333
0.33333333333333326
-0.1333333333333333
0.2666666666666666
-0.06666666666666665
-0.1333333333333333
0.19999999999999996
0.6666666666666667
-0.7333333333333334
0.2666666666666666
-0.06666666666666665
0.33333333333333326
0.1333333333333333
0.6666666666666667
0.2666666666666666
0.6666666666666667
-0.4666666666666667
0.6000000000000001
0.6000000000000001
-0.4666666666666667
0.46666666666666656
0.46666666666666656
-0.4666666666666667
0.6000000000000001
-0.4
0.0
-0.5333333333333333
0.46666666666666656
-0.5333333333333333
-0.9333333333333333
0.33333333333333326
-0.06666666666666665
0.06666666666666665
0.5333333333333334
0.1333333333333333
0.2666666666666666
-0.7333333333333334
0.06666666666666665
0.33333333333333326
0.06666666666666665
0.19999999999999996
0.06666666666666665
0.6000000000000001
0.2666666666666666
0.1333333333333333
0.06666666666666665
0.19999999999999996
-0.4666666666666667
0.6000000000000001
0.2666666666666666
-0.2666666666666667
-0.06666666666666665
-0.2666666666666667
0.06666666666666665
0.0
0.0
-0.19999999999999996
0.0
0.06666666666666665
-0.6666666666666667
-0.4666666666666667
0.0
0.2666666666666666
-0.4666666666666667
-0.5333333333333333
0.06666666666666665
-0.8
-0.06666666666666665
0.0
0.2666666666666666
-0.19999999999999996
0.06666666666666665
-1.0
0.0
-0.4666666666666667
0.06666666666666665
0.06666666666666665
0.8
-0.8666666666666667
0.06666666666666665
-0.06666666666666665
-0.06666666666666665
0.46666666666666656
0.33333333333333326
-0.19999999999999996
-0.6
0.0
0.19999999999999996
-0.33333333333333337
-0.6
-0.19999999999999996
0.2666666666666666
-0.6666666666666667
0.33333333333333326
0.19999999999999996
-0.1333333333333333
-0.2666666666666667
-0.4
0.2666666666666666
0.5333333333333334
0.06666666666666665
0.0
-0.1333333333333333
-0.4666666666666667
-0.1333333333333333
-0.6666666666666667
0.06666666666666665
0.46666666666666656
-0.19999999999999996
0.1333333333333333
0.1333333333333333
0.06666666666666665
-0.06666666666666665
-0.6666666666666667
0.6000000000000001
0.2666666666666666
-0.2666666666666667
0.5333333333333334
0.1333333333333333
0.19999999999999996
0.1333333333333333
0.5333333333333334
-0.8
0.2666666666666666
0.0
0.3999999999999999
-0.1333333333333333
-0.1333333333333333
-0.2666666666666667
0.0
-0.6666666666666667
-0.33333333333333337
-0.1333333333333333
-0.4666666666666667
-0.06666666666666665
0.33333333333333326
0.5333333333333334
0.19999999999999996
0.0
0.3999999999999999
-0.6666666666666667
-0.6
0.06666666666666665
0.5333333333333334
-0.8
0.19999999999999996
0.5333333333333334
0.46666666666666656
0.06666666666666665
-0.1333333333333333
-0.19999999999999996
0.6000000000000001
-0.19999999999999996
-1.0
-0.06666666666666665
-0.4
-0.2666666666666667
-0.06666666666666665
0.1333333333333333
-0.5333333333333333
0.1333333333333333
0.2666666666666666
-0.19999999999999996
0.46666666666666656
0.0
0.1333333333333333
-0.5333333333333333
0.0
0.19999999999999996
0.33333333333333326
0.5333333333333334
0.0
0.3999999999999999
-0.1333333333333333
0.1333333333333333
0.33333333333333326
-0.19999999999999996
-0.5333333333333333
0.06666666666666665
-0.8
0.1333333333333333
0.33333333333333326
0.19999999999999996
0.46666666666666656
-0.6666666666666667
-0.8
-0.6
0.46666666666666656
0.5333333333333334
0.33333333333333326
0.19999999999999996
0.46666666666666656
0.0
-0.8666666666666667
-0.06666666666666665
-0.7333333333333334
-0.19999999999999996
-0.06666666666666665
-0.19999999999999996
0.06666666666666665
0.46666666666666656
-0.19999999999999996
-0.7333333333333334
-0.5333333333333333
0.0
0.06666666666666665
0.7333333333333334
-0.33333333333333337
0.33333333333333326
0.19999999999999996
0.46666666666666656
0.2666666666666666
-0.5333333333333333
0.19999999999999996
-0.2666666666666667
0.2666666666666666
0.2666666666666666
-0.5333333333333333
-0.2666666666666667
-0.6666666666666667
0.3999999999999999
-0.33333333333333337
-0.6666666666666667
-0.4666666666666667
-0.5333333333333333
-0.06666666666666665
-0.6
0.33333333333333326
-0.4666666666666667
-0.1333333333333333
0.2666666666666666
0.06666666666666665
-0.33333333333333337
0.19999999999999996
-0.2666666666666667
0.3999999999999999
0.7333333333333334
0.06666666666666665
-0.19999999999999996
-0.5333333333333333
-0.5333333333333333
-0.1333333333333333
0.19999999999999996
-0.06666666666666665
-0.8
-0.33333333333333337
-0.4666666666666667
0.19999999999999996
0.5333333333333334
-0.33333333333333337
0.3999999999999999
0.0
-0.19999999999999996
0.06666666666666665
-0.06666666666666665
-0.19999999999999996
-0.2666666666666667
-0.2666666666666667
1.0
-0.33333333333333337
0.19999999999999996
0.0
0.2666666666666666
-0.06666666666666665
0.19999999999999996
0.5333333333333334
0.2666666666666666
0.1333333333333333
-0.6
0.06666666666666665
-0.6666666666666667
0.1333333333333333
0.19999999999999996
0.33333333333333326
0.0
0.3999999999999999
-0.4666666666666667
-0.5333333333333333
-0.6
0.0
0.6000000000000001
-0.1333333333333333
0.19999999999999996
0.19999999999999996
0.7333333333333334
0.2666666666666666
-0.5333333333333333
-0.19999999999999996
0.1333333333333333
-0.4
0.19999999999999996
-0.19999999999999996
-0.06666666666666665
-0.19999999999999996
-0.19999999999999996
0.33333333333333326
-1.0
-0.6
0.33333333333333326
0.33333333333333326
-0.4
-0.33333333333333337
-0.1333333333333333
-0.9333333333333333
0.33333333333333326
-0.33333333333333337
-0.4
0.06666666666666665
-0.06666666666666665
-0.7333333333333334
-0.4
0.33333333333333326
0.46666666666666656
0.33333333333333326
0.3999999999999999
0.19999999999999996
0.0
0.6000000000000001
-0.5333333333333333
0.33333333333333326
0.06666666666666665
0.19999999999999996
-0.1333333333333333
-0.33333333333333337
-0.2666666666666667
-1.0
0.3999999999999999
-0.06666666666666665
0.3999999999999999
-0.1333333333333333
0.33333333333333326
0.0
0.46666666666666656
-0.6666666666666667
0.1333333333333333
0.3999999999999999
0.3999999999999999
-0.1333333333333333
0.0
0.46666666666666656
-0.1333333333333333
0.6000000000000001
-0.2666666666666667
0.3999999999999999
-0.06666666666666665
-0.2666666666666667
0.1333333333333333
-0.19999999999999996
EIGENVECTOR
-0.9863658651476
-0.9216944151897245
-0.7019146307213737
-0.8811917509812351
-0.9860319543655718
-0.570511648980403
-0.9782462913204523
0.2048292450632847
-0.574710784931292
-0.8775894396771925
-0.6228261638213544
-0.5169224594131391
-0.5950470247979249
-0.9689856302430475
-0.9818354410731108
0.5380357607364998
-0.9630314595776515
0.9364515617216869
-0.9018836661641971
0.9276736332191415
-0.9976143408220546
-0.9670219795504927
0.7869031348159037
-0.6905052105095886
-0.9059040477430773
-0.5345931703964131
-0.993420244395429
-0.503376128069142
-0.8818425861625002
-0.9561996172556482
-0.9724420574029522
0.8244705210904091
-0.9928083063643172
-0.9809739692518313
-0.9461856526849886
-0.924470751423104
-0.6775796801333293
0.920986127745191
-0.9287454725698773
0.44749782728414034
-0.9646363044649097
-0.9465052105320396
-0.5792793251902844
-0.5520615718782964
-0.9557411942103359
-0.7019146307213737
0.8761281141876105
-0.9706274464443586
-0.940657125372898
-0.931655380687384
-0.9259557446591242
-0.99773253789856
-0.8893050070594456
-0.5958129868898728
-0.9688055220433408
-0.774304194002338
-0.8229951179160225
0.31915490116594336
-0.9807381556259862
-0.8778041184702388
-0.9849245706670388
-0.8966622535456402
-0.9664371987266854
-0.9951780165673391
-0.9832083069720035
-0.26067642721820716
-0.9872877239012854
-0.5647459477498776
-0.9876470193374343
-0.6837916370692435
-0.973525555686476
-0.9287434916867898
-0.9804005603512682
-0.8957295185169509
-0.9854009981227629
-0.12297895147994509
-0.9925243705803891
-0.9726444845540706
-0.9922916831021341
-0.9293264752128283
-0.9143128687704672
-0.8769583515275758
-0.9935804964932138
-0.9230058820745415
-0.9701497052237672
-0.7100886754913018
0.7570068997593682
-0.9725700377946039
-0.7674842106843501
-0.9506833138533893
-0.814316283637285
-0.9198292453207371
-0.9793756806988452
-0.9720112139515819
-0.984397359551267
-0.9062187520478159
-0.9941954103376662
-0.9641810074157109
-0.961080146340201
-0.9488254426292653
-0.9245100435539173
-0.47375908954597934
-0.9704420646999968
-0.8832297480818776
-0.810622464562937
-0.9914774113744482
-0.9338337285619871
-0.7888886567763324
-0.23354387082115946
-0.9127963578457204
-0.2086480544424688
-0.9639444083231832
-0.9876467616256944
-0.8981886198683985
-0.633897651203272
-0.7308756412338094
-0.7100886754913016
-0.9966549490788321
-0.45789123866153947
-0.9158498519084781
-0.9928280135474644
-0.9400512066580198
-0.9817085048499244
-0.519983896024889
-0.978879785299775
-0.9129816229868828
-0.9896349819876521
-0.9669977573415143
-0.8824729952393797
-0.8997734184155517
-0.9631084230039554
-0.9827889076039983
-0.7086928661786787
-0.960238559502749
-0.9892001993011529
-0.6860096319898792
-0.9672121181714938
-0.9756740684687123
-0.9565096777578425
0.4983077895270238
-0.905957020150983
-0.9312347264587599
-0.9369129780780875
-0.9514138180591771
-0.9941954103376663
-0.9900487797481843
-0.9391382160622044
-0.4592567245675776
-0.9171656911701478
-0.9581860422714272
0.9209861277451905
0.687475509955275
-0.45343737852023347
-0.25934858923991766
-0.848331622962164
-0.5392774409521923
-0.9588638852645696
-0.9925243705803892
-0.9586521122355415
-0.9765823330273419
-0.9896939502520739
-0.6363436107395202
-0.9853975422676898
-0.9983222864329706
-0.9679620052648545
-0.9245539912612035
-0.9743519347397451
-0.9092187797980315
-0.9644400611367797
0.464803215629942
-0.995217830774884
-0.9017100280563766
-0.9714517917966817
-0.9736118798779363
0.8179184333524863
-0.6418177219364409
-0.9394343197511732
-0.8920487304894229
-0.9020863750964859
0.5389974863710991
-0.8500301223371124
-0.7846600609586806
-0.9797151770309808
-0.7951701946974674
-0.9344671839859248
0.6951160614342984
-0.5122918362390871
-0.399811954206302
-0.9941954103376663
-0.9275735952741381
-0.7621024752845551
-0.5564324232249056
0.7502669021799484
-0.909193279244969
-0.9342635671218634
-0.90093603632905
-0.9570911272185382
-1.0
-0.7219666226716834
-0.8424688782979289
-0.9856298161122895
-0.9847355109091968
-0.9018762167335632
-0.8214077743960303
-0.9662915938496122
-0.9351095685730354
-0.9826563415078209
-0.9978506289847168
-0.8178556912301795
-0.30489927524674
0.9852632086979496
-0.516648206122526
-0.922678241695354
-0.9254937641205325
0.8244705210904089
-0.9291571729141168
-0.9953158935565342
-0.9187331412389066
-0.6029028744238176
-0.9181577131944801
-0.9272979206505179
-0.9691191028412587
-0.8914501385730066
-0.9941954103376663
-0.91310667001172
-0.9853400427197923
-0.9913120512723752
-0.3756823738804156
-0.7728831851736896
0.0779965479758935
-0.9986358568270108
0.04378760072523047
-0.9924711076249983
-0.5981090893672392
0.5130225090700165
0.47806852964619084
-0.995975585833505
-0.26872811501295124
-0.545167734640349
-0.9136877758316763
1.0
-0.9593758013977685
-0.9216944151897245
-0.9938485460496923
-0.9773896730608478
-0.8581386000258308
-0.9246801894927746
-0.9724093654555321
-0.9899526196917342
-0.9908903796758877
-0.9948608196690519
0.4099218037472494
-0.9290891316229716
-0.769752491476662
-0.9074775685173329
-0.7111557890131543
-0.7392079715177136
-0.6837916370692435
-0.9399773135704843
-0.6130813501905766
-0.8660646221477027
-0.8521812480725928
-0.8649261217864759
-0.9967809291372587
-0.8737946215656784
-0.825324075070978
-0.5859052991349455
-0.8932831232613451
-0.9223660281633448
-0.48606873509158954
-0.9688857049210943
-0.9756118433592558
-0.9802439681039039
-0.9802363035916056
-0.9921923016089803
0.4206880461378175
0.3858751936996876
-0.9696439230568519
-0.9755405382671257
-0.5141340564905312
-0.99773253789856
-0.9900577927859342
-0.956363292184121
-0.8569950970753794
-0.9264856108462577
-0.9576548713135159
-0.8958978805357002
-0.9488512406200292
-0.5698621902411584
-0.9592463590950832
-0.992257808574371
-0.9936155472284461
-0.9712168589969218
-0.9940856392957129
-0.8513200696042859
-0.9715650780037115
-0.3825100418260754
-0.9655513642692748
-0.9889136258450351
-0.9130507515704338
-0.9925243705803892
-0.9918779987320345
-0.6873638482883413
-0.9135653887217534
-0.9975077929979299
-0.752073837007905
-0.7558833850291962
-0.9870622845358082
-0.8970501669164452
-0.7211992485823999
-0.992280762890469
-0.8449523708699624
-0.9793081115951229
-0.940023505574231
-0.9932901613250511
-0.574187804701696
0.7650668445678217
-0.928178399115318
-0.8882212985995481
-0.9508835315004591
-0.9807381556259862
0.9363433257702356
-0.9928903606570433
-0.8880048725203865
-0.4408488694252385
-0.9768656491716856
-0.9135080661308248
-0.9856248216175183
-0.9964470183552305
-0.9943767302816916
-0.8996002851422998
-0.9666055883271448
-0.9672766539703181
-0.9856521554381434
-0.9170006381214393
-0.9080999066489586
-0.9662915938496122
-0.884966500928121
-0.9234533240432107
-0.91425142421124
0.20753539077917238
-0.9459105177711042
-0.6363574612002352
-0.9184344647645634
-0.9501523560415644
0.9658146073596947
-0.9466988111635736
-0.5717241670799595
-0.8889765726438738
-0.9245100435539173
-0.924024685432105
-0.9821211911797537
CENT
-0.07922803453529725
-0.23588280213817792
-0.3084386945016173
0.6091108402286323
-0.07135280390354315
-0.09874319199792536
-0.47513735629530474
0.5571085668160669
-0.1370480363855372
0.57716160114807
-0.2691532024386286
0.09278358189512392
-0.3084386945016173
0.0884153480748
-0.01713389475047411
0.045364008847577075
0.020071697632522145
0.1483853386019891
0.8422770620559756
0.32709676647566166
-0.6874686126582135
0.08405872417825111
0.15973248160905973
-0.34503980285651625
0.7206703910614523
-0.06343759748178013
-0.16701511464509722
-0.16330144263105184
-0.35974637320746117
0.5514182817729476
-0.48556745917372424
0.07538012150560314
-0.33515021653708976
-0.8118677336554433
0.3832061934605675
-0.24471143732030587
-0.336803252968787
0.10816450158174584
0.4278049860950457
-0.008940711433940263
-0.7372939092519415
0.41721128442543143
-0.22164636198424992
0.43846109543281697
0.5429151853732859
-0.3084386945016173
0.15064861282075537
0.03266822803818892
0.5260244192219214
0.6091108402286323
-0.1275611000968716
-0.7200823287268452
0.09278358189512392
-0.27088352881993183
-0.045480635880396525
0.5685412218912598
-0.3581198227701795
-0.2639498931779881
-0.27261180626531845
0.9299340445806319
-0.35974637320746117
0.9716895666616332
0.18728294040840687
-0.7602723876896633
-0.6382225899684364
-0.02325113814249402
-0.36623393254470094
-0.2162722561808208
-0.6925420551750306
0.5742837510829621
-0.7433829117961979
-0.3033745373143124
-0.2656863882764453
0.8755462138392605
-0.27433803841195326
0.07105805101508844
-1.0
0.07754545589259498
-0.15023142483948448
-0.40611684499573897
0.6535615614568717
-0.01713389475047411
-0.44488881281025805
0.41457254600662874
0.10816450158174584
-0.37751587969694667
0.45726112252872886
0.060302766763461246
-0.015089558256061952
-0.7101382449609612
0.8324022346368711
0.7206703910614523
-0.08901631678684818
-0.7650552060880659
-0.3084386945016173
0.7268875842651716
-0.7956903431763765
0.1803529258916765
0.12146332672553606
0.6837778012016444
0.022164276401564376
0.6959977442151453
0.11258555873410492
0.8389800700722188
0.8356884653302656
-0.343396299487815
0.23184357541899403
-0.12184058384410412
-0.1521054770646626
-0.3966480446927375
-0.006885799662206371
0.12592013353684628
-0.0313708637730985
0.9162011173184352
-0.27778438131463234
0.4304631412164075
-0.37751587969694667
-0.5279374881160417
0.1803529258916765
-0.34995894579234643
-0.43259981305080464
0.4357911872433309
-0.23411071975549036
-0.12565663303593788
-0.07332534743939034
0.40405608596261744
-0.4616084188644928
0.1665778697882574
0.4304631412164075
0.9437591391398894
0.46537804817399664
-0.08119063144352623
0.8655079660666245
0.003428712114903254
-0.40611684499573897
-0.2305601691076551
0.19424151267726675
-0.3982306487093866
0.4278049860950457
0.5571085668160669
0.7052134166537856
0.6356570318192851
0.7519553072625695
0.36003735127911995
-0.7956903431763765
-0.33183839064667087
0.5628161870763784
0.07754545589259498
-0.603395944222056
0.36003735127911995
0.10816450158174584
0.5204280810392405
0.16429296713075825
-0.19093360353896838
0.6356570318192851
0.07754545589259498
0.03056194544857016
-1.0
-0.0027680010407107325
-0.6249392919772347
-0.05946490810872207
-0.25523639037602197
-0.29319263397475714
-0.7433829117961979
0.08623558778081497
0.05816021771874036
0.250959707874286
0.7021366729328278
0.41457254600662874
-0.06937776189583267
-0.4186425020894736
0.6535615614568717
0.028458414371152374
0.039003638972886945
0.14612512907410813
-0.3384543761638735
0.49545175348796344
0.443812725564839
0.4304631412164075
0.24137501750673018
0.3857991907955012
-0.40454317213588475
-0.23942060014050126
-0.37108011710110855
0.007573258313726461
0.07538012150560314
0.23898718232817395
0.2702906283346933
-0.7956903431763765
-0.6421807929841186
-0.3185138883462906
0.2129386709466341
0.05388358262750015
-0.06343759748178013
0.007573258313726461
0.9264922081740659
0.3754497166279942
-0.9743981351231865
0.6868255761310542
-0.42796302327329205
-0.39347744754247016
-0.04748603351955316
-0.4418268436844712
0.16886588751413778
0.1103735495627638
-0.30675261759139094
-0.7638612676695579
-0.6925420551750306
0.21529035222170312
0.6535615614568717
0.20824503949142725
0.812796972076115
-0.3466814095104239
0.8030658348650432
0.07538012150560314
-0.3483211227310512
-0.27088352881993183
-0.34175089611521936
0.8755462138392605
-0.30675261759139094
0.07754545589259498
-0.7638612676695579
0.9681776394880135
-0.7956903431763765
0.6032616408840492
-0.5465029851104132
-0.3532289344950359
-0.23765276099494237
-0.25348745846678344
0.3702974133755286
-0.7839996508379888
0.27515734389364255
-0.3334952635414138
-0.15397721992172608
0.3962089239101261
-0.057474775097934194
-0.5606088610387366
0.07538012150560314
0.24616067880601178
0.6445883964089292
0.15291495796790522
0.37803146452857783
-0.23588280213817792
-0.35974637320746117
-0.6329258145784835
-0.03339429315830389
0.5858216143324979
0.06890130353817492
-0.7470218228853629
-0.053486908313745474
-0.2198571529594795
0.5176362283566842
0.47353118315299714
-0.027316212591705802
-0.2604707085871436
0.36003735127911995
0.5571085668160669
0.5742837510829621
0.5628161870763784
-0.14082637314010749
0.36259681882443884
0.5009729458288865
0.12815303876756357
-0.655286571487689
0.3832061934605675
0.1665778697882574
-0.23765276099494237
0.039003638972886945
-0.37108011710110855
-0.0027680010407107325
0.15064861282075537
0.27272227609464594
-0.7138766457988266
-0.2639498931779881
-0.40139048287505597
0.42250036861678564
0.3832061934605675
0.11480053505389853
0.007573258313726461
-0.045480635880396525
-0.7200823287268452
-0.4600968755319642
-0.3950636453226948
1.0
-0.3532289344950359
-0.13136294123154735
0.44113493863805675
0.31458950865007895
0.12592013353684628
0.250959707874286
-0.37912023123966276
-0.4825956166738289
0.07105805101508844
-0.21806578566085544
0.1665778697882574
0.10155506543813875
0.6445883964089292
0.45456348550461145
-0.08706359146109799
-0.3151633279662066
-1.0
-0.3998114604225059
-0.16701511464509722
0.8063042857725395
-0.6746943629317204
-0.03944905628027273
0.23660266819993625
-0.8049614130346605
0.8356884653302656
-0.3134851138353766
-0.33515021653708976
0.8522004940398986
-0.07922803453529725
-0.4825956166738289
-0.3050645663522301
-0.23588280213817792
0.14386797801649487
0.6416066448300124
-0.027316212591705802
0.35492946424982885
-0.27261180626531845
0.40143655227454045
-0.3268562191008867
0.8095479939055352
0.16201117318435743
-0.17071968452185338
0.8389800700722188
-0.22878169316716812
-0.6276070037214897
-0.6656745123179777
0.8193107899868628
0.003428712114903254
0.10816450158174584
-0.06343759748178013
-0.3033745373143124
0.816051233138029
0.1103735495627638
-0.5178322568135824
-0.37269181751104397
-0.2982925485876151
0.32709676647566166
0.5344506517690875
0.41457254600662874
-0.336803252968787
-0.6721238470695371
0.1826597685063034
-0.06343759748178013
-0.03541513172483379
0.7488043085084999
0.022164276401564376
-0.3759096956567516
-0.08510840523386609
DEGREE_RANK
-0.4415954415954416
-0.4358974358974359
0.04843304843304841
0.20227920227920237
-0.31623931623931634
0.5555555555555556
-0.3105413105413105
0.4415954415954415
-0.2079772079772081
-0.3048433048433049
0.304843304843305
0.9601139601139601
-0.9202279202279202
0.44729344729344733
-0.20227920227920237
0.5612535612535612
0.20797720797720798
0.9658119658119657
0.45299145299145316
0.9715099715099715
-0.698005698005698
0.903133903133903
0.908831908831909
-0.6923076923076923
0.754985754985755
0.7606837606837609
-0.6866096866096867
0.9145299145299146
-0.6239316239316239
-0.08831908831908841
-0.7834757834757835
0.7663817663817665
-0.7777777777777778
-0.9772079772079773
0.566951566951567
-0.19658119658119666
0.054131054131054235
0.8404558404558404
0.21367521367521358
0.45868945868945876
-0.9145299145299145
0.05982905982905984
0.5726495726495728
0.06552706552706544
0.3105413105413106
0.07122507122507127
0.9202279202279202
0.46438746438746437
0.2193732193732194
0.0769230769230771
0.3162393162393162
-0.6809116809116809
0.9259259259259258
0.4700854700854702
-0.5213675213675213
-0.19088319088319095
-0.5156695156695157
0.0826210826210827
-0.0826210826210827
-0.07692307692307698
-0.4301994301994303
-0.07122507122507138
0.0883190883190883
-0.8917378917378918
-0.6752136752136753
-0.06552706552706555
0.4757834757834758
-0.6695156695156695
-0.7720797720797721
0.09401709401709413
-0.9544159544159544
-0.18518518518518523
-0.05982905982905984
0.4814814814814814
-0.4245014245014245
0.09971509971509973
-1.0
-0.054131054131054235
-0.6638176638176638
0.10541310541310533
0.11111111111111094
0.9943019943019944
-0.9658119658119658
0.11680911680911699
-0.17948717948717963
-0.1737891737891738
0.7720797720797721
0.5783475783475784
-0.41880341880341887
-0.829059829059829
-0.04843304843304852
0.32193732193732205
-0.584045584045584
-0.8233618233618234
-0.41310541310541316
0.487179487179487
-0.886039886039886
0.584045584045584
0.32763532763532766
-0.2991452991452992
-0.50997150997151
-0.6182336182336183
0.49287749287749305
0.8461538461538463
0.12250712250712259
-0.042735042735042805
-0.2934472934472936
-0.6581196581196581
-0.28774928774928776
-0.8803418803418803
0.1282051282051282
0.7777777777777777
-0.40740740740740755
0.225071225071225
0.23076923076923084
0.13390313390313402
-0.1680911680911682
-0.8746438746438746
0.9316239316239316
0.49857549857549865
-0.5042735042735043
0.8518518518518519
0.23646723646723644
0.33333333333333326
0.24216524216524227
0.8575498575498575
-0.9487179487179487
0.5042735042735043
-0.03703703703703709
0.6809116809116811
-0.28205128205128216
-0.27635327635327644
-0.49857549857549854
-0.03133903133903149
-0.8689458689458689
-0.5783475783475783
-0.27065527065527073
-0.6524216524216524
-0.16239316239316248
0.5897435897435896
0.8632478632478631
0.33903133903133886
-0.02564102564102566
0.6866096866096867
-0.8632478632478633
-0.8176638176638177
0.13960113960113962
0.8689458689458691
-0.9430199430199431
0.3447293447293449
0.8746438746438747
0.7834757834757835
0.14529914529914523
-0.264957264957265
-0.4017094017094017
0.9373219373219372
-0.3960113960113961
-0.9943019943019943
-0.15669515669515677
-0.6125356125356125
-0.49287749287749294
-0.15099715099715105
0.24786324786324787
-0.7663817663817664
0.2535612535612535
0.5099715099715101
-0.3903133903133904
0.7891737891737891
-0.019943019943020057
0.2592592592592593
-0.7606837606837606
-0.014245014245014342
0.3504273504273505
0.5954415954415955
0.8803418803418803
-0.008547008547008628
0.6923076923076923
-0.2592592592592594
0.2649572649572651
0.6011396011396011
-0.3846153846153847
-0.754985754985755
0.15099715099715105
-0.9373219373219374
0.27065527065527073
0.6068376068376069
0.3561253561253561
0.7948717948717949
-0.8575498575498576
-0.9316239316239316
-0.811965811965812
0.8005698005698005
0.8860398860398861
0.6125356125356125
0.3618233618233617
0.8062678062678064
-0.002849002849002913
-0.9601139601139601
-0.14529914529914545
-0.9088319088319088
-0.378917378917379
-0.13960113960113962
-0.37321937321937326
0.15669515669515688
0.811965811965812
-0.36752136752136755
-0.9031339031339032
-0.7492877492877492
0.002849002849002691
0.16239316239316248
0.9772079772079771
-0.5726495726495726
0.6182336182336183
0.36752136752136755
0.8176638176638176
0.5156695156695157
-0.7435897435897436
0.37321937321937315
-0.4871794871794872
0.5213675213675213
0.5270655270655269
-0.7378917378917379
-0.4814814814814816
-0.8518518518518519
0.6980056980056981
-0.566951566951567
-0.8461538461538461
-0.6467236467236468
-0.7321937321937322
-0.13390313390313402
-0.8062678062678063
0.6239316239316239
-0.641025641025641
-0.2535612535612536
0.5327635327635329
0.16809116809116809
-0.5612535612535612
0.378917378917379
-0.4757834757834758
0.7037037037037037
0.982905982905983
0.1737891737891737
-0.36182336182336183
-0.7264957264957266
-0.7207977207977208
-0.24786324786324787
0.3846153846153848
-0.1282051282051283
-0.9259259259259259
-0.5555555555555556
-0.6353276353276354
0.3903133903133904
0.8917378917378918
-0.5498575498575499
0.7094017094017093
0.008547008547008739
-0.35612535612535623
0.17948717948717952
-0.12250712250712248
-0.3504273504273505
-0.4700854700854702
-0.4643874643874645
1.0
-0.5441595441595442
0.396011396011396
0.014245014245014342
0.5384615384615385
-0.11680911680911688
0.4017094017094016
0.8974358974358974
0.5441595441595442
0.27635327635327633
-0.8005698005698005
0.18518518518518512
-0.8404558404558404
0.28205128205128216
0.40740740740740744
0.6296296296296295
0.019943019943019946
0.7150997150997149
-0.6296296296296297
-0.7150997150997151
-0.7948717948717949
0.02564102564102555
0.9430199430199429
-0.24216524216524227
0.41310541310541304
0.41880341880341887
0.9886039886039886
0.5498575498575498
-0.7094017094017093
-0.3447293447293448
0.28774928774928776
-0.6068376068376069
0.4245014245014245
-0.3390313390313391
-0.11111111111111116
-0.3333333333333335
-0.32763532763532766
0.6353276353276354
-0.9886039886039886
-0.7891737891737891
0.641025641025641
0.6467236467236468
-0.6011396011396012
-0.5384615384615385
-0.23646723646723655
-0.9715099715099715
0.6524216524216524
-0.5327635327635327
-0.5954415954415955
0.19088319088319095
-0.10541310541310556
-0.8974358974358975
-0.5897435897435898
0.6581196581196582
0.8233618233618234
0.6638176638176638
0.720797720797721
0.4301994301994303
0.031339031339031376
0.9487179487179489
-0.7037037037037037
0.6695156695156694
0.19658119658119677
0.4358974358974359
-0.23076923076923084
-0.5270655270655271
-0.45868945868945876
-0.9829059829059829
0.7264957264957266
-0.09971509971509973
0.7321937321937322
-0.22507122507122512
0.675213675213675
0.03703703703703698
0.829059829059829
-0.8347578347578348
0.29344729344729337
0.7378917378917378
0.7435897435897436
-0.21937321937321952
0.042735042735042805
0.8347578347578348
-0.2136752136752137
0.9544159544159545
-0.45299145299145305
0.7492877492877492
-0.09401709401709413
-0.44729344729344744
0.29914529914529897
-0.32193732193732205
EIGENVECTOR_RANK
-0.698005698005698
0.02564102564102555
0.5156695156695157
0.29344729344729337
-0.6923076923076923
0.6467236467236468
-0.5441595441595442
0.829059829059829
0.6296296296296295
0.304843304843305
0.584045584045584
0.6980056980056981
0.6125356125356125
-0.41310541310541316
-0.6125356125356125
0.8917378917378918
-0.3105413105413105
0.982905982905983
0.16809116809116809
0.9715099715099715
-0.9658119658119658
-0.378917378917379
0.9316239316239316
0.5270655270655269
0.15669515669515688
0.6866096866096867
-0.8575498575498576
0.720797720797721
0.28774928774928776
-0.24216524216524227
-0.4757834757834758
0.9430199430199429
-0.8347578347578348
-0.6011396011396012
-0.18518518518518523
-0.014245014245014342
0.5555555555555556
0.9658119658119657
-0.0826210826210827
0.8632478632478631
-0.3390313390313391
-0.19088319088319095
0.6239316239316239
0.6695156695156694
-0.23646723646723655
0.5213675213675213
0.9544159544159545
-0.4415954415954416
-0.1737891737891738
-0.11111111111111116
-0.04843304843304852
-0.9772079772079773
0.24786324786324787
0.6068376068376069
-0.4017094017094017
0.4301994301994303
0.3846153846153848
0.8404558404558404
-0.5954415954415955
0.29914529914529897
-0.6524216524216524
0.21367521367521358
-0.36182336182336183
-0.9202279202279202
-0.6353276353276354
0.7891737891737891
-0.7094017094017093
0.6581196581196582
-0.7207977207977208
0.5441595441595442
-0.49287749287749294
-0.07692307692307698
-0.584045584045584
0.225071225071225
-0.6695156695156695
0.811965811965812
-0.8176638176638177
-0.4871794871794872
-0.8062678062678063
-0.09971509971509973
0.07122507122507127
0.3105413105413106
-0.8632478632478633
0.002849002849002691
-0.4301994301994303
0.49857549857549865
0.9202279202279202
-0.4814814814814816
0.44729344729344733
-0.21937321937321952
0.4017094017094016
0.031339031339031376
-0.5612535612535612
-0.4643874643874645
-0.641025641025641
0.14529914529914523
-0.8974358974358975
-0.32763532763532766
-0.3048433048433049
-0.20227920227920237
-0.02564102564102566
0.7321937321937322
-0.4358974358974359
0.27635327635327633
0.40740740740740744
-0.7777777777777778
-0.11680911680911688
0.41880341880341887
0.8005698005698005
0.11680911680911699
0.8062678062678064
-0.32193732193732205
-0.7150997150997151
0.20227920227920237
0.5783475783475784
0.4757834757834758
0.5042735042735043
-0.9487179487179487
0.7435897435897436
0.06552706552706544
-0.8404558404558404
-0.1680911680911682
-0.6068376068376069
0.6923076923076923
-0.5498575498575499
0.11111111111111094
-0.7378917378917379
-0.37321937321937326
0.28205128205128216
0.19088319088319095
-0.31623931623931634
-0.6296296296296297
0.5099715099715101
-0.2991452991452992
-0.7321937321937322
0.5384615384615385
-0.3846153846153847
-0.5213675213675213
-0.2535612535612536
0.8803418803418803
0.15099715099715105
-0.10541310541310556
-0.13960113960113962
-0.23076923076923084
-0.886039886039886
-0.754985754985755
-0.14529914529914545
0.7378917378917378
0.054131054131054235
-0.27065527065527073
0.9601139601139601
0.903133903133903
0.7492877492877492
0.7948717948717949
0.3618233618233617
0.6809116809116811
-0.28205128205128216
-0.8233618233618234
-0.27635327635327644
-0.5270655270655271
-0.7435897435897436
0.5726495726495728
-0.6638176638176638
-0.9886039886039886
-0.3960113960113961
-0.03133903133903149
-0.5042735042735043
0.12250712250712259
-0.3333333333333335
0.8689458689458691
-0.9259259259259259
0.17948717948717952
-0.45299145299145305
-0.49857549857549854
0.9373219373219372
0.5612535612535612
-0.15099715099715105
0.23646723646723644
0.16239316239316248
0.8974358974358974
0.3561253561253561
0.4245014245014245
-0.566951566951567
0.41310541310541304
-0.1282051282051283
0.908831908831909
0.7150997150997149
0.7606837606837609
-0.9031339031339032
-0.06552706552706555
0.45299145299145316
0.6638176638176638
0.9145299145299146
0.1282051282051282
-0.12250712250712248
0.18518518518518512
-0.2592592592592594
-1.0
0.4814814814814814
0.37321937321937315
-0.6809116809116809
-0.6467236467236468
0.1737891737891737
0.3903133903133904
-0.35612535612535623
-0.13390313390313402
-0.6239316239316239
-0.9829059829059829
0.396011396011396
0.7777777777777777
0.9943019943019944
0.7037037037037037
0.008547008547008739
-0.042735042735042805
0.9487179487179489
-0.09401709401709413
-0.9316239316239316
0.03703703703703698
0.5954415954415955
0.04843304843304841
-0.05982905982905984
-0.41880341880341887
0.24216524216524227
-0.8917378917378918
0.09971509971509973
-0.6581196581196581
-0.7720797720797721
0.7720797720797721
0.4358974358974359
0.8233618233618234
-0.9943019943019943
0.8176638176638176
-0.811965811965812
0.6011396011396011
0.8860398860398861
0.8746438746438747
-0.9373219373219374
0.7834757834757835
0.675213675213675
0.0826210826210827
1.0
-0.2934472934472936
0.019943019943019946
-0.8746438746438746
-0.5384615384615385
0.33333333333333326
-0.03703703703703709
-0.4700854700854702
-0.7492877492877492
-0.7663817663817664
-0.9145299145299145
0.8518518518518519
-0.08831908831908841
0.4415954415954415
0.13960113960113962
0.49287749287749305
0.4700854700854702
0.5498575498575498
-0.15669515669515677
0.5897435897435896
0.32193732193732205
0.3447293447293449
0.32763532763532766
-0.9544159544159544
0.3162393162393162
0.378917378917379
0.6182336182336183
0.23076923076923084
0.014245014245014342
0.7264957264957266
-0.40740740740740755
-0.5156695156695157
-0.5783475783475783
-0.5726495726495726
-0.7891737891737891
0.8575498575498575
0.8461538461538463
-0.4245014245014245
-0.50997150997151
0.7094017094017093
-0.9715099715099715
-0.7606837606837606
-0.24786324786324787
0.33903133903133886
-0.054131054131054235
-0.264957264957265
0.2193732193732194
-0.2079772079772081
0.6524216524216524
-0.28774928774928776
-0.7948717948717949
-0.8689458689458689
-0.44729344729344744
-0.8803418803418803
0.3504273504273505
-0.45868945868945876
0.7663817663817665
-0.3447293447293448
-0.7264957264957266
0.10541310541310533
-0.829059829059829
-0.7834757834757835
0.5327635327635329
0.0883190883190883
-0.9601139601139601
0.46438746438746437
0.45868945868945876
-0.7037037037037037
0.20797720797720798
0.487179487179487
-0.8005698005698005
0.36752136752136755
-0.5555555555555556
-0.16239316239316248
-0.8518518518518519
0.6353276353276354
0.9259259259259258
-0.07122507122507138
0.2592592592592593
-0.22507122507122512
-0.5897435897435898
0.9772079772079771
-0.8461538461538461
0.2649572649572651
0.754985754985755
-0.5327635327635327
0.09401709401709413
-0.6752136752136753
-0.9430199430199431
-0.9088319088319088
0.19658119658119677
-0.36752136752136755
-0.3903133903133904
-0.6866096866096867
0.05982905982905984
0.13390313390313402
-0.3504273504273505
0.27065527065527073
-0.002849002849002913
0.0769230769230771
0.8347578347578348
-0.17948717948717963
0.566951566951567
0.042735042735042805
-0.2136752136752137
0.9886039886039886
-0.19658119658119666
0.641025641025641
0.2535612535612535
-0.019943019943020057
-0.008547008547008628
-0.6182336182336183
CENT_RANK
-0.15669515669515677
-0.32193732193732205
-0.4814814814814816
0.7606837606837609
-0.13960113960113962
-0.18518518518518523
-0.754985754985755
0.6980056980056981
-0.2136752136752137
0.7435897435897436
-0.3846153846153847
0.18518518518518512
-0.4757834757834758
0.17948717948717952
-0.03133903133903149
0.0826210826210827
0.03703703703703698
0.28205128205128216
0.9373219373219372
0.45299145299145316
-0.8575498575498576
0.16809116809116809
0.304843304843305
-0.5612535612535612
0.8461538461538463
-0.1282051282051283
-0.2535612535612536
-0.24216524216524227
-0.6125356125356125
0.6923076923076923
-0.7720797720797721
0.12250712250712259
-0.5270655270655271
-0.9772079772079773
0.5099715099715101
-0.3447293447293448
-0.5384615384615385
0.20227920227920237
0.5783475783475784
-0.014245014245014342
-0.8974358974358975
0.566951566951567
-0.28774928774928776
0.6125356125356125
0.6866096866096867
-0.4700854700854702
0.28774928774928776
0.06552706552706544
0.675213675213675
0.7663817663817665
-0.20227920227920237
-0.8917378917378918
0.19088319088319095
-0.3960113960113961
-0.0826210826210827
0.7264957264957266
-0.5954415954415955
-0.37321937321937326
-0.40740740740740755
0.9772079772079771
-0.6068376068376069
0.9943019943019944
0.3618233618233617
-0.9202279202279202
-0.8233618233618234
-0.03703703703703709
-0.6182336182336183
-0.27065527065527073
-0.8689458689458689
0.7321937321937322
-0.9088319088319088
-0.4415954415954416
-0.378917378917379
0.9544159544159545
-0.41310541310541316
0.11111111111111094
-1.0
0.14529914529914523
-0.22507122507122512
-0.7094017094017093
0.8005698005698005
-0.02564102564102566
-0.7378917378917379
0.5498575498575498
0.20797720797720798
-0.6524216524216524
0.6353276353276354
0.09971509971509973
-0.019943019943020057
-0.8746438746438746
0.908831908831909
0.8518518518518519
-0.17948717948717963
-0.9373219373219374
-0.4643874643874645
0.8575498575498575
-0.9658119658119658
0.3447293447293449
0.24786324786324787
0.8176638176638176
0.042735042735042805
0.829059829059829
0.23646723646723644
0.9259259259259258
0.9145299145299146
-0.5555555555555556
0.3903133903133904
-0.19088319088319095
-0.23076923076923084
-0.6752136752136753
-0.008547008547008628
0.2535612535612535
-0.054131054131054235
0.9658119658119657
-0.41880341880341887
0.5897435897435896
-0.6467236467236468
-0.7834757834757835
0.3504273504273505
-0.5783475783475783
-0.7264957264957266
0.6068376068376069
-0.3048433048433049
-0.19658119658119666
-0.14529914529914545
0.5441595441595442
-0.7492877492877492
0.32193732193732205
0.5954415954415955
0.982905982905983
0.641025641025641
-0.16239316239316248
0.9487179487179489
0.008547008547008739
-0.7037037037037037
-0.2991452991452992
0.36752136752136755
-0.6809116809116809
0.584045584045584
0.7037037037037037
0.8404558404558404
0.7720797720797721
0.8689458689458691
0.4700854700854702
-0.9601139601139601
-0.50997150997151
0.7150997150997149
0.15099715099715105
-0.8005698005698005
0.4757834757834758
0.21367521367521358
0.6695156695156694
0.3162393162393162
-0.264957264957265
0.7777777777777777
0.15669515669515688
0.05982905982905984
-0.9943019943019943
-0.002849002849002913
-0.8062678062678063
-0.10541310541310556
-0.35612535612535623
-0.4245014245014245
-0.9031339031339032
0.1737891737891737
0.09401709401709413
0.41880341880341887
0.8347578347578348
0.5555555555555556
-0.13390313390313402
-0.7150997150997151
0.8062678062678064
0.054131054131054235
0.07122507122507127
0.27635327635327633
-0.5441595441595442
0.6524216524216524
0.6239316239316239
0.6011396011396011
0.40740740740740744
0.5270655270655269
-0.698005698005698
-0.3390313390313391
-0.6296296296296297
0.019943019943019946
0.1282051282051282
0.4017094017094016
0.4301994301994303
-0.9544159544159544
-0.829059829059829
-0.49857549857549854
0.378917378917379
0.0883190883190883
-0.12250712250712248
0.02564102564102555
0.9715099715099715
0.49857549857549865
-0.9829059829059829
0.8233618233618234
-0.7207977207977208
-0.6638176638176638
-0.08831908831908841
-0.7321937321937322
0.33903133903133886
0.225071225071225
-0.45868945868945876
-0.9316239316239316
-0.8632478632478633
0.3846153846153848
0.811965811965812
0.37321937321937315
0.8917378917378918
-0.566951566951567
0.8746438746438747
0.13390313390313402
-0.5726495726495726
-0.3903133903133904
-0.5498575498575499
0.9601139601139601
-0.45299145299145305
0.16239316239316248
-0.9259259259259259
0.9886039886039886
-0.9487179487179487
0.754985754985755
-0.7891737891737891
-0.5897435897435898
-0.3333333333333335
-0.3504273504273505
0.49287749287749305
-0.9430199430199431
0.4415954415954415
-0.5156695156695157
-0.23646723646723655
0.5327635327635329
-0.09971509971509973
-0.7948717948717949
0.13960113960113962
0.41310541310541304
0.7891737891737891
0.29914529914529897
0.5042735042735043
-0.31623931623931634
-0.6011396011396012
-0.8176638176638177
-0.05982905982905984
0.7492877492877492
0.10541310541310533
-0.9145299145299145
-0.09401709401709413
-0.28205128205128216
0.6638176638176638
0.6467236467236468
-0.04843304843304852
-0.36182336182336183
0.4814814814814814
0.7094017094017093
0.7378917378917378
0.720797720797721
-0.21937321937321952
0.487179487179487
0.6581196581196582
0.2649572649572651
-0.8347578347578348
0.5156695156695157
0.32763532763532766
-0.32763532763532766
0.0769230769230771
-0.6239316239316239
0.002849002849002691
0.29344729344729337
0.4358974358974359
-0.8803418803418803
-0.36752136752136755
-0.6923076923076923
0.5726495726495728
0.5213675213675213
0.24216524216524227
0.031339031339031376
-0.07692307692307698
-0.886039886039886
-0.7435897435897436
-0.6695156695156695
1.0
-0.584045584045584
-0.2079772079772081
0.6182336182336183
0.44729344729344733
0.2592592592592593
0.4245014245014245
-0.6581196581196581
-0.7663817663817664
0.11680911680911699
-0.27635327635327644
0.33333333333333326
0.19658119658119677
0.7948717948717949
0.6296296296296295
-0.1737891737891738
-0.49287749287749294
-0.9886039886039886
-0.6866096866096867
-0.24786324786324787
0.8803418803418803
-0.8518518518518519
-0.07122507122507138
0.396011396011396
-0.9715099715099715
0.9202279202279202
-0.4871794871794872
-0.5213675213675213
0.9430199430199429
-0.15099715099715105
-0.7606837606837606
-0.44729344729344744
-0.3105413105413105
0.27065527065527073
0.7834757834757835
-0.042735042735042805
0.46438746438746437
-0.4017094017094017
0.5384615384615385
-0.5042735042735043
0.8860398860398861
0.3105413105413106
-0.2592592592592594
0.9316239316239316
-0.2934472934472936
-0.811965811965812
-0.8404558404558404
0.903133903133903
0.014245014245014342
0.2193732193732194
-0.11680911680911688
-0.4358974358974359
0.8974358974358974
0.23076923076923084
-0.7777777777777778
-0.6353276353276354
-0.4301994301994303
0.45868945868945876
0.6809116809116811
0.5612535612535612
-0.5327635327635327
-0.8461538461538461
0.3561253561253561
-0.11111111111111116
-0.06552706552706555
0.8632478632478631
0.04843304843304841
-0.641025641025641
-0.1680911680911682
RANK
76
157
300
197
33
307
96
144
188
223
230
93
206
221
63
248
70
163
40
51
280
272
89
68
207
20
304
344
329
263
189
64
244
328
159
148
236
225
117
337
30
291
313
6
126
281
82
202
120
199
170
79
134
181
274
301
137
109
282
200
290
85
116
350
338
183
268
66
28
60
243
56
226
284
119
215
212
23
105
217
175
36
343
32
310
232
145
322
190
299
309
2
12
45
94
205
219
314
71
334
339
162
114
74
58
320
53
216
10
72
57
273
254
161
228
35
182
227
266
1
242
315
122
135
327
42
250
293
67
153
325
26
302
27
233
108
78
259
8
285
50
123
107
5
92
298
351
131
0
312
124
4
169
25
193
333
346
160
235
249
201
54
279
305
347
245
112
253
318
65
14
81
88
39
110
158
269
133
331
184
194
278
16
100
349
172
156
47
173
267
15
192
165
87
247
75
292
31
185
214
237
77
147
155
220
21
164
13
11
52
295
37
84
150
332
204
336
102
277
98
111
288
262
316
174
17
46
270
240
22
324
152
127
265
294
203
97
118
345
62
136
210
191
208
106
306
186
179
238
166
289
187
271
231
287
19
340
319
143
149
255
260
229
196
241
34
264
276
180
234
321
125
83
168
342
41
275
38
138
115
128
178
121
43
286
177
297
86
130
252
176
261
251
151
48
341
44
29
7
139
256
146
258
55
69
257
9
246
224
3
49
141
154
317
239
296
80
171
209
99
198
101
167
140
24
91
95
348
142
213
303
323
211
335
330
90
104
308
103
326
18
311
132
73
218
113
195
59
129
222
61
283
