DEGREE
0.4782608695652173
-0.3913043478260869
-0.3913043478260869
0.30434782608695654
-0.30434782608695654
0.04347826086956519
0.04347826086956519
0.30434782608695654
0.3913043478260869
-0.13043478260869568
-0.5652173913043479
0.13043478260869557
-0.04347826086956519
-0.21739130434782605
-0.21739130434782605
0.04347826086956519
-0.5652173913043479
-0.13043478260869568
-0.3913043478260869
0.13043478260869557
0.13043478260869557
0.21739130434782616
-0.21739130434782605
0.3913043478260869
0.3913043478260869
0.13043478260869557
0.13043478260869557
0.30434782608695654
-0.5652173913043479
-0.4782608695652174
-0.21739130434782605
0.4782608695652173
-0.30434782608695654
-0.4782608695652174
0.30434782608695654
-0.13043478260869568
0.3913043478260869
0.3913043478260869
-0.4782608695652174
-0.21739130434782605
0.5652173913043479
0.04347826086956519
0.3913043478260869
-0.13043478260869568
-0.04347826086956519
-0.4782608695652174
0.6521739130434783
0.30434782608695654
0.30434782608695654
-0.30434782608695654
-0.13043478260869568
0.13043478260869557
-0.04347826086956519
-0.04347826086956519
-0.30434782608695654
0.30434782608695654
-0.21739130434782605
0.04347826086956519
0.30434782608695654
0.04347826086956519
0.21739130434782616
-0.5652173913043479
0.6521739130434783
0.21739130434782616
-0.21739130434782605
-0.4782608695652174
-0.4782608695652174
0.04347826086956519
0.04347826086956519
0.21739130434782616
0.30434782608695654
-0.30434782608695654
-0.21739130434782605
-0.13043478260869568
0.21739130434782616
-0.21739130434782605
-0.30434782608695654
0.21739130434782616
0.30434782608695654
0.13043478260869557
-0.3913043478260869
0.04347826086956519
0.3913043478260869
-0.30434782608695654
-0.21739130434782605
0.13043478260869557
0.21739130434782616
-0.4782608695652174
0.21739130434782616
0.826086956521739
-0.04347826086956519
0.13043478260869557
0.13043478260869557
0.4782608695652173
0.13043478260869557
0.5652173913043479
0.30434782608695654
0.04347826086956519
0.3913043478260869
0.3913043478260869
0.5652173913043479
-0.3913043478260869
0.13043478260869557
-0.04347826086956519
-0.04347826086956519
-0.04347826086956519
0.21739130434782616
-0.04347826086956519
0.21739130434782616
-0.30434782608695654
0.30434782608695654
0.13043478260869557
0.5652173913043479
0.3913043478260869
-0.3913043478260869
0.3913043478260869
0.13043478260869557
-0.30434782608695654
-0.13043478260869568
-0.04347826086956519
-0.21739130434782605
-0.4782608695652174
0.13043478260869557
0.3913043478260869
-0.5652173913043479
0.13043478260869557
0.5652173913043479
-0.3913043478260869
0.21739130434782616
-0.8260869565217391
-0.13043478260869568
-0.30434782608695654
-0.21739130434782605
-0.13043478260869568
0.21739130434782616
0.21739130434782616
-0.6521739130434783
0.04347826086956519
-0.7391304347826086
0.04347826086956519
0.13043478260869557
0.30434782608695654
0.5652173913043479
-0.13043478260869568
0.30434782608695654
-0.30434782608695654
0.826086956521739
-0.30434782608695654
-0.3913043478260869
0.04347826086956519
-0.13043478260869568
-0.13043478260869568
-0.3913043478260869
-0.9130434782608696
0.04347826086956519
0.826086956521739
0.30434782608695654
0.5652173913043479
-0.3913043478260869
0.3913043478260869
-0.04347826086956519
0.13043478260869557
0.04347826086956519
0.04347826086956519
0.13043478260869557
0.21739130434782616
-0.3913043478260869
-0.04347826086956519
0.21739130434782616
-0.13043478260869568
0.826086956521739
0.04347826086956519
-0.4782608695652174
-0.13043478260869568
0.6521739130434783
0.21739130434782616
0.3913043478260869
0.04347826086956519
0.21739130434782616
0.21739130434782616
0.13043478260869557
0.3913043478260869
-0.13043478260869568
-0.30434782608695654
-0.30434782608695654
0.30434782608695654
0.6521739130434783
-0.21739130434782605
-0.4782608695652174
0.21739130434782616
0.04347826086956519
0.04347826086956519
0.13043478260869557
-0.04347826086956519
0.13043478260869557
-0.30434782608695654
0.21739130434782616
-0.04347826086956519
0.3913043478260869
0.04347826086956519
-0.21739130434782605
0.04347826086956519
-0.04347826086956519
-0.9130434782608696
-0.04347826086956519
0.21739130434782616
-0.04347826086956519
-0.6521739130434783
0.4782608695652173
-0.13043478260869568
0.30434782608695654
-0.30434782608695654
0.5652173913043479
-0.13043478260869568
-0.3913043478260869
-0.7391304347826086
-0.04347826086956519
0.3913043478260869
-0.3913043478260869
0.3913043478260869
0.04347826086956519
0.04347826086956519
-0.30434782608695654
-0.5652173913043479
-0.21739130434782605
-0.21739130434782605
-0.21739130434782605
-0.3913043478260869
-0.3913043478260869
-0.13043478260869568
0.04347826086956519
0.21739130434782616
-0.04347826086956519
0.4782608695652173
0.13043478260869557
-0.30434782608695654
-0.13043478260869568
-0.04347826086956519
-0.04347826086956519
0.5652173913043479
-0.30434782608695654
0.4782608695652173
-0.13043478260869568
0.13043478260869557
-0.21739130434782605
0.13043478260869557
-0.30434782608695654
-0.30434782608695654
0.13043478260869557
-0.3913043478260869
0.04347826086956519
-0.21739130434782605
0.30434782608695654
0.04347826086956519
-0.04347826086956519
0.3913043478260869
0.13043478260869557
0.21739130434782616
-0.21739130434782605
0.13043478260869557
-0.13043478260869568
0.13043478260869557
0.3913043478260869
0.3913043478260869
-0.04347826086956519
-0.5652173913043479
-0.30434782608695654
0.4782608695652173
-0.4782608695652174
-0.21739130434782605
0.21739130434782616
-0.04347826086956519
-0.4782608695652174
0.826086956521739
0.13043478260869557
0.21739130434782616
0.5652173913043479
0.3913043478260869
-0.04347826086956519
0.04347826086956519
1.0
0.5652173913043479
-0.4782608695652174
0.04347826086956519
-0.13043478260869568
-0.21739130434782605
0.21739130434782616
-0.04347826086956519
0.4782608695652173
0.13043478260869557
0.30434782608695654
-0.3913043478260869
-0.5652173913043479
0.04347826086956519
-0.13043478260869568
-0.5652173913043479
0.3913043478260869
-0.3913043478260869
-0.7391304347826086
0.30434782608695654
0.13043478260869557
-0.04347826086956519
0.30434782608695654
0.13043478260869557
-0.6521739130434783
-0.13043478260869568
0.04347826086956519
-0.21739130434782605
0.21739130434782616
0.6521739130434783
0.6521739130434783
0.21739130434782616
0.6521739130434783
-0.21739130434782605
0.3913043478260869
0.30434782608695654
0.21739130434782616
-0.30434782608695654
0.13043478260869557
-0.04347826086956519
0.21739130434782616
0.04347826086956519
-0.3913043478260869
-0.04347826086956519
-0.13043478260869568
0.5652173913043479
0.04347826086956519
-0.6521739130434783
0.04347826086956519
-0.30434782608695654
0.04347826086956519
-0.30434782608695654
-0.4782608695652174
-0.4782608695652174
-0.13043478260869568
-1.0
-0.30434782608695654
0.04347826086956519
0.3913043478260869
-0.30434782608695654
-0.04347826086956519
0.30434782608695654
-0.04347826086956519
0.4782608695652173
-0.04347826086956519
0.4782608695652173
0.13043478260869557
0.21739130434782616
0.13043478260869557
-0.30434782608695654
0.30434782608695654
-0.13043478260869568
-0.13043478260869568
0.21739130434782616
0.13043478260869557
-0.04347826086956519
0.30434782608695654
0.5652173913043479
-0.04347826086956519
-0.13043478260869568
-0.5652173913043479
0.21739130434782616
-0.04347826086956519
0.4782608695652173
0.9130434782608696
0.04347826086956519
0.3913043478260869
0.13043478260869557
0.04347826086956519
-0.4782608695652174
-0.04347826086956519
-0.04347826086956519
0.04347826086956519
-0.4782608695652174
-0.04347826086956519
-0.04347826086956519
-0.3913043478260869
-0.21739130434782605
0.5652173913043479
0.13043478260869557
0.21739130434782616
-0.13043478260869568
-0.13043478260869568
0.3913043478260869
-0.04347826086956519
0.6521739130434783
0.21739130434782616
-0.13043478260869568
0.3913043478260869
-0.5652173913043479
0.21739130434782616
-0.3913043478260869
0.13043478260869557
-0.30434782608695654
0.30434782608695654
-0.30434782608695654
0.4782608695652173
-0.3913043478260869
-0.30434782608695654
0.21739130434782616
-0.4782608695652174
0.3913043478260869
0.21739130434782616
0.826086956521739
-0.30434782608695654
-0.6521739130434783
-0.21739130434782605
0.21739130434782616
0.21739130434782616
-0.6521739130434783
-0.30434782608695654
-0.13043478260869568
-0.13043478260869568
EIGENVECTOR
-0.9948493261078037
-0.9999962425301738
-0.9998749889727584
-0.9953466883452454
-0.930482653083182
-0.9998524854189264
-0.9983332066492825
-0.2510911939678603
-0.4942613371413912
-0.9997265044654235
-0.9999725634307546
-0.9999938688635928
-0.9905862285883877
-0.9999636286748631
-0.9991347241837474
-0.996121778149997
-0.9989410797713384
-0.9980930190731472
-0.7450274436384324
-0.9999982115192897
-0.9985419950100365
-0.9959039377249818
-0.9993410594275451
-0.9984688332708648
-0.9124093201723881
-0.988553329497676
-0.9993941743421996
-0.994992261961756
-0.9999725634307546
-0.9911240698244774
-0.8292788544797798
-0.9976807479178903
-0.9997565400588356
-0.9987165026997724
-0.999995933832801
-0.9998642971411634
-0.9942388425816877
-0.9666844975852311
-0.9998457463378323
-0.9996087667973969
0.3986166065751826
-0.9842000017283764
-0.9974410862187958
-0.37155298912345225
-0.9999517870144602
-0.9997972203832355
0.39585463611764893
-0.999997057424213
-0.9965920539019908
-0.8734243269790369
-0.6680406555163255
-0.999997640521619
-0.9812295303913658
-0.9999872489981874
-0.9999992673501314
-0.9944763320823831
-0.9999558539657785
-0.9993470405015604
-0.9999964854562895
-0.7425126391654399
-0.9984569064595145
-0.9998097681453678
0.5121576628776274
-0.8102795001402144
-0.9999979607268905
-0.9984406714389547
-0.9999565822645634
-0.9999718241952905
-0.9999964981017626
-0.9984967347318611
-0.9981188532021099
-0.999997111162466
-0.9934927629261997
-0.999634381171822
-0.9986177757939229
-0.9999323938256066
-0.9920484701802031
-0.9850861340449658
-0.9655152134747718
-0.9915972177489059
-0.9999993119669774
-0.9637014722380942
-0.9999969799608309
-0.9999971111624659
-0.9994357521270835
-0.915935463108516
-0.9977744506518351
-0.9999988553406017
-0.9952769095222389
0.9537416059249948
-0.9999973159493689
-0.9990464273284648
-0.9987085269554605
-0.9977562970582412
-0.5618950164486389
-0.9999904445759827
-0.9999887618593777
-0.9999873437191353
-0.12874937807821918
-0.9999942378741535
0.6215228795180474
-0.9999965488186355
-0.997739438286998
-0.9990095434385745
-0.9989259454007217
-0.9991563579076206
-0.9999898116282917
-0.993140173983261
-0.5216314203710094
-0.9998099487495979
-0.998569124208125
-0.9999983333650571
0.5965470242955679
-0.999996979960831
-0.9980690033913145
-0.9970462787541431
-0.830873350865224
-0.9803143562810087
-0.9945304948374191
-0.9999981128125498
-0.9954717168337334
-0.9998647192339838
-0.9985329971009542
0.3083246577433212
-0.9999725634307547
-0.7096169474002009
0.6833580163396671
-0.941792284511913
-0.3126820354323482
-0.9999999579814686
-0.9999966917009026
-0.9999992756764687
-0.9642416670286115
-0.9961174353080863
-0.9832893430057339
-0.6592243489972132
-0.8163906474872189
-0.9952873313712519
-0.9998402070407308
-0.9949522427713973
-0.9999835828969035
-0.997233065119443
-0.9999871435655575
-0.999428246988652
-0.9999879613055429
-0.9993754343870673
0.9060234209979765
-0.9995196827596962
-0.8507375105700276
-0.6014591152790478
-0.9983692662398607
-0.999832088370576
-0.9818484266437097
-0.9999999999999999
-0.976793945782577
0.9480168030425602
-0.8409036950176831
-0.9978690768864958
-0.9998447543936168
-0.38601456756351993
-0.9999989444050326
-0.9999959594467103
-0.9982999554058022
-0.9766668145592212
-0.7734509890990804
-0.9999889588001667
-0.999998899358809
-0.9998188629710258
-0.955452420673482
-0.9999868957140259
0.9951968279176648
-0.4667460273424314
-0.9996674170781625
-0.8255049210853375
-0.9955323052749064
-0.8302874591035367
-0.9999931179780839
-0.8857532437690903
-0.9971439757986207
-0.9247978871728717
-0.991044432576365
-0.1189974173443713
-0.36690656280508804
-0.8569320798552492
-0.9304826530831821
-0.7776418475103638
-0.9961523648575479
-0.9999558539657785
-0.9997493409970022
-0.9999903857893241
-0.9999985435253689
-0.9999984460874427
-0.9744952377436382
-0.9983016347738202
-0.9757913606584464
-0.9961070883955051
-0.995276909522239
-0.7411030960913545
-0.8418634014843009
-0.9999974127732222
-0.9999624716935726
-0.6682257436963999
-0.9991264218521074
-1.0
-0.9991563579076208
-0.999980212059526
-0.9991563579076206
-0.9481429964049785
-0.996979536332511
-0.9075239439123901
-0.9989243790480112
-0.9999991041879346
0.693268686599325
-0.9443738490621322
-0.9995555869267035
-0.9999999876579718
-0.9850976834683192
0.4511730804473282
-0.9999992338984975
0.47730507421994184
-0.9992293622295922
-0.979593510005066
-0.9991647433206875
-0.9942182201433187
-0.9999985758716878
-0.9996087667973969
-0.9999701133971148
-0.9999992338984974
-0.9999962958947388
-0.8228984425345878
-0.9846123994514987
-0.9727581149143487
-0.9716949345087563
0.08504919930121213
-0.9989031585497798
-0.9999791570012811
-0.9999535459656771
-0.999435275338793
-0.8609243008499905
0.17540734255479307
-0.9999830099532107
-0.9522745374822282
-0.9824325073605239
-0.9993019392536939
-0.999761588817157
-0.9994141221568268
-0.999997111162466
-0.9995277607831791
-0.6760707450506945
-0.9983097912075636
-0.9347744918806336
-0.9999877808786952
-0.7556803817737743
-0.5301015091771538
-0.9798645445126033
-0.9971265567157329
-0.9991558525573649
-0.9999866387987301
-0.9999989221319662
-0.6539865267505498
-0.9985324511213568
-0.963555843601067
-0.9981167786340874
-0.9999974844632014
-0.9981240979489973
-0.7953325753949856
-0.9998763506975844
-0.9979277555750232
-0.9991877022344788
-0.9993098486738665
-0.9999874857720122
-0.999998250316749
-0.9999993895614099
0.9999999999999998
-0.6151039514711394
-0.9999966122478681
-0.993436894190935
-0.8801837342198777
-0.999985956142962
-0.7966397496017551
0.8199728525822607
0.4888521406164015
-0.9996894774695171
-0.9991884121081893
-0.9999768859356258
-0.9990914674169549
-0.9999966122478681
-0.978055014179394
-0.9978962317145176
-0.9493849531464078
-0.9948602847073088
-0.9999988993588091
-0.9987217705004151
-0.7320816785095712
-0.9999986382808018
-0.9997209115938644
-0.48828045543489673
-0.999999298676677
-0.9976568799676978
-0.9999793393333113
-0.9999955414440933
-0.9999973159493688
-0.9916005645542368
-0.9999967126066714
-0.9996503920840919
-0.6418839658756623
-0.796639749601755
-0.9999799407678639
-0.6592243489972129
0.37098195338735374
-0.9968103602614333
-0.9554524206734821
-0.5769735346286864
-0.999998575871688
-0.9874022968742441
-0.39551138444496603
-0.768392167281843
-0.9997976559980913
-0.9979984889467068
-0.9950201052249104
-0.9973155300872373
-0.9795935100050659
-0.96824038871788
-0.999924639778202
-0.9999318827210651
-0.9978408502661722
-0.9999941209009893
-0.9701125608691318
-0.9993564469851056
-0.9999979615678248
-0.8570315965647145
-0.9999483930562629
-0.9999988553406016
-0.9710696430416355
-0.9334125444763168
-0.9999803732742992
-0.9878061802422176
-0.5211031406258739
0.3591885685257876
-0.5667067703334063
-0.9990095434385745
-0.755680381773774
-0.9893173655637577
-0.9977442777898483
-0.999998250316749
-0.9951383269602011
-0.9978862380645158
-0.9033095048376193
-0.9897586095906098
-0.999997111162466
-0.9999969450450882
-0.8316777328076754
-0.9998959119314326
-0.9999971487550556
-0.9537296419701651
-0.999434428568887
-0.9983899907637875
-0.9961850033612208
-0.8561099406684436
-0.9999872383134114
-0.999999811399141
-0.9884607812518484
-0.9999943419627697
-0.9999908210321202
0.9879102641368871
-0.9520329398402421
-0.9983369594526597
-0.8522940708575479
-0.9999979566160484
-0.9910731941622964
-0.9999925341252964
-0.9997313008545247
-0.9387385724430113
-0.9999994073384254
-0.9274143354560398
-0.9993116967419882
-0.999999440939704
-0.9999624716935726
-0.9980754228095597
-0.9999894887911016
-0.7799428738423637
-0.9998983495149655
-0.9992444950210694
-0.9979741924513211
-0.9749317935050952
-0.9970646506505411
-0.9999889588001668
-0.9998930053585755
-0.9959809806235495
-0.9999996443835832
-0.999828162265465
-0.9999965759106835
-0.7874213699538198
-0.9999244274015521
-0.9917758537455852
-0.9993241027097454
0.4809421698517764
-0.9999326798410633
-0.9322823065168755
-0.9825605111494099
-0.999876925046164
-0.7158706010105412
-0.9785940308740302
1.0
-0.9999316473580627
-0.9998391041860759
-0.9999975606419355
-0.9999981817598038
-0.999980615403828
-0.9999994256064846
-0.9997639500064194
-0.9999982869320441
-0.9996512057931327
CENT
0.6580276436035135
-0.5768693842255898
0.43720103624276896
0.496921439491272
0.391984159497474
-0.22883522198259088
0.1657666381140368
0.44230616748820584
-0.01590357550294541
0.705343038950677
-0.18189532023102717
-0.1045867662008585
-0.06098219194148791
0.18938906239193054
-0.2160600392914963
-0.14678843557598176
-0.4066604279054781
0.24341442162007532
-0.2152572523638404
-0.34546199396670507
0.02492951297684165
-0.14339436338617007
0.10426409075507626
-0.18107054374392106
0.6536586010492795
0.06205178915085874
0.07498241932056438
0.6276793006371626
-0.18189532023102717
-0.5909021819534657
-0.06909953495666443
0.7023471197753905
0.8902021438106835
0.5022211959011642
-0.11851783062688992
-0.06188656567630857
0.5195663507602213
0.7601787272805922
0.12481738848136792
0.03460242179238904
0.48374782112763204
0.4069122192841983
0.21891266574824053
0.03169341923950708
0.6948801466458667
-0.1925690078169866
0.049239914327113166
-0.09580406258610463
0.30181177523662517
-0.25166205924382357
0.6006862722312627
-0.10633627841808235
0.4955992165411207
0.049239914327113166
-0.6380519657865007
0.5115378051812645
-0.30880786562884044
0.10732818497795749
-0.09139062148392163
0.7249447973491931
0.3661993289567682
-0.20396411490961996
0.10324419719127254
-0.013094103720737493
-0.2725429441502788
-0.33894644699689325
-0.3647971292937119
-0.325073695196866
-0.1736234390884125
0.14567117301652344
-0.15101851079779727
-0.2296293577035774
0.31706634434783276
0.8328487077641025
0.32534414114858246
0.4219838181073332
-0.2063926103114977
0.10528471937730477
0.7539995261057322
0.5644445084908363
-0.5101212305761529
0.7882587197393371
-0.09139062148392163
-0.2296293577035774
-0.42366892664538436
0.7068429617881076
0.6889299328560816
-0.36975882168916463
0.3821108541322038
0.3981868722120372
-0.4621847945815185
-0.30433344059129586
0.4916390451007415
0.4094141287456601
0.6176837187410114
0.26376644050738984
0.2867092838849614
0.3969443574234286
0.15304221023257747
-0.09932419133681247
0.05513843521261075
0.13416401371605446
-0.08340901790841049
-0.15607633577351887
0.01915821350324709
-0.38521796153220766
0.26262846151292996
0.9982331846749157
0.07998770995493643
0.8457971770138919
-0.325073695196866
-0.3942580063131943
0.41317448967015924
-0.09139062148392163
0.9511542117894336
0.24341442162007532
0.7961391299940819
1.0
0.2002544977674232
-0.3887031777987885
0.028790536607844253
0.6844808309436026
0.3265303588941444
0.21450114927866526
-0.18189532023102717
0.7945602234233282
0.09815572750558066
-0.3316650270367253
0.1425236905313707
-0.6831661542706975
0.06205178915085874
-0.4477278624731599
-0.44507948561665034
-0.011217886559571566
0.46548454159928987
-0.1416939778779186
-0.14763556124068555
0.25355570065607513
0.4942780773802731
0.308833309677331
0.41694387546087697
0.09308551569461265
0.27634160846336586
0.2717566074036306
0.26832703010561465
-0.2168623134200932
0.3241588443795309
-0.2839919839005629
0.3528623476426105
0.143572084989537
0.32890556161173534
-0.04916925297323482
-0.5874111748955166
-1.0
0.9408533217818253
0.3241588443795309
0.23557432991150518
0.5115378051812645
0.137293180279076
0.2233374300150215
-0.5566711593269764
-0.04092957431752997
0.33247529991170377
0.6464018651330194
0.04141400309004384
0.25355570065607513
-0.07537894305612425
0.5115378051812645
0.6580276436035135
0.2101028211991336
0.3336670661250367
-0.07537894305612425
-0.5169818746028315
-0.3287400159791837
0.5824662023760754
0.22666473302059398
0.06205178915085874
-0.028937929998637202
0.1551551713958781
0.5685859233894763
0.7741624384471295
0.4006748683983803
0.02975748535303402
-0.16780106908584747
0.391984159497474
0.07298529587542868
0.33247529991170377
-0.30880786562884044
-0.2923203209118085
0.15409830354128728
-0.37610760829644807
-0.34546199396670507
0.45385314382602227
0.07998770995493643
0.9546007078528689
0.9408533217818253
0.3821108541322038
0.044343545761783565
0.7447716642805546
-0.24069449965079037
-0.4270407607239365
0.06502518040316319
-0.09668497834023515
-1.0
-0.38521796153220766
0.5493479377160941
-0.38521796153220766
0.01915821350324709
0.5894502668028769
0.939142112053416
0.20352992823016947
-0.6794366859873205
0.2717566074036306
0.51554710981135
-0.4330852604836666
-0.8288715126254979
0.0630422158903261
0.41694387546087697
-0.6799702998581046
0.35407004763617
-0.14339436338617007
0.1969863785333883
-0.2930746287517023
-0.6847603441212615
-0.039091646300012384
0.03460242179238904
-0.4277139437476942
-0.6799702998581046
0.18614513793123355
-0.16362595612622266
0.9929427726721669
0.7447716642805546
0.7310212164134733
0.22001761250552443
0.49032114932463444
-0.05463435548861295
-0.3080632757641746
-0.12024881736340798
0.48900433202297644
0.6348556471653171
0.3312844611428949
0.6933906512226402
0.4487107866870259
0.06502518040316319
-0.09050615663506456
0.672673006836781
-0.2296293577035774
0.07498241932056438
0.7068429617881076
0.7509181279977382
-0.017773328526333954
0.13938309531642612
0.044343545761783565
0.48637392755204356
-0.02986416280780979
0.34083720055607447
0.08803346366806819
0.42703994034494985
-0.5709678452634435
0.12585288674794115
0.9002201848251881
0.001988597569302142
0.7586318718201894
-0.15354990748260122
-0.03171472259732955
-0.23121611602572667
0.7249447973491931
-0.07806104759896737
-0.3942580063131943
-0.3080632757641746
0.4031668279398586
-0.3490664090074935
-0.5482435661824205
0.3372479402794848
0.7068429617881076
-0.2168623134200932
0.1300024079732056
0.8056423734976921
0.20243730420327477
0.5493479377160941
0.2422918697660712
0.4850603377426934
-0.2930746287517023
0.6276793006371626
0.48768859187248537
0.18183111058281165
-0.2168623134200932
0.7401760506940418
-0.13315837933649988
0.5561928171514408
0.9632452642936691
-0.07537894305612425
0.7961391299940819
0.07798345010776808
-0.34978598369803204
-0.3984068460102872
-0.017773328526333954
-0.23517420768695407
-0.8009434416945802
0.5769000879779183
0.05908472202032522
-0.4621847945815185
0.8104132412421905
-0.22086600924679578
-0.33458291477966784
0.5894502668028769
0.5493479377160941
0.1022250378920937
-0.1416939778779186
0.22555479873473794
0.4929580206767463
0.6580276436035135
0.26376644050738984
-0.039091646300012384
0.8785841266739083
0.13312247647091446
0.8360770205870329
0.33844342712667985
0.3241588443795309
0.35407004763617
0.08299947403704211
0.1969863785333883
-0.0922744933291928
-0.16111434556814042
0.43592732140487356
0.4106665816257693
-0.10633627841808235
-0.45826020646140353
0.11965114848787062
-0.35481084348239933
0.6176837187410114
0.5398129011759829
-0.36975882168916463
-0.4556362525545059
0.9736724552547467
-0.60073181631969
0.2603550986870533
-0.02243645138834638
0.25016759152359347
-0.07179434657927075
-0.15607633577351887
0.044343545761783565
0.5479823842687424
0.4031668279398586
-0.3490664090074935
0.51554710981135
0.3241588443795309
0.8248034546152279
0.6978630315980003
-0.2296293577035774
-0.15439260156719825
0.6594865009837512
0.6919024515762067
-0.04276499150442248
0.8539379002779961
0.11862014505397656
0.6205335177654312
0.3456359770009283
0.5589387813262563
0.20900529293722592
-0.622380301521916
0.1206828990257025
-0.04916925297323482
0.08702522385439226
0.33247529991170377
0.8441734707381341
-0.08962109818563702
-0.0027427177400516367
-0.2120409668168779
-0.5914829097126977
0.25695152757701356
0.8088215212344669
0.7819797214256456
-0.2594369988880435
0.9187314119718875
0.6262477052290718
-0.4483889968522421
-0.4270407607239365
0.5262872669164471
0.28209260759122046
0.29250008223266155
0.6609466159996611
-0.03078976012277379
-0.07984610606197118
0.6756172954452349
0.47328616589292305
0.25355570065607513
0.6993564245219439
0.5102035720094733
-0.36692612317356255
-0.14678843557598176
-0.31844600296070913
0.8604772306955333
-0.1374332095780012
0.8104132412421905
-0.023367151039030754
0.5128731382979623
-0.26175996940596025
0.8056423734976921
0.4219838181073332
-0.18107054374392106
0.09308551569461265
0.5168857509362941
0.3372479402794848
0.4321123202103405
0.5616893412570128
-0.4477278624731599
-0.34401716780420577
0.3981868722120372
-0.42973113146372477
-0.10895617587728634
-0.35409430679989784
0.0143672498662899
DEGREE_RANK
0.8009708737864076
-0.7961165048543689
-0.7912621359223301
0.5339805825242718
-0.6893203883495145
-0.043689320388349495
-0.03883495145631077
0.5388349514563107
0.6601941747572815
-0.40291262135922323
-0.9368932038834952
0.14563106796116498
-0.23786407766990292
-0.529126213592233
-0.5242718446601942
-0.03398058252427183
-0.9320388349514563
-0.3980582524271845
-0.7864077669902912
0.15048543689320382
0.15533980582524287
0.3398058252427185
-0.5194174757281553
0.6650485436893205
0.6699029126213591
0.16019417475728148
0.16504854368932032
0.5436893203883495
-0.9271844660194175
-0.883495145631068
-0.5145631067961165
0.8058252427184465
-0.6844660194174756
-0.8786407766990291
0.5485436893203883
-0.3932038834951457
0.674757281553398
0.6796116504854368
-0.8737864077669903
-0.5097087378640777
0.8592233009708738
-0.029126213592232997
0.6844660194174759
-0.38834951456310685
-0.23300970873786409
-0.8689320388349515
0.9271844660194173
0.5533980582524272
0.558252427184466
-0.6796116504854368
-0.383495145631068
0.16990291262135915
-0.22815533980582525
-0.22330097087378642
-0.674757281553398
0.5631067961165048
-0.5048543689320388
-0.024271844660194164
0.5679611650485437
-0.01941747572815533
0.34466019417475735
-0.9223300970873787
0.9320388349514563
0.34951456310679596
-0.4999999999999999
-0.8640776699029127
-0.8592233009708738
-0.014563106796116498
-0.009708737864077666
0.3543689320388348
0.5728155339805825
-0.6699029126213591
-0.4951456310679613
-0.3786407766990292
0.35922330097087385
-0.49029126213592233
-0.6650485436893203
0.3640776699029127
0.5776699029126213
0.1747572815533982
-0.7815533980582524
-0.004854368932038833
0.6893203883495147
-0.6601941747572815
-0.4854368932038836
0.1796116504854368
0.3689320388349515
-0.8543689320388349
0.3737864077669901
0.9660194174757282
-0.2184466019417476
0.18446601941747565
0.18932038834951448
0.8106796116504855
0.19417475728155353
0.8640776699029125
0.5825242718446604
0.0
0.6941747572815533
0.6990291262135921
0.8689320388349515
-0.7766990291262136
0.19902912621359237
-0.21359223300970875
-0.20873786407766992
-0.2038834951456311
0.3786407766990292
-0.19902912621359237
0.383495145631068
-0.6553398058252426
0.587378640776699
0.20388349514563098
0.8737864077669903
0.703883495145631
-0.7718446601941747
0.70873786407767
0.2087378640776698
-0.6504854368932038
-0.37378640776699035
-0.19417475728155342
-0.48058252427184467
-0.8495145631067961
0.21359223300970864
0.7135922330097086
-0.9174757281553398
0.2184466019417477
0.8786407766990292
-0.7669902912621359
0.38834951456310685
-0.9854368932038835
-0.3689320388349515
-0.645631067961165
-0.47572815533980595
-0.3640776699029127
0.39320388349514546
0.3980582524271845
-0.9660194174757282
0.004854368932038833
-0.9805825242718447
0.009708737864077444
0.2233009708737863
0.5922330097087378
0.8834951456310678
-0.35922330097087385
0.5970873786407767
-0.6407766990291262
0.970873786407767
-0.6359223300970873
-0.7621359223300971
0.014563106796116498
-0.354368932038835
-0.3495145631067961
-0.7572815533980582
-0.9951456310679612
0.01941747572815533
0.9757281553398058
0.6019417475728155
0.8883495145631068
-0.7524271844660194
0.7184466019417475
-0.1893203883495146
0.22815533980582514
0.024271844660194164
0.029126213592232997
0.23300970873786397
0.40291262135922334
-0.7475728155339806
-0.18446601941747576
0.4077669902912622
-0.34466019417475735
0.9805825242718447
0.03398058252427183
-0.8446601941747572
-0.3398058252427184
0.9368932038834952
0.412621359223301
0.7233009708737863
0.03883495145631066
0.4174757281553396
0.4223300970873787
0.23786407766990303
0.7281553398058254
-0.3349514563106797
-0.6310679611650485
-0.6262135922330097
0.6067961165048543
0.941747572815534
-0.470873786407767
-0.8398058252427184
0.4271844660194175
0.043689320388349495
0.04854368932038833
0.24271844660194186
-0.17961165048543692
0.24757281553398047
-0.6213592233009708
0.43203883495145634
-0.1747572815533981
0.7330097087378642
0.05339805825242716
-0.4660194174757283
0.058252427184465994
-0.16990291262135926
-0.9902912621359223
-0.16504854368932043
0.43689320388349495
-0.1601941747572816
-0.9611650485436893
0.8155339805825244
-0.33009708737864074
0.6116504854368932
-0.616504854368932
0.8932038834951457
-0.325242718446602
-0.7427184466019418
-0.9757281553398058
-0.15533980582524276
0.7378640776699028
-0.7378640776699029
0.7427184466019416
0.06310679611650483
0.06796116504854366
-0.6116504854368932
-0.912621359223301
-0.46116504854368934
-0.4563106796116505
-0.45145631067961167
-0.7330097087378641
-0.7281553398058253
-0.3203883495145631
0.07281553398058249
0.441747572815534
-0.15048543689320393
0.820388349514563
0.2524271844660193
-0.6067961165048543
-0.31553398058252435
-0.1456310679611651
-0.14077669902912626
0.8980582524271845
-0.6019417475728155
0.8252427184466018
-0.3106796116504854
0.25728155339805836
-0.44660194174757284
0.2621359223300972
-0.5970873786407767
-0.5922330097087378
0.2669902912621358
-0.7233009708737864
0.07766990291262132
-0.441747572815534
0.616504854368932
0.08252427184466016
-0.13592233009708732
0.7475728155339807
0.27184466019417464
0.44660194174757284
-0.4368932038834952
0.2766990291262137
-0.3058252427184467
0.2815533980582525
0.7524271844660195
0.7572815533980581
-0.1310679611650486
-0.9077669902912622
-0.587378640776699
0.8300970873786409
-0.8349514563106796
-0.43203883495145634
0.45145631067961167
-0.12621359223300965
-0.8300970873786407
0.9854368932038835
0.28640776699029113
0.4563106796116503
0.9029126213592233
0.762135922330097
-0.12135922330097093
0.08737864077669899
1.0
0.907766990291262
-0.8252427184466019
0.09223300970873805
-0.30097087378640774
-0.4271844660194175
0.46116504854368934
-0.11650485436893199
0.8349514563106797
0.29126213592232997
0.6213592233009708
-0.7184466019417476
-0.9029126213592233
0.09708737864077666
-0.2961165048543689
-0.8980582524271845
0.766990291262136
-0.7135922330097088
-0.970873786407767
0.6262135922330099
0.296116504854369
-0.11165048543689327
0.6310679611650485
0.30097087378640786
-0.9563106796116505
-0.2912621359223302
0.10194174757281549
-0.4223300970873787
0.46601941747572817
0.9466019417475728
0.9514563106796117
0.470873786407767
0.9563106796116505
-0.41747572815533984
0.7718446601941749
0.6359223300970873
0.47572815533980584
-0.5825242718446602
0.3058252427184467
-0.10679611650485432
0.48058252427184467
0.10679611650485432
-0.7087378640776699
-0.1019417475728156
-0.28640776699029125
0.912621359223301
0.11165048543689315
-0.9514563106796117
0.11650485436893199
-0.5776699029126213
0.12135922330097082
-0.5728155339805825
-0.8203883495145631
-0.8155339805825242
-0.2815533980582525
-1.0
-0.5679611650485437
0.12621359223300965
0.7766990291262135
-0.5631067961165048
-0.09708737864077677
0.6407766990291262
-0.09223300970873793
0.8398058252427185
-0.0873786407766991
0.8446601941747571
0.3106796116504853
0.4854368932038835
0.31553398058252413
-0.558252427184466
0.6456310679611652
-0.2766990291262136
-0.27184466019417486
0.49029126213592233
0.3203883495145632
-0.08252427184466016
0.6504854368932038
0.9174757281553398
-0.07766990291262144
-0.2669902912621359
-0.8932038834951457
0.49514563106796117
-0.07281553398058249
0.8495145631067962
0.9951456310679612
0.13106796116504849
0.7815533980582523
0.325242718446602
0.13592233009708754
-0.8106796116504854
-0.06796116504854377
-0.06310679611650483
0.14077669902912615
-0.8058252427184466
-0.058252427184466105
-0.05339805825242716
-0.703883495145631
-0.412621359223301
0.9223300970873787
0.33009708737864063
0.4999999999999998
-0.2621359223300972
-0.25728155339805825
0.7864077669902914
-0.04854368932038844
0.9611650485436893
0.5048543689320388
-0.2524271844660195
0.7912621359223302
-0.8883495145631067
0.5097087378640777
-0.6990291262135921
0.33495145631067946
-0.5533980582524272
0.6553398058252426
-0.5485436893203883
0.854368932038835
-0.6941747572815533
-0.5436893203883495
0.5145631067961165
-0.8009708737864077
0.796116504854369
0.5194174757281553
0.9902912621359223
-0.5388349514563107
-0.9466019417475728
-0.4077669902912622
0.5242718446601942
0.529126213592233
-0.941747572815534
-0.5339805825242718
-0.24757281553398058
-0.24271844660194175
EIGENVECTOR_RANK
0.23786407766990303
-0.6990291262135921
-0.3980582524271845
0.19417475728155353
0.558252427184466
-0.383495145631068
-0.009708737864077666
0.8737864077669903
0.8349514563106797
-0.30097087378640774
-0.5097087378640777
-0.6650485436893203
0.3106796116504853
-0.4951456310679613
-0.1310679611650486
0.16019417475728148
-0.1019417475728156
0.024271844660194164
0.7330097087378642
-0.8446601941747572
-0.058252427184466105
0.1796116504854368
-0.19902912621359237
-0.03883495145631077
0.5776699029126213
0.325242718446602
-0.2184466019417476
0.2233009708737863
-0.5194174757281553
0.296116504854369
0.6601941747572815
0.09223300970873805
-0.31553398058252435
-0.07766990291262144
-0.6893203883495145
-0.38834951456310685
0.2524271844660193
0.46601941747572817
-0.3786407766990292
-0.2621359223300972
0.9174757281553398
0.35922330097087385
0.10194174757281549
0.8592233009708738
-0.46116504854368934
-0.33009708737864074
0.912621359223301
-0.7621359223300971
0.14563106796116498
0.6019417475728155
0.7718446601941749
-0.8155339805825242
0.383495145631068
-0.5922330097087378
-0.9368932038834952
0.24757281553398047
-0.47572815533980595
-0.2038834951456311
-0.7087378640776699
0.7378640776699028
-0.03398058252427183
-0.3398058252427184
0.941747572815534
0.6796116504854368
-0.8252427184466019
-0.029126213592232997
-0.48058252427184467
-0.5048543689320388
-0.7135922330097088
-0.043689320388349495
0.014563106796116498
-0.7815533980582524
0.2621359223300972
-0.27184466019417486
-0.06796116504854377
-0.44660194174757284
0.2766990291262137
0.34951456310679596
0.470873786407767
0.29126213592232997
-0.9514563106796117
0.48058252427184467
-0.7572815533980582
-0.7669902912621359
-0.24271844660194175
0.5728155339805825
0.07281553398058249
-0.8932038834951457
0.2087378640776698
0.9805825242718447
-0.7912621359223301
-0.11650485436893199
-0.07281553398058249
0.07766990291262132
0.8155339805825244
-0.645631067961165
-0.616504854368932
-0.5970873786407767
0.8786407766990292
-0.674757281553398
0.9514563106796117
-0.7184466019417476
0.08737864077669899
-0.11165048543689327
-0.09708737864077677
-0.14077669902912626
-0.6359223300970873
0.27184466019417464
0.8252427184466018
-0.34466019417475735
-0.06310679611650483
-0.8640776699029127
0.9466019417475728
-0.7524271844660194
0.03398058252427183
0.13106796116504849
0.6504854368932038
0.38834951456310685
0.24271844660194186
-0.8349514563106796
0.18932038834951448
-0.3932038834951457
-0.05339805825242716
0.8980582524271845
-0.5145631067961165
0.7572815533980581
0.9563106796116505
0.529126213592233
0.8689320388349515
-0.9854368932038835
-0.7378640776699029
-0.941747572815534
0.47572815533980584
0.16504854368932032
0.3640776699029127
0.7766990291262135
0.674757281553398
0.19902912621359237
-0.3689320388349515
0.22815533980582514
-0.5631067961165048
0.11165048543689315
-0.5825242718446602
-0.22815533980582525
-0.6116504854368932
-0.21359223300970875
0.970873786407767
-0.24757281553398058
0.6310679611650485
0.8009708737864076
-0.01941747572815533
-0.35922330097087385
0.3786407766990292
-1.0
0.4174757281553396
0.9757281553398058
0.6407766990291262
0.06310679611650483
-0.37378640776699035
0.854368932038835
-0.9174757281553398
-0.6941747572815533
0.004854368932038833
0.4223300970873787
0.7135922330097086
-0.6213592233009708
-0.9029126213592233
-0.3495145631067961
0.49514563106796117
-0.5776699029126213
0.9902912621359223
0.8446601941747571
-0.28640776699029125
0.6650485436893205
0.18446601941747565
0.6553398058252426
-0.6601941747572815
0.5922330097087378
0.11650485436893199
0.5679611650485437
0.3058252427184467
0.8834951456310678
0.8640776699029125
0.616504854368932
0.5533980582524272
0.70873786407767
0.15533980582524287
-0.470873786407767
-0.3106796116504854
-0.6407766990291262
-0.8737864077669903
-0.8689320388349515
0.43689320388349495
0.0
0.4271844660194175
0.16990291262135915
0.20388349514563098
0.7427184466019416
0.6359223300970873
-0.8009708737864077
-0.4854368932038836
0.766990291262136
-0.12621359223300965
-0.9951456310679612
-0.1456310679611651
-0.5436893203883495
-0.15048543689320393
0.5194174757281553
0.13592233009708754
0.5825242718446604
-0.09223300970873793
-0.9223300970873787
0.9611650485436893
0.5242718446601942
-0.25728155339805825
-0.9902912621359223
0.34466019417475735
0.9223300970873787
-0.9320388349514563
0.9271844660194173
-0.16990291262135926
0.3980582524271845
-0.15533980582524276
0.25728155339805836
-0.883495145631068
-0.2669902912621359
-0.4999999999999999
-0.9271844660194175
-0.703883495145631
0.6699029126213591
0.3543689320388348
0.441747572815534
0.44660194174757284
0.8883495145631068
-0.0873786407766991
-0.529126213592233
-0.4660194174757283
-0.23786407766990292
0.6067961165048543
0.8932038834951457
-0.558252427184466
0.5048543689320388
0.3737864077669901
-0.17961165048543692
-0.3203883495145631
-0.22330097087378642
-0.7718446601941747
-0.2524271844660195
0.762135922330097
-0.004854368932038833
0.5388349514563107
-0.6067961165048543
0.7281553398058254
0.820388349514563
0.39320388349514546
0.12135922330097082
-0.13592233009708732
-0.5728155339805825
-0.912621359223301
0.7864077669902914
-0.04854368932038844
0.4854368932038835
0.01941747572815533
-0.8058252427184466
0.009708737864077444
0.6941747572815533
-0.40291262135922323
0.04854368932038833
-0.1601941747572816
-0.18446601941747576
-0.6019417475728155
-0.8495145631067961
-0.9563106796116505
0.9951456310679612
0.796116504854369
-0.7281553398058253
0.2669902912621358
0.5970873786407767
-0.5679611650485437
0.6893203883495147
0.9660194174757282
0.9368932038834952
-0.2912621359223302
-0.16504854368932043
-0.5242718446601942
-0.12135922330097093
-0.7330097087378641
0.412621359223301
0.05339805825242716
0.5145631067961165
0.23300970873786397
-0.9077669902912622
-0.08252427184466016
0.7475728155339807
-0.8883495145631067
-0.2961165048543689
0.8398058252427185
-0.9466019417475728
0.09708737864077666
-0.5339805825242718
-0.6844660194174756
-0.7961165048543689
0.28640776699029113
-0.7427184466019418
-0.2766990291262136
0.7912621359223302
0.6844660194174759
-0.5388349514563107
0.7815533980582523
0.907766990291262
0.14077669902912615
0.49029126213592233
0.8058252427184465
-0.8786407766990291
0.3398058252427185
0.8495145631067962
0.7184466019417475
-0.3349514563106797
0.03883495145631066
0.2184466019417477
0.10679611650485432
0.40291262135922334
0.46116504854368934
-0.43203883495145634
-0.441747572815534
0.06796116504854366
-0.6699029126213591
0.4563106796116503
-0.20873786407766992
-0.8300970873786407
0.6116504854368932
-0.4563106796116505
-0.8980582524271845
0.45145631067961167
0.5436893203883495
-0.5485436893203883
0.33495145631067946
0.8300970873786409
0.9029126213592233
0.8106796116504855
-0.10679611650485432
0.7233009708737863
0.3203883495145632
0.08252427184466016
-0.8543689320388349
0.21359223300970864
0.058252427184465994
0.587378640776699
0.31553398058252413
-0.7766990291262136
-0.7475728155339806
0.6456310679611652
-0.41747572815533984
-0.7864077669902912
0.4999999999999998
-0.23300970873786409
-0.024271844660194164
0.15048543689320382
0.6213592233009708
-0.587378640776699
-0.9805825242718447
0.33009708737864063
-0.6796116504854368
-0.6504854368932038
0.9854368932038835
0.5097087378640777
-0.014563106796116498
0.6262135922330099
-0.8203883495145631
0.30097087378640786
-0.6553398058252426
-0.3058252427184467
0.5339805825242718
-0.9611650485436893
0.5631067961165048
-0.1893203883495146
-0.970873786407767
-0.49029126213592233
0.029126213592232997
-0.6310679611650485
0.703883495145631
-0.4223300970873787
-0.1747572815533981
0.043689320388349495
0.43203883495145634
0.12621359223300965
-0.6262135922330097
-0.412621359223301
0.1747572815533982
-0.9757281553398058
-0.354368932038835
-0.7233009708737864
0.6990291262135921
-0.4271844660194175
0.2815533980582525
-0.19417475728155342
0.9320388349514563
-0.45145631067961167
0.5485436893203883
0.3689320388349515
-0.4077669902912622
0.7524271844660195
0.4077669902912622
1.0
-0.4368932038834952
-0.3640776699029127
-0.8106796116504854
-0.8398058252427184
-0.5533980582524272
-0.9660194174757282
-0.325242718446602
-0.8592233009708738
-0.2815533980582525
CENT_RANK
0.70873786407767
-0.9271844660194175
0.4563106796116503
0.5339805825242718
0.3640776699029127
-0.5970873786407767
0.058252427184465994
0.46116504854368934
-0.23786407766990292
0.7815533980582523
-0.5436893203883495
-0.4077669902912622
-0.31553398058252435
0.07281553398058249
-0.5728155339805825
-0.470873786407767
-0.8300970873786407
0.15048543689320382
-0.5679611650485437
-0.7427184466019418
-0.19902912621359237
-0.46116504854368934
-0.03398058252427183
-0.529126213592233
0.703883495145631
-0.1310679611650486
-0.09708737864077677
0.6844660194174759
-0.5388349514563107
-0.9368932038834952
-0.325242718446602
0.7766990291262135
0.941747572815534
0.5388349514563107
-0.4271844660194175
-0.3203883495145631
0.5825242718446604
0.8446601941747571
-0.004854368932038833
-0.17961165048543692
0.4854368932038835
0.40291262135922334
0.11650485436893199
-0.18446601941747576
0.762135922330097
-0.5485436893203883
-0.15048543689320393
-0.3932038834951457
0.23786407766990303
-0.6359223300970873
0.6601941747572815
-0.41747572815533984
0.529126213592233
-0.1456310679611651
-0.9563106796116505
0.5485436893203883
-0.6941747572815533
-0.024271844660194164
-0.383495145631068
0.8009708737864076
0.34951456310679596
-0.5533980582524272
-0.03883495145631077
-0.23300970873786409
-0.6504854368932038
-0.7281553398058253
-0.7718446601941747
-0.7087378640776699
-0.5194174757281553
0.03883495145631066
-0.48058252427184467
-0.616504854368932
0.24757281553398047
0.907766990291262
0.27184466019417464
0.43203883495145634
-0.558252427184466
-0.029126213592232997
0.8349514563106797
0.6310679611650485
-0.9029126213592233
0.8592233009708738
-0.3786407766990292
-0.6116504854368932
-0.8349514563106796
0.7864077669902914
0.7475728155339807
-0.7864077669902912
0.3543689320388348
0.3786407766990292
-0.8980582524271845
-0.674757281553398
0.5145631067961165
0.4077669902912622
0.6650485436893205
0.19417475728155353
0.22815533980582514
0.3737864077669901
0.043689320388349495
-0.40291262135922323
-0.14077669902912626
0.014563106796116498
-0.35922330097087385
-0.4999999999999999
-0.20873786407766992
-0.8058252427184466
0.18932038834951448
0.9951456310679612
-0.08252427184466016
0.9223300970873787
-0.703883495145631
-0.8203883495145631
0.4174757281553396
-0.37378640776699035
0.970873786407767
0.15533980582524287
0.8689320388349515
1.0
0.08737864077669899
-0.8106796116504854
-0.19417475728155342
0.7427184466019416
0.2766990291262137
0.11165048543689315
-0.5339805825242718
0.8640776699029125
-0.04854368932038844
-0.7184466019417476
0.029126213592232997
-0.9757281553398058
-0.12621359223300965
-0.8737864077669903
-0.8640776699029127
-0.22815533980582525
0.47572815533980584
-0.45145631067961167
-0.47572815533980595
0.16504854368932032
0.5242718446601942
0.24271844660194186
0.4223300970873787
-0.058252427184466105
0.2184466019417477
0.2087378640776698
0.20388349514563098
-0.587378640776699
0.2524271844660193
-0.6553398058252426
0.33495145631067946
0.03398058252427183
0.2815533980582525
-0.3058252427184467
-0.9320388349514563
-1.0
0.9611650485436893
0.25728155339805836
0.14077669902912615
0.5533980582524272
0.01941747572815533
0.12621359223300965
-0.9174757281553398
-0.2912621359223302
0.29126213592232997
0.6990291262135921
-0.16990291262135926
0.16990291262135915
-0.34466019417475735
0.558252427184466
0.7135922330097086
0.10679611650485432
0.3058252427184467
-0.3398058252427184
-0.9077669902912622
-0.7135922330097088
0.6456310679611652
0.13592233009708754
-0.12135922330097093
-0.2621359223300972
0.05339805825242716
0.6359223300970873
0.8495145631067962
0.38834951456310685
-0.1893203883495146
-0.5145631067961165
0.3689320388349515
-0.1019417475728156
0.296116504854369
-0.6893203883495145
-0.6601941747572815
0.04854368932038833
-0.7912621359223301
-0.7378640776699029
0.470873786407767
-0.07766990291262144
0.9757281553398058
0.9660194174757282
0.35922330097087385
-0.16504854368932043
0.820388349514563
-0.6310679611650485
-0.8446601941747572
-0.11165048543689327
-0.3980582524271845
-0.9951456310679612
-0.8009708737864077
0.6019417475728155
-0.7961165048543689
-0.2038834951456311
0.6504854368932038
0.9563106796116505
0.09708737864077666
-0.9611650485436893
0.21359223300970864
0.5679611650485437
-0.8592233009708738
-0.9902912621359223
-0.11650485436893199
0.4271844660194175
-0.970873786407767
0.3398058252427185
-0.4563106796116505
0.07766990291262132
-0.6699029126213591
-0.9805825242718447
-0.28640776699029125
-0.1747572815533981
-0.8495145631067961
-0.9660194174757282
0.06796116504854366
-0.5097087378640777
0.9902912621359223
0.8252427184466018
0.8106796116504855
0.12135922330097082
0.5097087378640777
-0.3106796116504854
-0.6844660194174756
-0.43203883495145634
0.5048543689320388
0.6941747572815533
0.28640776699029113
0.7572815533980581
0.46601941747572817
-0.10679611650485432
-0.3689320388349515
0.7330097087378642
-0.6067961165048543
-0.09223300970873793
0.7912621359223302
0.8300970873786409
-0.24757281553398058
0.024271844660194164
-0.1601941747572816
0.49514563106796117
-0.2669902912621359
0.325242718446602
-0.06310679611650483
0.441747572815534
-0.9223300970873787
0.0
0.9466019417475728
-0.2184466019417476
0.8398058252427185
-0.4854368932038836
-0.2766990291262136
-0.6213592233009708
0.8058252427184465
-0.3495145631067961
-0.8155339805825242
-0.6796116504854368
0.39320388349514546
-0.7524271844660194
-0.912621359223301
0.3106796116504853
0.796116504854369
-0.5825242718446602
0.004854368932038833
0.8786407766990292
0.09223300970873805
0.6067961165048543
0.14563106796116498
0.49029126213592233
-0.6650485436893203
0.6893203883495147
0.4999999999999998
0.06310679611650483
-0.5776699029126213
0.8155339805825244
-0.4368932038834952
0.616504854368932
0.9805825242718447
-0.3349514563106797
0.8737864077669903
-0.0873786407766991
-0.7572815533980582
-0.8252427184466019
-0.24271844660194175
-0.6262135922330097
-0.9854368932038835
0.6407766990291262
-0.13592233009708732
-0.8932038834951457
0.8932038834951457
-0.5922330097087378
-0.7233009708737864
0.6553398058252426
0.6116504854368932
-0.043689320388349495
-0.44660194174757284
0.13106796116504849
0.5194174757281553
0.7184466019417475
0.19902912621359237
-0.2815533980582525
0.9368932038834952
0.009708737864077444
0.912621359223301
0.3203883495145632
0.2621359223300972
0.34466019417475735
-0.07281553398058249
0.08252427184466016
-0.38834951456310685
-0.5048543689320388
0.45145631067961167
0.412621359223301
-0.412621359223301
-0.8883495145631067
-0.014563106796116498
-0.7669902912621359
0.6699029126213591
0.5922330097087378
-0.7815533980582524
-0.883495145631068
0.9854368932038835
-0.9466019417475728
0.18446601941747565
-0.2524271844660195
0.16019417475728148
-0.33009708737864074
-0.4951456310679613
-0.15533980582524276
0.5970873786407767
0.3980582524271845
-0.7475728155339806
0.5728155339805825
0.2669902912621358
0.9029126213592233
0.766990291262136
-0.6019417475728155
-0.49029126213592233
0.7233009708737863
0.7524271844660195
-0.2961165048543689
0.9271844660194173
-0.01941747572815533
0.674757281553398
0.33009708737864063
0.6213592233009708
0.10194174757281549
-0.9514563106796117
-0.009708737864077666
-0.30097087378640774
-0.06796116504854377
0.30097087378640786
0.9174757281553398
-0.3640776699029127
-0.22330097087378642
-0.5631067961165048
-0.941747572815534
0.1796116504854368
0.8883495145631068
0.854368932038835
-0.6407766990291262
0.9514563106796117
0.6796116504854368
-0.8786407766990291
-0.8398058252427184
0.587378640776699
0.2233009708737863
0.23300970873786397
0.7281553398058254
-0.27184466019417486
-0.354368932038835
0.7378640776699028
0.48058252427184467
0.1747572815533982
0.7718446601941749
0.5436893203883495
-0.7766990291262136
-0.4660194174757283
-0.6990291262135921
0.9320388349514563
-0.441747572815534
0.8980582524271845
-0.25728155339805825
0.5631067961165048
-0.645631067961165
0.8834951456310678
0.43689320388349495
-0.5242718446601942
-0.05339805825242716
0.5776699029126213
0.31553398058252413
0.44660194174757284
0.6262135922330099
-0.8689320388349515
-0.7330097087378641
0.383495145631068
-0.8543689320388349
-0.4223300970873787
-0.7621359223300971
-0.21359223300970875
RANK
153
203
215
298
223
129
218
227
211
54
360
335
369
29
152
1
258
160
272
172
80
90
301
327
333
376
131
406
132
214
409
226
200
377
84
16
295
111
268
119
105
204
206
190
87
332
389
66
329
411
294
271
344
19
191
407
65
304
127
173
67
110
391
56
187
236
269
91
222
282
188
147
64
397
373
49
199
297
265
71
83
246
349
5
303
145
275
286
14
18
368
76
61
45
10
28
124
23
400
68
183
229
323
103
340
350
263
70
136
15
390
21
220
135
308
393
288
237
34
410
51
326
11
99
202
47
322
58
82
113
244
366
102
383
267
166
171
291
339
30
35
12
235
151
362
353
161
224
313
264
382
254
177
395
337
250
296
8
63
133
367
261
412
104
207
20
120
182
43
39
225
164
197
252
341
46
53
100
300
25
130
176
216
201
243
185
26
247
293
108
193
320
363
256
141
401
126
307
62
22
77
57
355
328
361
38
259
276
315
101
158
251
128
149
69
98
189
178
6
285
228
13
221
321
118
278
210
359
169
123
42
233
159
309
175
156
280
17
115
338
137
165
386
370
336
106
95
312
144
143
212
142
379
96
380
48
139
72
146
155
318
346
74
122
150
240
162
186
364
170
273
403
317
255
357
148
219
319
60
88
196
4
184
97
89
408
181
270
343
41
93
325
112
140
217
75
399
257
404
324
2
7
242
192
134
385
40
281
253
284
238
234
92
310
138
52
3
33
388
55
157
167
396
213
345
402
36
378
331
342
205
279
306
289
358
405
79
179
299
174
208
305
50
94
330
356
375
27
283
239
163
24
0
168
311
351
381
245
384
121
86
352
241
44
348
387
31
9
85
248
274
59
266
232
287
198
231
249
78
262
37
180
372
81
125
116
292
277
398
371
302
394
347
73
316
365
109
354
392
314
32
260
374
209
154
195
114
194
290
334
230
107
117
