DEGREE
-0.625
-0.5
-0.25
-0.25
-0.625
0.625
-0.25
0.5
-0.25
-0.25
0.0
-0.25
0.5
-0.125
-0.25
0.25
0.375
0.125
-0.25
-0.25
0.25
1.0
-0.5
0.625
0.0
0.125
-0.375
-0.75
-0.875
-0.75
0.125
-0.25
0.125
0.625
0.375
0.125
-0.125
-0.375
-0.375
0.125
-0.25
-0.125
-0.625
0.375
0.25
-0.25
-0.875
-0.75
-0.25
-0.25
0.375
0.0
-0.25
0.25
0.125
-0.5
0.5
-0.25
-0.125
-0.75
0.375
-0.25
0.0
0.125
0.375
0.75
0.125
-0.25
-0.25
0.0
0.25
-0.25
0.375
0.125
-0.375
0.5
-0.375
-0.375
0.25
-0.125
0.375
-0.625
0.25
-0.875
0.125
0.125
0.125
0.0
0.875
-0.75
0.5
-0.5
-0.25
-0.25
-0.25
-0.25
0.125
0.625
-0.25
-0.75
-1.0
-0.125
0.0
-0.125
0.125
0.125
0.375
0.375
-0.5
-0.375
-0.125
-0.375
0.125
-0.375
0.375
-0.625
-0.125
-0.25
0.625
-0.625
-0.5
0.0
0.0
-0.25
0.25
-0.375
0.5
0.125
0.125
-0.125
0.25
0.125
0.125
-0.5
0.625
-0.625
-0.75
0.0
-0.5
-0.25
-0.375
-0.5
0.25
-0.25
0.0
0.125
-0.125
-0.125
-0.5
-0.5
0.125
0.0
-0.375
-0.25
-0.75
0.125
0.125
-0.375
-0.25
0.25
0.375
-0.25
-0.25
0.25
-0.625
-0.75
0.5
0.0
0.25
0.5
-0.125
0.875
0.125
EIGENVECTOR
-0.9999949824464188
-0.9999832912401793
-0.9999990576550433
-0.9997236192014329
-0.9999386341381308
0.6984546256279123
-0.9999906886546259
-0.9999130240686432
-0.9999725295532482
-0.9999944842145507
-0.999564304296666
-0.9814763664158216
0.7713924354014248
-0.9976093241636331
-0.9999599061484972
0.40347321976379025
-0.9999687605734305
-0.9999848827155726
-0.9999861258161701
-0.999008315417898
0.5118573981780337
1.0
-0.9999497394178565
-0.9206763164926562
-0.9717996675516163
-0.9975643162278771
-0.9998844568155834
-0.9995621532520128
-0.9999988684698443
-0.9999871514074111
-0.9999803528270277
-0.9998314780815598
-0.9999733864365462
-0.9999696593491341
-0.9999558218422446
-0.9996522442284547
-0.9999977561775383
-0.9988754684158916
-0.9992285704387244
-0.9399435412937587
-0.9993756097902378
-0.9994993791943891
-0.999999549339179
-0.9981567135044849
-0.9977084184667494
-0.9999914198641903
-0.9999912134372381
-0.9999994068465536
-0.9999990576550433
-0.999934854724808
-0.9960733823348287
-0.999995242000953
-0.9999906886546259
-0.9974974573741837
-0.6339621882540043
-0.9999883953373984
-0.9585081160111584
-0.999641016359238
-0.9832498498713534
-0.9999950347526488
-0.9999687605734306
-0.9999910261597422
-0.20570618307924937
-0.9999135245708525
-0.9999142432746672
0.8683461288983125
-0.9998664144366951
-0.9999979599138002
-0.9999984352112061
-0.999959134241245
-0.996205701319685
-0.9987422691805757
-0.9974526227763093
-0.9975643162278772
-0.9999995401915566
0.7713924354014257
-0.9999771162237178
-0.9999986967013685
-0.996205701319685
-0.9988955306384186
-0.9990351886982546
-0.9999621683319894
-0.9999697763321669
-0.9999942761005253
-0.9999770108386817
-0.9906898815025363
-0.9999231830000398
-0.9999960131704095
0.9175762473926035
-0.9999997245368875
-0.9959830906987838
-0.9999480244574782
-0.9949992929341679
-0.9999911123130135
-0.9811643612518217
-0.995008691488136
-0.9987078385872002
0.8488177239027963
-0.9999704941316829
-0.9999997245368875
-1.0
-0.9999974924996404
-0.9999902156624623
-0.9999853210958558
-0.9999917356529197
-0.9999671120385506
-0.9881769831017662
-0.9999687605734305
-0.9999604983599065
-0.9999943174988337
-0.9999686298050674
-0.9998382606670554
-0.997620507124126
-0.9997668691529747
-0.9990263768835868
-0.9999997153837464
-0.99999540838572
-0.9999959994660275
-0.997354365140142
-0.9999994663899113
-0.999999160596952
-0.9999941098438817
-0.9992287283215069
-0.9993684316857143
-0.9252341886914902
-0.27049234866473404
0.7713924354014263
-0.9996089850241541
-0.9996049651626234
-0.9999976420990012
-0.9974974573741835
0.07874531105770832
-0.9994577418172352
-0.9979166631923889
-0.999969659349134
-0.979465064410823
-0.9796146126338386
-0.9322749865037624
-0.9999966814157765
-0.9994028308431236
-0.9999912134875822
-0.9999995419940193
-0.9999726300468889
-0.9734096669485989
-0.05395072833276293
-0.9987469910299055
-0.9999226953323344
-0.9352530219674882
-0.9999929657521963
-0.9999998463008055
-0.9995393247057582
-0.9999920427457797
-0.7772788631824671
-0.9999991144798063
-0.9999986997498723
-0.9279645075354361
-0.9975224903140164
-0.9996138069723077
-0.9997277377914284
-0.9962894645164161
0.6494884737546047
-0.8825517091565003
-0.9999978084837683
-0.9738565069190638
-0.9999851334848397
-0.9796146126338388
0.7713924354014263
-0.9999205576337322
-0.9567297388490641
0.7713924354014257
-0.999885158139749
0.9253553533903389
-0.9994492518090077
CENT
-0.29455472276821415
-0.5562739026383734
-0.8701262649357914
0.37189807065163016
-0.012439793684367095
-0.5714404050149346
-0.5584515440238405
-0.13825677723714347
-0.3050963261046168
-0.6487267786999027
0.37189807065163016
0.6601044422229518
-0.5906795449791872
-0.1499900683862545
-0.20448945537914254
-0.23514023843980414
-0.05967928196582317
-0.3792405262227345
-0.48228341493669247
0.47148510641216435
-0.5949156858887472
-0.20448945537914254
-0.012439793684367095
0.5905141644539778
0.6695803183791604
0.032980900563360116
0.2139355759020185
-0.5409265390750387
-0.5164359850827434
-0.3742523022988218
-0.38172787296237076
0.11400272137421652
-0.1817871735953881
-0.14706538148549508
-0.5409265390750387
0.1279116120135939
-0.4281472905611837
0.7820590903080049
-0.3464904608175232
0.5723862220193154
0.34388091792433295
0.3046252463064256
-0.46603824557887785
0.567881803233087
0.48863620701536736
-0.26785329812139413
-0.2732337355690241
-0.5800270010392484
-0.8701262649357914
-0.2759163762119269
0.8176255004040818
-0.7252926413746359
-0.5584515440238405
0.5234331515084043
0.2287164890342286
-0.45195432782725675
0.7421884649773705
0.47148510641216435
0.18837960300558
-0.4087947481819584
-0.05967928196582317
-0.5453301436348781
-0.21011050545576393
-0.022003616465275377
-0.14119875289400052
-0.5714404050149346
0.30851084728670486
-0.732879245093519
-0.7252926413746359
-0.5475263338444154
0.7871007206051288
0.772014661269318
0.6412937699525623
0.032980900563360116
-0.8768278802221509
-0.5906795449791872
-0.5540925703353037
-0.8463534049999945
0.7871007206051288
-0.3490373551994471
0.18837960300558
-0.5409265390750387
-0.06277773477944049
-0.86844462821308
-0.47070002646195985
0.9888069213543074
-0.18749570960054807
-0.5627957914499162
-0.5671253871140145
-0.9495709335232452
0.8854225014194579
-0.05657456332245159
0.7570443517493828
-0.502881222583982
0.6319582754223321
0.8227592735128786
0.285328216718971
-0.5735924702926856
-0.4281472905611837
-0.9495709335232452
-0.9743161827344481
-0.734768423009332
-0.24886111892236706
-0.3916324428625443
-0.4937663403717476
-0.5453301436348781
0.966601784202745
-0.05967928196582317
-0.5186815263500779
-0.2892543652028077
-0.5497187953778758
0.06960773859395242
0.0561911609886927
0.37998616324034185
0.18837960300558
-0.8801638064102167
-0.7290919358120542
-0.7309870850499773
0.7176793859568775
-0.9464377796629905
-0.8734820477944774
-0.5627957914499162
0.3962749436742201
0.5769016271928273
0.34388091792433295
-0.85319652894085
-0.5906795449791872
0.07635848492064934
0.45027349789230176
-0.5342929281070148
0.5234331515084043
-0.5475263338444154
0.1992841778903538
-0.4914777295385111
-0.14706538148549508
-0.6262418432327145
-0.7252926413746359
0.4672227027119602
-0.6767665441412651
0.3320103247414692
-0.5606255038515974
-0.6385566178738347
-0.1558222718145802
0.36384716469551015
-0.5497187953778758
-0.13530900458391837
-0.1645279022978362
0.3241415603210105
-0.5671253871140145
-1.0
0.40447615521825475
-0.4960509848083934
-0.47070002646195985
-0.7422954539512052
-0.6905501367037328
0.47148510641216435
-0.1441349486379755
0.285328216718971
-0.21850169946382336
1.0
-0.5927993834393549
0.1847606001448754
-0.5387191055872425
0.7620216761693697
-0.5927993834393549
-0.7252926413746359
-0.5906795449791872
-0.1499900683862545
0.48004028723561465
-0.5906795449791872
-0.17318272170823346
-0.5671253871140145
0.17395079594790164
DEGREE_RANK
-0.8488372093023255
-0.7558139534883721
-0.4767441860465116
-0.4651162790697675
-0.8372093023255813
0.8953488372093024
-0.4534883720930233
0.8023255813953487
-0.44186046511627897
-0.43023255813953476
0.05813953488372081
-0.41860465116279066
0.8139534883720931
-0.09302325581395343
-0.40697674418604646
0.5116279069767442
0.6627906976744187
0.20930232558139528
-0.39534883720930225
-0.38372093023255804
0.5232558139534882
1.0
-0.7441860465116279
0.9069767441860466
0.06976744186046502
0.22093023255813948
-0.627906976744186
-0.9534883720930233
-0.9883720930232558
-0.9418604651162791
0.2325581395348837
-0.37209302325581395
0.2441860465116279
0.9186046511627906
0.6744186046511627
0.2558139534883719
-0.08139534883720922
-0.6162790697674418
-0.6046511627906976
0.2674418604651163
-0.36046511627906974
-0.06976744186046513
-0.8255813953488372
0.6860465116279071
0.5348837209302326
-0.34883720930232553
-0.9767441860465116
-0.9302325581395349
-0.33720930232558133
-0.3255813953488371
0.6976744186046511
0.08139534883720922
-0.313953488372093
0.5465116279069766
0.2790697674418603
-0.7325581395348837
0.8255813953488371
-0.3023255813953488
-0.05813953488372092
-0.9186046511627907
0.7093023255813953
-0.2906976744186046
0.09302325581395343
0.2906976744186047
0.7209302325581395
0.9651162790697674
0.3023255813953487
-0.2790697674418604
-0.2674418604651163
0.10465116279069742
0.5581395348837208
-0.2558139534883721
0.7325581395348837
0.3139534883720929
-0.5930232558139534
0.8372093023255816
-0.5813953488372092
-0.569767441860465
0.5697674418604652
-0.046511627906976716
0.7441860465116279
-0.813953488372093
0.5813953488372092
-0.9651162790697675
0.3255813953488371
0.33720930232558133
0.34883720930232576
0.11627906976744184
0.9767441860465116
-0.9069767441860465
0.8488372093023255
-0.7209302325581395
-0.2441860465116279
-0.2325581395348837
-0.22093023255813948
-0.20930232558139528
0.36046511627906974
0.930232558139535
-0.19767441860465107
-0.8953488372093024
-1.0
-0.03488372093023251
0.12790697674418605
-0.023255813953488413
0.37209302325581395
0.38372093023255816
0.7558139534883721
0.7674418604651161
-0.7093023255813953
-0.5581395348837209
-0.011627906976744207
-0.5465116279069767
0.39534883720930236
-0.5348837209302326
0.7790697674418605
-0.8023255813953488
2.220446049250313e-16
-0.18604651162790686
0.941860465116279
-0.7906976744186046
-0.6976744186046511
0.13953488372093026
0.15116279069767447
-0.17441860465116277
0.5930232558139537
-0.5232558139534884
0.8604651162790697
0.40697674418604635
0.4186046511627908
0.011627906976743985
0.6046511627906976
0.43023255813953476
0.4418604651162792
-0.686046511627907
0.9534883720930232
-0.7790697674418605
-0.8837209302325582
0.16279069767441845
-0.6744186046511628
-0.16279069767441856
-0.5116279069767442
-0.6627906976744186
0.6162790697674418
-0.15116279069767435
0.17441860465116288
0.4534883720930232
0.023255813953488413
0.0348837209302324
-0.6511627906976745
-0.6395348837209303
0.4651162790697674
0.18604651162790686
-0.5
-0.13953488372093015
-0.872093023255814
0.4767441860465116
0.4883720930232558
-0.4883720930232558
-0.12790697674418594
0.627906976744186
0.7906976744186047
-0.11627906976744184
-0.10465116279069764
0.6395348837209303
-0.7674418604651163
-0.8604651162790697
0.872093023255814
0.1976744186046513
0.6511627906976742
0.8837209302325582
0.04651162790697683
0.9883720930232558
0.4999999999999998
EIGENVECTOR_RANK
-0.6627906976744186
-0.40697674418604646
-0.8488372093023255
0.0348837209302324
-0.13953488372093015
0.8837209302325582
-0.5
-0.05813953488372092
-0.33720930232558133
-0.6511627906976745
0.10465116279069742
0.5813953488372092
0.9069767441860466
0.37209302325581395
-0.19767441860465107
0.8488372093023255
-0.2558139534883721
-0.41860465116279066
-0.4534883720930233
0.2558139534883719
0.8604651162790697
1.0
-0.16279069767441856
0.7558139534883721
0.6627906976744187
0.39534883720930236
-0.03488372093023251
0.11627906976744184
-0.8372093023255813
-0.4651162790697675
-0.39534883720930225
2.220446049250313e-16
-0.36046511627906974
-0.3023255813953488
-0.17441860465116277
0.04651162790697683
-0.7674418604651163
0.2790697674418603
0.22093023255813948
0.6976744186046511
0.18604651162790686
0.13953488372093026
-0.9418604651162791
0.3255813953488371
0.34883720930232576
-0.569767441860465
-0.5465116279069767
-0.8953488372093024
-0.8604651162790697
-0.12790697674418594
0.4999999999999998
-0.686046511627907
-0.5116279069767442
0.4186046511627908
0.7906976744186047
-0.4767441860465116
0.6744186046511627
0.05813953488372081
0.5697674418604652
-0.6744186046511628
-0.2674418604651163
-0.5232558139534884
0.8139534883720931
-0.06976744186046513
-0.08139534883720922
0.9651162790697674
-0.023255813953488413
-0.7906976744186046
-0.8023255813953488
-0.18604651162790686
0.4883720930232558
0.3023255813953487
0.4418604651162792
0.38372093023255816
-0.9186046511627907
0.9186046511627906
-0.38372093023255804
-0.813953488372093
0.4767441860465116
0.2674418604651163
0.2325581395348837
-0.22093023255813948
-0.313953488372093
-0.627906976744186
-0.37209302325581395
0.5465116279069766
-0.11627906976744184
-0.7209302325581395
0.9767441860465116
-0.9767441860465116
0.5116279069767442
-0.15116279069767435
0.5348837209302326
-0.5348837209302326
0.5930232558139537
0.5232558139534882
0.3139534883720929
0.9534883720930232
-0.3255813953488371
-0.9651162790697675
-1.0
-0.7441860465116279
-0.4883720930232558
-0.44186046511627897
-0.5813953488372092
-0.2325581395348837
0.5581395348837208
-0.2790697674418604
-0.20930232558139528
-0.6395348837209303
-0.2441860465116279
-0.011627906976744207
0.36046511627906974
0.011627906976743985
0.2441860465116279
-0.9534883720930233
-0.6976744186046511
-0.7093023255813953
0.4534883720930232
-0.9069767441860465
-0.8837209302325582
-0.6162790697674418
0.20930232558139528
0.1976744186046513
0.7441860465116279
0.8023255813953487
0.941860465116279
0.08139534883720922
0.09302325581395343
-0.7558139534883721
0.43023255813953476
0.8372093023255816
0.15116279069767447
0.33720930232558133
-0.2906976744186046
0.627906976744186
0.6162790697674418
0.7209302325581395
-0.7325581395348837
0.17441860465116288
-0.5581395348837209
-0.9302325581395349
-0.34883720930232553
0.6511627906976742
0.8255813953488371
0.2906976744186047
-0.10465116279069764
0.7093023255813953
-0.6046511627906976
-0.9883720930232558
0.12790697674418605
-0.5930232558139534
0.7790697674418605
-0.872093023255814
-0.8255813953488372
0.7325581395348837
0.40697674418604635
0.06976744186046502
0.023255813953488413
0.4651162790697674
0.872093023255814
0.7674418604651161
-0.7790697674418605
0.6395348837209303
-0.43023255813953476
0.6046511627906976
0.8953488372093024
-0.09302325581395343
0.6860465116279071
0.930232558139535
-0.046511627906976716
0.9883720930232558
0.16279069767441845
CENT_RANK
-0.05813953488372092
-0.4534883720930233
-0.9069767441860465
0.5930232558139537
0.2906976744186047
-0.569767441860465
-0.4767441860465116
0.1976744186046513
-0.06976744186046513
-0.7209302325581395
0.6046511627906976
0.8255813953488371
-0.6511627906976745
0.12790697674418605
0.04651162790697683
0.011627906976743985
0.2325581395348837
-0.11627906976744184
-0.2325581395348837
0.6744186046511627
-0.686046511627907
0.05813953488372081
0.3023255813953487
0.7906976744186047
0.8372093023255816
0.3139534883720929
0.4651162790697674
-0.36046511627906974
-0.2906976744186046
-0.10465116279069764
-0.12790697674418594
0.37209302325581395
0.08139534883720922
0.15116279069767447
-0.34883720930232553
0.38372093023255816
-0.17441860465116277
0.9069767441860466
-0.08139534883720922
0.7674418604651161
0.5581395348837208
0.5116279069767442
-0.19767441860465107
0.7558139534883721
0.7209302325581395
-0.011627906976744207
-0.023255813953488413
-0.5930232558139534
-0.8953488372093024
-0.03488372093023251
0.941860465116279
-0.7906976744186046
-0.4651162790697675
0.7325581395348837
0.4767441860465116
-0.18604651162790686
0.8604651162790697
0.6860465116279071
0.4186046511627908
-0.15116279069767435
0.2441860465116279
-0.38372093023255804
0.0348837209302324
0.2790697674418603
0.18604651162790686
-0.5581395348837209
0.5232558139534882
-0.8255813953488372
-0.7790697674418605
-0.40697674418604646
0.9186046511627906
0.8953488372093024
0.8139534883720931
0.3255813953488371
-0.9302325581395349
-0.6395348837209303
-0.44186046511627897
-0.8604651162790697
0.930232558139535
-0.09302325581395343
0.43023255813953476
-0.33720930232558133
0.22093023255813948
-0.8837209302325582
-0.22093023255813948
0.9883720930232558
0.06976744186046502
-0.5116279069767442
-0.5465116279069767
-0.9767441860465116
0.9651162790697674
0.2674418604651163
0.872093023255814
-0.2790697674418604
0.8023255813953487
0.9534883720930232
0.4883720930232558
-0.5813953488372092
-0.16279069767441856
-0.9651162790697675
-0.9883720930232558
-0.8372093023255813
2.220446049250313e-16
-0.13953488372093015
-0.2558139534883721
-0.37209302325581395
0.9767441860465116
0.2558139534883719
-0.3023255813953488
-0.046511627906976716
-0.43023255813953476
0.34883720930232576
0.33720930232558133
0.6162790697674418
0.4418604651162792
-0.9418604651162791
-0.8023255813953488
-0.813953488372093
0.8488372093023255
-0.9534883720930233
-0.9186046511627907
-0.5
0.627906976744186
0.7790697674418605
0.5697674418604652
-0.872093023255814
-0.627906976744186
0.36046511627906974
0.6511627906976742
-0.313953488372093
0.7441860465116279
-0.39534883720930225
0.4534883720930232
-0.2441860465116279
0.16279069767441845
-0.6976744186046511
-0.7674418604651163
0.6627906976744187
-0.7325581395348837
0.5465116279069766
-0.4883720930232558
-0.7093023255813953
0.11627906976744184
0.5813953488372092
-0.41860465116279066
0.20930232558139528
0.10465116279069742
0.5348837209302326
-0.5348837209302326
-1.0
0.6395348837209303
-0.2674418604651163
-0.20930232558139528
-0.8488372093023255
-0.7441860465116279
0.6976744186046511
0.17441860465116288
0.4999999999999998
0.023255813953488413
1.0
-0.6744186046511628
0.40697674418604635
-0.3255813953488371
0.8837209302325582
-0.6627906976744186
-0.7558139534883721
-0.6162790697674418
0.13953488372093026
0.7093023255813953
-0.6046511627906976
0.09302325581395343
-0.5232558139534884
0.39534883720930236
RANK
149
100
89
99
119
115
74
120
2
48
83
125
77
153
101
67
117
116
51
68
136
165
154
138
9
141
135
20
160
164
12
75
126
166
169
47
97
5
65
88
148
171
87
121
140
6
52
1
76
110
144
69
131
61
105
27
34
81
162
129
108
28
93
151
104
133
18
84
152
42
55
36
98
59
103
30
17
29
79
38
8
0
109
49
46
45
102
15
158
62
14
21
86
32
170
146
142
13
167
33
134
156
64
7
145
82
16
60
107
91
63
4
22
25
73
112
111
127
31
35
172
161
58
80
114
132
26
54
96
157
41
66
147
139
40
124
143
3
10
113
122
150
128
137
19
57
155
168
44
53
130
43
39
123
23
94
72
11
24
118
56
92
163
71
37
70
78
50
95
90
106
85
159
