DEGREE
0.5
0.375
0.375
-0.25
0.375
0.25
-0.125
0.5
0.625
0.25
0.125
-0.25
-0.125
0.375
0.75
0.5
0.5
0.125
-0.375
0.75
0.375
-0.25
0.375
0.75
0.5
0.75
-0.125
-0.375
0.875
0.375
-0.625
0.0
0.375
0.0
0.25
-0.25
0.5
0.125
0.625
-0.375
-0.25
0.875
0.625
0.5
0.25
-0.75
0.5
1.0
0.625
0.25
0.5
-0.125
0.625
0.375
0.375
-0.125
0.75
0.375
0.0
-0.625
0.25
0.625
0.75
0.75
0.0
0.875
-0.375
0.625
0.5
0.875
0.875
0.375
0.625
0.625
0.5
-0.25
0.25
0.625
0.5
0.75
-0.625
0.375
0.875
-0.625
0.875
-0.5
-0.375
0.5
0.875
0.75
-0.25
0.5
-0.125
0.5
-0.25
0.375
-0.75
0.5
-0.75
0.0
0.75
0.0
0.625
0.0
-0.125
0.75
0.375
0.125
-0.625
0.25
1.0
-0.25
-0.25
0.375
0.125
-0.25
0.25
-0.125
0.625
0.75
0.625
-0.5
0.5
-0.125
0.125
-0.625
0.125
-0.125
0.375
-0.5
-0.375
0.25
0.5
0.25
0.5
0.5
0.375
0.625
-0.625
-0.25
0.375
0.75
0.5
0.75
0.25
0.25
0.25
0.0
0.375
0.125
0.625
-0.125
-0.125
0.5
0.25
-0.25
-0.25
0.625
0.375
-0.125
-0.125
0.25
0.125
1.0
-0.25
0.5
-1.0
0.0
-0.25
0.125
0.25
-1.0
-0.625
0.375
EIGENVECTOR
0.20173358192060742
-0.9028060315856625
-0.5506712259881323
-0.5370937358962994
-0.9068180328317361
-0.4386490466309576
-0.556338537863642
-0.6253418399696848
-0.6844392327901035
-0.7729676884369039
-0.21597289284756072
-0.8958069902454084
-0.9913087144208398
0.05335573141923722
-0.18582198524413351
0.5187611706988426
-0.18227667272307213
-0.9393090821252612
-0.8560909624142572
0.5492944108089937
-0.6971691659361858
-0.9554455372281472
-0.5406809898314606
-0.14945408134669358
-0.4813249558728169
0.8506318898546303
-0.8969598134577522
-0.9769615219834196
0.6587006215098634
-0.5406809898314604
-0.9418407761142928
-0.9512415410088954
0.10324106083484885
-0.9614223551938561
-0.9424857383677764
-0.9739179969381523
-0.4966940591058605
-0.8242728921467941
0.6630822651332291
-0.5918313668728492
-0.9397279939183276
0.17214350689781366
0.5440521754798497
-0.7441371186849227
-0.2762819609942856
-0.8354915931081244
-0.4966940591058606
0.8968390606005678
0.02326390128303779
-0.14827393758278096
-0.4343963583720184
-0.9510401983589198
-0.8709895093666113
0.10243727589999807
-0.8020791193197867
-0.9551030316782039
0.1885442074358057
-0.04589954584255096
-0.9444666401626157
-0.9951448910990531
-0.9390594170227102
-0.7893815530160514
0.6413421075403318
0.8873947877166546
-0.9044770771662483
0.09856772833960936
-0.9914304009990896
0.1339300933104064
-0.7441371186849227
0.9776220095384702
0.8168455201609639
-0.309554593149189
0.4681889867711173
-0.5251948389645129
0.11453676774246224
-0.9702589623794824
-0.216215088932302
0.025536419223765927
-0.8330726587811496
0.8873947877166555
-0.9919005599378846
-0.5647892289364123
-0.15551735345659878
-0.9916603107410757
0.6468029902009624
-0.944824774924429
-0.8017545142522409
-0.8209044370224606
0.8594482245902049
1.0
-0.9639107259934149
0.5187611706988435
-0.5819220925161841
-0.8884725981695354
-0.9639107259934147
-0.9049894029524892
-0.9991375299038453
-0.7759074547605318
-0.9991375299038454
-0.8817093975651065
-0.6060665830457777
-0.6898897652293486
-0.7893815530160513
-0.25027741077551147
-0.951269220342475
0.975322990065971
-0.30955459314918954
-0.7555095522935539
-0.9418407761142928
0.3069066854532232
0.7818799233389198
-0.8618416856787661
-0.650459422211113
-0.8848226569549223
-0.35632573342118934
-0.6654491282954118
-0.5729588890151077
-0.9502088118158747
-0.6296124968311755
-0.644752604591014
-0.6062954585712141
-0.9981904786519449
-0.08210332703901257
-0.9502088118158747
-0.19219681563597135
-0.8249425339362098
-0.40471759281941955
-0.34316310895764424
-0.4262995494499222
-0.9171822998029281
-0.8583813805572337
-0.7126109589384202
-0.5799387720595044
-0.860578820193796
0.1647838516586113
-0.6435749025085076
-0.8287721810580773
-0.6367686965360282
-0.8876148929591204
-0.9639107259934149
-0.15861214848871197
0.6070265887715778
0.3156679689565356
0.4320766264309466
-0.9390594170227102
-0.8631084186420465
-0.7729676884369039
-0.43823818509761914
-0.8382265050940958
0.11261704700955621
-0.7412249395618019
-0.9277408788354516
-0.9100444263289701
-0.8276168716792047
-0.8282082501082305
-0.9397279939183275
-0.9739179969381523
-0.21292477686342115
0.23113695274877077
-0.8887723775385625
-0.7836799380026398
-0.3053438715511584
-0.7284196548938243
0.3738149426268669
-0.6654491282954115
0.28207569418567413
-1.0
-0.3889816362636841
-0.9267028695603193
-0.820803234816481
-0.42636966580761426
-1.0
-0.9916603107410757
0.02047297050631247
CENT
-0.8153823155691756
-0.9027257962008333
-0.7559682964094729
-0.8706794935168638
-0.9044689005309237
-0.7730397944301688
-0.8560040838765413
-0.8075792897804284
-0.7583587890601786
-0.8815738215816128
-0.8665822493380915
-0.8801194896563277
-0.9500492934604009
-0.7833749716102658
-0.6538830297219559
-0.7826497310696945
-0.720226459163726
-0.8686401833460657
-0.8356630457060874
-0.7220309810671257
-0.7638584845702987
-0.8858795977407357
-0.7811933457236355
-0.7420278154930094
-0.7745405854649552
-0.6976897342008903
-0.8650264229403102
-0.9405263538079989
-0.639044640154518
-0.7811933457236355
-0.9187165775401069
-0.9154529428879495
-0.6648639653881355
-0.8815738215816128
-0.8696621505745156
-0.8791445546031953
-0.7091661279896574
-0.7360850222441918
-0.6857733508738959
-0.8771816418875242
-0.8796325625593918
-0.6355259345117358
-0.656108597285068
-0.869151746964393
-0.680672268907563
-0.8969581442800763
-0.7091661279896574
-0.7638584845702987
-0.7811933457236355
-0.7486729943776071
-0.7752878929349518
-0.9146287086263076
-0.8403361344537815
-0.8235714285714286
-0.8235714285714286
-0.8854053656473531
-0.6857733508738959
-0.7883972866254936
-0.9138011032633913
-0.9514195288505013
-0.821705344622165
-0.7981647323844123
-0.6765318769322965
-0.7005991164016309
-0.839756942680337
-0.6976897342008903
-0.9507356846084158
-0.7461990576577452
-0.869151746964393
-0.736941472624292
-0.7646353646353646
-0.689795918367347
-0.8022416267680476
-0.7034813925570229
-0.639044640154518
-0.9398013750954928
-0.6594191753240397
-0.639044640154518
-0.8235714285714286
-0.7005991164016309
-0.9514195288505013
-0.7898149914171276
-0.6583193277310926
-0.9741536301204555
-0.7063369397217929
-0.890101495143512
-0.8849300947103924
-0.8432112340734613
-0.639044640154518
-0.7091661279896574
-0.9219278893922298
-0.7826497310696945
-0.7025236222016022
-0.8409139289008728
-0.9219278893922298
-0.9044689005309237
-1.0
-0.7926278080953497
-1.0
-0.7599412120278295
-0.8380109325283511
-0.7156670887533096
-0.7981647323844123
-0.7883972866254936
-0.9158638022859195
-0.7128980032379926
-0.689795918367347
-0.7677212748799103
-0.9187165775401069
-0.6626968668262008
-0.7445378151260504
-0.7782567324337648
-0.8586946973911516
-0.8721969058198251
-0.8432112340734613
-0.8391763485055039
-0.8549190167870426
-0.8153823155691756
-0.7995308215029131
-0.7988486733275988
-0.7291416566626652
-0.9994849552724315
-0.645974518839794
-0.8153823155691756
-0.6816990461779568
-0.817930712107852
-0.7855389800603956
-0.839756942680337
-0.770773039506259
-0.918311510650772
-0.8516331060726178
-0.7607290803645401
-0.7229291716686675
-0.7855389800603956
-0.752749099639856
-0.8035864540874867
-0.8443516328687164
-0.8403361344537815
-0.8732028244368614
-0.9219278893922298
-0.7238246650011356
-0.695734897732678
-0.6538830297219559
-0.7238246650011356
-0.821705344622165
-0.841490331072188
-0.8815738215816128
-0.7684873949579832
-0.9018487394957984
-0.821705344622165
-0.7855389800603956
-0.9441100943688734
-0.865546218487395
-0.8420653459939933
-0.8254235691786055
-0.8796325625593918
-0.8791445546031953
-0.6744414839106374
-0.7826497310696945
-0.8576222107003454
-0.8326957776975821
-0.6867838044308634
-0.7630794253185145
-0.8088965315856073
-0.8391763485055039
-0.7147468743594999
1.0
-0.8437821171634121
-0.8747032445265102
-0.8810901156042528
-0.6927794814608308
1.0
-0.9741536301204555
-0.7110377893488684
DEGREE_RANK
0.2716763005780347
0.01734104046242768
0.028901734104046284
-0.745664739884393
0.040462427745664664
-0.17919075144508667
-0.5606936416184971
0.2832369942196531
0.5375722543352599
-0.16763005780346818
-0.2947976878612716
-0.7341040462427746
-0.5491329479768785
0.052023121387283267
0.722543352601156
0.2947976878612717
0.3063583815028901
-0.2832369942196531
-0.815028901734104
0.7341040462427746
0.06358381502890165
-0.722543352601156
0.07514450867052025
0.7456647398843932
0.3179190751445087
0.7572254335260116
-0.5375722543352601
-0.8034682080924855
0.8843930635838149
0.08670520231213885
-0.9421965317919075
-0.3988439306358381
0.09826589595375723
-0.3872832369942196
-0.1560693641618497
-0.7109826589595375
0.32947976878612706
-0.2716763005780346
0.5491329479768785
-0.791907514450867
-0.699421965317919
0.8959537572254335
0.5606936416184971
0.34104046242774566
-0.1445086705202312
-0.976878612716763
0.35260115606936404
0.976878612716763
0.5722543352601155
-0.1329479768786126
0.36416184971098264
-0.5260115606936415
0.5838150289017341
0.10982658959537583
0.12138728323699421
-0.5144508670520231
0.7687861271676302
0.13294797687861282
-0.37572254335260113
-0.930635838150289
-0.1213872832369941
0.5953757225433525
0.7803468208092486
0.7919075144508672
-0.36416184971098264
0.9075144508670518
-0.7803468208092486
0.6069364161849711
0.37572254335260125
0.9190751445086704
0.930635838150289
0.1445086705202312
0.6184971098265895
0.630057803468208
0.3872832369942196
-0.6878612716763006
-0.10982658959537561
0.6416184971098267
0.39884393063583823
0.8034682080924855
-0.9190751445086706
0.1560693641618498
0.9421965317919074
-0.9075144508670521
0.953757225433526
-0.8497109826589595
-0.7687861271676301
0.4104046242774566
0.9653179190751444
0.8150289017341041
-0.676300578034682
0.4219653179190752
-0.5028901734104045
0.4335260115606936
-0.6647398843930635
0.16763005780346796
-0.9653179190751445
0.4450867052023122
-0.953757225433526
-0.35260115606936415
0.8265895953757227
-0.34104046242774566
0.653179190751445
-0.32947976878612717
-0.49132947976878605
0.8381502890173409
0.17919075144508656
-0.2601156069364161
-0.8959537572254335
-0.09826589595375712
0.9884393063583814
-0.653179190751445
-0.6416184971098265
0.19075144508670516
-0.24855491329479773
-0.630057803468208
-0.08670520231213863
-0.47976878612716756
0.6647398843930636
0.8497109826589595
0.676300578034682
-0.838150289017341
0.4566473988439308
-0.46820809248554907
-0.23699421965317924
-0.884393063583815
-0.22543352601156064
-0.4566473988439306
0.20231213872832354
-0.8265895953757225
-0.7572254335260116
-0.07514450867052025
0.4682080924855492
-0.06358381502890176
0.4797687861271678
0.49132947976878616
0.21387283236994215
0.6878612716763006
-0.8728323699421965
-0.6184971098265896
0.22543352601156053
0.8612716763005779
0.5028901734104045
0.8728323699421965
-0.052023121387283267
-0.040462427745664664
-0.028901734104046173
-0.31791907514450857
0.23699421965317913
-0.21387283236994215
0.699421965317919
-0.4450867052023121
-0.4335260115606936
0.5144508670520229
-0.01734104046242768
-0.6069364161849711
-0.5953757225433526
0.7109826589595376
0.2485549132947975
-0.4219653179190751
-0.4104046242774566
-0.00578034682080919
-0.20231213872832365
1.0
-0.5838150289017341
0.5260115606936415
-1.0
-0.3063583815028901
-0.5722543352601155
-0.19075144508670516
0.005780346820809301
-0.9884393063583815
-0.861271676300578
0.2601156069364161
EIGENVECTOR_RANK
0.699421965317919
-0.5028901734104045
0.1560693641618498
0.19075144508670516
-0.5375722543352601
0.2485549132947975
0.1445086705202312
0.052023121387283267
-0.040462427745664664
-0.1560693641618497
0.4219653179190752
-0.47976878612716756
-0.884393063583815
0.5838150289017341
0.4566473988439308
0.7919075144508672
0.4682080924855492
-0.6184971098265896
-0.35260115606936415
0.8265895953757227
-0.06358381502890176
-0.7803468208092486
0.16763005780346796
0.5028901734104045
0.23699421965317913
0.9190751445086704
-0.49132947976878605
-0.8728323699421965
0.8728323699421965
0.17919075144508656
-0.6647398843930635
-0.745664739884393
0.6184971098265895
-0.791907514450867
-0.676300578034682
-0.8497109826589595
0.22543352601156053
-0.2601156069364161
0.8843930635838149
0.08670520231213885
-0.6416184971098265
0.676300578034682
0.8150289017341041
-0.10982658959537561
0.3872832369942196
-0.32947976878612717
0.21387283236994215
0.9653179190751444
0.5606936416184971
0.5144508670520229
0.2716763005780347
-0.7341040462427746
-0.4104046242774566
0.6069364161849711
-0.22543352601156064
-0.7687861271676301
0.6878612716763006
0.5375722543352599
-0.6878612716763006
-0.9421965317919075
-0.5953757225433526
-0.19075144508670516
0.8497109826589595
0.9421965317919074
-0.5144508670520231
0.5953757225433525
-0.8959537572254335
0.653179190751445
-0.1213872832369941
0.9884393063583814
0.9075144508670518
0.35260115606936404
0.7803468208092486
0.20231213872832354
0.6416184971098267
-0.838150289017341
0.4104046242774566
0.5722543352601155
-0.31791907514450857
0.953757225433526
-0.930635838150289
0.13294797687861282
0.49132947976878616
-0.9190751445086706
0.8612716763005779
-0.699421965317919
-0.21387283236994215
-0.24855491329479773
0.930635838150289
1.0
-0.815028901734104
0.8034682080924855
0.09826589595375723
-0.4566473988439306
-0.8034682080924855
-0.5260115606936415
-0.976878612716763
-0.16763005780346818
-0.9653179190751445
-0.4219653179190751
0.07514450867052025
-0.052023121387283267
-0.20231213872832365
0.39884393063583823
-0.7572254335260116
0.976878612716763
0.36416184971098264
-0.1329479768786126
-0.653179190751445
0.7341040462427746
0.8959537572254335
-0.3872832369942196
-0.00578034682080919
-0.4335260115606936
0.32947976878612706
-0.028901734104046173
0.12138728323699421
-0.7109826589595375
0.040462427745664664
0.005780346820809301
0.06358381502890165
-0.953757225433526
0.5260115606936415
-0.722543352601156
0.4450867052023122
-0.2716763005780346
0.3063583815028901
0.34104046242774566
0.2947976878612717
-0.5606936416184971
-0.36416184971098264
-0.07514450867052025
0.10982658959537583
-0.37572254335260113
0.6647398843930636
0.01734104046242768
-0.3063583815028901
0.028901734104046284
-0.4450867052023121
-0.8265895953757225
0.4797687861271678
0.8381502890173409
0.7456647398843932
0.7687861271676302
-0.6069364161849711
-0.3988439306358381
-0.1445086705202312
0.2601156069364161
-0.34104046242774566
0.630057803468208
-0.09826589595375712
-0.5838150289017341
-0.5491329479768785
-0.2832369942196531
-0.2947976878612716
-0.630057803468208
-0.861271676300578
0.4335260115606936
0.7109826589595376
-0.46820809248554907
-0.17919075144508667
0.37572254335260125
-0.08670520231213863
0.7572254335260116
-0.01734104046242768
0.722543352601156
-0.9884393063583815
0.3179190751445087
-0.5722543352601155
-0.23699421965317924
0.2832369942196531
-1.0
-0.9075144508670521
0.5491329479768785
CENT_RANK
-0.06358381502890176
-0.722543352601156
0.3872832369942196
-0.49132947976878605
-0.745664739884393
0.2601156069364161
-0.37572254335260113
-0.01734104046242768
0.37572254335260125
-0.6416184971098265
-0.4335260115606936
-0.5953757225433526
-0.9075144508670521
0.1445086705202312
0.8959537572254335
0.1560693641618498
0.5375722543352599
-0.4450867052023121
-0.17919075144508667
0.5260115606936415
0.3179190751445087
-0.676300578034682
0.19075144508670516
0.4450867052023122
0.2485549132947975
0.6878612716763006
-0.4104046242774566
-0.884393063583815
0.930635838150289
0.20231213872832354
-0.8265895953757225
-0.7803468208092486
0.8381502890173409
-0.630057803468208
-0.47976878612716756
-0.5606936416184971
0.5953757225433525
0.4682080924855492
0.7687861271676302
-0.5375722543352601
-0.5838150289017341
0.976878612716763
0.8843930635838149
-0.46820809248554907
0.8034682080924855
-0.699421965317919
0.6069364161849711
0.32947976878612706
0.21387283236994215
0.4104046242774566
0.23699421965317913
-0.7687861271676301
-0.2601156069364161
-0.1445086705202312
-0.1329479768786126
-0.6647398843930635
0.7803468208092486
0.08670520231213885
-0.7572254335260116
-0.9421965317919075
-0.10982658959537561
0.040462427745664664
0.8150289017341041
0.6647398843930636
-0.23699421965317924
0.699421965317919
-0.9190751445086706
0.4219653179190752
-0.4566473988439306
0.4566473988439308
0.3063583815028901
0.7341040462427746
0.005780346820809301
0.6416184971098267
0.9421965317919074
-0.8728323699421965
0.8612716763005779
0.953757225433526
-0.1213872832369941
0.676300578034682
-0.930635838150289
0.07514450867052025
0.8728323699421965
-0.9653179190751445
0.630057803468208
-0.6878612716763006
-0.653179190751445
-0.31791907514450857
0.9653179190751444
0.6184971098265895
-0.861271676300578
0.16763005780346796
0.653179190751445
-0.2716763005780346
-0.8497109826589595
-0.7341040462427746
-1.0
0.06358381502890165
-0.9884393063583815
0.36416184971098264
-0.19075144508670516
0.5491329479768785
0.052023121387283267
0.09826589595375723
-0.791907514450867
0.5722543352601155
0.7456647398843932
0.2947976878612717
-0.815028901734104
0.8497109826589595
0.4335260115606936
0.22543352601156053
-0.3988439306358381
-0.5028901734104045
-0.3063583815028901
-0.21387283236994215
-0.36416184971098264
-0.052023121387283267
0.01734104046242768
0.028901734104046284
0.4797687861271678
-0.976878612716763
0.9190751445086704
-0.040462427745664664
0.7919075144508672
-0.07514450867052025
0.10982658959537583
-0.22543352601156064
0.2716763005780347
-0.8034682080924855
-0.35260115606936415
0.35260115606936404
0.5144508670520229
0.12138728323699421
0.39884393063583823
-0.00578034682080919
-0.34104046242774566
-0.24855491329479773
-0.5144508670520231
-0.838150289017341
0.49132947976878616
0.7109826589595376
0.9075144508670518
0.5028901734104045
-0.09826589595375712
-0.2832369942196531
-0.6184971098265896
0.2832369942196531
-0.7109826589595375
-0.08670520231213863
0.13294797687861282
-0.8959537572254335
-0.4219653179190751
-0.2947976878612716
-0.1560693641618497
-0.5722543352601155
-0.5491329479768785
0.8265895953757227
0.17919075144508656
-0.3872832369942196
-0.16763005780346818
0.7572254335260116
0.34104046242774566
-0.028901734104046173
-0.20231213872832365
0.5606936416184971
0.9884393063583814
-0.32947976878612717
-0.5260115606936415
-0.6069364161849711
0.722543352601156
1.0
-0.953757225433526
0.5838150289017341
RANK
96
98
121
83
172
59
80
66
12
151
27
75
90
94
139
30
108
129
104
31
51
58
4
95
1
148
45
85
21
55
86
9
33
146
169
11
40
155
35
156
39
168
138
113
3
34
43
68
17
10
152
26
112
159
6
116
130
136
167
87
114
153
145
93
52
137
64
127
115
164
100
18
160
154
53
54
78
60
144
149
125
0
117
123
163
7
135
72
118
119
61
102
97
81
57
103
126
133
150
13
15
91
158
22
29
48
111
50
24
5
128
147
107
70
20
47
162
131
99
8
2
134
49
67
110
23
69
37
120
140
143
132
19
16
101
165
105
173
36
46
89
84
73
92
63
79
25
65
141
170
71
106
161
38
56
124
44
62
157
32
109
76
82
42
14
142
122
28
74
77
88
41
166
171
