DEGREE
0.04347826086956519
0.04347826086956519
-0.30434782608695654
-0.13043478260869568
-0.5652173913043479
-0.6521739130434783
-0.21739130434782605
0.21739130434782616
0.7391304347826086
0.21739130434782616
0.21739130434782616
0.9130434782608696
0.13043478260869557
0.04347826086956519
-0.21739130434782605
0.21739130434782616
0.7391304347826086
0.4782608695652173
0.3913043478260869
0.5652173913043479
0.13043478260869557
0.9130434782608696
0.5652173913043479
0.21739130434782616
-0.5652173913043479
0.5652173913043479
0.04347826086956519
-0.21739130434782605
-0.13043478260869568
0.30434782608695654
-0.3913043478260869
-0.30434782608695654
0.5652173913043479
-0.3913043478260869
-0.5652173913043479
0.30434782608695654
-0.13043478260869568
-0.9130434782608696
0.13043478260869557
-0.21739130434782605
0.6521739130434783
0.30434782608695654
0.21739130434782616
0.9130434782608696
-0.04347826086956519
-0.04347826086956519
0.3913043478260869
0.30434782608695654
0.13043478260869557
-0.04347826086956519
0.7391304347826086
0.21739130434782616
0.13043478260869557
-0.04347826086956519
0.7391304347826086
-0.13043478260869568
0.7391304347826086
0.5652173913043479
-0.4782608695652174
0.826086956521739
0.21739130434782616
-0.21739130434782605
-0.13043478260869568
0.3913043478260869
0.5652173913043479
0.21739130434782616
-0.13043478260869568
0.04347826086956519
0.13043478260869557
-0.21739130434782605
0.5652173913043479
-0.5652173913043479
-0.7391304347826086
-0.04347826086956519
-0.30434782608695654
-0.21739130434782605
0.21739130434782616
0.30434782608695654
-0.30434782608695654
0.13043478260869557
-0.5652173913043479
-0.21739130434782605
0.3913043478260869
0.826086956521739
0.30434782608695654
-1.0
0.3913043478260869
0.5652173913043479
-0.13043478260869568
0.826086956521739
-0.6521739130434783
-0.30434782608695654
0.04347826086956519
0.13043478260869557
-0.30434782608695654
0.13043478260869557
-0.30434782608695654
0.7391304347826086
0.30434782608695654
0.3913043478260869
0.6521739130434783
-0.13043478260869568
-0.3913043478260869
0.04347826086956519
0.30434782608695654
0.5652173913043479
-0.3913043478260869
0.4782608695652173
-0.7391304347826086
0.21739130434782616
0.13043478260869557
0.13043478260869557
0.6521739130434783
-0.04347826086956519
0.4782608695652173
-0.3913043478260869
0.21739130434782616
0.13043478260869557
-0.04347826086956519
-0.04347826086956519
0.5652173913043479
-0.3913043478260869
-0.3913043478260869
0.4782608695652173
0.3913043478260869
-0.04347826086956519
0.21739130434782616
0.3913043478260869
0.826086956521739
0.3913043478260869
0.4782608695652173
0.5652173913043479
0.21739130434782616
0.04347826086956519
0.04347826086956519
0.21739130434782616
0.6521739130434783
-0.7391304347826086
0.30434782608695654
0.826086956521739
-0.30434782608695654
-0.4782608695652174
0.5652173913043479
0.13043478260869557
0.21739130434782616
0.7391304347826086
0.7391304347826086
-0.30434782608695654
0.826086956521739
1.0
0.13043478260869557
0.21739130434782616
-0.13043478260869568
0.04347826086956519
0.04347826086956519
0.7391304347826086
0.3913043478260869
0.7391304347826086
-0.04347826086956519
0.21739130434782616
-0.13043478260869568
0.21739130434782616
-0.4782608695652174
-0.04347826086956519
0.30434782608695654
-0.21739130434782605
0.6521739130434783
0.3913043478260869
-0.13043478260869568
0.6521739130434783
0.13043478260869557
0.30434782608695654
0.4782608695652173
-0.30434782608695654
-0.04347826086956519
-0.4782608695652174
-0.30434782608695654
0.3913043478260869
-0.30434782608695654
-0.4782608695652174
-0.21739130434782605
-0.04347826086956519
-0.21739130434782605
-0.21739130434782605
0.04347826086956519
0.04347826086956519
0.21739130434782616
0.13043478260869557
0.4782608695652173
0.5652173913043479
0.826086956521739
0.7391304347826086
0.13043478260869557
-0.13043478260869568
0.21739130434782616
0.3913043478260869
-0.04347826086956519
-0.21739130434782605
0.3913043478260869
0.21739130434782616
-0.4782608695652174
0.04347826086956519
-0.13043478260869568
0.6521739130434783
-0.30434782608695654
-0.04347826086956519
0.3913043478260869
0.30434782608695654
-0.13043478260869568
-0.13043478260869568
-0.21739130434782605
-0.04347826086956519
-0.30434782608695654
0.3913043478260869
-0.5652173913043479
0.3913043478260869
-0.30434782608695654
0.30434782608695654
-0.30434782608695654
0.13043478260869557
-0.21739130434782605
0.13043478260869557
-0.6521739130434783
0.6521739130434783
0.826086956521739
-0.4782608695652174
-0.6521739130434783
0.3913043478260869
0.13043478260869557
0.5652173913043479
-0.30434782608695654
0.04347826086956519
0.13043478260869557
-0.13043478260869568
-0.21739130434782605
-0.3913043478260869
0.7391304347826086
0.21739130434782616
-0.3913043478260869
-0.04347826086956519
-0.13043478260869568
-0.13043478260869568
0.04347826086956519
-0.4782608695652174
-0.13043478260869568
-0.30434782608695654
0.9130434782608696
-0.13043478260869568
-0.3913043478260869
0.6521739130434783
0.4782608695652173
-0.21739130434782605
0.9130434782608696
1.0
-0.4782608695652174
0.04347826086956519
-0.04347826086956519
-0.30434782608695654
-0.3913043478260869
0.04347826086956519
-0.13043478260869568
-0.8260869565217391
0.30434782608695654
0.30434782608695654
0.6521739130434783
-0.13043478260869568
0.04347826086956519
0.3913043478260869
-0.21739130434782605
0.3913043478260869
0.21739130434782616
0.30434782608695654
0.4782608695652173
0.3913043478260869
0.13043478260869557
-0.8260869565217391
-0.3913043478260869
0.3913043478260869
0.3913043478260869
-0.04347826086956519
0.04347826086956519
-0.7391304347826086
-0.30434782608695654
0.21739130434782616
-0.21739130434782605
-0.30434782608695654
0.13043478260869557
0.13043478260869557
0.9130434782608696
0.3913043478260869
-0.04347826086956519
-0.4782608695652174
-0.6521739130434783
0.3913043478260869
-0.8260869565217391
-0.6521739130434783
0.5652173913043479
0.826086956521739
-0.4782608695652174
-0.5652173913043479
0.13043478260869557
-0.5652173913043479
-0.13043478260869568
-0.13043478260869568
-0.13043478260869568
0.04347826086956519
-0.21739130434782605
0.3913043478260869
-0.04347826086956519
0.3913043478260869
0.13043478260869557
1.0
-0.21739130434782605
-0.30434782608695654
-0.4782608695652174
-0.4782608695652174
-0.6521739130434783
-0.04347826086956519
-0.21739130434782605
0.04347826086956519
-0.21739130434782605
-0.4782608695652174
-0.13043478260869568
-0.21739130434782605
-0.3913043478260869
-0.3913043478260869
-0.30434782608695654
0.7391304347826086
-0.3913043478260869
-0.21739130434782605
0.30434782608695654
-0.4782608695652174
-0.13043478260869568
0.21739130434782616
-0.3913043478260869
-0.21739130434782605
-0.4782608695652174
-0.4782608695652174
-0.6521739130434783
0.3913043478260869
0.13043478260869557
-0.13043478260869568
-0.04347826086956519
0.04347826086956519
0.13043478260869557
-0.30434782608695654
-0.13043478260869568
-0.13043478260869568
-0.21739130434782605
-0.21739130434782605
0.04347826086956519
0.5652173913043479
-0.7391304347826086
-0.7391304347826086
0.21739130434782616
0.30434782608695654
-0.13043478260869568
0.13043478260869557
0.13043478260869557
-0.3913043478260869
-0.6521739130434783
-0.4782608695652174
0.3913043478260869
-0.4782608695652174
0.21739130434782616
0.4782608695652173
-0.3913043478260869
-0.3913043478260869
-0.3913043478260869
0.3913043478260869
-0.13043478260869568
-0.13043478260869568
0.30434782608695654
0.04347826086956519
-0.04347826086956519
-0.13043478260869568
-0.04347826086956519
0.4782608695652173
1.0
-0.04347826086956519
-0.4782608695652174
-0.04347826086956519
0.13043478260869557
-0.30434782608695654
0.13043478260869557
-0.21739130434782605
0.30434782608695654
EIGENVECTOR
-0.9773017070608272
-0.8577120639954783
-0.9990793230974139
-0.9433086323201328
-0.9908381947599327
-0.9651400200602824
-0.9888072160331153
-0.6115670281369896
0.7129833882685372
-0.9937115499600927
-0.9134444184243101
-0.8746087186983976
-0.9880545474969787
-0.9165484134118029
-0.9760695714558207
-0.9961147950908678
-0.931655844611791
-0.9319042805904605
-0.9261424487903622
-0.9454186121145733
-0.9675443902105973
-0.9546182583103435
0.5315551368834752
-0.9256455485592525
-0.9991740679304808
0.37391780290831034
-0.6688446805396124
-0.9963984860423724
-0.997358368705154
-0.9478811677397675
-0.9992678364544614
-0.9963751643174029
-0.8839415573045476
-0.999877139211368
-0.9999843132579934
-0.9744434577840221
-0.9199418181964781
-0.9998005941607808
-0.9962345856664756
-0.9996007602230272
0.6759780427208002
-0.0490946018141839
-0.3697183687722616
0.6492666159634186
-0.9970032910192267
-0.580096627384717
-0.7629211147136072
-0.8275334668588472
-0.9726468107771403
-0.7948562575768531
0.84743437784435
-0.9659386114712214
-0.8803443418306436
-0.997169658267553
-0.9461023939483734
-0.9993788457180498
-0.9162638181330985
-0.0380050195323538
-0.9988260143840418
0.7984627883169544
-0.9412633791240977
-0.9884966244014378
-0.7871267193392916
-0.9458818868792315
-0.1795762304940055
-0.8269923048889378
-0.9872433402997836
-0.28595827831691767
-0.9526085964612335
-0.9979492601008634
-0.7395092548473097
-0.9991478657795281
-0.9957689518242218
-0.9297394690304571
-0.9980220116862161
-0.9768275854311015
-0.9039757497778984
-0.6022205050227811
-0.9980220116862162
-0.9759138737510406
-0.9999937703400261
-0.999391840355188
-0.9217854772351339
0.6458764077403123
-0.9620833150766437
-0.9992472718120982
-0.5209311858327473
0.3115233315998256
-0.9823154794429434
0.8512627759127362
-0.9944974593245475
-0.9983732326583776
-0.6038237316161114
-0.9540672718292824
-0.9653011030650217
-0.8803183391733368
-0.9976284086865208
0.6757735278531161
-0.9345445370383131
-0.9361745526938745
-0.28726560062649753
-0.9181852350962257
-0.9773440625454287
-0.7117502098128274
-0.9774506439439238
-0.8861133526323078
-0.9816875074101741
-0.0269905267027315
-0.9702124896938109
-0.978383250497964
-0.9681797189632096
-0.9889016062795477
-0.8903407753737808
-0.9972003936567726
-0.9667086861762089
-0.9997452045165469
-0.7230975552869772
-0.7063334374258217
-0.6633132198487932
-0.9945926567719001
-0.9266385349598628
-0.9981199567964437
-0.9943913318611434
-0.8966355219481442
-0.9808600932415077
-0.6757657057940627
-0.9855631304444908
-0.4255202516165679
0.6924479464123163
-0.9512331980776747
-0.9695350347583387
0.3454919574409314
-0.9926512409920091
-0.9371211064434433
-0.6688446805396122
-0.9530599948492043
-0.000588526747821061
-0.9977280621749133
-0.8447718440471057
-0.8935420067489931
-0.9966189837749195
-0.9486541441027928
-0.413584964047795
-0.9798912731447262
-0.8914915739911036
-0.9611241094591899
-0.9056314548645383
-0.9962941350058424
0.8442375423041781
0.9997433625034635
-0.9945746724567446
-0.9597613835119583
-0.8759792823174465
-0.9876338149826674
-0.9723035873273651
-0.9619269977646678
-0.9475189597789606
-0.9619269977646678
-0.9873582900058503
-0.549800561747302
-0.9874347184906906
-0.8889499774235687
-0.9967379822098327
-0.8873728129094816
-0.725589971993079
-0.9804042127041671
-0.8887379130610517
-0.309373628502458
-0.9223280328692121
-0.9052684314689722
-0.9608082857635893
-0.9796278100261309
-0.9005876948104132
-0.9872338276687598
-0.996000027701041
-0.9999742216262587
-0.9478777883224505
-0.9471903193383622
-0.9615450983248907
-0.9998738979871261
-0.9498874348167732
-0.9767509227240855
-0.8716567611006947
-0.9996007602230274
-0.3716045810059848
-0.9379021385697732
-0.9927145186657308
-0.9842857454939832
-0.8745628339803776
-0.9366598161929256
0.9548810717731906
-0.8902870389379043
-0.6142390222117657
-0.8617118650908757
-0.9520978000321513
-0.9814254270687742
-0.9779505945033521
-0.9998885867059423
-0.9328681056333173
-0.9473825822448074
-0.991865076498223
-0.8948354399411552
-0.9972950626204922
-0.679212306734303
-0.9992939569978959
-0.9965416590633719
-0.9475189597789607
-0.04909460181418379
-0.8520625635683057
-0.9593483378747852
-0.9990524023500993
-0.7149875282528124
-0.9996457979959541
-0.9541240637506859
-0.9916551778345052
-0.5811057917642739
-0.9997193968791175
-0.9473962503792537
-0.9986824992170915
-0.419222604968442
-0.7198680933430078
-0.9809473958577778
-0.9988469582137675
-0.9562891556119759
-0.6295328322367523
-0.9957605711184578
-0.9999999999999999
-0.4606449079455709
-0.8447930222596982
0.34549195744093164
-0.9997193968791176
-0.501011794543869
-0.9826212885520629
-0.9881315165671125
-0.9603783625144778
-0.9993320217087226
0.07933221916822464
-0.979962860986589
-0.9994667471156684
-0.8834016218326467
-0.7378732010733458
-0.9746801643824448
-0.9979614071298899
-0.9951594046182531
-0.7389030066959917
-0.9888595745010647
0.973993892314593
-0.9800810374311582
-0.9992678364544614
-0.9132278402734171
0.2561130372686662
-0.9999094002468636
0.8544415112123029
-0.9010607699085983
-0.9998399729537261
-0.41739218181545934
-0.8111095069973484
-0.9976284086865207
-0.9987599671065885
-0.981145026570535
-0.8351551496632836
-0.9995212043855273
-0.9861790512204356
-0.9518466327745908
-0.8708503382178887
-0.9874347184906908
-0.8456465056294138
-0.973458442310083
-0.9659821964104187
-0.9001447837590467
-0.981105678460934
-0.8150165957776783
-0.3809439539108588
-0.9594031055746831
0.06662703494681432
-0.997904467520111
-0.9998731507540366
-0.9217854772351338
-0.9517590839749684
-0.977950594503352
-0.9811063196064068
-0.9983701809122182
-0.9302340323073632
-0.8884729154984462
-0.9981799470989842
-0.9988631050055669
-0.8908351768510467
-0.9917136258981214
0.9439908385354712
-0.309373628502458
-0.9924163729647867
-0.998569394056743
-1.0
-0.17031854283215064
-0.9995212043855272
-0.9988469582137676
-0.9676202285969164
0.9548810717731904
-0.9989014781011913
-0.9960904062008049
-0.9608082857635893
-0.9991833206217462
-0.9898499668739457
-0.9954824695284181
-0.985966731191145
-0.28042860311763185
-0.9990448788250169
-0.9526798870072501
-0.9945926567719001
-0.5565155775870103
-0.9675443902105972
1.0
-0.9977693913513096
-0.9997532124406228
-0.9978407823989405
-0.994124405188776
-0.9944974593245475
-0.9960674201626387
-0.8054107139177918
-0.9932877572030776
-0.9989016472225322
-0.9998464747262463
-0.9846463895530807
-0.9994060953072157
-0.9991221400863266
-0.9999443344011838
-0.9985095529814855
0.8146603056958293
-0.9992133983013101
-0.9883126510688242
-0.9038976607750702
-0.9992929159681874
-0.9536532871005264
-0.5644078900271957
-0.9997452045165468
-0.9994157770833149
-0.994453537191041
-0.9988431565245343
-0.9651400200602824
-0.15685857309233298
-0.24115015417044472
-0.9495439784486047
-0.999884894487198
-0.9843878241246311
-0.9889016062795479
-0.9920411820255177
-0.995572492127498
-0.9966204949613394
-0.8681594541803466
-0.9837304463798935
-0.8596345764052558
-0.9191609329341076
-0.995390978861694
-0.9977280621749133
-0.9482831612146594
-0.9855330130272584
-0.9905619413319873
-0.9714055405574105
-0.9602924446018013
-0.9912469554888812
-0.9998234624011237
-0.9726264265005589
-0.9709307934426931
-0.9997459461814723
-0.9892848708909631
-0.9740778821339273
-0.981687507410174
-0.9494683244093705
-0.9996070468435434
-0.8798355239433165
-0.9756045829499843
-0.9456309242250089
-0.9299619187665991
-0.8907281486813232
-0.9388648736036715
-0.996622878861759
-0.8859196364918784
-0.9518080075861537
-0.9025848126508125
-0.8697162620812946
-0.9992806566696845
-0.927275265512579
-0.953231073452417
-0.998483025909047
-0.622571144034549
-0.8497223156767157
-0.7193446782709538
CENT
0.013139028551756082
-0.2170282965259399
-0.41671726769750517
-0.037420223034113076
-0.6981470977500472
-0.48006836027318467
-0.36931572928208756
0.12405351194994174
0.7037811913107845
-0.5112181164730101
-0.2183316820203638
0.6490115262866598
0.06220773119398615
0.03902337334817996
-0.3311959741893593
-0.10617451311223092
0.176559722586473
0.09681199914624439
0.40031616982836504
0.023747529725530514
0.5235810301021697
0.0010993387634385954
0.8560858058756435
0.05599317190720243
-0.32998837270936177
1.0
0.9021402306494906
-0.1270575573075412
-0.07646200443904916
-0.35157256570500417
-0.37635196171781526
-0.035955675780405594
0.7104575794203392
-0.5825734549138801
-0.8682871710073033
-0.30070137187290313
0.7831073417239638
-0.6242041702391593
0.06220773119398615
-0.7680140193628083
0.7261242305953137
0.9021402306494906
0.8275236535834507
0.5999523511718632
-0.6786548898077776
0.4443687294015797
-0.16665058518717069
0.7784884001801491
0.43663084184760836
0.3740145674466049
0.808702861072643
0.34258437407541686
-0.2695590507306941
-0.15039033731035478
0.625392714104132
-0.41671726769750517
0.6794933176477025
0.4347014553215982
-0.4381557918143283
0.6126304592704139
-0.3539510137156675
0.03442559484142871
0.8322562712806612
0.09681199914624439
0.659843205574913
-0.07503303190569233
0.3665696202885662
0.851297576207612
0.5644807945085439
-0.24160147261849985
-0.16260162601626027
-0.537511047444323
-0.6290732597508879
0.19836251977866537
-0.738930503355802
-0.5633008607162229
0.7373911246226859
0.7373911246226859
-0.738930503355802
-0.10477232126581382
-0.9798043458470759
-0.36106285723211273
0.4404957109076091
0.8826230504192947
-0.006380221064005487
-0.9253922277892973
0.14518789739955484
0.5541725884142665
-0.3598799908921658
0.6971273712737125
-0.628100896393579
-0.35038186745503797
0.1305281808845089
-0.304394521695007
-0.2454448912797479
-0.17068887984753445
-0.5312471792417381
0.9070484829477372
0.2307344523296273
0.402209540594624
0.27603561749903194
-0.4603728549209182
-0.3360163501967246
0.3134992966604804
0.2813390400906526
0.7060041407867494
-0.6055343754944141
0.48751725383920497
-0.5048313095567403
-0.22353397822157717
0.5418763711446639
0.042095754290875975
0.6168751532989944
-0.07073834110961241
0.43856225930680326
-0.9299633801884402
0.9267985643481953
0.05599317190720243
0.7738800707938152
-0.04763460419992316
0.2359017274906714
-0.2338848925892526
-0.1145613378351038
0.7854208035167909
0.31710902859664736
0.09840219701146391
0.14355273271997016
0.2153245803342856
0.8040248921007727
0.12405351194994174
-0.1571863514049604
0.6816889156545889
-0.4919673518935582
0.619001016073109
0.9021402306494906
0.22386865097590491
0.4443687294015797
-0.6786548898077776
-0.1679978662704027
0.4756493763768046
-0.05633795864370317
0.42700415461657215
0.2637229931196554
-0.1435642257219737
0.7419158579050174
-0.04908847354105672
0.49946132955176537
-0.33481275818159095
0.954264632682341
0.8777725078370404
-0.5322931781389046
0.1966754869121945
-0.1089751291601585
0.14028714755232663
0.17323001355013545
-0.021236031881497697
0.17822701943400854
-0.021236031881497697
0.146824646541039
0.1798959476874611
-0.2325949237987005
0.7854208035167909
-0.46587204071168065
-0.34441358492259877
-0.07646200443904916
-0.304394521695007
0.5706926971123583
0.251496471008666
-0.05778389600008882
0.5195394557495872
0.5665491731170034
0.2919941225688154
0.811045913357684
0.34625358567592834
-0.07217120200200622
-0.903040045764519
0.4974653275944525
0.04671515920612879
-0.5122796781789973
-0.572464801688444
-0.09068092482726631
-0.037420223034113076
0.11117866691610323
-0.7680140193628083
0.8228020419739079
-0.3598799908921658
-0.043265018841317726
0.15010290743062615
0.2602209547383403
0.29734592892487655
0.8584841332284288
0.6062809389789001
0.3444180390521856
-0.22223508812558979
0.010120710226163343
-0.2994682512005946
-0.17873364372873168
-0.6711502039735784
0.4041048856786795
0.3946478726357727
-0.5683997176106215
-0.20656049944447374
-0.06211382113821151
0.05444319287679189
-0.3563255385131172
-0.48765236570114634
0.17822701943400854
0.9021402306494906
-0.1270575573075412
0.5074667422277439
-0.8682871710073033
0.47762209536988953
-0.7749627108674186
0.3665696202885662
-0.42352277328653265
0.06688408416723712
-0.9100231295353245
0.6816889156545889
-0.45152855037322326
0.790055732160551
0.41361133423148155
-0.2377481524922589
-0.5468525805781737
0.07470757021463048
0.11760372166641897
-0.48765236570114634
-0.9805319073533002
0.3207261160742021
0.7216353569431386
0.6816889156545889
-0.9100231295353245
0.38899723368988637
-0.2808461982207634
0.3573065427000124
0.13377488987245068
-0.5499520533666877
0.47762209536988953
-0.21963394147980342
-0.7557588075880757
-0.2908072817548084
0.5957448707308146
-0.41898942991043464
-0.3420193464263691
-0.38102360582068595
0.4974653275944525
-0.4110207768744353
0.8656960247628325
-0.3178568476031606
-0.37635196171781526
0.3573065427000124
0.7669873946445886
-0.7064101318304021
0.9095069810555585
0.37774860150257816
-0.6588605886058858
0.811045913357684
0.41361133423148155
-0.5312471792417381
-0.817519837248234
-0.35751133273904856
0.4404957109076091
-0.9185013747947697
-0.3456092176815806
0.47762209536988953
0.3063018098471191
-0.2325949237987005
0.7193947350238377
0.43663084184760836
-0.5260050078188017
0.811045913357684
0.20174156936054843
0.636092811288623
0.6425414031918095
0.517521927907451
0.9169000256332127
-0.6579103480219004
-0.5795489335646495
0.4404957109076091
0.11438811125155413
-0.17873364372873168
-0.24416484953195705
-0.6692671373608259
-0.46367498609483904
0.834626719445037
-0.6454930721414038
-0.4426276422764226
0.7831073417239638
-0.41671726769750517
0.8681056416678217
0.251496471008666
-0.1814058473043174
-0.6879741435137811
-0.9805319073533002
0.34809101684446
-0.9185013747947697
-0.5468525805781737
-0.02861275741834135
0.8584841332284288
-0.4614744399331159
-0.3891623221164947
0.5665491731170034
-0.6889023303070374
0.26898923607709957
-0.6310158103446011
-0.2758403209297038
0.625392714104132
-0.3740103958416633
0.11599514458898796
-0.04763460419992316
0.2153245803342856
0.5235810301021697
0.929280581588632
-0.14082530896230927
-0.9299633801884402
-0.8300011108964
-0.3239352577012009
-0.628100896393579
-0.23517375268294993
0.3554596451314309
-0.01827582331122868
-0.3324025714269615
-1.0
0.19836251977866537
-0.368139652649093
-0.35157256570500417
-0.7495853919023345
-0.45374491195111133
0.6490115262866598
-0.3420193464263691
-0.2338848925892526
0.7807965421426364
-0.4898115556067084
-0.0018966424032004214
0.1798959476874611
-0.9299633801884402
-0.3845173241442498
-0.12012760466738959
-0.47789379947511934
-0.48006836027318467
0.6641928206991565
0.49347972112199723
-0.02861275741834135
-0.7009074410163338
-0.18540539708586257
0.042095754290875975
-0.5322931781389046
-0.3311959741893593
-0.2325949237987005
0.452139318012303
-0.3728381728261728
-0.2808461982207634
0.885052616759934
-0.7784223866165474
-0.6786548898077776
0.6794933176477025
0.15667854443364648
0.14846298244853484
0.06065189074931321
-0.01827582331122868
-0.379857127814632
-0.6654926873155371
-0.5058978580403475
-0.1585419600339678
-0.6972256454661966
0.0700090334236676
-0.16124959576324083
-0.6055343754944141
-0.3539510137156675
-0.4336695854920023
0.8972436023945791
-0.17873364372873168
0.016162970199800064
0.43856225930680326
-0.2908072817548084
-0.36106285723211273
-0.23903369505798044
-0.3360163501967246
0.13540059591807907
0.3684279744191348
-0.2908072817548084
-0.45485176874867117
0.7082296020700318
-0.0018966424032004214
-0.22353397822157717
0.12243873761488944
0.2778016456561141
0.9392383397518187
DEGREE_RANK
-0.05181347150259075
-0.04663212435233166
-0.6476683937823834
-0.36787564766839387
-0.8963730569948186
-0.9430051813471503
-0.5181347150259068
0.24352331606217614
0.839378238341969
0.24870466321243523
0.2538860103626943
0.9533678756476682
0.07772020725388606
-0.041450777202072575
-0.5129533678756477
0.2590673575129534
0.8445595854922279
0.6476683937823835
0.49222797927461137
0.704663212435233
0.08290155440414493
0.9585492227979275
0.7098445595854923
0.2642487046632125
-0.8911917098445596
0.7150259067357514
-0.0362694300518136
-0.5077720207253886
-0.3626943005181348
0.3886010362694301
-0.7512953367875648
-0.6424870466321244
0.7202072538860103
-0.7461139896373057
-0.8860103626943006
0.3937823834196892
-0.3575129533678757
-0.9948186528497409
0.08808290155440424
-0.5025906735751295
0.7875647668393781
0.39896373056994827
0.26943005181347157
0.9637305699481866
-0.1917098445595855
-0.18652849740932653
0.49740932642487046
0.40414507772020714
0.09326424870466332
-0.18134715025906745
0.8497409326424872
0.27461139896373066
0.09844559585492219
-0.17616580310880836
0.8549222797927463
-0.3523316062176166
0.8601036269430051
0.7253886010362696
-0.854922279792746
0.9067357512953369
0.2797927461139895
-0.49740932642487057
-0.34715025906735764
0.5025906735751295
0.7305699481865287
0.28497409326424883
-0.34196891191709844
-0.031088082901554404
0.10362694300518127
-0.4922279792746115
0.7357512953367875
-0.8808290155440415
-0.9740932642487047
-0.17098445595854928
-0.6373056994818653
-0.4870466321243524
0.2901554404145077
0.40932642487046644
-0.6321243523316062
0.10880829015544058
-0.8756476683937824
-0.4818652849740933
0.5077720207253886
0.9119170984455958
0.4145077720207253
-1.0
0.5129533678756477
0.7409326424870466
-0.33678756476683946
0.9170984455958548
-0.9378238341968912
-0.6269430051813472
-0.02590673575129543
0.11398963730569944
-0.6217616580310881
0.11917098445595853
-0.616580310880829
0.8652849740932642
0.4196891191709844
0.5181347150259068
0.7927461139896372
-0.3316062176165804
-0.7409326424870466
-0.020725388601036343
0.4248704663212437
0.7461139896373057
-0.7357512953367875
0.6528497409326424
-0.9689119170984456
0.2953367875647668
0.12435233160621761
0.1295336787564767
0.7979274611398965
-0.1658031088082902
0.6580310880829017
-0.7305699481865284
0.3005181347150261
0.13471502590673579
-0.16062176165803121
-0.15544041450777202
0.7512953367875648
-0.7253886010362695
-0.7202072538860104
0.6632124352331605
0.5233160621761659
-0.15025906735751304
0.30569948186528495
0.5284974093264247
0.9222797927461142
0.5336787564766841
0.6683937823834196
0.7564766839378239
0.31088082901554404
-0.015544041450777257
-0.010362694300518172
0.3160621761658031
0.8031088082901554
-0.9637305699481865
0.43005181347150256
0.927461139896373
-0.6113989637305699
-0.8497409326424871
0.7616580310880829
0.13989637305699487
0.3212435233160622
0.8704663212435233
0.8756476683937824
-0.6062176165803108
0.9326424870466321
0.9844559585492227
0.14507772020725396
0.3264248704663213
-0.3264248704663213
-0.005181347150259086
0.0
0.8808290155440415
0.5388601036269429
0.8860103626943006
-0.14507772020725396
0.33160621761658016
-0.3212435233160622
0.33678756476683946
-0.844559585492228
-0.13989637305699487
0.43523316062176165
-0.4766839378238342
0.8082901554404145
0.544041450777202
-0.3160621761658031
0.8134715025906736
0.15025906735751304
0.44041450777202074
0.6735751295336789
-0.6010362694300518
-0.13471502590673579
-0.8393782383419689
-0.5958549222797928
0.5492227979274613
-0.5906735751295338
-0.8341968911917098
-0.47150259067357525
-0.1295336787564767
-0.46632124352331605
-0.4611398963730571
0.005181347150259086
0.010362694300518172
0.34196891191709855
0.1554404145077719
0.6787564766839378
0.766839378238342
0.9378238341968912
0.8911917098445596
0.16062176165803121
-0.31088082901554415
0.3471502590673574
0.5544041450777202
-0.12435233160621773
-0.455958549222798
0.5595854922279793
0.3523316062176167
-0.8290155440414508
0.015544041450777257
-0.30569948186528506
0.8186528497409327
-0.5854922279792746
-0.11917098445595864
0.5647668393782384
0.4455958549222798
-0.300518134715026
-0.2953367875647669
-0.450777202072539
-0.11398963730569955
-0.5803108808290156
0.5699481865284974
-0.8704663212435233
0.5751295336787565
-0.5751295336787565
0.4507772020725389
-0.5699481865284974
0.16580310880829008
-0.4455958549222798
0.17098445595854916
-0.9326424870466321
0.8238341968911918
0.9430051813471503
-0.8238341968911918
-0.927461139896373
0.5803108808290154
0.17616580310880847
0.7720207253886011
-0.5647668393782384
0.020725388601036343
0.18134715025906734
-0.2901554404145078
-0.44041450777202074
-0.7150259067357514
0.8963730569948187
0.3575129533678758
-0.7098445595854922
-0.10880829015544047
-0.28497409326424883
-0.27979274611398963
0.02590673575129543
-0.8186528497409327
-0.27461139896373066
-0.5595854922279793
0.9689119170984455
-0.26943005181347157
-0.7046632124352332
0.8290155440414506
0.6839378238341969
-0.43523316062176176
0.9740932642487048
0.9896373056994818
-0.8134715025906736
0.031088082901554293
-0.10362694300518138
-0.5544041450777202
-0.6994818652849741
0.0362694300518136
-0.2642487046632125
-0.9896373056994818
0.45595854922279777
0.4611398963730571
0.8341968911917099
-0.2590673575129534
0.041450777202072464
0.5854922279792747
-0.4300518134715027
0.5906735751295338
0.36269430051813467
0.46632124352331616
0.689119170984456
0.5958549222797926
0.18652849740932642
-0.9844559585492227
-0.694300518134715
0.601036269430052
0.606217616580311
-0.09844559585492241
0.04663212435233155
-0.9585492227979274
-0.5492227979274611
0.36787564766839376
-0.4248704663212436
-0.544041450777202
0.1917098445595855
0.1968911917098446
0.9792746113989639
0.6113989637305699
-0.09326424870466321
-0.8082901554404145
-0.9222797927461139
0.616580310880829
-0.9792746113989638
-0.917098445595855
0.77720207253886
0.9481865284974094
-0.8031088082901554
-0.8652849740932642
0.20207253886010368
-0.8601036269430051
-0.2538860103626943
-0.24870466321243534
-0.24352331606217625
0.05181347150259086
-0.4196891191709845
0.6217616580310881
-0.08808290155440424
0.6269430051813472
0.20725388601036254
0.9948186528497409
-0.4145077720207254
-0.538860103626943
-0.7979274611398963
-0.7927461139896372
-0.9119170984455959
-0.08290155440414515
-0.40932642487046644
0.05699481865284972
-0.40414507772020725
-0.7875647668393783
-0.23834196891191717
-0.39896373056994827
-0.689119170984456
-0.6839378238341969
-0.533678756476684
0.9015544041450776
-0.6787564766839378
-0.3937823834196892
0.47150259067357503
-0.7823834196891192
-0.23316062176165808
0.37305699481865284
-0.6735751295336787
-0.3886010362694302
-0.7772020725388601
-0.772020725388601
-0.9067357512953368
0.6321243523316062
0.21243523316062185
-0.227979274611399
-0.07772020725388606
0.06217616580310881
0.21761658031088094
-0.528497409326425
-0.22279792746114002
-0.21761658031088082
-0.383419689119171
-0.37823834196891193
0.06735751295336789
0.7823834196891193
-0.9533678756476685
-0.9481865284974094
0.37823834196891193
0.47668393782383434
-0.21243523316062185
0.2227979274611398
0.22797927461139889
-0.6683937823834196
-0.9015544041450777
-0.766839378238342
0.6373056994818653
-0.7616580310880829
0.383419689119171
0.694300518134715
-0.6632124352331606
-0.6580310880829016
-0.6528497409326426
0.6424870466321244
-0.20725388601036276
-0.20207253886010368
0.4818652849740934
0.07253886010362698
-0.07253886010362698
-0.1968911917098446
-0.06735751295336789
0.6994818652849741
1.0
-0.06217616580310892
-0.7564766839378239
-0.05699481865284983
0.2331606217616582
-0.5233160621761658
0.23834196891191706
-0.37305699481865295
0.4870466321243523
EIGENVECTOR_RANK
-0.15544041450777202
0.5336787564766841
-0.766839378238342
0.20207253886010368
-0.3937823834196892
-0.020725388601036343
-0.3575129533678757
0.704663212435233
0.9378238341968912
-0.4455958549222798
0.33678756476683946
0.49222797927461137
-0.33678756476683946
0.3264248704663213
-0.13989637305699487
-0.538860103626943
0.2538860103626943
0.24870466321243523
0.28497409326424883
0.1968911917098446
-0.05181347150259075
0.05181347150259086
0.9067357512953369
0.2901554404145077
-0.7823834196891192
0.9015544041450776
0.6735751295336789
-0.5595854922279793
-0.6113989637305699
0.14507772020725396
-0.8082901554404145
-0.5544041450777202
0.4611398963730571
-0.9533678756476685
-0.9844559585492227
-0.11917098445595864
0.31088082901554404
-0.9222797927461139
-0.544041450777202
-0.8704663212435233
0.927461139896373
0.8497409326424872
0.7927461139896372
0.9170984455958548
-0.5906735751295338
0.7253886010362696
0.606217616580311
0.5699481865284974
-0.10362694300518138
0.5958549222797926
0.9585492227979275
-0.0362694300518136
0.47150259067357503
-0.5958549222797928
0.18134715025906734
-0.8341968911917098
0.33160621761658016
0.8549222797927463
-0.7202072538860104
0.9430051813471503
0.20725388601036254
-0.3523316062176166
0.601036269430052
0.18652849740932642
0.8290155440414506
0.5751295336787565
-0.31088082901554415
0.8134715025906736
0.08808290155440424
-0.6528497409326426
0.6113989637305699
-0.7772020725388601
-0.5181347150259068
0.26943005181347157
-0.6632124352331606
-0.15025906735751304
0.3575129533678758
0.7150259067357514
-0.6683937823834196
-0.13471502590673579
-0.9896373056994818
-0.8393782383419689
0.30569948186528495
0.9119170984455958
-0.015544041450777257
-0.7979274611398963
0.7461139896373057
0.8860103626943006
-0.2538860103626943
0.9637305699481866
-0.47150259067357525
-0.689119170984456
0.7098445595854923
0.06217616580310881
-0.031088082901554404
0.47668393782383434
-0.6217616580310881
0.9222797927461142
0.23834196891191706
0.2331606217616582
0.8082901554404145
0.3212435233160622
-0.16062176165803121
0.6528497409326424
-0.1658031088082902
0.4507772020725389
-0.24352331606217625
0.8601036269430051
-0.07772020725388606
-0.18134715025906745
-0.06735751295336789
-0.37305699481865295
0.4196891191709844
-0.6010362694300518
-0.04663212435233166
-0.9067357512953368
0.6321243523316062
0.6580310880829017
0.6839378238341969
-0.4870466321243524
0.2797927461139895
-0.6735751295336787
-0.455958549222798
0.3886010362694301
-0.21243523316062185
0.6683937823834196
-0.2901554404145078
0.7616580310880829
0.9326424870466321
0.11398963730569944
-0.07253886010362698
0.8963730569948187
-0.4300518134715027
0.2227979274611398
0.6787564766839378
0.07772020725388606
0.8652849740932642
-0.6269430051813472
0.5595854922279793
0.39896373056994827
-0.5699481865284974
0.13471502590673579
0.77720207253886
-0.1917098445595855
0.40414507772020714
0.005181347150259086
0.3471502590673574
-0.5492227979274611
0.9533678756476682
0.9948186528497409
-0.4766839378238342
0.031088082901554293
0.4870466321243523
-0.3316062176165804
-0.09326424870466321
-0.010362694300518172
0.1554404145077719
-0.005181347150259086
-0.3160621761658031
0.7409326424870466
-0.3264248704663213
0.43005181347150256
-0.5854922279792746
0.4455958549222798
0.6269430051813472
-0.20725388601036276
0.43523316062176165
0.7979274611398965
0.2953367875647668
0.3523316062176167
0.010362694300518172
-0.18652849740932653
0.37823834196891193
-0.30569948186528506
-0.5233160621761658
-0.9792746113989638
0.15025906735751304
0.17616580310880847
0.0
-0.9481865284974094
0.11917098445595853
-0.14507772020725396
0.5025906735751295
-0.8756476683937824
0.7875647668393781
0.21761658031088094
-0.43523316062176176
-0.26943005181347157
0.49740932642487046
0.22797927461139889
0.9844559585492227
0.4248704663212437
0.6994818652849741
0.5233160621761659
0.09326424870466332
-0.23834196891191717
-0.17616580310880836
-0.9637305699481865
0.24352331606217614
0.17098445595854916
-0.4145077720207254
0.3937823834196892
-0.6062176165803108
0.6632124352331605
-0.8238341968911918
-0.5647668393782384
0.16062176165803121
0.8445595854922279
0.5388601036269429
0.041450777202072464
-0.7616580310880829
0.6476683937823835
-0.8860103626943006
0.05699481865284972
-0.40414507772020725
0.7202072538860103
-0.8963730569948186
0.16580310880829008
-0.7098445595854922
0.766839378238342
0.6373056994818653
-0.21761658031088082
-0.7357512953367875
0.04663212435233155
0.689119170984456
-0.5129533678756477
-0.9948186528497409
0.7564766839378239
0.5544041450777202
0.8911917098445596
-0.8911917098445596
0.7512953367875648
-0.2590673575129534
-0.34196891191709844
0.020725388601036343
-0.8290155440414508
0.8756476683937824
-0.1968911917098446
-0.854922279792746
0.46632124352331616
0.6217616580310881
-0.12435233160621773
-0.6580310880829016
-0.4922279792746115
0.616580310880829
-0.3626943005181348
0.9896373056994818
-0.20207253886010368
-0.8031088082901554
0.34196891191709855
0.8808290155440415
-0.9689119170984456
0.9689119170984455
0.37305699481865284
-0.9326424870466321
0.7720207253886011
0.5854922279792747
-0.616580310880829
-0.7150259067357514
-0.23316062176165808
0.5647668393782384
-0.8601036269430051
-0.300518134715026
0.09844559585492219
0.5077720207253886
-0.3212435233160622
0.5492227979274613
-0.10880829015544047
-0.041450777202072575
0.383419689119171
-0.22279792746114002
0.5803108808290154
0.7823834196891193
0.0362694300518136
0.8704663212435233
-0.6476683937823834
-0.9430051813471503
0.3005181347150261
0.10880829015544058
-0.17098445595854928
-0.227979274611399
-0.6839378238341969
0.2590673575129534
0.44041450777202074
-0.6787564766839378
-0.7409326424870466
0.40932642487046644
-0.40932642487046644
0.9740932642487048
0.8031088082901554
-0.4248704663212436
-0.7046632124352332
-1.0
0.8341968911917099
-0.8652849740932642
-0.7305699481865284
-0.06217616580310892
0.9792746113989639
-0.7461139896373057
-0.533678756476684
0.015544041450777257
-0.7875647668393783
-0.383419689119171
-0.5025906735751295
-0.2953367875647669
0.8186528497409327
-0.7564766839378239
0.08290155440414493
-0.4818652849740933
0.7357512953367875
-0.05699481865284983
1.0
-0.6373056994818653
-0.917098445595855
-0.6424870466321244
-0.450777202072539
-0.46632124352331605
-0.528497409326425
0.5906735751295338
-0.44041450777202074
-0.7512953367875648
-0.9378238341968912
-0.27979274611398963
-0.844559585492228
-0.772020725388601
-0.9740932642487047
-0.6994818652849741
0.9481865284974094
-0.7927461139896372
-0.34715025906735764
0.36269430051813467
-0.8186528497409327
0.06735751295336789
0.7305699481865287
-0.9015544041450777
-0.8497409326424871
-0.4611398963730571
-0.7253886010362695
-0.02590673575129543
0.839378238341969
0.8238341968911918
0.12435233160621761
-0.9585492227979274
-0.27461139896373066
-0.36787564766839387
-0.4196891191709845
-0.5077720207253886
-0.5751295336787565
0.5181347150259068
-0.2642487046632125
0.5284974093264247
0.3160621761658031
-0.49740932642487057
-0.6321243523316062
0.13989637305699487
-0.28497409326424883
-0.3886010362694302
-0.08808290155440424
0.02590673575129543
-0.39896373056994827
-0.927461139896373
-0.09844559585492241
-0.08290155440414515
-0.9119170984455959
-0.37823834196891193
-0.11398963730569955
-0.24870466321243534
0.1295336787564767
-0.8808290155440415
0.4818652849740934
-0.1295336787564767
0.1917098445595855
0.2642487046632125
0.4145077720207253
0.21243523316062185
-0.5803108808290156
0.45595854922279777
0.10362694300518127
0.36787564766839376
0.5129533678756477
-0.8134715025906736
0.27461139896373066
0.07253886010362698
-0.694300518134715
0.694300518134715
0.544041450777202
0.6424870466321244
CENT_RANK
0.0362694300518136
-0.227979274611399
-0.5647668393782384
-0.0362694300518136
-0.8601036269430051
-0.6424870466321244
-0.5025906735751295
0.16580310880829008
0.7461139896373057
-0.6787564766839378
-0.23316062176165808
0.694300518134715
0.09844559585492219
0.05699481865284972
-0.3937823834196892
-0.11398963730569955
0.2331606217616582
0.12435233160621761
0.4507772020725389
0.04663212435233155
0.601036269430052
0.02590673575129543
0.8963730569948187
0.08290155440414493
-0.383419689119171
1.0
0.9430051813471503
-0.13989637305699487
-0.09844559585492241
-0.450777202072539
-0.5233160621761658
-0.02590673575129543
0.7616580310880829
-0.7564766839378239
-0.9326424870466321
-0.3575129533678757
0.8186528497409327
-0.772020725388601
0.10362694300518127
-0.9015544041450777
0.77720207253886
0.9481865284974094
0.8756476683937824
0.6476683937823835
-0.8393782383419689
0.5233160621761659
-0.18134715025906745
0.8082901554404145
0.4870466321243523
0.43005181347150256
0.8497409326424872
0.37823834196891193
-0.3160621761658031
-0.15544041450777202
0.6735751295336789
-0.5595854922279793
0.7150259067357514
0.4818652849740934
-0.5854922279792746
0.6580310880829017
-0.4611398963730571
0.05181347150259086
0.8808290155440415
0.1295336787564767
0.704663212435233
-0.08808290155440424
0.4145077720207253
0.8911917098445596
0.6217616580310881
-0.300518134715026
-0.17616580310880836
-0.7150259067357514
-0.7875647668393783
0.2642487046632125
-0.8808290155440415
-0.7357512953367875
0.7823834196891193
0.7875647668393781
-0.8756476683937824
-0.10880829015544047
-0.9844559585492227
-0.4922279792746115
0.5077720207253886
0.927461139896373
0.010362694300518172
-0.9637305699481865
0.20207253886010368
0.616580310880829
-0.4818652849740933
0.7409326424870466
-0.7823834196891192
-0.44041450777202074
0.17616580310880847
-0.36787564766839387
-0.31088082901554415
-0.1917098445595855
-0.6994818652849741
0.9637305699481866
0.2953367875647668
0.45595854922279777
0.33160621761658016
-0.6113989637305699
-0.4145077720207254
0.36269430051813467
0.34196891191709855
0.7512953367875648
-0.766839378238342
0.5595854922279793
-0.6683937823834196
-0.2538860103626943
0.6113989637305699
0.06217616580310881
0.6632124352331605
-0.07772020725388606
0.49740932642487046
-0.9792746113989638
0.9792746113989639
0.08808290155440424
0.8031088082901554
-0.05181347150259075
0.3005181347150261
-0.27979274611398963
-0.12435233160621773
0.8290155440414506
0.36787564766839376
0.13471502590673579
0.1968911917098446
0.2797927461139895
0.8445595854922279
0.17098445595854916
-0.16062176165803121
0.7253886010362696
-0.6632124352331606
0.6683937823834196
0.9533678756476682
0.2901554404145077
0.5284974093264247
-0.8341968911917098
-0.18652849740932653
0.5388601036269429
-0.06217616580310892
0.47668393782383434
0.3212435233160622
-0.15025906735751304
0.7927461139896372
-0.05699481865284983
0.5803108808290154
-0.40414507772020725
0.9948186528497409
0.9222797927461142
-0.7098445595854922
0.2590673575129534
-0.11917098445595864
0.1917098445595855
0.22797927461139889
-0.010362694300518172
0.23834196891191706
-0.005181347150259086
0.20725388601036254
0.24870466321243523
-0.26943005181347157
0.8341968911917099
-0.6269430051813472
-0.4300518134715027
-0.09326424870466321
-0.3626943005181348
0.6373056994818653
0.30569948186528495
-0.06735751295336789
0.5958549222797926
0.6269430051813472
0.3471502590673574
0.8549222797927463
0.3886010362694301
-0.08290155440414515
-0.9378238341968912
0.5699481865284974
0.07253886010362698
-0.6839378238341969
-0.7461139896373057
-0.10362694300518138
-0.031088082901554404
0.13989637305699487
-0.8963730569948186
0.8704663212435233
-0.4766839378238342
-0.041450777202072575
0.21761658031088094
0.3160621761658031
0.3523316062176167
0.9015544041450776
0.6528497409326424
0.383419689119171
-0.24352331606217625
0.031088082901554293
-0.3523316062176166
-0.20725388601036276
-0.8238341968911918
0.4611398963730571
0.4455958549222798
-0.7409326424870466
-0.22279792746114002
-0.07253886010362698
0.07772020725388606
-0.46632124352331605
-0.6528497409326426
0.24352331606217614
0.9585492227979275
-0.13471502590673579
0.5854922279792747
-0.927461139896373
0.544041450777202
-0.9067357512953368
0.4196891191709844
-0.5751295336787565
0.10880829015544058
-0.9481865284974094
0.7305699481865287
-0.5958549222797928
0.839378238341969
0.46632124352331616
-0.2901554404145078
-0.7253886010362695
0.11917098445595853
0.1554404145077719
-0.6476683937823834
-0.9948186528497409
0.37305699481865284
0.7720207253886011
0.7357512953367875
-0.9430051813471503
0.44041450777202074
-0.3316062176165804
0.40414507772020714
0.18134715025906734
-0.7305699481865284
0.5492227979274613
-0.23834196891191717
-0.8911917098445596
-0.34715025906735764
0.6424870466321244
-0.5699481865284974
-0.4248704663212436
-0.533678756476684
0.5751295336787565
-0.5492227979274611
0.9119170984455958
-0.37305699481865295
-0.5181347150259068
0.40932642487046644
0.7979274611398965
-0.8704663212435233
0.9689119170984455
0.43523316062176165
-0.8082901554404145
0.8601036269430051
0.47150259067357503
-0.694300518134715
-0.917098445595855
-0.47150259067357525
0.5129533678756477
-0.9585492227979274
-0.43523316062176176
0.5544041450777202
0.3575129533678758
-0.2642487046632125
0.766839378238342
0.49222797927461137
-0.689119170984456
0.8652849740932642
0.27461139896373066
0.6839378238341969
0.689119170984456
0.5906735751295338
0.9740932642487048
-0.8031088082901554
-0.7512953367875648
0.5181347150259068
0.14507772020725396
-0.20207253886010368
-0.30569948186528506
-0.8186528497409327
-0.6217616580310881
0.8860103626943006
-0.7979274611398963
-0.5906735751295338
0.8238341968911918
-0.5544041450777202
0.9170984455958548
0.31088082901554404
-0.21243523316062185
-0.844559585492228
-0.9896373056994818
0.3937823834196892
-0.9533678756476685
-0.7202072538860104
-0.020725388601036343
0.9067357512953369
-0.616580310880829
-0.544041450777202
0.6321243523316062
-0.8497409326424871
0.3264248704663213
-0.7927461139896372
-0.3212435233160622
0.6787564766839378
-0.5129533678756477
0.15025906735751304
-0.04663212435233166
0.28497409326424883
0.606217616580311
0.9844559585492227
-0.14507772020725396
-0.9740932642487047
-0.9222797927461139
-0.37823834196891193
-0.7772020725388601
-0.28497409326424883
0.39896373056994827
0.0
-0.39896373056994827
-1.0
0.26943005181347157
-0.49740932642487057
-0.4455958549222798
-0.8860103626943006
-0.6010362694300518
0.6994818652849741
-0.4196891191709845
-0.27461139896373066
0.8134715025906736
-0.6580310880829016
0.015544041450777257
0.2538860103626943
-0.9689119170984456
-0.538860103626943
-0.1295336787564767
-0.6321243523316062
-0.6373056994818653
0.7098445595854923
0.5647668393782384
-0.015544041450777257
-0.8652849740932642
-0.21761658031088082
0.06735751295336789
-0.7046632124352332
-0.3886010362694302
-0.2590673575129534
0.5336787564766841
-0.5077720207253886
-0.3264248704663213
0.9326424870466321
-0.9119170984455959
-0.8290155440414508
0.7202072538860103
0.2227979274611398
0.21243523316062185
0.09326424870466332
0.005181347150259086
-0.528497409326425
-0.8134715025906736
-0.6735751295336787
-0.1658031088082902
-0.854922279792746
0.11398963730569944
-0.17098445595854928
-0.7616580310880829
-0.455958549222798
-0.5803108808290156
0.9378238341968912
-0.1968911917098446
0.041450777202072464
0.5025906735751295
-0.34196891191709844
-0.4870466321243524
-0.2953367875647669
-0.40932642487046644
0.18652849740932642
0.4248704663212437
-0.33678756476683946
-0.6062176165803108
0.7564766839378239
0.020725388601036343
-0.24870466321243534
0.16062176165803121
0.33678756476683946
0.9896373056994818
RANK
321
226
292
80
115
313
334
85
261
294
216
230
175
34
210
314
258
352
212
39
183
238
325
74
78
251
342
4
363
301
291
44
137
353
197
281
360
254
275
284
303
72
90
316
37
106
366
33
276
179
200
75
235
222
295
71
150
345
96
257
268
178
9
361
108
132
331
205
225
5
338
337
162
282
298
101
380
326
218
285
58
368
214
241
2
55
287
245
299
335
243
359
30
248
306
349
6
323
81
374
88
185
259
204
60
367
29
324
91
262
163
242
328
102
376
147
320
14
346
24
315
247
93
165
35
195
239
373
379
232
350
304
52
94
280
69
375
221
317
121
329
160
265
347
109
383
193
237
10
1
201
343
290
196
279
370
95
138
46
70
365
362
130
53
143
312
27
208
336
122
152
15
79
180
28
164
65
174
113
202
168
140
145
119
308
186
3
181
31
296
341
155
157
319
358
84
332
382
21
194
0
371
19
61
13
111
344
177
203
23
117
357
12
38
215
364
223
17
63
125
182
278
307
224
384
7
129
92
234
377
153
126
86
158
356
187
355
154
16
156
206
159
333
151
73
322
270
127
309
135
98
120
167
289
188
142
302
100
385
104
171
189
264
103
124
227
51
192
173
293
318
233
249
66
213
378
49
253
231
199
18
99
198
220
256
141
57
48
267
114
372
82
260
277
45
136
348
139
211
236
263
107
340
176
244
146
209
273
169
20
310
110
87
68
170
300
166
240
43
191
59
112
133
54
305
271
272
11
327
64
339
56
354
131
217
229
89
8
105
381
32
266
228
40
76
77
144
250
118
47
330
36
286
123
161
219
128
50
172
255
269
184
42
62
283
67
22
190
297
246
288
149
83
351
369
26
41
134
207
97
252
274
116
311
386
148
25
