DEGREE
-0.2666666666666667
0.1333333333333333
-0.06666666666666665
0.06666666666666665
-0.6
0.1333333333333333
0.3999999999999999
-0.1333333333333333
0.19999999999999996
0.0
0.6000000000000001
0.2666666666666666
-0.8666666666666667
0.06666666666666665
-0.33333333333333337
0.2666666666666666
-0.2666666666666667
-0.5333333333333333
0.1333333333333333
-0.4
-0.06666666666666665
-0.1333333333333333
0.19999999999999996
0.06666666666666665
0.0
-0.2666666666666667
-0.6
0.19999999999999996
0.2666666666666666
0.46666666666666656
-0.19999999999999996
0.06666666666666665
-0.2666666666666667
-0.06666666666666665
-0.06666666666666665
0.3999999999999999
-0.4666666666666667
0.06666666666666665
-0.4666666666666667
-0.1333333333333333
0.0
-0.8666666666666667
0.2666666666666666
0.7333333333333334
0.6000000000000001
-0.19999999999999996
0.06666666666666665
0.1333333333333333
0.3999999999999999
0.1333333333333333
0.06666666666666665
-0.33333333333333337
0.8
-0.6666666666666667
0.2666666666666666
0.2666666666666666
0.2666666666666666
-0.8666666666666667
0.0
0.1333333333333333
-0.4666666666666667
0.06666666666666665
-0.06666666666666665
0.19999999999999996
0.2666666666666666
0.6666666666666667
0.06666666666666665
0.5333333333333334
0.06666666666666665
-0.1333333333333333
-0.4
0.3999999999999999
-0.1333333333333333
0.6000000000000001
-0.5333333333333333
0.06666666666666665
-0.06666666666666665
0.06666666666666665
-0.5333333333333333
0.19999999999999996
-0.8666666666666667
0.1333333333333333
0.2666666666666666
0.2666666666666666
0.8666666666666667
0.06666666666666665
0.1333333333333333
0.19999999999999996
0.0
1.0
1.0
0.0
0.19999999999999996
0.1333333333333333
-0.2666666666666667
0.19999999999999996
0.0
-0.2666666666666667
-0.6666666666666667
-0.1333333333333333
-0.2666666666666667
-0.1333333333333333
0.2666666666666666
0.6666666666666667
0.1333333333333333
0.1333333333333333
0.06666666666666665
0.06666666666666665
0.3999999999999999
0.3999999999999999
0.6000000000000001
-0.4
-0.33333333333333337
-0.4
-0.06666666666666665
-0.19999999999999996
0.1333333333333333
0.1333333333333333
0.2666666666666666
0.3999999999999999
-0.6
0.3999999999999999
0.46666666666666656
-0.8666666666666667
0.19999999999999996
-0.06666666666666665
-0.6666666666666667
0.6000000000000001
0.06666666666666665
0.1333333333333333
-0.1333333333333333
0.1333333333333333
0.46666666666666656
0.06666666666666665
-0.33333333333333337
0.33333333333333326
-0.33333333333333337
0.19999999999999996
-0.6666666666666667
-0.2666666666666667
-0.8666666666666667
0.6000000000000001
0.19999999999999996
-0.4
-0.6
0.19999999999999996
0.46666666666666656
0.06666666666666665
-0.8666666666666667
-0.8
0.8666666666666667
-0.33333333333333337
0.46666666666666656
-0.8666666666666667
0.1333333333333333
0.06666666666666665
0.19999999999999996
0.0
0.0
-0.4
0.1333333333333333
0.2666666666666666
0.2666666666666666
0.46666666666666656
-0.19999999999999996
-0.19999999999999996
0.06666666666666665
0.1333333333333333
0.0
-0.1333333333333333
-0.06666666666666665
-0.1333333333333333
0.2666666666666666
0.3999999999999999
-0.19999999999999996
0.06666666666666665
0.0
-0.33333333333333337
0.33333333333333326
0.2666666666666666
0.46666666666666656
0.3999999999999999
0.19999999999999996
0.33333333333333326
-0.5333333333333333
0.6000000000000001
0.3999999999999999
-0.2666666666666667
-0.33333333333333337
0.1333333333333333
0.0
0.06666666666666665
0.8
0.3999999999999999
0.06666666666666665
0.6000000000000001
0.0
-0.1333333333333333
-0.1333333333333333
-0.06666666666666665
-0.19999999999999996
-0.1333333333333333
-0.2666666666666667
0.0
0.0
0.7333333333333334
0.2666666666666666
-0.33333333333333337
-0.06666666666666665
0.06666666666666665
0.19999999999999996
0.1333333333333333
-0.6
0.6666666666666667
0.19999999999999996
0.6666666666666667
0.19999999999999996
0.0
0.19999999999999996
0.2666666666666666
0.0
0.6000000000000001
0.2666666666666666
0.06666666666666665
0.6666666666666667
-0.4
0.33333333333333326
-0.1333333333333333
-0.33333333333333337
-0.19999999999999996
-0.19999999999999996
0.06666666666666665
0.2666666666666666
0.2666666666666666
-0.06666666666666665
0.19999999999999996
0.2666666666666666
0.19999999999999996
0.1333333333333333
-0.19999999999999996
-0.33333333333333337
-0.06666666666666665
0.19999999999999996
0.3999999999999999
0.19999999999999996
0.46666666666666656
0.2666666666666666
-0.1333333333333333
-0.19999999999999996
0.6000000000000001
0.06666666666666665
-0.19999999999999996
-0.4
0.3999999999999999
0.9333333333333333
-0.4666666666666667
-0.06666666666666665
0.1333333333333333
-0.1333333333333333
0.2666666666666666
-0.2666666666666667
0.19999999999999996
-0.1333333333333333
-0.19999999999999996
0.0
-0.7333333333333334
0.5333333333333334
0.2666666666666666
0.19999999999999996
0.06666666666666665
0.33333333333333326
-0.06666666666666665
0.1333333333333333
-0.06666666666666665
0.33333333333333326
-0.8
-0.8
0.0
0.0
-0.2666666666666667
-0.06666666666666665
0.3999999999999999
0.5333333333333334
0.0
-0.5333333333333333
0.2666666666666666
0.2666666666666666
0.9333333333333333
-0.33333333333333337
-0.06666666666666665
0.5333333333333334
0.0
-0.4
0.0
0.06666666666666665
-0.2666666666666667
0.19999999999999996
0.2666666666666666
0.5333333333333334
0.6666666666666667
-0.2666666666666667
-0.1333333333333333
0.1333333333333333
0.1333333333333333
0.6666666666666667
-0.33333333333333337
-0.1333333333333333
0.19999999999999996
0.0
0.1333333333333333
-0.06666666666666665
-0.4
0.19999999999999996
0.46666666666666656
-0.19999999999999996
0.2666666666666666
0.6000000000000001
0.33333333333333326
-0.2666666666666667
0.46666666666666656
0.0
-0.06666666666666665
0.8
0.19999999999999996
0.19999999999999996
0.19999999999999996
0.0
-0.33333333333333337
0.1333333333333333
-0.1333333333333333
0.06666666666666665
0.8
-0.19999999999999996
0.06666666666666665
0.2666666666666666
0.19999999999999996
-0.4666666666666667
0.19999999999999996
0.0
0.33333333333333326
-0.6666666666666667
0.1333333333333333
0.1333333333333333
0.0
0.1333333333333333
-0.4
0.33333333333333326
-0.6
-0.1333333333333333
-0.6666666666666667
0.3999999999999999
0.19999999999999996
-0.33333333333333337
0.1333333333333333
0.0
0.46666666666666656
0.06666666666666665
-0.06666666666666665
0.3999999999999999
0.19999999999999996
0.1333333333333333
0.1333333333333333
-0.4666666666666667
-0.06666666666666665
0.19999999999999996
0.1333333333333333
-0.4666666666666667
0.7333333333333334
-0.19999999999999996
-0.8666666666666667
-0.2666666666666667
-0.19999999999999996
0.19999999999999996
-0.06666666666666665
-0.33333333333333337
-0.2666666666666667
-0.8666666666666667
0.8666666666666667
-0.19999999999999996
0.1333333333333333
0.06666666666666665
-0.4
0.06666666666666665
-0.6
0.1333333333333333
0.2666666666666666
-0.4666666666666667
-0.19999999999999996
-1.0
0.33333333333333326
0.7333333333333334
0.19999999999999996
-0.4
0.2666666666666666
0.19999999999999996
0.46666666666666656
-0.2666666666666667
0.1333333333333333
0.33333333333333326
0.5333333333333334
0.6000000000000001
-0.33333333333333337
-0.8666666666666667
-0.5333333333333333
-0.1333333333333333
0.2666666666666666
0.7333333333333334
0.33333333333333326
-0.1333333333333333
-0.19999999999999996
0.8666666666666667
-0.4666666666666667
0.1333333333333333
-0.33333333333333337
0.1333333333333333
-0.1333333333333333
0.06666666666666665
0.7333333333333334
-0.19999999999999996
0.1333333333333333
1.0
-0.2666666666666667
0.06666666666666665
0.19999999999999996
-0.2666666666666667
0.8
0.2666666666666666
-0.06666666666666665
0.46666666666666656
0.46666666666666656
-0.2666666666666667
0.9333333333333333
-0.7333333333333334
0.19999999999999996
-0.2666666666666667
0.6000000000000001
0.2666666666666666
0.06666666666666665
0.6666666666666667
0.06666666666666665
0.2666666666666666
-0.4
0.06666666666666665
0.9333333333333333
-0.33333333333333337
0.06666666666666665
0.3999999999999999
0.1333333333333333
0.0
0.06666666666666665
0.0
-0.06666666666666665
-0.2666666666666667
0.0
-0.5333333333333333
-0.2666666666666667
0.19999999999999996
-0.4666666666666667
0.06666666666666665
0.1333333333333333
0.0
0.1333333333333333
0.46666666666666656
0.06666666666666665
-0.4666666666666667
-0.4
-0.19999999999999996
-0.19999999999999996
-0.33333333333333337
0.6666666666666667
0.06666666666666665
0.6666666666666667
0.19999999999999996
0.2666666666666666
0.7333333333333334
0.0
-0.06666666666666665
-0.33333333333333337
0.1333333333333333
-0.4666666666666667
-0.4
0.3999999999999999
0.33333333333333326
-0.6666666666666667
0.46666666666666656
0.19999999999999996
-0.4
0.06666666666666665
0.46666666666666656
0.6666666666666667
0.2666666666666666
0.3999999999999999
0.06666666666666665
EIGENVECTOR
-0.9919589020491159
-0.9993039541959752
-0.9954680292475109
-0.9934744925705838
-0.9984481383119528
-0.6088713397313276
-0.3157743905102075
-0.9827526363189458
-0.4027744822477778
-0.9871156295275118
0.12332486665546205
-0.14540184192300176
-0.9999790168569285
-0.7099377100298658
-0.9994968895889886
-0.9243225477582023
-0.9956640915908878
-0.9995759180870301
-0.8068781629680506
-0.9962461873450922
-0.9996887084269299
-0.8304019519384077
-0.9616962914275309
-0.9318100976709731
-0.9948265595607673
-0.9280480281660769
-0.9784745306125481
-0.8963959976062674
-0.9984490604137473
-0.9892094123288468
-0.9979055460425132
-0.9503126187408627
-0.9907487227435964
-0.9566409291092647
-0.955693853896511
-0.9394167597042731
-0.9992817384737817
-0.996991016323955
-0.9735763895665377
-0.9761447095616531
-0.8505238452832524
-0.9999019710181545
-0.9243225477582026
0.4806706726746648
-0.8626852247094419
-0.9697223952858705
-0.9961350388892769
-0.9995293465008948
-0.47230579650181415
-0.9325558232191397
-0.7080375133287733
-0.9960044007962863
-0.8370793868406342
-0.9999855971491631
-0.7150233919242985
0.02662787055924043
-0.9520722636085888
-0.9999538710921406
-0.9956151411795104
-0.9001977788607636
-0.9999398084810022
-0.9996599791631995
-0.9996887084269299
-0.9868701392353629
-0.6065205705404487
-0.8527959266915603
-0.9980666674872548
0.26674243706086376
-0.9032503661919089
-0.9992957275713619
-0.9955465301070198
0.09194436832406394
-0.9822819604541582
-0.8233272404146286
-0.9988412468322887
-0.8368480472191587
-0.7909640030880651
-0.999009577152203
-0.9981326442537242
-0.9636568438976209
-1.0
-0.6678181779129103
-0.9976638746748129
-0.901988753285324
0.7588722561846211
-0.9954581202296784
-0.4104179065961554
-0.986578249578925
-0.9530318463950994
1.0
0.9298851057274704
-0.8893726900813077
-0.20986220348344042
-0.9982654853427878
-0.9915394454316618
-0.981286300809229
-0.9997250654184281
-0.8383790985457374
-0.9999068889531455
-0.9470303782169893
-0.9996092055547939
-0.9986535032688902
-0.9324604150834624
0.7124086449966813
-0.9764008052724683
-0.8062852364817683
-0.9876228191602485
-0.9962227512897421
0.05738439489699143
-0.9965809691725084
0.3361848736336457
-0.999800230341168
-0.9977688904260523
-0.9973799643288387
-0.847839974955434
-0.9894245855997054
-0.14370254418855855
-0.9841831289494183
-0.9902104278713684
-0.831477100315871
-0.9023022139902
-0.7702895642916198
-0.8862156206542481
-1.0
-0.9993409661200554
-0.9969082947498114
-0.999794034818008
0.7093622619386433
-0.9966417197099446
-0.9814384722714856
-0.9850974297527797
-0.7780137207161397
-0.9851091696889468
-0.9358159754634343
-0.9802564095198291
-0.9828602200307571
-0.999883857446831
-0.9029369824883026
-0.9999135378737876
-0.9926539342083658
-0.9999726749935013
-0.8297600886885175
-0.7300274285890704
-0.859261445783438
-0.9136512761554527
-0.9306300050194353
-0.9051024239502391
-0.9599313234687643
-0.9999790168569286
-0.999934392985353
0.3553206828126749
-0.9970776102790356
-0.07561416480745231
-0.9999790168569285
-0.5123022304280893
-0.9990755186544147
-0.6091729603468615
-0.9978391541240258
-0.8409778017249104
-0.9983195652874259
-0.9952682483670497
-0.5702623959143519
-0.9976638746748128
0.41936303610491055
-0.4983313438036243
-0.9953311849092962
-0.31737656620088506
-0.9503535183938382
-0.9981429735388427
-0.799007898634915
-0.9976271282593301
-0.9407937844712202
-0.49060722928068345
-0.9966025280515908
-0.9940146219341708
-0.9954301354834304
-0.9927458064392201
-0.9990398055805594
-0.3638963164412883
-0.79002905704683
-0.34133717837584965
-0.9877727211547535
-0.8610785978363085
-0.8115443241231038
-0.9999725969594798
-0.8591033839527931
-0.9599580235416868
-0.5120114670323233
-0.9994799826337256
-0.8433159440538969
-0.9965440791262989
-0.9500838536239903
-0.8627835093287136
-0.9785195368960702
-0.9976628971980912
-0.825326486498436
-0.9932234958506537
-0.9432943407863458
-0.9876089698766799
-0.3104319350679463
-0.9995427004085078
-0.9943257793001036
-0.9944185691810107
-0.20259389122094884
-0.935066837205273
0.6277311016128995
-0.9023625978592476
-0.8464343536842407
-0.9575696790372065
-0.9993482603808141
-0.9110219038055909
0.04991016916388569
-0.9999231019504374
0.6923403413818126
-0.728317034539736
0.0780355337948877
-0.9984547154420033
-0.9236386457854692
-0.5165054795832305
-0.8339536838507008
-0.7866530144376376
0.40108876147385675
-0.5702623959143517
-0.9984286636937146
0.22951017749037272
-0.9998152119772616
-0.8983796705711588
-0.9757920160434778
-0.9997698641396715
-0.9960681243859076
-0.9872231447523322
-0.8495004244423303
-0.8064419040631856
-0.198595863467524
-0.7590910240530243
-0.9027990868771754
-0.8952820746464467
-0.9855885030718978
-0.45092557438805003
-0.9982969317009999
-0.9882644063075489
-0.998785240749988
-0.7066808503194625
-0.3654580316820599
-0.9506437746743763
0.21872846054748551
-0.8308678057706855
-0.9321774313702893
-0.9998519840763801
-0.24938619550889485
-0.998659189412674
-0.6695973184128753
-0.9999156305754178
-0.17622974786319656
-0.8451571098991879
-0.9970313601119689
-0.7909640030880651
-0.9295998169347368
-0.9998375150607223
-0.5702623959143517
-0.999614702954923
-0.9848439227941775
-0.9994848911627964
-0.9993356630002984
-0.999210195188191
-0.9996702386779054
-0.8670592427503718
-0.9774632105444991
-0.9575268069328019
-0.9982952817547923
-0.4975202037986597
-0.9450393091096047
-0.9853423057181347
-0.6319906693329587
-0.9169251207323034
-0.9999970008122124
-0.999977857745428
-0.9966474401428655
-0.9804648393030592
-0.9815516245909637
-0.9984446503423179
-0.28865296984288924
-0.019428016753540556
-0.7518782571441169
-0.999951596290734
-0.8404279999102223
-0.5977417911928344
0.9727095644593586
-0.9802564095198292
-0.9993760894710774
-0.20186387770267222
-0.9844098134162546
-0.9985128053696609
-0.9706794746683292
-0.4085497611510859
-0.9998937427030461
-0.9084568856590898
0.0822160081930956
0.3143518913115948
-0.8564191630128293
-0.9815162901628465
-0.9966138347441794
-0.9995293465008948
-0.792661654721119
-0.8492126416846483
-0.9855958835451568
-0.9996418583737999
-0.9951802792631026
-0.31256328663593125
-0.9988440134319315
-0.9864592436889248
-0.9822835840553836
-0.9789183899197864
-0.07561416480745198
-0.973900113372685
-0.9451166353293088
-0.8311306030388319
-0.9216190802554747
-0.7022063563291124
0.1409108079194279
-0.9975053171787954
-0.9919915287341291
0.7741998449773166
-0.3962048775754694
-0.9310520246326697
-0.9993409661200554
-0.9916250823976335
-0.9879904543817024
-0.8601290714381405
-0.9998150156318023
-0.9423678920740663
0.5809784173413342
-0.9972727595178469
-0.9901200983211118
0.026627870559239986
-0.7300274285890704
-0.7229336654422099
-0.828755450657474
-0.9915230531533348
-0.8403598220030956
-0.9998962601753545
-0.9954162445182134
-0.9814384722714856
-0.9971479261040828
-0.8959135990741083
-0.9985128053696608
-0.9828602200307571
-0.9999682189294578
-0.9828448740499371
-0.9998391754449435
-0.8541818387753315
-0.6826184016622572
-0.9467310772423857
-0.9556288850966896
-0.9303148559325328
0.27607378293641416
-0.6853270524999129
-0.8526323846222373
-0.6345214104120979
-0.9975977932190475
-0.3855934716631578
-0.9994803647644187
-0.9991871455544253
-0.8348281676664979
-0.9176356449829246
-0.9278112904323326
-0.9999060419369048
0.6253615212963741
-0.9990533956901717
-1.0
-0.9815162901628465
-0.9996154725818897
-0.9377363987550764
-0.9988122274336136
-0.999883857446831
-0.9836839477867633
-0.9999603089929698
0.7467641506535265
-0.9972727595178469
-0.9967780801156755
-0.9914336248605251
-0.9951615669706213
-0.9388238181066086
-0.9999457616979983
-0.9889821509283919
-0.9541237501213673
-0.9999003860900865
-0.9979658006014565
-0.9999894299260839
-0.9753192088381087
0.7020291275215644
-0.9932800575458991
-0.9942768955076177
-0.530312855371174
-0.997559597029652
-0.579401392046702
-0.9997278785043994
-0.9485820260847847
-0.9848515695872209
-0.8391134328651859
0.41995052724728477
-0.9970077508212517
-0.9999005256747965
-0.9998015252035796
-0.9960241527443677
-0.9227918460056543
0.6022846669905406
-0.9968145122855057
-0.9979082016176539
-0.6695973184128754
0.933098779736713
-0.9991063521469982
-0.7755470178294113
-0.5344615625155271
-0.47144684834740025
-0.9966138347441796
-0.9731349470196932
-0.8558147866728545
-0.41073112454992866
-0.9881253592922559
0.8905447458569777
-0.9985461483738749
-0.9989893397274604
-0.9431063985159105
-0.9989699445437343
0.41316302385270154
-0.8854826996318782
-0.9939552148243868
-0.879693351630934
0.1911451578482215
-0.9587685178867049
-0.8494069477120441
-0.9388886216707366
-0.9975977932190475
-0.38259070743226664
0.3153947977767144
-0.9374889557180789
-0.6929695817960626
-0.8379437561817111
-0.8495004244423304
-0.9980793598509151
-0.9971483373732093
-0.969177604702663
0.5437639400972711
-0.9957779395448639
-0.9933011265074541
-0.08027665294204034
-0.9814384722714856
-0.9997182482735227
-0.998974855357901
-0.9946301332523957
-0.9993760894710774
-0.9927929552714531
-0.9977471113744437
-0.9992429692340178
-0.5018471310860289
-0.920122411336891
-0.9997812796287456
-0.9885091533757148
-0.9889821509283919
-0.9987634933582932
-0.9974933779499723
-0.8303637598680352
-0.9957773673666179
-0.9996452721484912
-0.972478779401389
-0.9464514514617679
-0.9998006933999454
-0.7824330400576733
-0.8422047348652093
-0.987288215404664
-0.8379437561817111
-0.9975977932190474
-0.9883306250283574
0.7247718925775775
-0.9564160323604913
-0.9963710640655044
-0.997329847493598
-0.9382544698796011
-0.8992556500539447
-0.9684109532050045
-0.836180282487663
-0.9687397049413836
-0.9998391754449435
-0.07923964537646366
-0.8757158699497463
-0.9993807985966306
-0.9918593306335631
0.4810090350168166
0.7159242891637836
-0.9133693103853361
-0.17679403920455194
-0.9978296550309023
CENT
0.08130236753984699
-0.2266699191389433
0.23399589830933842
-0.35182149616293745
-0.6466142120681672
0.08491581063676068
0.3849232606555526
-0.0075307015412932055
0.35904770752115023
-0.43065174051047994
0.0982369695159282
0.6451967668965777
-0.8808541640804185
-0.5002206216183652
-0.4986263374347598
0.43042227847659675
-0.35627625257783246
-0.5049914983255483
0.6654304863938691
-0.5646646385088686
-0.31656031663732
-0.48257274646059756
0.27826684304288607
0.4483609593379403
0.3936361959557195
-0.22275472950547626
-0.4515055334769462
0.23664533873531135
-0.1053398237268135
-0.3238685719064174
-0.001842063569327257
0.1653138470926212
0.3878226561095086
0.5393266386239979
0.8301086014328631
-0.11488057988434297
-0.5669327739253733
-0.16269168711781223
-0.303675813217798
-0.0643610726284558
0.05033236153867837
-0.48095622846898134
0.43042227847659675
0.05505692375454685
0.6773364068537637
-0.27092494726082517
-0.14002199245842695
-0.37657945315631236
0.18061099054527774
0.3223545715441567
0.0304128156306247
-0.1789574350857418
0.871227898164769
-0.8504911925167866
0.43042227847659675
-0.2934664530262988
0.7257349975098863
-0.6883232409205229
-0.2354394423181294
0.9229022572115742
-0.6055971995646692
-0.2671320167289081
-0.31656031663732
0.022285073858689497
0.4453583143916999
0.6858875772195576
-0.2129189258800387
-0.062172578955246305
0.17549574884819386
-0.324779347600781
0.31261058591577795
0.2142608137382087
-0.32932408173831895
0.884495137779356
-0.8397810640293702
0.6021061013784395
-0.4298105994445168
-0.06545411390482925
-0.6543712314547285
0.08130236753984699
-1.0
0.6053849659775141
0.16024703347699742
0.5760859687386406
0.25531214479593034
0.27826684304288607
0.5568135081510808
-0.24993448034366483
0.5728595651374526
0.37337455191944136
0.43042227847659675
0.9680101932255845
0.6285033373898292
-0.29160201731868607
0.4244836390468789
-0.2671320167289081
-0.2878655437191281
-0.23349538616714172
-0.5409813670740583
0.6202131977477523
-0.25664769199828597
-0.11382355969347968
0.33637319196823956
0.2755497089362662
0.222126234475861
0.05860983430383637
0.019970757619889534
-0.5136917262321443
0.2064332226794554
0.2379716672690746
0.015352601111684017
-0.47933766619283547
-0.7332136078323092
-0.6273587301154171
0.26742493430875336
-0.47446967480480806
-0.2020199318486976
-0.25664769199828597
-0.17389417423452547
0.7309953989982991
-0.4581085476553751
0.7521847690387018
0.7934704464908258
-1.0
-0.35182149616293745
0.16024703347699742
-0.4205221387212834
0.06217090933543057
0.2168784038322431
0.019970757619889534
0.25263244998862233
0.4453583143916999
0.03390935295566133
0.14764979025908942
-0.43903343841569153
-0.01206630044469792
-0.5729608694337938
0.8921169001210505
-0.5856735291849797
0.30845185538153763
-0.7783197011652535
0.8806953240272042
-0.551732898691776
-0.2383504831613068
-0.6924143526201278
0.32934930332397694
0.7736135669891655
0.0538744297163698
-0.8808541640804185
-0.5982558812992823
0.17166996587788286
0.21295359555269422
0.38202876489818105
-0.8808541640804185
0.5536213821738452
-0.07416962720922649
0.1006712071566489
-0.047868545501202564
0.032742956210157104
-0.5782114047503035
0.2459522371728371
-0.2850565162451748
0.16024703347699742
0.2728370200388184
-0.3329489325223498
-0.41797744108825796
0.19605481056320206
0.5988331287193451
-0.08391374602997714
-0.2803620427324861
-0.566177190634516
-0.17693427846990062
0.17677303566989444
0.2432877339662165
-0.29625836970837915
0.23399589830933842
-0.13794338946614126
-0.13377723363014926
0.5712485209852765
0.1426386118568066
-0.0719955393814623
-0.2934664530262988
0.12275043642502093
0.7772085962400446
-0.7611321365311065
0.662042787166641
0.3377814845704754
-0.20301421995249602
-0.2878655437191281
0.6722245156415081
-0.5223324561549214
0.7682336995206429
0.886397807486565
-0.06872842610690755
0.11167216166176597
0.7754102349284884
-0.3138095739733453
0.25933987344724097
-0.16269168711781223
0.6841741978883331
-0.20698441687203573
-0.34645623316587004
0.1986431890348186
-0.20500070805066983
0.3098369522895503
0.06335975354138035
0.5760859687386406
-0.4539856167477473
0.6385012006203012
-0.2276470172462538
0.4215219329723148
0.5079640533693559
-0.7186636006875844
0.03390935295566133
0.41413977007004243
0.11535628861523883
-0.2934664530262988
0.8750093774942598
0.5552167367456906
0.741560407029648
-0.5547877984395533
0.35904770752115023
-0.2850565162451748
-0.297187748001127
0.48326687009619174
-0.6780328243532749
0.6962010459799257
0.5424934135968571
-0.47771705575183576
0.05742462501033896
-0.40002521306700367
0.051512149641629534
0.6927568860590287
0.20123571056921508
-0.5923508789737602
0.5330098514924275
0.9502375311798845
-0.08175392227383138
0.5568135081510808
-0.40346360793044955
0.4111957119206915
-0.1000124686551862
0.8245683041003828
-0.1688129649222977
-0.09680676371382901
0.6318299156360518
0.8393778089750714
-0.25664769199828597
-0.45481125570448055
-0.29904461752410005
-0.056687238459411926
-0.4841872240382139
-0.5789596578841361
0.5520274425506224
0.8505596253357877
-0.39830265125674535
-0.4298105994445168
0.32514897706117996
-0.4539856167477473
-0.2850565162451748
-0.2623762203443665
-0.017716759712885777
-0.17592162705910708
-0.1358618053293702
-0.09252160257193753
-0.7649741258541328
0.6876025335220948
0.01189811911925176
0.3805833505260985
0.06098297542366615
0.14764979025908942
0.10432965087794166
0.12398616412213759
0.928728246518882
0.7274868335404465
-0.8657786430315761
-0.8563963455922154
0.07290340372350101
0.11167216166176597
0.5393266386239979
-0.06763778976118773
0.21295359555269422
0.04444689918199107
-0.5601158672357187
-0.6416516157421743
0.876902860011517
-0.10640297933871712
0.36047497879558943
-0.43903343841569153
-0.14313432129505255
-0.300898975218161
0.16151223486105648
-0.7983575003750243
0.7100414664027896
-0.05448744101766145
-0.5826941129968628
0.8997683191255534
-0.09144836235875198
0.26203049908249665
0.6927568860590287
-0.37131263335722775
-0.5631502361665537
-0.37657945315631236
0.6169076215256839
0.8412369801668147
0.5536213821738452
-0.5608751560636824
0.2755497089362662
-0.303675813217798
0.07410048787264256
0.5017573607212353
-0.37657945315631236
0.13017931213058276
0.38202876489818105
0.2647255157836601
-0.1462399784728643
0.7239847895797269
0.48633520212778936
0.6996515663069554
0.27826684304288607
0.13764316096618257
-0.3509287700766064
0.2987881495839182
0.04209898489936115
0.5298598097827001
-0.35182149616293745
-0.20301421995249602
0.4038574717418777
0.7557394993453859
-0.4331719150141967
0.8375204177461735
0.18702796954674916
-0.6041324685760201
-0.2207930464294665
-0.2934664530262988
-0.551732898691776
-0.16575558432974502
-0.062172578955246305
-0.1789574350857418
0.5664239960665158
-0.7770554414463223
-0.13794338946614126
0.019970757619889534
-0.557074056566243
0.5584116982782887
-0.7983575003750243
-0.01206630044469792
-0.7908850594936524
-0.15346068675085578
-0.47771705575183576
0.9600917287092012
-0.3922559468701624
-0.26142310327820906
0.4215219329723148
0.02924906978605346
0.5890494039964613
0.6435205917100879
0.001581372860966157
0.9132301861393322
0.026924221972361995
-0.05338632559466161
-0.21784539546595028
-0.17186384966373303
0.9739696421771489
0.9680101932255845
0.3834754010913728
-0.7364950339704789
0.03507663534789729
-0.17592162705910708
-1.0
-0.37131263335722775
-0.47771705575183576
-0.10746536510586235
0.01650583321330834
-0.5729608694337938
0.6301658728703838
-0.7332136078323092
0.039754641589024864
-0.6041324685760201
-0.15962125242960912
-0.34735193005251463
-0.17287937129861064
-0.11382355969347968
-0.6128945183199247
-0.11910103698972918
0.27962708046552365
-0.7173317688163454
-0.3957145907112637
-0.6964912590707757
0.1165862452624753
0.08853762787758357
-0.36425772794636235
0.2195002073509762
0.17421947574619323
0.02460289265706428
0.3661960678569671
-0.5646646385088686
0.8245683041003828
-0.04233034431191285
0.8580500432251603
-0.001842063569327257
-0.39052323079471396
-0.48176474275821835
-0.4423710638547904
-0.324779347600781
0.4453583143916999
-0.008665874358153802
0.17549574884819386
-0.3948507769041174
-0.4841872240382139
0.3056850942716036
-0.29439772286194843
-0.4736565433747102
-0.2441544776073521
0.6807521614472845
-0.5631502361665537
0.5744720470800366
0.8806953240272042
-0.17794621422598667
-0.1106479116914908
0.4695251829018219
-0.4914272263029704
-0.44653107250726976
0.1883144344482004
-0.13377723363014926
0.36047497879558943
0.9502375311798845
0.27148233913602526
1.0
0.1079966257544338
-0.27847977172978555
0.6824623933542884
-0.8045467219257233
0.026924221972361995
-0.19903288252949958
0.48326687009619174
0.5095191263411185
0.7718185900314323
0.8025648082429231
0.051512149641629534
-0.06872842610690755
-0.3922559468701624
-0.18903049046450893
0.353350581126991
-0.37043280480256824
-0.027834633039893752
0.6552859345108748
0.019970757619889534
-0.5018129073260276
-0.3256895128556714
-0.47933766619283547
-0.14313432129505255
-0.4506777818993515
0.15393599345004438
-0.6215937764263684
-0.36955239607741475
0.7362705148964694
-0.6302309154627279
0.4664860161043365
-0.11910103698972918
0.022285073858689497
0.18061099054527774
0.6552859345108748
0.304303427235078
-0.3861815053074946
-0.3589420283629523
-0.33566121653136916
-0.5856735291849797
-0.6172519540660331
0.6435205917100879
0.014200238717526625
0.8025648082429231
0.026924221972361995
-0.29625836970837915
0.40825666706746544
0.5568135081510808
-0.5332446567641873
-0.283180644256102
0.878798174635709
-0.6855879046097405
-0.30182521372153326
0.4878713727159081
0.22344083508128731
-0.47771705575183576
0.4053226227159037
0.08853762787758357
-0.42728392021669526
-0.3392691541794677
0.15898283146211956
0.08371040057936341
0.4955723413778663
0.3098369522895503
0.2142608137382087
DEGREE_RANK
-0.6422764227642277
0.07723577235772372
-0.35365853658536595
-0.10975609756097571
-0.9024390243902439
0.08130081300813008
0.6382113821138213
-0.451219512195122
0.25609756097560976
-0.2479674796747967
0.8130081300813008
0.43089430894308944
-0.9959349593495935
-0.10569105691056913
-0.7276422764227642
0.434959349593496
-0.6382113821138211
-0.8739837398373984
0.08536585365853666
-0.7967479674796748
-0.34959349593495936
-0.44715447154471544
0.26016260162601634
-0.10162601626016265
-0.24390243902439035
-0.6341463414634145
-0.8983739837398375
0.2642276422764227
0.4390243902439024
0.7195121951219512
-0.5447154471544715
-0.09756097560975618
-0.6300813008130082
-0.3455284552845529
-0.3414634146341464
0.6422764227642277
-0.8455284552845529
-0.09349593495934971
-0.8414634146341463
-0.44308943089430897
-0.23983739837398377
-0.991869918699187
0.44308943089430897
0.910569105691057
0.8170731707317074
-0.540650406504065
-0.08943089430894313
0.08943089430894324
0.646341463414634
0.0934959349593496
-0.08536585365853666
-0.7235772357723578
0.9390243902439024
-0.9308943089430894
0.44715447154471555
0.4512195121951219
0.4552845528455285
-0.9878048780487805
-0.2357723577235773
0.09756097560975618
-0.8373983739837398
-0.08130081300813019
-0.33739837398373995
0.2682926829268293
0.45934959349593507
0.8658536585365855
-0.07723577235772361
0.7886178861788617
-0.07317073170731714
-0.4390243902439025
-0.7926829268292683
0.6504065040650406
-0.434959349593496
0.8211382113821137
-0.8699186991869918
-0.06910569105691056
-0.33333333333333337
-0.0650406504065042
-0.8658536585365854
0.27235772357723587
-0.983739837398374
0.10162601626016254
0.46341463414634143
0.467479674796748
0.9593495934959348
-0.060975609756097615
0.10569105691056913
0.2764227642276422
-0.23170731707317072
0.9918699186991868
0.9959349593495936
-0.22764227642276436
0.2804878048780488
0.10975609756097571
-0.6260162601626016
0.2845528455284554
-0.22357723577235777
-0.6219512195121951
-0.926829268292683
-0.43089430894308944
-0.6178861788617886
-0.426829268292683
0.4715447154471544
0.8699186991869918
0.11382113821138207
0.11788617886178865
-0.056910569105691144
-0.05284552845528456
0.6544715447154472
0.6585365853658536
0.8252032520325203
-0.7886178861788617
-0.7195121951219512
-0.7845528455284553
-0.3292682926829268
-0.5365853658536586
0.12195121951219523
0.1260162601626016
0.4756097560975612
0.6626016260162602
-0.8943089430894309
0.6666666666666665
0.7235772357723576
-0.9796747967479675
0.28861788617886175
-0.32520325203252043
-0.9227642276422764
0.8292682926829267
-0.0487804878048782
0.13008130081300817
-0.4227642276422765
0.13414634146341475
0.7276422764227644
-0.04471544715447162
-0.7154471544715446
0.5853658536585367
-0.7113821138211383
0.29268292682926833
-0.9186991869918699
-0.6138211382113822
-0.975609756097561
0.8333333333333335
0.2967479674796749
-0.7804878048780488
-0.8902439024390244
0.30081300813008127
0.7317073170731707
-0.04065040650406504
-0.9715447154471545
-0.9512195121951219
0.9634146341463417
-0.7073170731707317
0.7357723577235773
-0.967479674796748
0.1382113821138211
-0.03658536585365857
0.30487804878048785
-0.2195121951219513
-0.21544715447154472
-0.7764227642276422
0.1422764227642277
0.47967479674796754
0.4837398373983739
0.7398373983739837
-0.5325203252032521
-0.5284552845528456
-0.0325203252032521
0.14634146341463405
-0.21138211382113836
-0.41869918699187003
-0.32113821138211385
-0.41463414634146345
0.4878048780487805
0.6707317073170733
-0.524390243902439
-0.028455284552845628
-0.20731707317073178
-0.7032520325203252
0.589430894308943
0.49186991869918706
0.7439024390243902
0.6747967479674797
0.3089430894308942
0.5934959349593496
-0.8617886178861789
0.8373983739837398
0.678861788617886
-0.6097560975609757
-0.6991869918699187
0.15040650406504086
-0.2032520325203252
-0.024390243902439046
0.943089430894309
0.6829268292682928
-0.020325203252032575
0.8414634146341462
-0.19918699186991873
-0.41056910569105687
-0.4065040650406505
-0.3170731707317074
-0.5203252032520325
-0.4024390243902439
-0.6056910569105691
-0.19512195121951226
-0.1910569105691058
0.9146341463414633
0.4959349593495934
-0.6951219512195123
-0.3130081300813008
-0.016260162601626105
0.313008130081301
0.15447154471544722
-0.8861788617886179
0.8739837398373982
0.3170731707317074
0.878048780487805
0.32113821138211374
-0.1869918699186992
0.3252032520325203
0.5
-0.18292682926829273
0.845528455284553
0.5040650406504066
-0.012195121951219634
0.8821138211382114
-0.7723577235772358
0.5975609756097562
-0.39837398373983746
-0.6910569105691058
-0.5162601626016261
-0.5121951219512195
-0.008130081300813052
0.5081300813008132
0.5121951219512195
-0.30894308943089444
0.3292682926829269
0.5162601626016259
0.33333333333333326
0.15853658536585358
-0.5081300813008129
-0.6869918699186992
-0.30487804878048785
0.33739837398373984
0.6869918699186992
0.3414634146341464
0.7479674796747968
0.5203252032520327
-0.3943089430894309
-0.5040650406504065
0.8495934959349594
-0.004065040650406582
-0.5
-0.7682926829268293
0.6910569105691056
0.975609756097561
-0.8333333333333334
-0.3008130081300814
0.16260162601626016
-0.3902439024390245
0.524390243902439
-0.6016260162601625
0.345528455284553
-0.38617886178861793
-0.49593495934959353
-0.17886178861788626
-0.9390243902439024
0.7926829268292683
0.5284552845528454
0.34959349593495936
0.0
0.6016260162601625
-0.2967479674796748
0.16666666666666674
-0.29268292682926844
0.6056910569105691
-0.9471544715447154
-0.943089430894309
-0.1747967479674798
-0.1707317073170732
-0.5975609756097562
-0.28861788617886186
0.6951219512195121
0.7967479674796747
-0.16666666666666674
-0.8577235772357723
0.532520325203252
0.5365853658536586
0.9796747967479675
-0.6829268292682926
-0.2845528455284553
0.8008130081300815
-0.16260162601626027
-0.7642276422764228
-0.1585365853658537
0.004065040650406582
-0.5934959349593496
0.3536585365853657
0.5406504065040652
0.8048780487804879
0.8861788617886177
-0.589430894308943
-0.38211382113821146
0.1707317073170731
0.17479674796747968
0.8902439024390245
-0.6788617886178863
-0.3780487804878049
0.3577235772357725
-0.15447154471544722
0.17886178861788626
-0.2804878048780488
-0.7601626016260162
0.3617886178861789
0.7520325203252032
-0.49186991869918695
0.5447154471544715
0.8536585365853657
0.6097560975609757
-0.5853658536585366
0.7560975609756098
-0.15040650406504064
-0.27642276422764234
0.9471544715447153
0.36585365853658525
0.36991869918699183
0.3739837398373984
-0.14634146341463428
-0.6747967479674797
0.18292682926829285
-0.3739837398373984
0.008130081300812941
0.9512195121951219
-0.4878048780487806
0.012195121951219523
0.5487804878048781
0.378048780487805
-0.8292682926829269
0.38211382113821135
-0.1422764227642277
0.6138211382113821
-0.9146341463414634
0.1869918699186992
0.19105691056910556
-0.13821138211382122
0.19512195121951237
-0.7560975609756098
0.6178861788617886
-0.8821138211382114
-0.36991869918699194
-0.9105691056910569
0.6991869918699187
0.38617886178861793
-0.6707317073170731
0.19918699186991873
-0.13414634146341464
0.7601626016260163
0.016260162601626105
-0.27235772357723587
0.7032520325203253
0.3902439024390245
0.2032520325203251
0.20731707317073167
-0.8252032520325203
-0.2682926829268293
0.3943089430894309
0.21138211382113825
-0.8211382113821138
0.9186991869918699
-0.483739837398374
-0.9634146341463414
-0.5813008130081301
-0.47967479674796754
0.39837398373983723
-0.2642276422764228
-0.6666666666666666
-0.5772357723577236
-0.959349593495935
0.967479674796748
-0.47560975609756095
0.21544715447154483
0.020325203252032686
-0.7520325203252033
0.024390243902439046
-0.8780487804878049
0.2195121951219512
0.5528455284552847
-0.8170731707317074
-0.4715447154471546
-1.0
0.621951219512195
0.9227642276422765
0.40243902439024404
-0.7479674796747967
0.556910569105691
0.4065040650406504
0.7642276422764227
-0.5731707317073171
0.22357723577235777
0.6260162601626016
0.8089430894308942
0.8577235772357723
-0.6626016260162602
-0.9552845528455285
-0.8536585365853658
-0.36585365853658536
0.5609756097560974
0.9268292682926829
0.6300813008130082
-0.3617886178861789
-0.467479674796748
0.9715447154471544
-0.8130081300813008
0.22764227642276436
-0.6585365853658537
0.23170731707317072
-0.3577235772357724
0.028455284552845406
0.9308943089430894
-0.46341463414634154
0.23577235772357708
1.0
-0.5691056910569106
0.03252032520325221
0.410569105691057
-0.5650406504065042
0.9552845528455285
0.5650406504065042
-0.26016260162601634
0.7682926829268293
0.7723577235772359
-0.5609756097560976
0.9837398373983739
-0.9349593495934959
0.41463414634146334
-0.556910569105691
0.8617886178861789
0.5691056910569106
0.03658536585365857
0.8943089430894309
0.04065040650406493
0.5731707317073171
-0.7439024390243902
0.04471544715447173
0.9878048780487805
-0.6544715447154472
0.04878048780487809
0.7073170731707317
0.23983739837398388
-0.13008130081300828
0.052845528455284674
-0.1260162601626017
-0.2560975609756099
-0.5528455284552845
-0.12195121951219512
-0.8495934959349594
-0.5487804878048781
0.4186991869918699
-0.8089430894308943
0.05691056910569103
0.24390243902439024
-0.11788617886178865
0.24796747967479682
0.7764227642276422
0.060975609756097615
-0.8048780487804879
-0.7398373983739838
-0.45934959349593496
-0.4552845528455285
-0.6504065040650406
0.8983739837398375
0.0650406504065042
0.9024390243902438
0.4227642276422765
0.5772357723577235
0.934959349593496
-0.11382113821138218
-0.2520325203252033
-0.6463414634146343
0.2520325203252034
-0.8008130081300813
-0.7357723577235773
0.7113821138211383
0.6341463414634145
-0.9065040650406504
0.7804878048780488
0.42682926829268286
-0.7317073170731707
0.06910569105691056
0.7845528455284552
0.9065040650406504
0.5813008130081301
0.7154471544715448
0.07317073170731692
EIGENVECTOR_RANK
-0.27235772357723587
-0.7154471544715446
-0.36585365853658536
-0.30487804878048785
-0.6097560975609757
0.6341463414634145
0.7560975609756098
-0.10975609756097571
0.7235772357723576
-0.17886178861788626
0.8577235772357723
0.8008130081300815
-0.975609756097561
0.5813008130081301
-0.7601626016260162
0.2032520325203251
-0.3780487804878049
-0.7764227642276422
0.5
-0.41056910569105687
-0.8130081300813008
0.4715447154471544
0.016260162601626105
0.1707317073170731
-0.33333333333333337
0.19105691056910556
-0.0487804878048782
0.28861788617886175
-0.6138211382113822
-0.23170731707317072
-0.556910569105691
0.07723577235772372
-0.2479674796747967
0.04065040650406493
0.04878048780487809
0.1260162601626016
-0.7073170731707317
-0.45934959349593496
-0.020325203252032575
-0.03658536585365857
0.36991869918699183
-0.9024390243902439
0.19918699186991873
0.9186991869918699
0.3292682926829269
-0.004065040650406582
-0.4024390243902439
-0.7682926829268293
0.6991869918699187
0.15853658536585358
0.5853658536585367
-0.3902439024390245
0.4390243902439024
-0.9796747967479675
0.5772357723577235
0.8292682926829267
0.0650406504065042
-0.943089430894309
-0.3739837398373984
0.2764227642276422
-0.9308943089430894
-0.8008130081300813
-0.8089430894308943
-0.1747967479674798
0.6382113821138213
0.3617886178861789
-0.5691056910569106
0.878048780487805
0.2520325203252034
-0.7113821138211383
-0.36991869918699194
0.8536585365853657
-0.10162601626016265
0.49186991869918706
-0.6544715447154472
0.44308943089430897
0.524390243902439
-0.6747967479674797
-0.5772357723577236
0.012195121951219523
-1.0
0.6178861788617886
-0.5365853658536586
0.27235772357723587
0.975609756097561
-0.3617886178861789
0.7154471544715448
-0.1707317073170732
0.060975609756097615
1.0
0.9878048780487805
0.30081300813008127
0.7764227642276422
-0.5853658536585366
-0.26016260162601634
-0.07317073170731714
-0.8211382113821138
0.42682926829268286
-0.9105691056910569
0.08943089430894324
-0.7804878048780488
-0.6341463414634145
0.16260162601626016
0.9593495934959348
-0.04065040650406504
0.5081300813008132
-0.19512195121951226
-0.4065040650406505
0.8414634146341462
-0.4227642276422765
0.8943089430894309
-0.8414634146341463
-0.5447154471544715
-0.49593495934959353
0.3902439024390245
-0.2357723577235773
0.8048780487804879
-0.13008130081300828
-0.24390243902439035
0.45934959349593507
0.2682926829268293
0.5487804878048781
0.30487804878048785
-0.991869918699187
-0.7276422764227642
-0.4552845528455285
-0.8373983739837398
0.9552845528455285
-0.4390243902439025
-0.08130081300813019
-0.14634146341463428
0.5406504065040652
-0.15040650406504064
0.15040650406504086
-0.060975609756097615
-0.12195121951219512
-0.8821138211382114
0.25609756097560976
-0.9146341463414634
-0.2804878048780488
-0.959349593495935
0.47967479674796754
0.5609756097560974
0.3414634146341464
0.23170731707317072
0.17886178861788626
0.24796747967479682
0.024390243902439046
-0.9715447154471545
-0.926829268292683
0.8983739837398375
-0.4715447154471546
0.8211382113821137
-0.967479674796748
0.6747967479674797
-0.6869918699186992
0.6300813008130082
-0.5528455284552845
0.410569105691057
-0.5975609756097562
-0.3455284552845529
0.6544715447154472
-0.5325203252032521
0.910569105691057
0.6869918699186992
-0.34959349593495936
0.7520325203252032
0.07317073170731692
-0.5813008130081301
0.5121951219512195
-0.524390243902439
0.12195121951219523
0.6951219512195121
-0.426829268292683
-0.3130081300813008
-0.3577235772357724
-0.2845528455284553
-0.6788617886178863
0.7439024390243902
0.5284552845528454
0.7479674796747968
-0.19918699186991873
0.33333333333333326
0.4959349593495934
-0.9552845528455285
0.345528455284553
0.020325203252032686
0.678861788617886
-0.7479674796747967
0.40243902439024404
-0.41869918699187003
0.08130081300813008
0.3252032520325203
-0.05284552845528456
-0.5284552845528456
0.4878048780487805
-0.29268292682926844
0.10975609756097571
-0.1910569105691058
0.7642276422764227
-0.7723577235772358
-0.32113821138211385
-0.32520325203252043
0.7804878048780488
0.15447154471544722
0.943089430894309
0.2642276422764227
0.3943089430894309
0.03252032520325221
-0.7317073170731707
0.23983739837398388
0.8373983739837398
-0.9227642276422764
0.9471544715447153
0.5691056910569106
0.845528455284553
-0.6178861788617886
0.20731707317073167
0.6707317073170733
0.4552845528455285
0.532520325203252
0.9024390243902438
0.6504065040650406
-0.6016260162601625
0.8739837398373982
-0.8577235772357723
0.2845528455284554
-0.0325203252032521
-0.8292682926829269
-0.39837398373983746
-0.18292682926829273
0.3739837398373984
0.5040650406504066
0.7886178861788617
0.5528455284552847
0.26016260162601634
0.2967479674796749
-0.1585365853658537
0.7073170731707317
-0.5934959349593496
-0.21138211382113836
-0.6463414634146343
0.589430894308943
0.7398373983739837
0.06910569105691056
0.8699186991869918
0.467479674796748
0.16666666666666674
-0.8739837398373984
0.7723577235772359
-0.6382113821138211
0.6097560975609757
-0.9186991869918699
0.7967479674796747
0.39837398373983723
-0.467479674796748
0.5203252032520327
0.1869918699186992
-0.8617886178861789
0.6585365853658536
-0.7845528455284553
-0.13821138211382122
-0.7560975609756098
-0.7195121951219512
-0.6991869918699187
-0.8048780487804879
0.32113821138211374
-0.04471544715447162
0.03658536585365857
-0.589430894308943
0.6910569105691056
0.10569105691056913
-0.15447154471544722
0.6260162601626016
0.22764227642276436
-0.9878048780487805
-0.9634146341463414
-0.44308943089430897
-0.06910569105691056
-0.09756097560975618
-0.6056910569105691
0.7682926829268293
0.8252032520325203
0.556910569105691
-0.9390243902439024
0.41463414634146334
0.6422764227642277
0.9959349593495936
-0.0650406504065042
-0.7398373983739838
0.7845528455284552
-0.13414634146341464
-0.6219512195121951
-0.008130081300813052
0.7195121951219512
-0.8861788617886179
0.24390243902439024
0.8495934959349594
0.8861788617886177
0.34959349593495936
-0.09349593495934971
-0.43089430894308944
-0.7642276422764228
0.5162601626016259
0.38617886178861793
-0.16260162601626027
-0.7926829268292683
-0.3414634146341464
0.7601626016260163
-0.6585365853658537
-0.16666666666666674
-0.10569105691056913
-0.056910569105691144
0.8170731707317074
-0.024390243902439046
0.10162601626016254
0.46341463414634143
0.21544715447154483
0.5934959349593496
0.8617886178861789
-0.5040650406504065
-0.27642276422764234
0.9796747967479675
0.7276422764227644
0.17479674796747968
-0.7235772357723578
-0.2642276422764228
-0.2032520325203252
0.33739837398373984
-0.8536585365853658
0.11788617886178865
0.9308943089430894
-0.483739837398374
-0.23983739837398377
0.8333333333333335
0.5650406504065042
0.5731707317073171
0.4837398373983739
-0.2560975609756099
0.4186991869918699
-0.8902439024390244
-0.35365853658536595
-0.08536585365853666
-0.47560975609756095
0.29268292682926833
-0.6260162601626016
-0.11788617886178865
-0.9512195121951219
-0.11382113821138218
-0.8658536585365854
0.3577235772357725
0.6056910569105691
0.0934959349593496
0.052845528455284674
0.18292682926829285
0.8821138211382114
0.6016260162601625
0.36585365853658525
0.621951219512195
-0.5162601626016261
0.7317073170731707
-0.7520325203252033
-0.6951219512195123
0.4512195121951219
0.22357723577235777
0.19512195121951237
-0.9065040650406504
0.9390243902439024
-0.6829268292682926
-0.9959349593495935
-0.08943089430894313
-0.7886178861788617
0.1422764227642277
-0.6504065040650406
-0.8780487804878049
-0.1260162601626017
-0.9471544715447154
0.9715447154471544
-0.4878048780487806
-0.44715447154471544
-0.2520325203252033
-0.33739837398373995
0.13414634146341475
-0.9349593495934959
-0.22764227642276436
0.05691056910569103
-0.8943089430894309
-0.5650406504065042
-0.983739837398374
-0.028455284552845628
0.9512195121951219
-0.2967479674796748
-0.3170731707317074
0.6666666666666665
-0.5081300813008129
0.646341463414634
-0.8252032520325203
0.08536585365853666
-0.1422764227642277
0.4227642276422765
0.9146341463414633
-0.46341463414634154
-0.8983739837398375
-0.8495934959349594
-0.3943089430894309
0.21138211382113825
0.934959349593496
-0.451219512195122
-0.5609756097560976
0.6138211382113821
0.9918699186991868
-0.6910569105691058
0.5447154471544715
0.6626016260162602
0.7032520325203253
-0.434959349593496
-0.016260162601626105
0.3536585365853657
0.7113821138211383
-0.20731707317073178
0.9837398373983739
-0.6300813008130082
-0.6707317073170731
0.11382113821138207
-0.6626016260162602
0.9065040650406504
0.3089430894308942
-0.30894308943089444
0.313008130081301
0.8658536585365855
0.028455284552845406
0.38211382113821135
0.13008130081300817
-0.5121951219512195
0.7357723577235773
0.8902439024390245
0.14634146341463405
0.5975609756097562
0.43089430894308944
0.378048780487805
-0.5731707317073171
-0.47967479674796754
0.0
0.9268292682926829
-0.38617886178861793
-0.3008130081300814
0.8089430894308942
-0.07723577235772361
-0.8170731707317074
-0.6666666666666666
-0.3292682926829268
-0.7357723577235773
-0.28861788617886186
-0.540650406504065
-0.7032520325203252
0.6829268292682928
0.2195121951219512
-0.8333333333333334
-0.2195121951219513
-0.22357723577235777
-0.6422764227642277
-0.5
0.4756097560975612
-0.38211382113821146
-0.7967479674796748
-0.012195121951219634
0.09756097560975618
-0.8455284552845529
0.5365853658536586
0.4065040650406504
-0.1869918699186992
0.434959349593496
-0.5203252032520325
-0.21544715447154472
0.967479674796748
0.04471544715447173
-0.41463414634146345
-0.49186991869918695
0.1382113821138211
0.2804878048780488
0.008130081300812941
0.44715447154471555
0.004065040650406582
-0.8699186991869918
0.8130081300813008
0.3170731707317074
-0.7439024390243902
-0.2682926829268293
0.9227642276422765
0.9634146341463417
0.23577235772357708
0.7926829268292683
-0.5487804878048781
CENT_RANK
0.1382113821138211
-0.30487804878048785
0.33739837398373984
-0.5203252032520325
-0.8821138211382114
0.15040650406504086
0.5121951219512195
-0.020325203252032575
0.4715447154471544
-0.6219512195121951
0.16260162601626016
0.7560975609756098
-0.9878048780487805
-0.7317073170731707
-0.7276422764227642
0.556910569105691
-0.524390243902439
-0.7398373983739838
0.7723577235772359
-0.7967479674796748
-0.46341463414634154
-0.7113821138211383
0.40243902439024404
0.5853658536585367
0.5203252032520327
-0.3008130081300814
-0.6504065040650406
0.345528455284553
-0.1260162601626017
-0.467479674796748
-0.016260162601626105
0.24796747967479682
0.5162601626016259
0.6382113821138213
0.8983739837398375
-0.15040650406504064
-0.8048780487804879
-0.21138211382113836
-0.451219512195122
-0.07317073170731714
0.08943089430894324
-0.7032520325203252
0.5609756097560974
0.10569105691056913
0.7804878048780488
-0.3617886178861789
-0.18292682926829273
-0.5609756097560976
0.27235772357723587
0.44715447154471555
0.05691056910569103
-0.2560975609756099
0.9227642276422765
-0.967479674796748
0.5650406504065042
-0.41463414634146345
0.8292682926829267
-0.8983739837398375
-0.3170731707317074
0.967479674796748
-0.8536585365853658
-0.3577235772357724
-0.45934959349593496
0.028455284552845406
0.5731707317073171
0.7967479674796747
-0.28861788617886186
-0.06910569105691056
0.26016260162601634
-0.47560975609756095
0.44308943089430897
0.313008130081301
-0.483739837398374
0.9471544715447153
-0.9634146341463414
0.7154471544715448
-0.6178861788617886
-0.07723577235772361
-0.8861788617886179
0.1422764227642277
-1.0
0.7195121951219512
0.23170731707317072
0.6991869918699187
0.36585365853658525
0.4065040650406504
0.6666666666666665
-0.3292682926829268
0.6910569105691056
0.49186991869918706
0.5691056910569106
0.9878048780487805
0.7317073170731707
-0.39837398373983746
0.5528455284552847
-0.35365853658536595
-0.3943089430894309
-0.3130081300813008
-0.7560975609756098
0.7276422764227644
-0.3414634146341464
-0.14634146341463428
0.45934959349593507
0.3943089430894309
0.3292682926829269
0.11382113821138207
0.012195121951219523
-0.7439024390243902
0.30081300813008127
0.34959349593495936
0.004065040650406582
-0.6991869918699187
-0.9227642276422764
-0.8699186991869918
0.38211382113821135
-0.6747967479674797
-0.2682926829268293
-0.33739837398373995
-0.23170731707317072
0.8373983739837398
-0.6666666666666666
0.8495934959349594
0.878048780487805
-0.9959349593495935
-0.5162601626016261
0.23577235772357708
-0.6056910569105691
0.12195121951219523
0.32113821138211374
0.016260162601626105
0.3617886178861789
0.5772357723577235
0.0650406504065042
0.21544715447154483
-0.6341463414634145
-0.0325203252032521
-0.8130081300813008
0.9552845528455285
-0.8333333333333334
0.43089430894308944
-0.943089430894309
0.9390243902439024
-0.7642276422764228
-0.32113821138211385
-0.9024390243902439
0.4552845528455285
0.8658536585365855
0.10162601626016254
-0.983739837398374
-0.8414634146341463
0.2520325203252034
0.30487804878048785
0.5
-0.9796747967479675
0.6544715447154472
-0.09756097560975618
0.16666666666666674
-0.0487804878048782
0.060975609756097615
-0.8170731707317074
0.3577235772357725
-0.38617886178861793
0.23983739837398388
0.3902439024390245
-0.4878048780487806
-0.6016260162601625
0.28861788617886175
0.7113821138211383
-0.10569105691056913
-0.36991869918699194
-0.8008130081300813
-0.24390243902439035
0.2682926829268293
0.3536585365853657
-0.426829268292683
0.3414634146341464
-0.17886178861788626
-0.16666666666666674
0.6869918699186992
0.21138211382113825
-0.09349593495934971
-0.41056910569105687
0.19512195121951237
0.8739837398373982
-0.9308943089430894
0.7682926829268293
0.46341463414634143
-0.27642276422764234
-0.3902439024390245
0.7764227642276422
-0.7479674796747967
0.8577235772357723
0.9512195121951219
-0.08943089430894313
0.17886178861788626
0.8699186991869918
-0.4552845528455285
0.36991869918699183
-0.20731707317073178
0.7926829268292683
-0.2845528455284553
-0.5
0.29268292682926833
-0.2804878048780488
0.434959349593496
0.1260162601626016
0.7032520325203253
-0.6585365853658537
0.7439024390243902
-0.30894308943089444
0.5447154471544715
0.621951219512195
-0.9146341463414634
0.06910569105691056
0.5406504065040652
0.1869918699186992
-0.4065040650406505
0.9268292682926829
0.6626016260162602
0.845528455284553
-0.7682926829268293
0.4756097560975612
-0.38211382113821146
-0.43089430894308944
0.5975609756097562
-0.8902439024390244
0.8130081300813008
0.646341463414634
-0.6910569105691058
0.10975609756097571
-0.5934959349593496
0.0934959349593496
0.8048780487804879
0.2967479674796749
-0.8373983739837398
0.6341463414634145
0.975609756097561
-0.10162601626016265
0.6707317073170733
-0.5975609756097562
0.5365853658536586
-0.12195121951219512
0.8902439024390245
-0.2195121951219513
-0.11788617886178865
0.7398373983739837
0.9065040650406504
-0.33333333333333337
-0.6626016260162602
-0.434959349593496
-0.060975609756097615
-0.7195121951219512
-0.8211382113821138
0.6504065040650406
0.9146341463414633
-0.589430894308943
-0.6138211382113822
0.4512195121951219
-0.6544715447154472
-0.3780487804878049
-0.34959349593495936
-0.03658536585365857
-0.23983739837398377
-0.1707317073170732
-0.11382113821138218
-0.9349593495934959
0.8008130081300815
-0.004065040650406582
0.4959349593495934
0.11788617886178865
0.2195121951219512
0.1707317073170731
0.19918699186991873
0.9715447154471544
0.8333333333333335
-0.975609756097561
-0.9715447154471545
0.13008130081300817
0.18292682926829285
0.6422764227642277
-0.08130081300813019
0.3089430894308942
0.08536585365853666
-0.7764227642276422
-0.8780487804878049
0.9308943089430894
-0.13008130081300828
0.47967479674796754
-0.6300813008130082
-0.1910569105691058
-0.4390243902439025
0.24390243902439024
-0.9552845528455285
0.8211382113821137
-0.056910569105691144
-0.8252032520325203
0.9593495934959348
-0.10975609756097571
0.3739837398373984
0.8089430894308942
-0.5487804878048781
-0.7886178861788617
-0.556910569105691
0.7235772357723576
0.910569105691057
0.6585365853658536
-0.7804878048780488
0.39837398373983723
-0.44715447154471544
0.13414634146341475
0.6178861788617886
-0.5528455284552845
0.2032520325203251
0.5040650406504066
0.378048780487805
-0.19512195121951226
0.8252032520325203
0.6056910569105691
0.8170731707317074
0.410569105691057
0.20731707317073167
-0.5081300813008129
0.4186991869918699
0.08130081300813008
0.6300813008130082
-0.5121951219512195
-0.27235772357723587
0.524390243902439
0.8536585365853657
-0.6260162601626016
0.9024390243902438
0.2804878048780488
-0.8495934959349594
-0.2967479674796748
-0.4024390243902439
-0.7601626016260162
-0.21544715447154472
-0.0650406504065042
-0.2520325203252033
0.6829268292682928
-0.9390243902439024
-0.1747967479674798
0.020325203252032686
-0.7723577235772358
0.678861788617886
-0.9512195121951219
-0.028455284552845628
-0.9471544715447154
-0.19918699186991873
-0.6869918699186992
0.9837398373983739
-0.5772357723577236
-0.3455284552845529
0.5487804878048781
0.052845528455284674
0.7073170731707317
0.7479674796747968
-0.008130081300813052
0.9634146341463417
0.04065040650406493
-0.05284552845528456
-0.29268292682926844
-0.22357723577235777
0.9959349593495936
0.9918699186991868
0.5081300813008132
-0.926829268292683
0.07317073170731692
-0.2357723577235773
-0.991869918699187
-0.5447154471544715
-0.6829268292682926
-0.13414634146341464
0.008130081300812941
-0.8089430894308943
0.7357723577235773
-0.9186991869918699
0.07723577235772372
-0.8455284552845529
-0.2032520325203252
-0.5040650406504065
-0.22764227642276436
-0.1422764227642277
-0.8577235772357723
-0.1585365853658537
0.41463414634146334
-0.9105691056910569
-0.5853658536585366
-0.9065040650406504
0.19105691056910556
0.15447154471544722
-0.5325203252032521
0.3252032520325203
0.25609756097560976
0.03658536585365857
0.4878048780487805
-0.7926829268292683
0.8943089430894309
-0.04471544715447162
0.9186991869918699
-0.012195121951219634
-0.5691056910569106
-0.7073170731707317
-0.6382113821138211
-0.4715447154471546
0.5813008130081301
-0.024390243902439046
0.2642276422764227
-0.5813008130081301
-0.7154471544715446
0.42682926829268286
-0.41869918699187003
-0.6707317073170731
-0.32520325203252043
0.7845528455284552
-0.7845528455284553
0.6951219512195121
0.943089430894309
-0.2479674796747967
-0.13821138211382122
0.5934959349593496
-0.7235772357723578
-0.6422764227642277
0.2845528455284554
-0.16260162601626027
0.4837398373983739
0.9796747967479675
0.38617886178861793
1.0
0.17479674796747968
-0.36585365853658536
0.7886178861788617
-0.959349593495935
0.04471544715447173
-0.2642276422764228
0.6016260162601625
0.6260162601626016
0.8617886178861789
0.8821138211382114
0.09756097560975618
-0.08536585365853666
-0.5731707317073171
-0.26016260162601634
0.467479674796748
-0.540650406504065
-0.04065040650406504
0.7601626016260163
0.024390243902439046
-0.7357723577235773
-0.47967479674796754
-0.6951219512195123
-0.1869918699186992
-0.6463414634146343
0.22357723577235777
-0.8658536585365854
-0.5365853658536586
0.8414634146341462
-0.8739837398373984
0.589430894308943
-0.15447154471544722
0.03252032520325221
0.2764227642276422
0.7642276422764227
0.4227642276422765
-0.5650406504065042
-0.5284552845528456
-0.49186991869918695
-0.8292682926829269
-0.8617886178861789
0.7520325203252032
0.0
0.8861788617886177
0.04878048780487809
-0.4227642276422765
0.532520325203252
0.6747967479674797
-0.7520325203252033
-0.3739837398373984
0.934959349593496
-0.8943089430894309
-0.44308943089430897
0.6097560975609757
0.33333333333333326
-0.6788617886178863
0.5284552845528454
0.15853658536585358
-0.6097560975609757
-0.49593495934959353
0.22764227642276436
0.14634146341463405
0.6138211382113821
0.4390243902439024
0.3170731707317074
RANK
80
123
369
12
148
153
275
276
53
74
432
292
345
347
140
340
265
184
366
112
376
212
386
388
144
57
479
225
78
4
284
457
113
454
468
383
60
332
378
149
234
138
467
295
252
159
136
374
36
170
19
396
301
415
306
283
343
220
142
335
98
476
190
107
17
448
13
14
421
251
409
21
402
41
111
450
228
349
371
483
115
412
120
248
207
258
26
452
422
403
134
288
329
9
76
256
486
126
165
239
230
255
387
408
351
441
401
464
47
302
311
300
370
444
455
391
465
16
3
124
325
321
380
201
487
466
164
72
449
69
404
29
20
62
196
38
308
480
290
249
223
174
473
411
55
181
216
334
93
96
188
161
222
259
477
169
430
45
61
95
260
352
100
117
247
87
413
143
58
97
209
1
25
333
361
66
200
203
187
326
116
434
442
51
338
418
171
262
368
118
381
362
243
336
37
198
379
348
315
289
451
46
176
341
263
177
424
384
459
35
101
382
419
372
286
28
241
244
264
297
168
237
155
180
193
440
280
77
39
67
337
250
294
360
157
398
445
261
135
346
406
7
30
400
357
267
470
110
373
106
129
342
447
63
460
394
359
433
472
354
50
158
132
213
367
377
323
282
40
231
439
147
43
229
105
269
127
205
277
309
0
79
489
5
390
485
10
156
271
429
194
278
215
389
182
272
312
320
179
133
270
453
488
82
125
162
291
31
150
393
68
407
172
48
461
331
423
166
202
233
108
151
281
71
492
128
392
104
482
2
175
27
109
173
160
130
84
197
298
314
114
427
163
103
307
22
85
319
385
322
463
410
139
204
491
70
49
257
145
102
186
443
8
221
287
425
395
89
268
152
313
365
6
32
24
327
484
474
240
214
210
353
94
15
42
54
90
64
131
405
23
458
420
224
435
317
481
490
310
211
436
324
235
33
279
227
253
154
305
218
86
238
475
344
339
178
88
416
83
206
355
167
75
81
303
99
92
375
245
208
356
469
11
446
462
185
18
189
44
414
431
199
65
266
232
299
226
318
293
316
56
274
119
456
219
121
328
191
437
146
195
183
122
438
471
242
397
34
330
246
304
254
399
52
217
285
478
141
417
73
192
137
296
358
59
273
236
426
350
91
364
363
428
