DEGREE
0.06382978723404253
0.36170212765957444
-0.3191489361702128
0.14893617021276606
-0.021276595744680882
0.36170212765957444
0.1063829787234043
-0.23404255319148937
0.574468085106383
-0.276595744680851
-0.4893617021276596
0.7446808510638299
0.6170212765957446
0.574468085106383
0.4042553191489362
-0.021276595744680882
0.06382978723404253
0.02127659574468077
-0.14893617021276595
0.23404255319148937
-0.06382978723404253
0.9148936170212767
0.7021276595744681
-0.574468085106383
0.5319148936170213
0.1063829787234043
0.4042553191489362
0.4042553191489362
-0.574468085106383
-0.4042553191489362
0.31914893617021267
-0.4893617021276596
0.7446808510638299
-0.36170212765957444
0.23404255319148937
0.4042553191489362
0.6170212765957446
-0.14893617021276595
-0.7872340425531915
-0.3191489361702128
0.06382978723404253
0.1063829787234043
0.1914893617021276
-0.574468085106383
0.6170212765957446
0.1914893617021276
0.02127659574468077
-0.276595744680851
0.7446808510638299
0.574468085106383
0.06382978723404253
0.7872340425531914
0.7021276595744681
0.02127659574468077
0.23404255319148937
-0.4893617021276596
0.06382978723404253
0.06382978723404253
0.06382978723404253
-0.19148936170212771
0.6595744680851063
0.36170212765957444
0.4893617021276595
0.44680851063829796
0.8723404255319149
-0.5319148936170213
0.14893617021276606
-0.14893617021276595
0.5319148936170213
0.574468085106383
0.1063829787234043
0.4042553191489362
0.1063829787234043
0.44680851063829796
0.4893617021276595
-0.3191489361702128
-0.44680851063829785
-0.6595744680851063
-0.6170212765957447
0.31914893617021267
0.1914893617021276
-0.4893617021276596
0.1063829787234043
-0.6595744680851063
-0.3191489361702128
-0.14893617021276595
0.4042553191489362
0.4042553191489362
-0.8297872340425532
0.1063829787234043
0.36170212765957444
-0.19148936170212771
0.02127659574468077
-0.021276595744680882
0.6170212765957446
-0.276595744680851
-0.4042553191489362
0.06382978723404253
0.23404255319148937
0.44680851063829796
0.1914893617021276
0.02127659574468077
0.7872340425531914
0.1063829787234043
0.6170212765957446
0.27659574468085113
0.14893617021276606
0.4893617021276595
-0.6170212765957447
-0.06382978723404253
-0.6595744680851063
0.36170212765957444
0.1063829787234043
-0.4042553191489362
0.14893617021276606
0.6595744680851063
-0.5319148936170213
-0.7021276595744681
0.1914893617021276
0.1914893617021276
0.7021276595744681
-0.06382978723404253
0.31914893617021267
0.4893617021276595
0.7446808510638299
0.06382978723404253
0.14893617021276606
0.14893617021276606
0.5319148936170213
0.1063829787234043
-0.36170212765957444
-0.1063829787234043
0.36170212765957444
0.06382978723404253
-0.7872340425531915
0.02127659574468077
0.02127659574468077
-0.4893617021276596
0.5319148936170213
0.14893617021276606
-0.3191489361702128
0.5319148936170213
0.23404255319148937
0.574468085106383
-0.4042553191489362
-0.574468085106383
0.4042553191489362
-0.574468085106383
-0.021276595744680882
0.6595744680851063
-0.06382978723404253
0.1914893617021276
-0.021276595744680882
0.4893617021276595
0.5319148936170213
-0.36170212765957444
-0.1063829787234043
-0.4893617021276596
-0.3191489361702128
-0.14893617021276595
0.27659574468085113
0.5319148936170213
-0.06382978723404253
-0.4042553191489362
-0.19148936170212771
0.02127659574468077
0.23404255319148937
0.27659574468085113
-0.5319148936170213
0.36170212765957444
0.4042553191489362
0.1914893617021276
0.31914893617021267
-0.19148936170212771
0.6170212765957446
0.44680851063829796
0.23404255319148937
-0.3191489361702128
0.1914893617021276
0.14893617021276606
0.4042553191489362
-0.574468085106383
0.8297872340425532
0.14893617021276606
-0.3191489361702128
0.27659574468085113
0.6595744680851063
-0.23404255319148937
0.1063829787234043
-0.8297872340425532
-0.23404255319148937
-0.1063829787234043
0.31914893617021267
0.31914893617021267
0.14893617021276606
0.02127659574468077
-0.276595744680851
0.5319148936170213
0.31914893617021267
0.31914893617021267
0.06382978723404253
0.4893617021276595
-0.1063829787234043
-0.7446808510638299
0.1063829787234043
0.27659574468085113
-0.6170212765957447
0.02127659574468077
0.4042553191489362
-0.8723404255319149
-0.19148936170212771
-0.4042553191489362
0.1914893617021276
0.36170212765957444
-0.8723404255319149
-0.44680851063829785
0.23404255319148937
-0.574468085106383
0.574468085106383
0.1063829787234043
0.23404255319148937
-0.14893617021276595
0.1914893617021276
-0.276595744680851
0.23404255319148937
0.9574468085106382
0.36170212765957444
0.36170212765957444
0.02127659574468077
0.1914893617021276
-0.3191489361702128
0.5319148936170213
0.02127659574468077
-0.1063829787234043
0.06382978723404253
-0.06382978723404253
-0.3191489361702128
0.4893617021276595
-0.23404255319148937
0.23404255319148937
-0.6595744680851063
0.14893617021276606
1.0
-0.5319148936170213
0.1063829787234043
-0.3191489361702128
0.8723404255319149
-0.8297872340425532
-0.3191489361702128
0.14893617021276606
-0.3191489361702128
-0.7446808510638299
0.02127659574468077
-0.4893617021276596
0.23404255319148937
0.06382978723404253
0.1914893617021276
0.14893617021276606
0.7021276595744681
0.36170212765957444
0.4893617021276595
0.44680851063829796
0.7872340425531914
-0.3191489361702128
-0.1063829787234043
-0.8723404255319149
-0.021276595744680882
0.6595744680851063
-0.6170212765957447
-0.3191489361702128
-0.276595744680851
0.02127659574468077
-0.44680851063829785
-0.06382978723404253
-0.6170212765957447
0.27659574468085113
0.36170212765957444
0.06382978723404253
0.7446808510638299
-0.021276595744680882
0.1063829787234043
-0.574468085106383
0.06382978723404253
0.31914893617021267
0.02127659574468077
0.4042553191489362
-0.5319148936170213
-0.14893617021276595
0.27659574468085113
-0.36170212765957444
0.23404255319148937
0.4893617021276595
0.7872340425531914
0.27659574468085113
0.4042553191489362
-0.36170212765957444
0.4042553191489362
0.4893617021276595
0.1063829787234043
0.02127659574468077
0.1063829787234043
-0.14893617021276595
-0.4042553191489362
0.31914893617021267
0.7021276595744681
0.6595744680851063
0.14893617021276606
0.7021276595744681
-0.574468085106383
-0.19148936170212771
-0.1063829787234043
0.02127659574468077
-0.6595744680851063
1.0
-0.19148936170212771
-0.1063829787234043
0.7872340425531914
0.574468085106383
0.06382978723404253
-0.7446808510638299
-0.574468085106383
0.06382978723404253
-0.3191489361702128
0.6595744680851063
-0.06382978723404253
0.1914893617021276
-0.23404255319148937
-0.021276595744680882
0.1914893617021276
-0.276595744680851
0.06382978723404253
0.1914893617021276
0.02127659574468077
0.4042553191489362
-0.06382978723404253
0.1063829787234043
0.36170212765957444
0.31914893617021267
-0.021276595744680882
-0.4893617021276596
-0.1063829787234043
-0.276595744680851
-0.19148936170212771
0.23404255319148937
0.1063829787234043
0.5319148936170213
0.23404255319148937
0.574468085106383
-0.021276595744680882
0.27659574468085113
0.4893617021276595
0.27659574468085113
0.9148936170212767
0.31914893617021267
0.02127659574468077
0.1914893617021276
-0.23404255319148937
-0.574468085106383
0.02127659574468077
0.06382978723404253
1.0
-0.36170212765957444
0.44680851063829796
0.36170212765957444
0.7446808510638299
-0.3191489361702128
-0.19148936170212771
-0.3191489361702128
-0.36170212765957444
0.31914893617021267
0.06382978723404253
-0.14893617021276595
0.36170212765957444
-0.4893617021276596
0.4893617021276595
-0.1063829787234043
0.23404255319148937
0.14893617021276606
0.23404255319148937
-0.4042553191489362
-0.021276595744680882
0.14893617021276606
-0.14893617021276595
-0.23404255319148937
0.02127659574468077
0.14893617021276606
0.02127659574468077
0.23404255319148937
-0.6170212765957447
0.44680851063829796
-0.36170212765957444
0.02127659574468077
-0.4893617021276596
-0.4042553191489362
-0.4042553191489362
0.8723404255319149
-0.6595744680851063
-0.5319148936170213
-0.7021276595744681
-0.6170212765957447
0.1063829787234043
-0.3191489361702128
0.7872340425531914
0.06382978723404253
0.23404255319148937
0.23404255319148937
-0.19148936170212771
0.7872340425531914
-0.4893617021276596
0.44680851063829796
0.8723404255319149
-0.3191489361702128
-0.44680851063829785
-0.276595744680851
0.1063829787234043
-0.14893617021276595
0.4042553191489362
-0.7872340425531915
-0.3191489361702128
0.31914893617021267
-0.23404255319148937
-0.6595744680851063
0.06382978723404253
-0.5319148936170213
0.36170212765957444
-0.14893617021276595
0.06382978723404253
0.14893617021276606
0.14893617021276606
-0.5319148936170213
-0.021276595744680882
0.1914893617021276
-0.7872340425531915
0.5319148936170213
0.06382978723404253
-1.0
-0.06382978723404253
0.27659574468085113
-0.4893617021276596
0.8297872340425532
-0.06382978723404253
0.4042553191489362
0.1914893617021276
0.1914893617021276
-0.021276595744680882
-0.6170212765957447
-0.06382978723404253
-0.19148936170212771
-0.36170212765957444
0.1914893617021276
-0.3191489361702128
-0.574468085106383
0.4893617021276595
0.574468085106383
0.06382978723404253
-0.276595744680851
0.06382978723404253
0.574468085106383
-0.7021276595744681
0.4893617021276595
-0.23404255319148937
0.31914893617021267
-0.14893617021276595
0.4893617021276595
0.31914893617021267
-0.4893617021276596
-0.276595744680851
1.0
-0.06382978723404253
0.02127659574468077
-0.06382978723404253
0.4893617021276595
0.6595744680851063
-0.14893617021276595
0.1063829787234043
0.4893617021276595
0.1914893617021276
EIGENVECTOR
-0.8356378959299529
-0.9130352516243421
-0.617615722879836
-0.8112474284273912
-0.96797897902502
0.22787772706143783
-0.8965716562262992
-0.6020232932466749
-0.8854108214251957
-0.9531462378506586
-0.8218640987818484
0.7145420058504508
-0.6472192898931642
-0.038704009638143466
0.25089799049320205
-0.9487949269621917
-0.5744471133947443
-0.42818169066752143
-0.9936401510950208
0.06611164120851343
-0.8695393949254905
0.9176269716307432
0.4238566901933807
-0.9846680137249685
0.3544316495524118
-0.9599683528153714
-0.8547982448526008
-0.5864278066532145
-0.9698509443618072
-0.6898645103341721
0.1810338926510522
-0.9840230726370999
0.8003908122636971
-0.6244527866485009
-0.31634277235488095
-0.8640787325803768
0.0069080818081117545
-0.9938660597837868
-0.6389482823269268
-0.5715698991635727
-0.21833418513007408
-0.40708032388988313
-0.6368056374321264
-0.9697644448357852
0.6790866082474258
-0.9526418532459118
-0.9307701392756069
-0.9420020371571178
0.5698543475408597
-0.5652744551552414
-0.8560688391092979
0.7760293819177622
0.6802110969053412
-0.9808139647060703
-0.5217495195264925
-0.984149045969245
-0.8821902388554331
-0.8214587029173781
-0.2719184051049751
-0.9351917941170008
0.3493060896457596
-0.7545183110140237
0.2715405137830249
-0.478166543387504
0.8918906669097464
-0.7452839377471481
-0.8507902990878865
-0.9660819710742378
0.344345817971345
0.5637055482283599
-0.9514350299496441
-0.9130760486383781
-0.4063436396407084
0.33501998905411523
-0.7834762729517538
-0.6209337798549539
-0.9820544446456586
-0.9749015922769455
-0.7905150019155325
-0.7564320835045448
-0.4997642145661676
-0.9831556581790649
-0.597625802479846
-0.9759279467642281
-0.7091004646461742
-0.9936401510950208
-0.8624614506389613
-0.7061942344144939
-0.9156419439350466
-0.8938772449805823
-0.881287668817037
-0.8999235156465801
-0.9452689259670303
-0.9916869762114471
0.3517522350517941
-0.9612827127776015
-0.9483484598951053
-0.6898699610164138
-0.7557946993050384
-0.7991954499505504
-0.7785715549126382
-0.9406029203990252
0.7739625621484598
-0.8759270702200339
0.6724696741073228
-0.9754657445195175
-0.9838225349247979
0.41778260872720807
-0.9600763843734357
-0.4599368410908299
-0.9817113654689877
0.11705483284373153
-0.8684061651326223
-0.9583077958174208
-0.5040638686387295
-0.8466473099051877
-0.9494212952268919
-0.8187077042127685
-0.43559913602477374
-0.8947649367246138
0.4719901020811734
-0.8845167575509192
-0.9685273404118946
-0.6276908322815276
0.7105957991388634
-0.7854424761840292
-0.8280263938180898
-0.4331475238781439
0.23372227123657874
-0.5995542203380511
-0.6391462599420965
-0.7231475680539512
0.03519808379076883
-0.7376215677397997
-1.0
-0.9518267962885638
-0.9432795146511317
-0.5296036923078005
-0.8856222754504532
-0.8444571444073107
-0.9793569771657807
-0.8923439065496139
-0.2527930077176638
-0.886243321860621
-0.6131301964212323
-0.4842692499527076
-0.8564590612009283
-0.7510375045930512
-0.5918584811579668
-0.8848552857208993
-0.9443554352220083
0.028662630005738876
-0.6694554331572824
-0.8898909684222648
-0.9087609403909863
-0.6706691801778134
-0.18347614992180072
-0.9683862302348167
-0.9293348231627656
-0.9596482095852468
-0.32933124866621344
-0.793034345434115
-0.4999515397526746
-0.872364001368364
-0.9456194983218903
-0.8120978275603679
-0.7672908064014421
-0.9325558666012651
-0.8039734684855284
-0.9309410693384635
-0.8564590612009282
-0.8532105975562737
-0.8263020653333492
-0.5982774182953605
0.5680210764047258
-0.9412486279498091
-0.053460813483842906
-0.9516169682074754
-0.15393721381992265
-0.82802639381809
-0.81524201403473
-0.9837500632252563
0.8310396806234144
-0.8172029831358403
-0.9956593011088989
-0.9290207171076987
-0.8899951289947817
-0.5866627319566241
-0.8133758709564962
-0.9156419439350466
-0.9615877200220218
-0.9553712050583211
0.028039497522711176
-0.8304632792554225
-0.3032979793353985
-0.9611189606380016
-0.8614055452696303
-0.7166887504759805
-0.13004243457681364
-0.030750990194089556
-0.9688276688936883
-0.8854734869322458
-0.9931163512125621
-0.8376874244210237
-0.9265361623548104
-0.4420628176409568
-0.5981630725909608
-0.9081040290408353
-0.8187579931219453
-0.9895287368552156
-0.9488706221391443
-0.8284037277794347
-0.8481408817771946
-0.9790164437921031
-0.9916269861614307
-0.9795656503567272
-0.8713614179854222
-0.9501538965847736
-0.7748723595080327
-0.9822395115194169
-0.525817101390526
-0.5568183733706742
-0.14762590058359393
-0.6154927079393824
-0.9842569026016033
0.66533763752469
-0.8923036396207233
-0.09014649555099208
-0.8120978275603677
-0.638663181770607
-0.9225116744337915
-0.8680583115469721
-0.8914516491227045
-0.9785686627316484
-0.8379797863643708
-0.9263726194273944
-0.839451007082489
-0.7888551875567902
-0.581157862782552
-0.5438182405139493
-0.9648080325076386
-0.8269351595750718
0.8321107143368267
-0.9714626698656432
-0.8854478605354964
-0.9863745175838666
0.9048508572257514
-0.9841149829214997
-0.9672789369438359
-0.957339958752203
-0.3699784490422334
-0.975297401198879
-0.952104091714688
-0.9610961190795951
-0.8771427704555245
-0.7137420210931624
-0.27058154663090506
-0.937544084718147
0.6778393718968836
-0.8064734784907018
-0.8928432820298274
-0.85496812622247
0.6342094230702573
-0.2989667386471144
-0.9718029402124178
-0.9895287368552157
-0.8025493068363505
0.7810424497653203
-0.9785675594665459
-0.9558437290000896
-0.9810048836342327
-0.8317498318819365
-0.8313055520036159
-0.8853743520280748
-0.9857234247314642
-0.9050833256734483
-0.5090569429034437
-0.8026581329657492
0.5776163649514066
-0.1642500955158348
-0.5361537994119624
-0.9895979792282028
-0.45406650051083364
-0.822004823500504
-0.7345382148019267
-0.9215422046496149
-0.6034610185600391
-0.46875810955452246
-0.8402026200338127
-0.9158730051551512
-0.655698773940256
-0.7644200195257786
0.32996043570775657
-0.8425806899236747
-0.3247062902827007
-0.996247303837746
0.23362691235860833
-0.9064279663058413
-0.7480508666637011
-0.25721044744116806
-0.8540757741346643
-0.8932213129309953
-0.9931765554899342
-0.34002188937474953
0.25106741887130757
0.7472087323726837
-0.8214966988023211
0.5310754379815699
-0.9362001403154269
-0.9126148220003668
-0.8960580304576349
-0.9897091108156847
-0.7467508043698106
0.9527626081870599
-0.9683890969572819
-0.9757510110711722
0.7562730998863241
-0.894491934352091
-0.8694265894339643
-0.9997862295743131
-0.9698509443618071
-0.8282397839696338
-0.8394510070824891
0.7274859103859088
-0.9926640759442655
-0.918807207586082
-0.9470991869635317
-0.8561224640251963
-0.24111245867746955
-0.31631818380745047
-0.9596254298422742
-0.956982816581897
-0.9666065262484076
-0.8624653234707582
-0.8770442560956233
-0.6208771072138475
0.059799729616206054
-0.8478137050262334
-0.9396680657082606
-0.9712083585039323
-0.7010793545067437
-0.9678395738799013
-0.547448716273804
-0.9851404004163213
-0.988281180905731
-0.7588978800456887
-0.8770779850591095
0.6536721518500275
-0.9539707719162005
-0.9842588065774092
-0.07846874281803018
-0.8403822256660716
0.9545837832804511
0.2241234535693699
-0.5763864919160788
-0.9199793074865213
-0.9729370852509098
-0.9867798525568476
-0.43545222790101956
-0.8450395156732671
0.8068841853850954
-0.9683853617643495
0.2925629306798838
-0.6758877408071955
0.8222832680037275
-0.6821167626937852
-0.9041863580594911
-0.8995956710936296
-0.9574863845361622
-0.6065630636078543
-0.26981479528017793
-0.8088330236368028
-0.03510071072036036
-0.9683784121875229
-0.8928432820298272
-0.8852788953094751
-0.07623272520891633
-0.9846887423584018
-0.9355293562012154
-0.9814404942425193
-0.9643929857065288
-0.7370714572262682
-0.7231750773993462
-0.6020232932466749
-0.37068058677586124
-0.8785003847879829
-0.468505115563949
-0.8160112392885183
-0.7373871910325844
-0.8552524734690307
-0.996247303837746
-0.8120978275603679
-0.9976163615095948
-0.9874265702727832
-0.996359980670694
0.8810427623514112
-0.9873174680338286
-0.9847497014814293
-0.6212448493642178
-0.9702444245859186
-0.8862537017030233
-0.8030568647906146
0.8334838605777983
-0.9910613184736229
-0.4853913145573976
-0.3256233468328017
-0.9720673791131249
0.8644567083073107
-0.9872029346250462
-0.8915954009288711
0.9333258186464544
-0.5930740318401515
-0.9967671471666684
-0.9632649954799211
-0.8855962011106402
-0.9121617536010699
-0.8115672661029624
-0.9855985294719968
-0.9927483691881942
0.17141908078748425
-0.9142526848047724
-0.5998084965790378
-0.9489828574348997
-0.8059802303863053
-0.6890063350610538
-0.8256825944983783
-0.8277041867463475
-0.5620435600137133
-0.5259086748359647
-0.9852794821298003
-0.06301549738806589
-0.2646565094644341
-0.9889146844630092
0.4331879316128311
-0.6783351122431069
-0.9949895944805254
-0.9919802337644651
-0.7352513631672382
-0.7235116001811761
0.8997714900494387
-0.8823744775294349
-0.8214813099941253
-0.9827352789955001
-0.6623963491306206
-0.7578110982273103
-0.9883697261888945
-0.7670600655480555
-0.9943914128856242
-0.9958099523881522
-0.8144436142512163
-0.826855271043599
-0.9846680137249685
-0.7724245372772753
0.20700666291837244
-0.950420505479676
-0.9273098456668387
-0.8147890832402042
0.54228792132388
-0.8187077042127685
-0.8953608545935731
-0.9946813084709922
-0.24570250091906298
-0.9121617536010697
-0.9127042703514092
-0.8906389091543957
-0.9391764838783677
-0.9107793457475188
1.0
-0.8594875403219735
-0.7549539456709847
-0.8594875403219734
0.18335815665785726
0.2684489763822262
-0.9908081167189016
-0.804221677395205
-0.9098493625716831
-0.9393218906332629
CENT
-0.01873333333333349
0.01822554087689099
-0.5245136136619946
0.20485200888350485
-0.414657969560127
0.8430030886196243
-0.20939982126899048
-0.5383703703703703
0.3694709731897823
-0.266620326487625
-0.3980598721829802
0.10492343934040038
0.6438623188405797
0.9516959064327486
0.7540637357525009
-0.20939982126899048
0.9644731182795703
-0.10133333333333339
-0.6109517112048759
0.1007937254901965
0.25585585585585546
0.6003225806451613
0.6246977687626774
-0.6585978494623657
0.19612648539778443
-0.28306198707874985
0.5869077919178385
0.7166694329183956
-0.3797414551607444
-0.32342226818338515
0.7223785780240077
-0.41615780675359415
0.35281042454812983
-0.5356096934681431
0.4376170212765955
0.4228079640333975
0.9741053147195688
-0.6997427750037826
-0.5259053140096617
-0.15360611020185455
0.7052983908045978
0.9358290847293034
0.14464641651776833
-0.2993322911238492
0.18744303797468342
-0.14471188913202038
0.07621806853582558
-0.3919784293899561
0.6438623188405797
0.7052983908045978
0.7024654261428898
0.12362818235642403
0.10492343934040038
-0.2315228966986156
0.5471971706454464
-0.6573314891655142
-0.024496124031007982
0.7081352657004834
0.7511631799163176
-0.4384761904761906
-0.024496124031007982
0.536740740740741
0.8099537953795382
0.7424857341684064
0.5341352720863626
-0.5858366445916114
-0.024496124031007982
-0.40260486985726285
0.15100079554494839
0.13831470471660734
0.16377804391217543
-0.020656445201590157
0.9044396240057848
0.014297188755020285
0.3457151248164463
-0.34557152635181365
-0.414657969560127
-0.37358562224482883
-0.7911157894736841
0.5185745007680489
0.536740740740741
-0.6535253924284394
0.22243051328869923
-0.6030691114245414
-0.1606866267465068
-0.6109517112048759
0.4929112709832131
0.6493714285714287
-0.44584177424693805
-0.10499224806201524
0.46004669260700415
0.4827397260273971
0.11113628318584068
-0.5259053140096617
0.8069747938751475
-0.32501498708010335
-0.546620623501199
0.9138086956521738
0.2114239482200646
0.18527871485943814
0.09256338028168987
-0.09399111111111136
0.6576632583503748
0.19177952122309372
0.14253333333333318
-0.15360611020185455
-0.2550077519379843
0.6057137729923732
-0.576469545957918
0.8643056351480418
-0.6849243876464326
0.5108401226456414
-0.04166741911211436
-0.28632967032967027
0.4277316184351554
0.2876133828996281
-0.32342226818338515
-0.7979772528433946
0.9676791391538273
-0.09215045395590138
0.12571879936808883
-0.08846299387868706
-0.0699018839768698
0.508268767782885
0.15524970131421734
0.008421534936998487
0.04597876857749461
0.9837800687285221
0.7109760589318599
0.9612717948717946
-0.5300723589001447
0.6493714285714287
0.8551498689540149
0.9358290847293034
-0.9744948341489942
-0.31383125864453654
0.19395169082125596
-0.15715022706630344
0.4105539906103284
0.00451563691838297
-0.5818297805147641
0.2136199149969642
-0.022577374195989486
0.30369964737606314
-0.2128234243885021
-0.49923094425483494
0.5682773333333337
-0.5885015752993068
0.61382782647786
0.38869340123063867
-0.12677667766776657
0.09873251028806584
0.00451563691838297
0.24241207670338616
0.06607959619491388
-0.5048875912408759
-0.26827228070175413
-0.5778115117014548
0.34335597484276725
-0.13397438712038057
0.24241207670338616
0.23795273023634889
0.7166694329183956
-0.2128234243885021
-0.5286846846846845
-0.15537913486005106
0.2114239482200646
-0.03405731523378597
-0.3889284750337383
-0.176505597688696
0.5682773333333337
0.7482666666666669
0.6604347430650297
0.7223785780240077
0.2491216022889844
-0.2128234243885021
0.6576632583503748
-0.31383125864453654
-0.1357688791369539
0.04597876857749461
0.3551814931650894
-0.49497395833333335
0.3362962962962963
-0.009084900284900277
-0.764475557524738
0.0025660377358494024
0.2136199149969642
-0.4978133333333332
0.032046136101499645
-0.44584177424693805
-0.13217792421746288
-0.04545960165351348
0.6383681592039798
0.07215558148580326
-0.1642153344208811
-0.14114056224899607
-0.3950222222222224
0.3269246503861407
0.9295146666666669
0.4400963440860213
0.00451563691838297
0.3935296367112815
-0.5778115117014548
-0.7991173298353011
-0.01295086321381167
0.16377804391217543
-0.5245136136619946
-0.17300361532899466
0.3575555555555554
-0.7408648487557743
-0.17825374481140566
-0.36119850187265923
0.7627897435897437
-0.2433089301503093
-0.9514774255523536
-0.6043859649122807
0.6548955495004543
-0.32501498708010335
0.35993261739313565
-0.3518415300546449
0.5237477477477477
-0.5077076648841354
0.12781189488243427
-0.5383703703703703
-0.2699224969314399
0.12990747330960817
0.376656514382403
-0.27650603674540686
-0.15537913486005106
0.9326695778748182
0.32225641025641005
0.4425788680869378
-0.18522744462452723
-0.19908481262327404
-0.0032694063926939076
-0.31863421370619704
-0.15891938997821375
0.5315332452664026
-0.49497395833333335
0.4056743393009381
-0.6226928104575166
0.7281035598705505
0.6493714285714287
-0.5885015752993068
-0.08291638795986611
-0.513331392527899
0.5709281743384478
-0.6960533333333333
-0.32501498708010335
-0.2814255765199163
-0.43255727348295914
-0.37358562224482883
-0.03214940577249592
-0.32342226818338515
0.555075968992248
0.2158185500202512
-0.2960918101199792
-0.12135757575757555
0.6165398110661267
0.42035087719298225
0.20485200888350485
0.5341352720863626
0.30369964737606314
-0.32501498708010335
-0.4778205631958088
-0.7408648487557743
-0.01680803486829663
0.29219520264681575
-0.652254349499615
-0.2699224969314399
-0.32501498708010335
-0.1624519405150524
-0.2483333333333334
-0.11228581952117855
-0.7444333333333335
0.2693990957665431
0.1766474358974357
0.7686274509803919
0.20266666666666677
0.07621806853582558
0.9044396240057848
-0.45900807381776243
0.7744815334268349
0.07215558148580326
0.2581061257938946
0.0439814814814814
-0.2483333333333334
-0.364304761904762
-0.001326480106605854
-0.3534050179211471
0.7832935113609745
0.5498199513381994
-0.07549199255121053
0.014297188755020285
0.7686274509803919
-0.7876714975845412
0.20923064483525344
0.03402962108097696
0.7396012980992117
0.6939899128839984
0.01233639143730847
-0.22644479999999978
-0.5697405645417062
0.7309720101781174
1.0
0.3129548762736538
0.562986240568131
0.8069747938751475
-0.41315662650602414
-0.23321199219442978
-0.266620326487625
-0.49497395833333335
-0.6598630431444803
0.679941512451451
-0.4041168177240684
-0.14649462365591392
0.11321212121212132
0.2603591635916356
0.12571879936808883
-0.9331574726945943
-0.3797414551607444
0.6057137729923732
-0.15891938997821375
0.14042276422764233
-0.5818297805147641
0.14253333333333318
-0.5020620230556911
0.7052983908045978
0.9580751586139582
0.02808602150537598
-0.3487097435897438
0.036015396458814575
-0.4236344839086209
0.09667371719545614
0.6548955495004543
0.9580751586139582
0.3935296367112815
0.14888014311270137
-0.09582972422728131
-0.3904542235710673
0.7627897435897437
-0.3889284750337383
-0.5091156462585034
-0.2928445604873805
-0.41915297261189066
0.29678840579710153
-0.014880546075085155
0.2899028724943169
-0.039768115942029
-0.26827228070175413
-0.2483333333333334
0.6328888888888886
0.5419620309050777
0.05399110079319014
0.161642130460802
0.3083214953271032
-0.4806934903500165
-0.681194393662401
0.6687719298245611
0.4376170212765955
0.6328888888888886
-0.32660606060606046
0.008421534936998487
0.35281042454812983
0.2990892894137147
-0.15360611020185455
-0.18174436632413893
-0.31062097611630335
-0.5356096934681431
0.5976324154913812
0.4525411003236246
-0.1642153344208811
-0.2382685086787104
-0.4176561403508773
0.20485200888350485
-0.18522744462452723
-0.04735248826291072
-0.2732177263969169
-0.04735248826291072
-0.5845022874270391
0.020193103448276073
0.21801985815602798
0.6968111952282632
-0.5383703703703703
0.9013256262042393
0.25585585585585546
-0.011018982536066702
0.6883589743589744
-0.6585978494623657
0.5762404809619239
-0.7876714975845412
-0.15537913486005106
-0.8250666666666668
-0.4236344839086209
-0.7807556142668429
0.6521316088041753
-0.7503596139569415
-0.6598630431444803
-0.43995223880597023
-0.5871697399527188
0.23795273023634889
-0.3534050179211471
0.3362962962962963
-0.5697405645417062
0.5656300244281591
0.8889145052833816
-0.022577374195989486
0.5656300244281591
-0.5203304291707004
0.23350427350427383
0.3670818565400844
-0.13397438712038057
-0.7819107981220659
-0.3154339035769831
0.10699194657238253
-0.26827228070175413
0.12781189488243427
-0.752722741433022
-0.5602660302307081
-0.13397438712038057
-0.2748627450980392
-0.27650603674540686
-0.20253053913666463
-0.27814760405736283
0.17020115976804662
0.3269246503861407
-0.0032694063926939076
0.9044396240057848
0.39837821740055346
-0.666171568627451
-0.056785018726591696
0.7424857341684064
-0.8548771929824563
0.61382782647786
0.8920105743811582
-1.0
-0.5272956703685819
0.7281035598705505
-0.7083125188536952
0.5289346534653463
-0.18174436632413893
0.07621806853582558
-0.32660606060606046
0.9013256262042393
0.06810256410256388
-0.4041168177240684
-0.10864306784660749
-0.7192513144058886
-0.752722741433022
0.0025660377358494024
-0.17825374481140566
-0.6585978494623657
0.5419620309050777
0.861249343832021
-0.27650603674540686
0.3339489753241325
0.03006493756003814
0.24018103975535143
-0.7979772528433946
0.18960997185363904
-0.7348960573476705
0.8010294048459188
-0.26827228070175413
0.13410609659540773
0.4475535444947212
-0.4176561403508773
0.4954624781849917
0.5524462151394423
-0.20768526466380555
0.014297188755020285
-0.20768526466380555
-0.18522744462452723
0.9453352798053527
-0.5616234096692114
-0.06616470588235301
-0.020656445201590157
0.2246398700771417
DEGREE_RANK
-0.09243697478991586
0.47899159663865554
-0.6302521008403361
0.10924369747899165
-0.24789915966386544
0.4831932773109242
0.01680672268907557
-0.4915966386554621
0.76890756302521
-0.5378151260504201
-0.7815126050420168
0.8949579831932772
0.8109243697478992
0.7731092436974791
0.546218487394958
-0.24369747899159655
-0.08823529411764708
-0.19327731092436973
-0.4075630252100839
0.2815126050420167
-0.30672268907563016
0.9747899159663866
0.8697478991596639
-0.865546218487395
0.7226890756302522
0.021008403361344463
0.5504201680672269
0.5546218487394958
-0.8613445378151261
-0.7100840336134453
0.4117647058823528
-0.7773109243697479
0.8991596638655461
-0.6680672268907564
0.2857142857142856
0.5588235294117647
0.8151260504201681
-0.403361344537815
-0.9705882352941176
-0.6260504201680672
-0.08403361344537807
0.025210084033613356
0.18907563025210083
-0.8571428571428571
0.819327731092437
0.19327731092436973
-0.18907563025210083
-0.5336134453781513
0.9033613445378152
0.7773109243697478
-0.07983193277310918
0.9201680672268906
0.8739495798319328
-0.18487394957983183
0.2899159663865547
-0.7731092436974789
-0.07563025210084018
-0.07142857142857129
-0.0672268907563025
-0.45378151260504196
0.8361344537815127
0.4873949579831933
0.6512605042016806
0.6176470588235294
0.9579831932773109
-0.8151260504201681
0.11344537815126032
-0.39915966386554613
0.7268907563025209
0.7815126050420167
0.02941176470588225
0.5630252100840336
0.03361344537815136
0.6218487394957983
0.6554621848739495
-0.6218487394957983
-0.7268907563025211
-0.9285714285714286
-0.8991596638655462
0.4159663865546219
0.19747899159663862
-0.76890756302521
0.037815126050420034
-0.9243697478991597
-0.6176470588235294
-0.39495798319327724
0.5672268907563025
0.5714285714285716
-0.9831932773109243
0.042016806722688926
0.4915966386554622
-0.44957983193277307
-0.18067226890756294
-0.23949579831932766
0.8235294117647058
-0.5294117647058824
-0.7058823529411764
-0.0630252100840335
0.2941176470588234
0.6260504201680672
0.20168067226890773
-0.17647058823529405
0.9243697478991597
0.04621848739495804
0.8277310924369747
0.365546218487395
0.11764705882352944
0.6596638655462186
-0.8949579831932774
-0.30252100840336127
-0.9201680672268907
0.4957983193277309
0.05042016806722671
-0.7016806722689075
0.12184873949579833
0.8403361344537816
-0.8109243697478992
-0.9411764705882353
0.2058823529411764
0.2100840336134453
0.8781512605042017
-0.2983193277310924
0.4201680672268906
0.6638655462184873
0.9075630252100839
-0.05882352941176461
0.126050420168067
0.13025210084033612
0.73109243697479
0.054621848739495826
-0.6638655462184875
-0.3487394957983193
0.5
-0.054621848739495715
-0.9663865546218487
-0.17226890756302515
-0.16806722689075626
-0.7647058823529411
0.7352941176470589
0.134453781512605
-0.6134453781512605
0.7394957983193275
0.2983193277310925
0.7857142857142858
-0.6974789915966386
-0.8529411764705882
0.5756302521008403
-0.8487394957983193
-0.23529411764705865
0.8445378151260503
-0.2941176470588235
0.2142857142857144
-0.23109243697478987
0.6680672268907564
0.7436974789915967
-0.6596638655462185
-0.3445378151260503
-0.7605042016806722
-0.6092436974789917
-0.39075630252100835
0.36974789915966366
0.7478991596638656
-0.2899159663865546
-0.6932773109243697
-0.4453781512605042
-0.16386554621848737
0.3025210084033614
0.3739495798319328
-0.8067226890756303
0.5042016806722689
0.5798319327731092
0.21848739495798308
0.4243697478991597
-0.44117647058823517
0.8319327731092436
0.6302521008403361
0.30672268907563005
-0.6050420168067228
0.2226890756302522
0.1386554621848739
0.5840336134453783
-0.8445378151260504
0.9495798319327731
0.1428571428571428
-0.6008403361344538
0.37815126050420167
0.8487394957983194
-0.4873949579831932
0.05882352941176472
-0.9789915966386554
-0.4831932773109243
-0.3403361344537814
0.4285714285714286
0.4327731092436973
0.1470588235294117
-0.15966386554621836
-0.5252100840336135
0.7521008403361344
0.4369747899159664
0.4411764705882353
-0.05042016806722682
0.6722689075630253
-0.33613445378151263
-0.953781512605042
0.06302521008403339
0.38235294117647056
-0.8907563025210083
-0.15546218487394947
0.588235294117647
-0.9957983193277311
-0.4369747899159664
-0.6890756302521008
0.2268907563025211
0.508403361344538
-0.9915966386554622
-0.7226890756302521
0.31092436974789917
-0.8403361344537815
0.7899159663865545
0.0672268907563025
0.31512605042016806
-0.38655462184873945
0.23109243697478976
-0.5210084033613445
0.31932773109243695
0.9831932773109242
0.5126050420168067
0.5168067226890756
-0.1512605042016807
0.23529411764705888
-0.596638655462185
0.7563025210084033
-0.1470588235294117
-0.33193277310924363
-0.04621848739495793
-0.2857142857142857
-0.592436974789916
0.6764705882352939
-0.4789915966386554
0.32352941176470584
-0.9159663865546218
0.15126050420168058
0.9873949579831933
-0.8025210084033614
0.0714285714285714
-0.588235294117647
0.9621848739495797
-0.9747899159663865
-0.5840336134453782
0.15546218487394947
-0.5798319327731092
-0.9495798319327731
-0.1428571428571428
-0.7563025210084033
0.32773109243697474
-0.04201680672268904
0.23949579831932777
0.1596638655462186
0.8823529411764706
0.5210084033613447
0.680672268907563
0.634453781512605
0.9285714285714286
-0.5756302521008403
-0.32773109243697474
-0.9873949579831933
-0.22689075630252098
0.8529411764705883
-0.8865546218487395
-0.5714285714285714
-0.5168067226890756
-0.1386554621848739
-0.7184873949579833
-0.2815126050420167
-0.8823529411764706
0.38655462184873945
0.5252100840336134
-0.037815126050420034
0.911764705882353
-0.22268907563025198
0.07563025210084029
-0.8361344537815125
-0.03361344537815114
0.4453781512605042
-0.1344537815126049
0.5924369747899159
-0.7983193277310925
-0.38235294117647045
0.39075630252100835
-0.6554621848739496
0.33193277310924363
0.6848739495798319
0.9327731092436975
0.39495798319327724
0.596638655462185
-0.6512605042016807
0.6008403361344536
0.6890756302521008
0.07983193277310918
-0.13025210084033612
0.08403361344537807
-0.37815126050420156
-0.6848739495798319
0.44957983193277307
0.8865546218487395
0.857142857142857
0.16386554621848726
0.8907563025210086
-0.8319327731092436
-0.4327731092436975
-0.32352941176470584
-0.12605042016806722
-0.9117647058823529
0.9915966386554622
-0.4285714285714285
-0.31932773109243684
0.9369747899159664
0.7941176470588236
-0.02941176470588236
-0.9453781512605042
-0.8277310924369747
-0.025210084033613356
-0.5672268907563025
0.8613445378151261
-0.2773109243697478
0.24369747899159666
-0.47478991596638653
-0.21848739495798308
0.24789915966386555
-0.5126050420168067
-0.021008403361344463
0.25210084033613445
-0.12184873949579822
0.6050420168067228
-0.273109243697479
0.08823529411764697
0.5294117647058825
0.45378151260504196
-0.2142857142857142
-0.7521008403361344
-0.31512605042016806
-0.5084033613445378
-0.4243697478991596
0.3361344537815125
0.09243697478991586
0.7605042016806722
0.34033613445378164
0.7983193277310925
-0.2100840336134453
0.39915966386554613
0.6932773109243697
0.40336134453781525
0.9789915966386555
0.45798319327731085
-0.11764705882352933
0.25630252100840334
-0.47058823529411764
-0.8235294117647058
-0.11344537815126043
-0.01680672268907557
0.9957983193277311
-0.6470588235294118
0.6386554621848739
0.5336134453781514
0.9159663865546219
-0.5630252100840336
-0.4201680672268907
-0.5588235294117647
-0.6428571428571428
0.46218487394957974
-0.012605042016806567
-0.3739495798319328
0.53781512605042
-0.7478991596638656
0.6974789915966386
-0.31092436974789917
0.3445378151260503
0.16806722689075615
0.3487394957983192
-0.680672268907563
-0.2058823529411764
0.17226890756302526
-0.3697478991596638
-0.46638655462184864
-0.10924369747899154
0.17647058823529416
-0.10504201680672265
0.3529411764705883
-0.8781512605042017
0.6428571428571428
-0.6386554621848739
-0.10084033613445376
-0.7436974789915967
-0.6764705882352942
-0.6722689075630253
0.9663865546218489
-0.907563025210084
-0.7941176470588235
-0.9369747899159664
-0.8739495798319328
0.09663865546218497
-0.5546218487394958
0.9411764705882353
-0.008403361344537785
0.357142857142857
0.3613445378151261
-0.4159663865546218
0.9453781512605042
-0.7394957983193278
0.6470588235294119
0.9705882352941175
-0.5504201680672269
-0.7142857142857143
-0.5042016806722689
0.10084033613445365
-0.3655462184873949
0.6092436974789917
-0.9621848739495799
-0.546218487394958
0.46638655462184886
-0.46218487394957974
-0.9033613445378151
-0.004201680672268893
-0.7899159663865546
0.5420168067226891
-0.361344537815126
0.0
0.18067226890756305
0.18487394957983194
-0.7857142857142857
-0.2016806722689075
0.26050420168067223
-0.957983193277311
0.7647058823529411
0.004201680672268893
-1.0
-0.26890756302521
0.4075630252100839
-0.7352941176470589
0.9537815126050422
-0.2647058823529411
0.6134453781512603
0.26470588235294135
0.26890756302521
-0.1974789915966385
-0.8697478991596639
-0.26050420168067223
-0.4117647058823529
-0.634453781512605
0.2731092436974789
-0.5420168067226891
-0.819327731092437
0.7016806722689075
0.8025210084033612
0.008403361344537785
-0.5
0.012605042016806678
0.8067226890756303
-0.9327731092436975
0.7058823529411764
-0.45798319327731096
0.47058823529411753
-0.357142857142857
0.7100840336134455
0.4747899159663864
-0.73109243697479
-0.4957983193277311
1.0
-0.25630252100840323
-0.09663865546218475
-0.25210084033613445
0.7142857142857142
0.865546218487395
-0.3529411764705882
0.10504201680672254
0.7184873949579831
0.277310924369748
EIGENVECTOR_RANK
-0.012605042016806567
-0.361344537815126
0.38655462184873945
0.11764705882352944
-0.6470588235294118
0.7731092436974791
-0.30252100840336127
0.4117647058823528
-0.2100840336134453
-0.5504201680672269
0.04621848739495804
0.9075630252100839
0.3445378151260503
0.7100840336134455
0.7857142857142858
-0.5042016806722689
0.46218487394957974
0.5756302521008403
-0.9453781512605042
0.7436974789915967
-0.1470588235294117
0.9831932773109242
0.8361344537815127
-0.8235294117647058
0.8277310924369747
-0.592436974789916
-0.07983193277310918
0.44957983193277307
-0.680672268907563
0.30672268907563005
0.7563025210084033
-0.7983193277310925
0.9369747899159664
0.36974789915966366
0.6134453781512603
-0.13025210084033612
0.7226890756302522
-0.9495798319327731
0.3529411764705883
0.46638655462184886
0.6638655462184873
0.5798319327731092
0.3613445378151261
-0.6764705882352942
0.8949579831932772
-0.546218487394958
-0.4243697478991596
-0.47478991596638653
0.865546218487395
0.47058823529411753
-0.09243697478991586
0.9285714285714286
0.8991596638655461
-0.7563025210084033
0.508403361344538
-0.8067226890756303
-0.18487394957983183
0.05882352941176472
0.6302521008403361
-0.4369747899159664
0.819327731092437
0.2268907563025211
0.7983193277310925
0.53781512605042
0.9705882352941175
0.24369747899159666
-0.0672268907563025
-0.6302521008403361
0.8151260504201681
0.857142857142857
-0.5294117647058824
-0.3655462184873949
0.5840336134453783
0.8109243697478992
0.17647058823529416
0.37815126050420167
-0.7731092436974789
-0.7142857142857143
0.16386554621848726
0.2142857142857144
0.5252100840336134
-0.7857142857142857
0.4327731092436973
-0.73109243697479
0.2899159663865547
-0.9411764705882353
-0.12184873949579822
0.2941176470588234
-0.3739495798319328
-0.2815126050420167
-0.18067226890756294
-0.31092436974789917
-0.4873949579831932
-0.9159663865546218
0.8235294117647058
-0.6092436974789917
-0.5
0.3025210084033614
0.21848739495798308
0.15546218487394947
0.18067226890756305
-0.46638655462184864
0.9243697478991597
-0.15966386554621836
0.8865546218487395
-0.7226890756302521
-0.7941176470588235
0.8319327731092436
-0.596638655462185
0.5504201680672269
-0.76890756302521
0.7478991596638656
-0.1386554621848739
-0.5798319327731092
0.5168067226890756
-0.054621848739495715
-0.5168067226890756
0.0714285714285714
0.5630252100840336
-0.2899159663865546
0.8445378151260503
-0.19327731092436973
-0.6680672268907564
0.365546218487395
0.9033613445378152
0.17226890756302526
0.012605042016806678
0.5714285714285716
0.7815126050420167
0.4201680672268906
0.3487394957983192
0.277310924369748
0.7352941176470589
0.24789915966386555
-1.0
-0.5378151260504201
-0.4789915966386554
0.4957983193277309
-0.22689075630252098
-0.04621848739495793
-0.7478991596638656
-0.2647058823529411
0.6512605042016806
-0.23109243697478987
0.39495798319327724
0.5336134453781514
-0.10504201680672265
0.23109243697478976
0.4411764705882353
-0.1974789915966385
-0.4831932773109243
0.73109243697479
0.33193277310924363
-0.23949579831932766
-0.33193277310924363
0.32773109243697474
0.6680672268907564
-0.6596638655462185
-0.4201680672268907
-0.588235294117647
0.6008403361344536
0.1596638655462186
0.5210084033613447
-0.15546218487394947
-0.4915966386554621
0.10084033613445365
0.19327731092436973
-0.4327731092436975
0.1386554621848739
-0.4285714285714285
-0.10084033613445376
-0.07142857142857129
0.03361344537815136
0.4243697478991597
0.8613445378151261
-0.47058823529411764
0.7058823529411764
-0.5336134453781513
0.6764705882352939
0.01680672268907557
0.08403361344537807
-0.7899159663865546
0.9495798319327731
0.07563025210084029
-0.9663865546218487
-0.4159663865546218
-0.24369747899159655
0.4453781512605042
0.09663865546218497
-0.37815126050420156
-0.6134453781512605
-0.5588235294117647
0.7268907563025209
0.0
0.6218487394957983
-0.6050420168067228
-0.11764705882352933
0.2815126050420167
0.6848739495798319
0.7184873949579831
-0.6722689075630253
-0.21848739495798308
-0.9327731092436975
-0.01680672268907557
-0.4075630252100839
0.5588235294117647
0.4285714285714286
-0.32773109243697474
0.06302521008403339
-0.8865546218487395
-0.5084033613445378
0.004201680672268893
-0.0630252100840335
-0.7436974789915967
-0.9117647058823529
-0.7521008403361344
-0.1512605042016807
-0.5210084033613445
0.18487394957983194
-0.7773109243697479
0.5042016806722689
0.47899159663865554
0.680672268907563
0.39075630252100835
-0.8109243697478992
0.8823529411764706
-0.26050420168067223
0.6890756302521008
0.10924369747899165
0.357142857142857
-0.39915966386554613
-0.1344537815126049
-0.25210084033613445
-0.7394957983193278
-0.021008403361344463
-0.403361344537815
-0.025210084033613356
0.16806722689075615
0.45378151260504196
0.4873949579831933
-0.6260504201680672
0.025210084033613356
0.9537815126050422
-0.6974789915966386
-0.2142857142857142
-0.8529411764705882
0.9789915966386555
-0.8025210084033614
-0.6386554621848739
-0.5714285714285714
0.5924369747899159
-0.7184873949579833
-0.5420168067226891
-0.6008403361344538
-0.17226890756302515
0.2857142857142856
0.634453781512605
-0.44957983193277307
0.8907563025210086
0.126050420168067
-0.273109243697479
-0.08403361344537807
0.8739495798319328
0.6260504201680672
-0.7016806722689075
-0.8907563025210083
0.15126050420168058
0.9327731092436975
-0.7352941176470589
-0.5630252100840336
-0.7605042016806722
-0.008403361344537785
-0.004201680672268893
-0.2058823529411764
-0.8487394957983193
-0.31932773109243684
0.5126050420168067
0.1470588235294117
0.8697478991596639
0.6722689075630253
0.4915966386554622
-0.8949579831932774
0.5546218487394958
0.042016806722688926
0.26470588235294135
-0.39495798319327724
0.40336134453781525
0.5420168067226891
-0.03361344537815114
-0.38235294117647045
0.34033613445378164
0.20168067226890773
0.8067226890756303
-0.04201680672268904
0.6092436974789917
-0.9789915966386554
0.7773109243697478
-0.32352941176470584
0.23529411764705888
0.6470588235294119
-0.07563025210084018
-0.2773109243697478
-0.9369747899159664
0.596638655462185
0.7899159663865545
0.9159663865546219
0.05042016806722671
0.8487394957983194
-0.4453781512605042
-0.3529411764705882
-0.2983193277310924
-0.8991596638655462
0.23949579831932777
0.9915966386554622
-0.6638655462184875
-0.7268907563025211
0.9201680672268906
-0.2857142857142857
-0.1428571428571428
-0.9957983193277311
-0.6848739495798319
0.008403361344537785
-0.02941176470588236
0.911764705882353
-0.9243697478991597
-0.38655462184873945
-0.4957983193277311
-0.09663865546218475
0.6596638655462186
0.6176470588235294
-0.5840336134453782
-0.5672268907563025
-0.634453781512605
-0.12605042016806722
-0.16386554621848737
0.38235294117647056
0.7394957983193275
-0.05882352941176461
-0.46218487394957974
-0.6932773109243697
0.2983193277310925
-0.6428571428571428
0.4831932773109242
-0.8361344537815125
-0.8739495798319328
0.2058823529411764
-0.16806722689075626
0.8781512605042017
-0.5546218487394958
-0.8151260504201681
0.6932773109243697
-0.037815126050420034
0.9957983193277311
0.76890756302521
0.45798319327731085
-0.39075630252100835
-0.7100840336134453
-0.8571428571428571
0.5672268907563025
-0.05042016806722682
0.9411764705882353
-0.6554621848739496
0.8025210084033612
0.32352941176470584
0.9453781512605042
0.31512605042016806
-0.31512605042016806
-0.30672268907563016
-0.5756302521008403
0.39915966386554613
0.6386554621848739
0.12184873949579833
0.7142857142857142
-0.6512605042016807
-0.26890756302521
-0.2016806722689075
0.6974789915966386
-0.8277310924369747
-0.44117647058823517
-0.7647058823529411
-0.6218487394957983
0.25630252100840334
0.2731092436974789
0.4075630252100839
0.588235294117647
-0.17647058823529405
0.546218487394958
0.07983193277310918
0.25210084033613445
-0.08823529411764708
-0.9747899159663865
0.10504201680672254
-0.9915966386554622
-0.8697478991596639
-0.9831932773109243
0.9663865546218489
-0.865546218487395
-0.8319327731092436
0.3739495798319328
-0.6890756302521008
-0.23529411764705865
0.1428571428571428
0.9579831932773109
-0.907563025210084
0.5294117647058825
0.6050420168067228
-0.7058823529411764
0.9621848739495797
-0.8613445378151261
-0.25630252100840323
0.9873949579831933
0.4369747899159664
-0.9873949579831933
-0.6176470588235294
-0.22268907563025198
-0.3487394957983193
0.11344537815126032
-0.8445378151260504
-0.9285714285714286
0.7521008403361344
-0.3697478991596638
0.4159663865546219
-0.5126050420168067
0.13025210084033612
0.31092436974789917
0.037815126050420034
0.021008403361344463
0.4747899159663864
0.5
-0.8403361344537815
0.7016806722689075
0.6428571428571428
-0.8823529411764706
0.8403361344537816
0.31932773109243695
-0.9621848739495799
-0.9201680672268907
0.26050420168067223
0.26890756302521
0.9747899159663866
-0.18907563025210083
0.054621848739495826
-0.7815126050420168
0.3361344537815125
0.2100840336134453
-0.8781512605042017
0.19747899159663862
-0.953781512605042
-0.9705882352941176
0.09243697478991586
0.02941176470588225
-0.819327731092437
0.18907563025210083
0.7647058823529411
-0.5252100840336135
-0.4117647058823529
0.08823529411764697
0.8529411764705883
0.0672268907563025
-0.2941176470588235
-0.957983193277311
0.6554621848739495
-0.3445378151260503
-0.357142857142857
-0.24789915966386544
-0.45378151260504196
-0.3403361344537814
1.0
-0.11344537815126043
0.2226890756302522
-0.10924369747899154
0.7605042016806722
0.7941176470588236
-0.9033613445378151
0.134453781512605
-0.33613445378151263
-0.45798319327731096
CENT_RANK
-0.037815126050420034
0.04621848739495804
-0.7184873949579833
0.2731092436974789
-0.6050420168067228
0.8949579831932772
-0.31092436974789917
-0.7605042016806722
0.47058823529411753
-0.3697478991596638
-0.5798319327731092
0.1386554621848739
0.7058823529411764
0.9663865546218489
0.8487394957983194
-0.30672268907563016
0.9831932773109242
-0.1386554621848739
-0.8403361344537815
0.134453781512605
0.3529411764705883
0.6638655462184873
0.6890756302521008
-0.8697478991596639
0.26470588235294135
-0.4285714285714285
0.6554621848739495
0.7983193277310925
-0.5546218487394958
-0.4789915966386554
0.8067226890756303
-0.6092436974789917
0.4453781512605042
-0.7478991596638656
0.5168067226890756
0.508403361344538
0.9915966386554622
-0.8991596638655462
-0.7268907563025211
-0.2058823529411764
0.7773109243697478
0.9537815126050422
0.2058823529411764
-0.4453781512605042
0.24789915966386555
-0.18907563025210083
0.10924369747899165
-0.5714285714285714
0.7100840336134455
0.7815126050420167
0.7731092436974791
0.1596638655462186
0.1428571428571428
-0.33193277310924363
0.6092436974789917
-0.8571428571428571
-0.0672268907563025
0.7899159663865545
0.8445378151260503
-0.6386554621848739
-0.0630252100840335
0.5924369747899159
0.8907563025210086
0.8319327731092436
0.5840336134453783
-0.8109243697478992
-0.05882352941176461
-0.5840336134453782
0.2142857142857144
0.18907563025210083
0.2268907563025211
-0.04621848739495793
0.9285714285714286
0.03361344537815136
0.4411764705882353
-0.5126050420168067
-0.6008403361344538
-0.546218487394958
-0.9621848739495799
0.5672268907563025
0.596638655462185
-0.8529411764705882
0.31512605042016806
-0.8277310924369747
-0.23529411764705865
-0.8361344537815125
0.5504201680672269
0.7142857142857142
-0.6512605042016807
-0.1428571428571428
0.5420168067226891
0.546218487394958
0.15126050420168058
-0.7226890756302521
0.8823529411764706
-0.5
-0.7647058823529411
0.9411764705882353
0.2899159663865547
0.24369747899159666
0.12184873949579833
-0.13025210084033612
0.7394957983193275
0.25630252100840334
0.19747899159663862
-0.2016806722689075
-0.361344537815126
0.6680672268907564
-0.7857142857142857
0.9075630252100839
-0.8907563025210083
0.5630252100840336
-0.08403361344537807
-0.4327731092436975
0.5126050420168067
0.3739495798319328
-0.47478991596638653
-0.9705882352941176
0.9873949579831933
-0.12605042016806722
0.16386554621848726
-0.12184873949579822
-0.10924369747899154
0.5588235294117647
0.21848739495798308
0.021008403361344463
0.07983193277310918
0.9957983193277311
0.7941176470588236
0.9789915966386555
-0.7394957983193278
0.7184873949579831
0.8991596638655461
0.9579831932773109
-0.9957983193277311
-0.45798319327731096
0.26050420168067223
-0.22268907563025198
0.5
0.008403361344537785
-0.8025210084033614
0.2983193277310925
-0.054621848739495715
0.39495798319327724
-0.32352941176470584
-0.6848739495798319
0.6386554621848739
-0.8235294117647058
0.6764705882352939
0.47899159663865554
-0.15966386554621836
0.13025210084033612
0.012605042016806678
0.34033613445378164
0.09243697478991586
-0.6932773109243697
-0.38655462184873945
-0.7941176470588235
0.4369747899159664
-0.17647058823529405
0.3445378151260503
0.32773109243697474
0.8025210084033612
-0.31932773109243684
-0.7352941176470589
-0.21848739495798308
0.2941176470588234
-0.07563025210084018
-0.5630252100840336
-0.25630252100840323
0.6428571428571428
0.8403361344537816
0.7478991596638656
0.8109243697478992
0.3487394957983192
-0.31512605042016806
0.7436974789915967
-0.45378151260504196
-0.18067226890756294
0.08403361344537807
0.45378151260504196
-0.6764705882352942
0.4285714285714286
-0.01680672268907557
-0.9411764705882353
0.0
0.3025210084033614
-0.680672268907563
0.06302521008403339
-0.6470588235294118
-0.16386554621848737
-0.08823529411764708
0.7016806722689075
0.10084033613445365
-0.24789915966386544
-0.18487394957983183
-0.5756302521008403
0.4159663865546219
0.9453781512605042
0.5252100840336134
0.01680672268907557
0.4831932773109242
-0.7899159663865546
-0.9747899159663865
-0.025210084033613356
0.23109243697478976
-0.7142857142857143
-0.25210084033613445
0.45798319327731085
-0.9201680672268907
-0.2647058823529411
-0.5336134453781513
0.8529411764705883
-0.3445378151260503
-0.9915966386554622
-0.8319327731092436
0.73109243697479
-0.4957983193277311
0.46218487394957974
-0.5210084033613445
0.5714285714285716
-0.6974789915966386
0.17226890756302526
-0.7563025210084033
-0.39495798319327724
0.18067226890756305
0.4747899159663864
-0.4159663865546218
-0.2142857142857142
0.9495798319327731
0.4117647058823528
0.5294117647058825
-0.2857142857142857
-0.2899159663865546
-0.012605042016806567
-0.46638655462184864
-0.23109243697478987
0.5798319327731092
-0.6722689075630253
0.4957983193277309
-0.8445378151260504
0.8151260504201681
0.7226890756302522
-0.819327731092437
-0.11764705882352933
-0.7058823529411764
0.6470588235294119
-0.8949579831932774
-0.4915966386554621
-0.4243697478991596
-0.634453781512605
-0.5420168067226891
-0.07142857142857129
-0.47058823529411764
0.6218487394957983
0.30672268907563005
-0.44117647058823517
-0.15546218487394947
0.6848739495798319
0.5042016806722689
0.277310924369748
0.588235294117647
0.39915966386554613
-0.4873949579831932
-0.6596638655462185
-0.9159663865546218
-0.03361344537815114
0.38235294117647056
-0.8487394957983193
-0.39075630252100835
-0.4831932773109243
-0.23949579831932766
-0.357142857142857
-0.1512605042016807
-0.9243697478991597
0.36974789915966366
0.23949579831932777
0.8613445378151261
0.26890756302521
0.11344537815126032
0.9327731092436975
-0.6554621848739496
0.8697478991596639
0.10504201680672254
0.3613445378151261
0.07563025210084029
-0.3529411764705882
-0.5378151260504201
-0.004201680672268893
-0.5294117647058824
0.8739495798319328
0.6134453781512603
-0.11344537815126043
0.037815126050420034
0.865546218487395
-0.957983193277311
0.2857142857142856
0.0672268907563025
0.8277310924369747
0.7647058823529411
0.02941176470588225
-0.32773109243697474
-0.7815126050420168
0.8235294117647058
1.0
0.4075630252100839
0.6260504201680672
0.8865546218487395
-0.596638655462185
-0.33613445378151263
-0.3655462184873949
-0.6680672268907564
-0.8781512605042017
0.7563025210084033
-0.592436974789916
-0.19327731092436973
0.15546218487394947
0.365546218487395
0.16806722689075615
-0.9873949579831933
-0.5504201680672269
0.6722689075630253
-0.22689075630252098
0.19327731092436973
-0.7983193277310925
0.20168067226890773
-0.6890756302521008
0.7857142857142858
0.9705882352941175
0.054621848739495826
-0.5168067226890756
0.0714285714285714
-0.6302521008403361
0.126050420168067
0.7352941176470589
0.9747899159663866
0.4873949579831933
0.2100840336134453
-0.1344537815126049
-0.5672268907563025
0.857142857142857
-0.5588235294117647
-0.7016806722689075
-0.4369747899159664
-0.6218487394957983
0.38655462184873945
-0.02941176470588236
0.37815126050420167
-0.07983193277310918
-0.38235294117647045
-0.3487394957983193
0.6932773109243697
0.6008403361344536
0.08823529411764697
0.2226890756302522
0.40336134453781525
-0.6638655462184875
-0.8865546218487395
0.7521008403361344
0.5210084033613447
0.6974789915966386
-0.5084033613445378
0.025210084033613356
0.44957983193277307
0.39075630252100835
-0.1974789915966385
-0.273109243697479
-0.44957983193277307
-0.7436974789915967
0.6596638655462186
0.53781512605042
-0.24369747899159655
-0.3403361344537814
-0.6176470588235294
0.2815126050420167
-0.2815126050420167
-0.09663865546218475
-0.39915966386554613
-0.09243697478991586
-0.8067226890756303
0.05042016806722671
0.31092436974789917
0.76890756302521
-0.7521008403361344
0.9201680672268906
0.357142857142857
-0.021008403361344463
0.7605042016806722
-0.865546218487395
0.6512605042016806
-0.953781512605042
-0.2100840336134453
-0.9789915966386554
-0.6260504201680672
-0.9453781512605042
0.7268907563025209
-0.9285714285714286
-0.8739495798319328
-0.6428571428571428
-0.8151260504201681
0.33193277310924363
-0.5252100840336135
0.4327731092436973
-0.7773109243697479
0.6302521008403361
0.911764705882353
-0.05042016806722682
0.634453781512605
-0.7100840336134453
0.32352941176470584
0.46638655462184886
-0.17226890756302515
-0.9495798319327731
-0.46218487394957974
0.1470588235294117
-0.37815126050420156
0.17647058823529416
-0.9369747899159664
-0.76890756302521
-0.16806722689075626
-0.403361344537815
-0.4117647058823529
-0.2941176470588235
-0.4201680672268907
0.23529411764705888
0.4201680672268906
-0.008403361344537785
0.9369747899159664
0.4915966386554622
-0.8823529411764706
-0.10084033613445376
0.8361344537815127
-0.9831932773109243
0.680672268907563
0.9159663865546219
-1.0
-0.73109243697479
0.819327731092437
-0.9033613445378151
0.5756302521008403
-0.26890756302521
0.11764705882352944
-0.5042016806722689
0.9243697478991597
0.09663865546218497
-0.588235294117647
-0.1470588235294117
-0.907563025210084
-0.9327731092436975
0.004201680672268893
-0.26050420168067223
-0.8613445378151261
0.6050420168067228
0.9033613445378152
-0.4075630252100839
0.4243697478991597
0.05882352941176472
0.3361344537815125
-0.9663865546218487
0.25210084033613445
-0.9117647058823529
0.8781512605042017
-0.3739495798319328
0.18487394957983194
0.5336134453781514
-0.6134453781512605
0.5546218487394958
0.6176470588235294
-0.30252100840336127
0.042016806722688926
-0.2983193277310924
-0.2773109243697478
0.9621848739495797
-0.7731092436974789
-0.10504201680672265
-0.04201680672268904
0.31932773109243695
RANK
435
134
214
319
432
392
203
117
458
78
295
390
412
394
184
417
448
396
274
209
265
460
447
438
37
247
110
357
429
312
397
23
388
451
55
81
268
240
18
85
215
83
147
243
399
65
379
140
324
157
202
108
302
403
473
418
96
7
223
383
33
368
130
164
436
38
93
2
206
408
245
342
221
155
326
145
187
181
238
311
356
264
281
88
189
398
59
250
332
393
344
373
465
31
4
76
308
314
445
67
10
196
47
339
168
341
28
320
77
251
287
211
289
401
219
330
75
361
442
95
217
248
263
270
29
116
253
235
413
135
177
367
43
256
343
113
25
249
423
227
421
454
420
377
224
269
156
349
415
462
9
310
106
272
286
350
213
372
309
53
301
144
163
175
6
15
468
470
422
233
232
375
471
366
440
210
450
169
207
194
371
271
84
236
322
137
165
228
391
39
105
365
315
45
195
178
159
411
419
190
150
257
273
446
89
17
338
101
119
121
244
292
122
474
430
376
378
191
112
348
167
252
56
60
66
142
406
71
475
0
266
346
204
386
183
234
426
288
185
449
139
152
200
125
362
300
73
293
469
1
380
329
456
188
297
331
285
126
179
353
154
444
193
283
46
279
441
100
333
151
19
11
52
414
92
316
51
120
318
222
416
225
463
69
323
104
325
42
337
68
124
354
70
205
424
276
99
44
459
103
136
24
278
3
260
374
296
98
166
141
186
255
381
82
476
409
161
400
457
153
160
174
20
385
284
317
275
115
347
267
345
364
143
262
355
305
230
197
425
455
182
402
158
74
32
363
180
208
218
410
8
226
149
201
336
428
239
138
259
35
114
34
359
199
231
464
370
90
91
86
466
123
111
79
220
439
237
64
261
61
80
352
452
54
291
467
254
306
404
407
146
170
246
389
26
369
21
107
321
148
433
258
22
351
360
192
12
48
87
131
242
395
216
334
102
176
172
358
313
387
299
382
50
40
49
327
57
128
27
162
30
173
241
437
303
298
63
431
171
58
14
212
340
277
294
282
290
461
94
307
62
5
132
453
109
405
434
384
443
72
280
427
97
198
229
41
133
472
13
328
335
129
16
118
36
127
304
