DEGREE
-0.631578947368421
0.368421052631579
0.5789473684210527
0.368421052631579
0.1578947368421053
-0.4736842105263158
0.26315789473684204
-0.5263157894736843
0.368421052631579
0.5789473684210527
-0.10526315789473684
0.5263157894736843
0.3157894736842106
0.631578947368421
-0.26315789473684215
0.21052631578947367
-0.26315789473684215
0.1578947368421053
-0.7894736842105263
0.1578947368421053
-0.4736842105263158
0.5789473684210527
0.21052631578947367
0.3157894736842106
-0.42105263157894735
0.21052631578947367
0.26315789473684204
0.4736842105263157
0.368421052631579
-0.5789473684210527
0.42105263157894735
0.1578947368421053
0.05263157894736836
0.42105263157894735
0.5263157894736843
0.0
0.05263157894736836
-0.9473684210526316
0.368421052631579
0.1578947368421053
-0.052631578947368474
-0.6842105263157895
0.3157894736842106
0.21052631578947367
0.26315789473684204
0.10526315789473695
0.631578947368421
0.368421052631579
0.5789473684210527
-0.1578947368421053
0.5263157894736843
1.0
0.368421052631579
0.21052631578947367
0.368421052631579
-0.8421052631578947
-0.26315789473684215
-0.1578947368421053
0.5789473684210527
-0.1578947368421053
0.21052631578947367
0.10526315789473695
1.0
0.5789473684210527
-0.4736842105263158
0.5789473684210527
0.9473684210526316
-0.10526315789473684
0.631578947368421
0.3157894736842106
0.4736842105263157
0.3157894736842106
0.26315789473684204
0.10526315789473695
-0.052631578947368474
0.21052631578947367
0.26315789473684204
0.631578947368421
-0.10526315789473684
0.10526315789473695
0.0
0.5789473684210527
-0.5263157894736843
0.5263157894736843
-0.42105263157894735
0.5789473684210527
-0.5263157894736843
0.4736842105263157
0.0
0.26315789473684204
-0.5789473684210527
0.0
0.1578947368421053
1.0
0.10526315789473695
0.21052631578947367
0.21052631578947367
-0.26315789473684215
0.4736842105263157
0.5263157894736843
0.21052631578947367
0.6842105263157894
0.1578947368421053
-0.21052631578947367
0.3157894736842106
0.5789473684210527
-0.052631578947368474
-0.4736842105263158
0.7894736842105263
0.5263157894736843
-0.5263157894736843
0.21052631578947367
0.6842105263157894
0.736842105263158
0.5263157894736843
0.368421052631579
0.4736842105263157
0.368421052631579
0.631578947368421
0.21052631578947367
0.4736842105263157
0.894736842105263
0.4736842105263157
-0.26315789473684215
0.26315789473684204
-0.6842105263157895
-0.10526315789473684
-0.42105263157894735
0.8421052631578947
-0.26315789473684215
0.736842105263158
-0.1578947368421053
0.631578947368421
0.4736842105263157
0.5789473684210527
0.6842105263157894
0.5263157894736843
0.368421052631579
0.42105263157894735
0.42105263157894735
1.0
-0.631578947368421
0.26315789473684204
0.3157894736842106
0.26315789473684204
0.42105263157894735
0.3157894736842106
0.21052631578947367
0.9473684210526316
0.894736842105263
0.26315789473684204
-0.42105263157894735
-0.3157894736842105
-0.4736842105263158
0.42105263157894735
0.3157894736842106
0.1578947368421053
0.5263157894736843
0.5789473684210527
-0.42105263157894735
0.42105263157894735
0.26315789473684204
-0.368421052631579
0.21052631578947367
-0.3157894736842105
0.368421052631579
0.0
-0.10526315789473684
0.368421052631579
0.4736842105263157
0.10526315789473695
0.26315789473684204
-0.26315789473684215
0.1578947368421053
0.4736842105263157
-0.631578947368421
-0.368421052631579
0.4736842105263157
-0.368421052631579
-0.42105263157894735
0.3157894736842106
0.21052631578947367
0.5789473684210527
0.3157894736842106
0.42105263157894735
-0.4736842105263158
-0.5263157894736843
-0.631578947368421
-0.631578947368421
0.5789473684210527
0.736842105263158
0.4736842105263157
0.5263157894736843
0.26315789473684204
0.42105263157894735
0.42105263157894735
0.4736842105263157
0.26315789473684204
0.368421052631579
0.0
0.5263157894736843
0.3157894736842106
1.0
-0.1578947368421053
0.10526315789473695
-0.26315789473684215
-0.368421052631579
0.42105263157894735
0.5789473684210527
0.4736842105263157
0.368421052631579
0.1578947368421053
-0.052631578947368474
0.5789473684210527
0.5263157894736843
-0.052631578947368474
0.4736842105263157
0.736842105263158
-0.5789473684210527
0.3157894736842106
0.10526315789473695
-0.5263157894736843
0.7894736842105263
0.10526315789473695
0.10526315789473695
0.5263157894736843
0.3157894736842106
0.5263157894736843
0.5789473684210527
0.42105263157894735
0.42105263157894735
0.05263157894736836
0.0
0.5263157894736843
0.5263157894736843
0.1578947368421053
-0.10526315789473684
0.736842105263158
-0.8947368421052632
0.10526315789473695
0.21052631578947367
0.0
0.42105263157894735
0.6842105263157894
0.1578947368421053
0.5789473684210527
0.21052631578947367
0.7894736842105263
0.368421052631579
-0.4736842105263158
-0.7894736842105263
0.6842105263157894
0.368421052631579
0.42105263157894735
-0.10526315789473684
-0.21052631578947367
-0.21052631578947367
0.10526315789473695
-0.368421052631579
0.42105263157894735
0.1578947368421053
0.5263157894736843
0.8421052631578947
0.368421052631579
0.3157894736842106
0.5789473684210527
0.0
-1.0
0.42105263157894735
0.5263157894736843
-0.26315789473684215
0.368421052631579
0.42105263157894735
0.0
0.1578947368421053
0.5789473684210527
0.5263157894736843
-0.3157894736842105
0.10526315789473695
-0.5789473684210527
-0.10526315789473684
-0.5263157894736843
0.1578947368421053
-0.3157894736842105
0.26315789473684204
-0.5789473684210527
0.0
-0.42105263157894735
0.5263157894736843
0.5789473684210527
-0.1578947368421053
0.10526315789473695
-0.052631578947368474
-0.1578947368421053
-0.10526315789473684
0.6842105263157894
-0.21052631578947367
0.5263157894736843
-0.631578947368421
-0.26315789473684215
0.42105263157894735
0.1578947368421053
-0.736842105263158
-0.052631578947368474
-0.3157894736842105
0.894736842105263
0.1578947368421053
-0.26315789473684215
0.894736842105263
0.0
0.5263157894736843
0.368421052631579
-0.631578947368421
-0.8421052631578947
-0.4736842105263158
0.3157894736842106
0.631578947368421
0.0
-0.8421052631578947
-0.5263157894736843
0.368421052631579
0.05263157894736836
-0.052631578947368474
-0.3157894736842105
0.0
0.1578947368421053
0.736842105263158
0.05263157894736836
-0.6842105263157895
0.26315789473684204
0.368421052631579
0.3157894736842106
0.3157894736842106
0.894736842105263
0.26315789473684204
-0.368421052631579
0.05263157894736836
-0.42105263157894735
0.6842105263157894
0.4736842105263157
0.4736842105263157
0.631578947368421
-0.42105263157894735
0.5789473684210527
-0.3157894736842105
0.26315789473684204
0.1578947368421053
-0.42105263157894735
0.05263157894736836
-0.1578947368421053
0.10526315789473695
0.1578947368421053
-0.1578947368421053
0.10526315789473695
0.05263157894736836
0.368421052631579
-0.10526315789473684
0.5789473684210527
0.42105263157894735
0.368421052631579
0.05263157894736836
0.10526315789473695
0.6842105263157894
-0.21052631578947367
0.42105263157894735
-0.5263157894736843
0.10526315789473695
0.42105263157894735
0.368421052631579
0.42105263157894735
0.3157894736842106
0.4736842105263157
-0.3157894736842105
0.21052631578947367
0.05263157894736836
EIGENVECTOR
-0.9220875246656624
-0.691066332740421
0.6837560924188388
-0.7921678441416318
-0.9120652632997414
-0.8657458392715998
-0.5906583076401388
-0.9645626391791875
-0.5586603777258465
-0.8087986258668227
-0.9106134708940329
-0.11382437571144499
-0.21645345435293317
0.6603477776415843
-0.952486657480355
-0.9295512135458367
-0.747487742603101
-0.7989890341841241
-0.9836661525248181
-0.9031639142626398
-0.4261546124259076
-0.8698273177992211
-0.7859695198150497
-0.8896184811808836
-0.9676712669457693
-0.5706657728870518
-0.9672943437707583
-0.8614156884925402
-0.8956677794470811
-0.4522381131309877
-0.8306471231707289
-0.6312502400402668
-0.797690815064792
-0.8902377059055729
-0.6987665931867562
-0.9704006047749836
-0.9233739190109068
-0.9971445443993995
-0.2931272525613219
0.08481985053042074
-0.9720903887567584
-0.9776946163785618
-0.21593498537148603
-0.8272124140850357
-0.6971412796883056
-0.7052397291727982
-0.8535703358401285
0.2043933267230129
-0.8196307437717434
-0.8896381661904779
-0.26952761642761525
0.6421026844969293
-0.21769071950350438
-0.6525499707724638
-0.8306224898462377
-0.9969582955185535
-0.9469309017528559
-0.19302510090217706
-0.645779284906148
-0.9379075730516603
-0.8568980670009566
-0.8114331639929209
0.9468210737654994
0.1226468451124203
-0.41333322640620096
-0.1085579758345625
0.9285431620845437
-0.8433265117946915
0.3005911005543216
-0.1385909665620012
0.45918173335886636
-0.9063110416703587
-0.5231992282303927
-0.9162259838432361
-0.942028284040226
-0.8006161859113109
-0.893893552509272
0.6778723441595764
-0.18307841411837056
-0.7827257528099285
-0.9088096417720466
0.4585305548109815
-0.7338746901008234
-0.43816081297270226
-0.9607941770917233
0.4967286900208008
-0.9422045469162073
-0.9121415449164018
-0.970030561180655
-0.8958329243530504
-0.970974156976509
-0.9219712269096992
-0.5693006932875198
1.0
0.02790420745661515
-0.9078893553221032
-0.5858441064353122
-0.9661558650948807
-0.6188853573387891
-0.1148029327664557
-0.9056384442375291
0.17536342372963598
-0.335823150938379
-0.9533738934706063
-0.810262839798997
-0.6107338225575846
-0.9349724952726602
-0.7714416076797698
0.6749158147001082
-0.0717111035000153
-0.8515039441365733
-0.9033036419410443
-0.12364827916956178
-0.23175551123521698
-0.8269346645453814
-0.3209166650865748
-0.17224276970255836
-0.23138675271865394
-0.8686705522992267
-0.6831149894298951
0.03645968392152543
0.8290684726519839
-0.8003154309432636
-0.9768210200007413
-0.535424438911183
-0.9712135971369154
-0.9381042127190959
-0.4119066002868679
0.377243175323972
-0.9519886717520741
-0.8439424001292863
-0.5871790381157068
-0.30621934265116024
-0.7334906707929403
0.3237662265246106
-0.8199618202068182
0.35629004840269873
-0.895667779447081
-0.8033533747201629
-0.890237705905573
0.9932652314916406
-0.961263927911467
-0.7944201412575327
-0.9662654975244277
-0.9043123760641328
-0.9343326000941935
-0.8102628397989973
-0.8992472418002578
0.8033379143308192
0.8185453840985315
-0.9573096984862762
-0.9898036340174542
-0.949322550825356
-0.9662340701610067
-0.27308300601093505
-0.8968245449470749
-0.8138312614616221
-0.913128737008649
-0.8195751593950389
-0.9493813322161347
-0.14379614952658137
-0.9070672819981699
-0.9540020801013449
-0.9408800306028726
-0.9872928342577582
-0.45907082496965756
-0.428919743115624
-0.9254554962396517
-0.522192146559151
-0.8323220862683554
-0.6736271006667343
-0.8299806538051537
-0.3191720127278064
-0.7489885781483123
-0.3145535072099813
-0.9755470651268009
-0.9651428744434583
-0.9184862799284903
-0.3736066046008044
-0.8333391247847096
-0.877099861171052
-0.837487219947747
0.6630833119881694
-0.9000479485335355
-0.10995358498546559
-0.8837992608669681
-0.967395978533388
-0.7398074767841732
-0.972688936453309
-0.3935337086272326
-0.8265450438449744
-0.8988111331731568
0.38630694824023615
-0.28472653542126325
-0.8524676666002573
-0.879710203737666
-0.49235492431194205
-0.09513923939440405
0.06523281193533603
-0.8191060234255862
-0.1495739309114743
-0.7916117389669413
0.9109634864622504
-0.9321169054434794
-0.9092329352346136
-0.9854318415313325
-0.5659565745015216
-0.6482077818713567
-0.797466919897171
0.3462855735176571
-0.446895863800871
-0.9135915027746011
-0.935203903558333
-0.870785501663193
0.15821858988592563
-0.8870174841293161
-0.8783562392260761
0.6039483824547272
-0.7633625896327986
-0.30646666143267787
-0.0710888945928464
-0.8883804788709446
0.5795721434932835
-0.9714148387893867
-0.7344259370073354
-0.1124601295175538
-0.8086264877993806
-0.590496988964317
-0.7977231042784001
0.2880613947485342
-0.7967934987019054
0.03407923295361859
-0.9185861393271652
-0.2569211760087541
-0.20453140812473702
-0.7799658314973011
-0.9031439304152954
0.5403900812825062
-0.7636798103454081
-0.9095422206725071
-0.8659802526871474
-0.9231878970668856
-0.6368893458058412
0.6354520912769523
-0.7624031125398479
-0.8217168300753449
-0.9576741297325042
0.6377737528173284
0.3343493505466848
-0.9513897086843924
-0.9506237481405119
0.5963878014166424
-0.8652049590694478
-0.7789329894072581
-0.9286962944853968
-0.256389223379928
-0.9410224470679881
-0.7102668127771816
-0.9393538040432498
-0.8303047012330002
-0.8569236207017884
0.5386026442100689
0.8175037538919736
-0.8823808098617256
-0.9627934106827254
-0.8313878927379083
-0.9188816227356628
-1.0
0.40337941439976
0.04916105091604117
-0.9505009838730901
-0.9298078221349156
-0.8884054306104052
-0.1398988251753085
-0.9203632583496318
-0.5038779398015967
0.41591338393690336
-0.924620692913858
-0.7325633257906207
-0.9726517220685942
-0.932097665253185
-0.904577171721417
-0.9101294811535688
-0.9777123493565609
-0.743466402750415
-0.991564678476239
-0.849672658410256
-0.6812024234703569
-0.640590066247005
0.47995896570443985
-0.7595552859127197
-0.911285642233034
-0.3632279524901054
-0.9339572118319356
-0.9724548200029861
-0.3070401121634594
-0.9664736100894831
0.4490589326801484
-0.9401950867888266
-0.9485044073972028
-0.29750681657697786
-0.8537029394242199
-0.9822230817860924
-0.1281848646927346
-0.9511300125781706
0.8290684726519821
-0.7502156027069995
-0.8783301324380366
0.7638753207939317
-0.9549679155019608
-0.8722386507636322
0.009042002397327886
-0.5671923968995831
-0.9969582955185535
-0.45920593512284724
-0.5694228954408886
0.41401906110361075
-0.9219712269096992
-0.9847741340305873
-0.9682581669370952
-0.8447510356301844
-0.8248780943120224
-0.020290856086088827
-0.94306200054447
-0.967096424775605
-0.9043699164479995
0.3702018642469407
-0.4732513852198885
-0.5755304030298158
-0.5606282428912086
0.0026281378360146768
-0.23070081940732567
0.24943240771962638
0.9116211148053321
-0.4472337992874905
-0.47748006642419116
-0.9048228139162904
-0.9824031599622922
0.35140668645008666
0.33808129087740846
-0.8910249162198305
-0.8170659230966368
-0.9843016740861295
-0.6534927002609452
-0.9511300125781706
0.18034710238299345
-0.49073329912720154
-0.870338591084638
-0.6940960425527102
-0.23077540904479266
-0.2137759603453413
-0.0034528504213579003
-0.4012633463157971
-0.7696415511986238
-0.9642639764560258
-0.22725712714752577
-0.4211683402713098
0.670420113065832
-0.8806184410247726
-0.7913063683993498
-0.9673581923019828
-0.9123435634312351
-0.2773244929496943
-0.9132464656050387
-0.6585476874450412
-0.9642751487656739
-0.8559421632847521
-0.7238776123216304
-0.3091551057381823
-0.8061834166843999
-0.8971818225366528
-0.7980250021090785
-0.9671818445630744
-0.9022175009088709
-0.7788708772226238
CENT
-0.47800233474390796
0.6519651401230349
0.0796439515540639
0.42834584770068584
-0.33721950180966576
-0.3525046382189241
0.6866394667279618
-0.36386420596946933
0.8467927100523784
0.1883267544520444
0.03513116595156496
0.9357857570463401
0.8129870129870127
0.3741466357603278
-0.15785050023045843
-0.08931573405257631
-0.18571876399462617
0.5255716270147508
-0.8491630123123628
-0.15785050023045843
-0.7540027464099455
-0.3275845864661656
0.3272873546405326
-0.4010979399048673
-0.6153454853751588
0.7797324957651042
-0.5123825003603055
-0.16001210194534277
-0.3544040705057654
-0.4832139822794027
-0.04114585775235591
0.5943943696752683
0.5580357142857142
-0.010587444625345777
0.6178938452851497
-0.4987326799594457
-0.3100810506502103
-0.759641873278237
0.8773160976314962
0.13311688311688274
-0.5442674327500652
-0.43738845068800747
0.9161133810010214
0.22887323943661952
-0.036481956221652734
0.12537348756027566
0.27880333951762504
-0.39557389910860363
0.2125409637091875
0.12280018918865676
0.9397424609289013
0.7042077922077918
0.1990468801950569
0.5223555070883314
0.21796806937212554
-0.9349463167312854
-0.20891223765967115
-0.5123825003603055
0.6588512541939606
-0.6872806754446475
-0.09382840171192453
0.35643188927860425
0.2564371748125689
0.2647913351470663
-0.3563010279622657
0.5613127232664508
0.3505652242494346
0.4936540731995276
0.2125409637091875
0.4904918462529897
-0.21725987323256934
-0.1750595425335908
0.059713183317054996
-0.29632236114948896
-0.3352975764393089
0.4070777084757349
-0.12285111088770506
0.08466402314864396
-0.49529905578292677
0.06715933320410916
0.01331597917501015
-0.2214166201896266
-0.22349074631091004
0.9918660938680002
-0.6231883501114271
0.04246753246753232
-0.575422469097168
0.008507255208134668
-0.5157739428059626
-0.4084303412518383
-0.4175432348263981
-0.34869832975646176
0.6623033958126301
0.20173731547955165
-0.4463178866587958
-0.37700559466406813
0.8467927100523784
-0.25426697375449914
0.7797324957651042
0.5191448382126347
0.09728035518698164
0.6145192774211019
0.18033008658008653
-0.3881752912036417
0.41920084865629414
0.7981399855831155
-0.30420011023459315
-0.2399825783972127
-0.20891223765967115
0.8927483131393745
-0.28641605225994826
0.13311688311688274
0.6692259282567647
0.5384908958162793
0.10235352882411686
0.3711821566056095
0.9797232235445159
0.28443932855697573
-0.32564999187777344
0.5645953531888348
0.6451031455409737
0.2564371748125689
0.551498501498501
-0.5541835213966362
0.8354620586025541
-0.7540027464099455
-0.6169177797291675
-0.7554149054992224
0.6936481072119369
-0.13825984939430314
-0.022408963585434427
-0.05736397223466205
0.9357857570463401
0.5613127232664508
0.14349657975612162
0.21525240153455272
0.4131292924538392
-0.3544040705057654
0.03025830258302542
-0.010587444625345777
0.20173731547955165
-0.8386540090344439
0.41920084865629414
-0.4866776036657803
-0.2704277613734355
-0.12063746113041918
0.41920084865629414
-0.44096700263683175
-0.20472125544092667
0.08215210576529919
-0.3275845864661656
-0.8750417141744762
-0.4797417180448995
-0.6309849442592805
0.8543813197872234
-0.3563010279622657
0.5678836185273952
0.049836577676221516
0.16181439435468548
-0.8200416779277677
0.8092650962176506
-0.16862852819856988
-0.5208454729044771
-0.10281538574739701
-0.8724788073662673
0.6936481072119369
0.5844099865651584
0.010909853169574601
0.8619979835321792
0.204431931704659
0.5384908958162793
0.20983374602051663
-0.5475808427725652
0.1829915258486685
0.959638280357296
-0.41935884383303135
-0.5492345245994881
0.008507255208134668
-0.7511736574236575
-0.24816163566163607
0.0947494942980267
-0.08479020979021012
0.07463889887225705
-0.30420011023459315
0.7981399855831155
-0.3881752912036417
-0.22556204857089834
-0.4211721399619488
-0.22969620454324713
0.8773160976314962
0.03025830258302542
0.06715933320410916
0.44677267869287784
0.13829882008235628
0.15132304573773547
0.10744202926982349
0.49682162824538545
0.6485311358229853
0.7077402135231312
0.4375363442527618
0.987810760667903
0.11766528925619824
0.0326929348347369
-0.3974176112904436
0.09222243921492046
-0.7326281206031632
-0.33144614912026205
0.7834006428748037
0.010909853169574601
0.5711775338063998
0.8888794926004222
-0.41572530851407674
-0.3525046382189241
-0.3275845864661656
0.7006816451754285
0.40405937530013136
-0.23793088267664542
-0.21725987323256934
-0.36386420596946933
0.19100056290458767
0.2508896615195828
-0.39002851623585677
-0.3081233336200224
-0.5607542064234978
0.49682162824538545
0.5449836000177293
0.2703828238270043
0.8888794926004222
0.20983374602051663
-0.03881559192252826
0.018138846447670165
-0.21309176128041496
-0.3563010279622657
0.8888794926004222
0.8581861351944449
0.48418332297425515
-0.34488206365250185
0.16708426085828076
-0.8788758008426633
-0.4445365121296896
0.1829915258486685
-0.3525046382189241
0.8055499650759446
0.17237035481839125
0.16181439435468548
-0.029460756634669405
-0.329516637208945
-0.21100342885568601
-0.0983282674772038
-0.8346895347439713
-0.5574728485583549
0.27880333951762504
0.1990468801950569
0.5159396065407917
-0.41572530851407674
-0.2643878299120235
-0.4355957730482444
0.5449836000177293
-0.6541011619958987
-0.036481956221652734
-0.23793088267664542
-0.21309176128041496
0.3593723646483382
-0.38260125929590105
-0.44809701339669805
0.0771395520647018
-0.433800821879452
-1.0
0.0037126124241786407
0.7398171335391062
-0.3139887211268574
-0.04114585775235591
-0.12285111088770506
-0.07570037105751415
-0.2501994966545944
0.1829915258486685
-0.32564999187777344
-0.5426076971808678
0.21796806937212554
-0.7268666523925191
-0.39002851623585677
-0.47277113130771653
-0.36951083935519735
-0.5558291829529692
0.19100056290458767
-0.7440729795331713
-0.2704277613734355
-0.23381913402280008
0.8018416010219289
0.07463889887225705
-0.05505709244027035
-0.28641605225994826
-0.05966753992597529
-0.5392821464250036
-0.5459251467168641
1.0
-0.3544040705057654
0.04001845674680604
-0.5426076971808678
-0.5392821464250036
0.9516574077480591
0.2564371748125689
-0.46576558238000243
-0.5208454729044771
-0.3217731510414438
0.2564371748125689
0.3890418092545749
-0.33337312720109835
-0.005834676272632788
-0.21517724079199485
-0.33337312720109835
0.5384908958162793
-0.7984178804620794
-0.9349463167312854
-0.7582344662636634
0.3476390114739629
0.5844099865651584
-0.34869832975646176
-0.8412898176741823
-0.4265981951932365
0.0796439515540639
0.5384908958162793
-0.37887322761272335
-0.21933966442834085
-0.41025758129338685
-0.38631967645507315
0.5877323711663656
0.03513116595156496
-0.44096700263683175
0.5744771136000715
0.47476016445865676
0.4778959514919279
-0.3544040705057654
0.17237035481839125
0.8055499650759446
-0.3178860743217178
-0.37513554406758276
-0.5835029835029835
0.46226936669340635
0.3505652242494346
-0.0176906729634001
0.16444730384822548
-0.6433642693184679
0.7542403591008451
-0.3217731510414438
-0.036481956221652734
0.41010101010100963
-0.26640384464427436
-0.05736397223466205
-0.5140792663898025
0.3128902347652345
0.14089571755475672
-0.10952227984030138
0.015725641001173463
-0.38073844759891284
0.9676494121991748
-0.012958636410930868
-0.031804545924748795
-0.38073844759891284
0.5547643118216254
-0.46752026169319416
-0.3974176112904436
0.5191448382126347
-0.4935790466516723
0.6831444417651311
-0.6586758250506062
0.42224414726479087
0.6010794400404789
0.8354620586025541
0.5384908958162793
0.10999204876755919
0.23161020655147468
-0.26034766041495516
-0.38073844759891284
-0.061967802642120984
DEGREE_RANK
-0.9358288770053476
0.20320855614973254
0.6737967914438503
0.20855614973262027
-0.19786096256684482
-0.8235294117647058
0.005347593582887722
-0.8716577540106951
0.213903743315508
0.6791443850267378
-0.518716577540107
0.5561497326203206
0.10160427807486627
0.7967914438502672
-0.6524064171122995
-0.09090909090909083
-0.6470588235294118
-0.1925133689839572
-0.9679144385026738
-0.1871657754010695
-0.8181818181818181
0.6844919786096257
-0.0855614973262031
0.106951871657754
-0.7807486631016043
-0.0802139037433155
0.010695187165775444
0.4598930481283423
0.2192513368983957
-0.8983957219251337
0.33689839572192515
-0.18181818181818177
-0.3475935828877005
0.34224598930481287
0.5614973262032086
-0.42245989304812825
-0.34224598930481276
-0.9946524064171123
0.2245989304812832
-0.17647058823529405
-0.4652406417112299
-0.9518716577540107
0.11229946524064172
-0.07486631016042766
0.016042780748662944
-0.2941176470588235
0.802139037433155
0.22994652406417115
0.6898395721925135
-0.5668449197860963
0.5668449197860963
0.9786096256684491
0.23529411764705888
-0.06951871657754005
0.24064171122994638
-0.983957219251337
-0.641711229946524
-0.5614973262032086
0.695187165775401
-0.5561497326203209
-0.06417112299465233
-0.28877005347593576
0.9839572192513368
0.7005347593582887
-0.8128342245989304
0.7058823529411766
0.9679144385026737
-0.5133689839572193
0.8074866310160429
0.11764705882352944
0.4652406417112298
0.12299465240641694
0.021390374331550888
-0.28342245989304804
-0.4598930481283422
-0.05882352941176472
0.02673796791443861
0.8128342245989304
-0.5080213903743316
-0.2780748663101603
-0.41711229946524053
0.7112299465240641
-0.8663101604278075
0.5721925133689838
-0.7754010695187166
0.7165775401069518
-0.8609625668449198
0.47058823529411753
-0.4117647058823529
0.03208556149732611
-0.893048128342246
-0.4064171122994651
-0.17112299465240643
0.9893048128342246
-0.2727272727272726
-0.053475935828876886
-0.048128342245989275
-0.6363636363636364
0.4759358288770055
0.5775401069518717
-0.04278074866310155
0.839572192513369
-0.1657754010695186
-0.5935828877005347
0.12834224598930488
0.7219251336898396
-0.4545454545454545
-0.8074866310160428
0.9144385026737969
0.5828877005347595
-0.8556149732620321
-0.03743315508021383
0.8449197860962565
0.8823529411764706
0.588235294117647
0.2459893048128341
0.481283422459893
0.25133689839572204
0.8181818181818181
-0.03208556149732611
0.4866310160427807
0.9411764705882353
0.4919786096256684
-0.6310160427807486
0.03743315508021383
-0.946524064171123
-0.5026737967914439
-0.7700534759358288
0.9304812834224601
-0.625668449197861
0.8877005347593583
-0.5508021390374331
0.8235294117647058
0.49732620320855614
0.7272727272727273
0.8502673796791445
0.5935828877005347
0.25668449197860954
0.34759358288770037
0.3529411764705883
0.9946524064171123
-0.9304812834224598
0.04278074866310155
0.13368983957219238
0.048128342245989275
0.35828877005347604
0.1390374331550801
-0.0267379679144385
0.9732620320855616
0.946524064171123
0.053475935828877
-0.7647058823529411
-0.6951871657754011
-0.8021390374331551
0.36363636363636354
0.14438502673796805
-0.160427807486631
0.5989304812834226
0.732620320855615
-0.7593582887700535
0.36898395721925126
0.0588235294117645
-0.7272727272727273
-0.021390374331550777
-0.6898395721925135
0.26203208556149726
-0.4010695187165775
-0.49732620320855603
0.267379679144385
0.5026737967914439
-0.267379679144385
0.06417112299465244
-0.6203208556149733
-0.15508021390374327
0.5080213903743316
-0.9251336898395722
-0.7219251336898396
0.5133689839572191
-0.7165775401069518
-0.7540106951871658
0.14973262032085555
-0.016042780748663055
0.7379679144385025
0.15508021390374327
0.374331550802139
-0.7967914438502673
-0.8502673796791443
-0.9197860962566845
-0.9144385026737968
0.7433155080213905
0.893048128342246
0.518716577540107
0.6042780748663101
0.06951871657754016
0.3796791443850267
0.3850267379679144
0.5240641711229947
0.07486631016042766
0.2727272727272727
-0.39572192513368976
0.6096256684491979
0.160427807486631
1.0
-0.5454545454545454
-0.26203208556149726
-0.6149732620320856
-0.7112299465240641
0.3903743315508019
0.7486631016042782
0.5294117647058822
0.27807486631016043
-0.14973262032085555
-0.44919786096256686
0.7540106951871657
0.6149732620320856
-0.44385026737967903
0.53475935828877
0.8983957219251337
-0.8877005347593583
0.1657754010695187
-0.25668449197860954
-0.8449197860962567
0.9197860962566844
-0.2513368983957218
-0.2459893048128342
0.6203208556149733
0.17112299465240643
0.625668449197861
0.7593582887700534
0.39572192513368987
0.4010695187165776
-0.33689839572192515
-0.39037433155080214
0.6310160427807485
0.6363636363636362
-0.14438502673796783
-0.4919786096256684
0.9037433155080212
-0.9893048128342246
-0.24064171122994638
-0.010695187165775333
-0.3850267379679143
0.4064171122994651
0.8556149732620322
-0.1390374331550801
0.7647058823529413
-0.005347593582887722
0.9251336898395721
0.28342245989304815
-0.7914438502673796
-0.9625668449197861
0.8609625668449197
0.2887700534759359
0.4117647058823528
-0.4866310160427807
-0.5882352941176471
-0.5828877005347594
-0.23529411764705876
-0.7058823529411764
0.41711229946524075
-0.1336898395721925
0.6417112299465242
0.9358288770053476
0.2941176470588236
0.17647058823529416
0.7700534759358288
-0.3796791443850267
-1.0
0.42245989304812825
0.6470588235294117
-0.6096256684491979
0.2994652406417111
0.427807486631016
-0.374331550802139
-0.12834224598930466
0.7754010695187166
0.6524064171122994
-0.6844919786096257
-0.22994652406417104
-0.8823529411764706
-0.4812834224598931
-0.839572192513369
-0.12299465240641705
-0.679144385026738
0.08021390374331538
-0.8770053475935828
-0.36898395721925126
-0.7486631016042781
0.6577540106951871
0.7807486631016043
-0.5401069518716577
-0.22459893048128343
-0.4385026737967914
-0.5347593582887701
-0.47593582887700525
0.8663101604278076
-0.5775401069518716
0.6631016042780749
-0.9090909090909091
-0.6042780748663101
0.4331550802139039
-0.11764705882352933
-0.9572192513368984
-0.4331550802139037
-0.6737967914438503
0.9518716577540107
-0.1122994652406416
-0.5989304812834224
0.9572192513368984
-0.36363636363636354
0.6684491978609626
0.3048128342245988
-0.9037433155080213
-0.9786096256684492
-0.786096256684492
0.18181818181818166
0.8288770053475936
-0.3582887700534759
-0.9732620320855615
-0.8342245989304813
0.31016042780748676
-0.3315508021390373
-0.427807486631016
-0.6684491978609626
-0.3529411764705882
-0.10695187165775388
0.9090909090909092
-0.3262032085561497
-0.9411764705882353
0.08556149732620333
0.31550802139037426
0.1871657754010696
0.19251336898395732
0.962566844919786
0.09090909090909083
-0.7005347593582888
-0.320855614973262
-0.7433155080213905
0.8716577540106953
0.5401069518716579
0.5454545454545454
0.8342245989304813
-0.7379679144385027
0.786096256684492
-0.6631016042780749
0.09625668449197855
-0.10160427807486627
-0.732620320855615
-0.31550802139037437
-0.5294117647058824
-0.2192513368983956
-0.09625668449197855
-0.5240641711229947
-0.213903743315508
-0.31016042780748654
0.320855614973262
-0.47058823529411764
0.7914438502673797
0.4385026737967914
0.3262032085561497
-0.3048128342245989
-0.20855614973262027
0.8770053475935828
-0.572192513368984
0.44385026737967914
-0.8288770053475936
-0.20320855614973254
0.44919786096256686
0.3315508021390374
0.4545454545454546
0.19786096256684482
0.5508021390374331
-0.6577540106951871
0.0
-0.2994652406417112
EIGENVECTOR_RANK
-0.5614973262032086
0.1871657754010696
0.9358288770053476
0.03208556149732611
-0.4919786096256684
-0.22994652406417104
0.26203208556149726
-0.7967914438502673
0.320855614973262
-0.03743315508021383
-0.4812834224598931
0.6417112299465242
0.5668449197860963
0.9090909090909092
-0.7379679144385027
-0.5935828877005347
0.11764705882352944
-0.005347593582887722
-0.946524064171123
-0.4064171122994651
0.4064171122994651
-0.2459893048128342
0.048128342245989275
-0.320855614973262
-0.8556149732620321
0.2887700534759359
-0.839572192513369
-0.2192513368983956
-0.3582887700534759
0.3796791443850267
-0.1336898395721925
0.2459893048128341
0.010695187165775444
-0.3315508021390373
0.17112299465240643
-0.8716577540106951
-0.572192513368984
-0.9946524064171123
0.49732620320855614
0.7272727272727273
-0.893048128342246
-0.9251336898395722
0.5721925133689838
-0.1122994652406416
0.17647058823529416
0.1657754010695187
-0.1925133689839572
0.7540106951871657
-0.0802139037433155
-0.3262032085561497
0.518716577540107
0.9037433155080212
0.5614973262032086
0.2192513368983957
-0.12834224598930466
-0.983957219251337
-0.6844919786096257
0.588235294117647
0.22994652406417115
-0.6363636363636364
-0.20855614973262027
-0.053475935828876886
0.9893048128342246
0.732620320855615
0.41711229946524075
0.6577540106951871
0.9839572192513368
-0.160427807486631
0.7700534759358288
0.6203208556149733
0.8502673796791445
-0.44385026737967903
0.3315508021390374
-0.5240641711229947
-0.6684491978609626
-0.016042780748663055
-0.3475935828877005
0.9304812834224601
0.5935828877005347
0.053475935828877
-0.4598930481283422
0.8449197860962565
0.1390374331550801
0.39572192513368987
-0.7700534759358288
0.8609625668449197
-0.6737967914438503
-0.49732620320855603
-0.8663101604278075
-0.36363636363636354
-0.8770053475935828
-0.5561497326203209
0.2994652406417111
1.0
0.7005347593582887
-0.4545454545454545
0.27807486631016043
-0.8074866310160428
0.25133689839572204
0.6363636363636362
-0.4385026737967914
0.7433155080213905
0.44919786096256686
-0.7433155080213905
-0.048128342245989275
0.25668449197860954
-0.625668449197861
0.07486631016042766
0.9251336898395721
0.6684491978609626
-0.18181818181818177
-0.4117647058823529
0.6310160427807485
0.53475935828877
-0.10695187165775388
0.4545454545454546
0.5989304812834226
0.5401069518716579
-0.24064171122994638
0.19251336898395732
0.7112299465240641
0.962566844919786
-0.010695187165775333
-0.9197860962566845
0.3262032085561497
-0.8823529411764706
-0.641711229946524
0.42245989304812825
0.8128342245989304
-0.732620320855615
-0.1657754010695186
0.2727272727272727
0.4866310160427807
0.14438502673796805
0.7754010695187166
-0.0855614973262031
0.802139037433155
-0.3529411764705882
-0.021390374331550777
-0.33689839572192515
0.9946524064171123
-0.7754010695187166
0.02673796791443861
-0.8181818181818181
-0.41711229946524053
-0.6203208556149733
-0.04278074866310155
-0.3850267379679143
0.946524064171123
0.9572192513368984
-0.7593582887700535
-0.9732620320855615
-0.6951871657754011
-0.8128342245989304
0.5133689839572191
-0.36898395721925126
-0.05882352941176472
-0.5080213903743316
-0.07486631016042766
-0.7005347593582888
0.6096256684491979
-0.44919786096256686
-0.7486631016042781
-0.6577540106951871
-0.9679144385026738
0.374331550802139
0.4010695187165776
-0.5828877005347594
0.33689839572192515
-0.14438502673796783
0.20320855614973254
-0.11764705882352933
0.4598930481283423
0.11229946524064172
0.4652406417112298
-0.9144385026737968
-0.8021390374331551
-0.5294117647058824
0.4385026737967914
-0.14973262032085555
-0.267379679144385
-0.15508021390374327
0.9144385026737969
-0.39037433155080214
0.6524064171122994
-0.2994652406417112
-0.8502673796791443
0.12834224598930488
-0.9090909090909091
0.4331550802139039
-0.10160427807486627
-0.3796791443850267
0.8181818181818181
0.5026737967914439
-0.1871657754010695
-0.28342245989304804
0.34759358288770037
0.6631016042780749
0.7219251336898396
-0.06951871657754005
0.6042780748663101
0.03743315508021383
0.9732620320855616
-0.6096256684491979
-0.4652406417112299
-0.9625668449197861
0.31016042780748676
0.2245989304812832
0.016042780748662944
0.7914438502673797
0.3903743315508019
-0.518716577540107
-0.6310160427807486
-0.25668449197860954
0.7379679144385025
-0.3048128342245989
-0.2780748663101603
0.8877005347593583
0.09090909090909083
0.481283422459893
0.6737967914438503
-0.31016042780748654
0.8770053475935828
-0.8877005347593583
0.13368983957219238
0.6470588235294117
-0.03208556149732611
0.267379679144385
0.005347593582887722
0.7647058823529413
0.021390374331550888
0.7058823529411766
-0.5347593582887701
0.5240641711229947
0.5828877005347595
0.0588235294117645
-0.4010695187165775
0.8716577540106953
0.08556149732620333
-0.47058823529411764
-0.23529411764705876
-0.5668449197860963
0.24064171122994638
0.893048128342246
0.09625668449197855
-0.09090909090909083
-0.7647058823529411
0.8983957219251337
0.7807486631016043
-0.7272727272727273
-0.7112299465240641
0.8823529411764706
-0.22459893048128343
0.06417112299465244
-0.5882352941176471
0.5294117647058822
-0.6631016042780749
0.160427807486631
-0.6470588235294118
-0.12299465240641705
-0.213903743315508
0.8663101604278076
0.9518716577540107
-0.2941176470588235
-0.7807486631016043
-0.1390374331550801
-0.5401069518716577
-1.0
0.8235294117647058
0.7165775401069518
-0.7058823529411764
-0.5989304812834224
-0.31550802139037437
0.6149732620320856
-0.5454545454545454
0.34224598930481287
0.8342245989304813
-0.5775401069518716
0.14973262032085555
-0.9037433155080213
-0.6042780748663101
-0.427807486631016
-0.47593582887700525
-0.9304812834224598
0.12299465240641694
-0.9786096256684492
-0.17647058823529405
0.19786096256684482
0.23529411764705888
0.8556149732620322
0.10160427807486627
-0.4866310160427807
0.44385026737967914
-0.6149732620320856
-0.8983957219251337
0.4759358288770055
-0.8235294117647058
0.839572192513369
-0.6524064171122995
-0.6898395721925135
0.4919786096256684
-0.19786096256684482
-0.9358288770053476
0.625668449197861
-0.7165775401069518
0.9679144385026737
0.106951871657754
-0.2727272727272726
0.9411764705882353
-0.7540106951871658
-0.26203208556149726
0.695187165775401
0.3048128342245988
-0.9893048128342246
0.36898395721925126
0.2941176470588236
0.8288770053475936
-0.5508021390374331
-0.9572192513368984
-0.8609625668449198
-0.17112299465240643
-0.09625668449197855
0.6791443850267378
-0.679144385026738
-0.8288770053475936
-0.42245989304812825
0.8074866310160429
0.36363636363636354
0.28342245989304815
0.31550802139037426
0.6898395721925135
0.5508021390374331
0.7593582887700534
0.9786096256684491
0.3850267379679144
0.35828877005347604
-0.4331550802139037
-0.9411764705882353
0.7967914438502672
0.786096256684492
-0.34224598930481276
-0.06417112299465233
-0.9518716577540107
0.213903743315508
-0.7219251336898396
0.7486631016042782
0.3529411764705883
-0.2513368983957218
0.18181818181818166
0.5454545454545454
0.5775401069518717
0.6844919786096257
0.427807486631016
0.08021390374331538
-0.786096256684492
0.5561497326203206
0.4117647058823528
0.9197860962566844
-0.28877005347593576
0.04278074866310155
-0.8449197860962567
-0.5026737967914439
0.5080213903743316
-0.5133689839572193
0.20855614973262027
-0.7914438502673796
-0.20320855614973254
0.15508021390374327
0.47058823529411753
-0.0267379679144385
-0.374331550802139
0.0
-0.8342245989304813
-0.39572192513368976
0.06951871657754016
CENT_RANK
-0.7058823529411764
0.7540106951871657
0.1390374331550801
0.53475935828877
-0.427807486631016
-0.4598930481283422
0.7807486631016043
-0.5080213903743316
0.8877005347593583
0.2941176470588236
0.08021390374331538
0.9518716577540107
0.8716577540106953
0.481283422459893
-0.14973262032085555
-0.09625668449197855
-0.17112299465240643
0.6149732620320856
-0.9679144385026738
-0.14438502673796783
-0.9197860962566845
-0.39572192513368976
0.44385026737967914
-0.5989304812834224
-0.8502673796791443
0.8235294117647058
-0.7486631016042781
-0.15508021390374327
-0.4812834224598931
-0.7165775401069518
-0.053475935828876886
0.7219251336898396
0.6684491978609626
0.005347593582887722
0.7379679144385025
-0.7379679144385027
-0.3475935828877005
-0.9358288770053476
0.9144385026737969
0.20855614973262027
-0.7967914438502673
-0.6577540106951871
0.946524064171123
0.374331550802139
-0.03743315508021383
0.20320855614973254
0.42245989304812825
-0.5828877005347594
0.34759358288770037
0.19786096256684482
0.962566844919786
0.802139037433155
0.31016042780748676
0.6096256684491979
0.36363636363636354
-0.9946524064171123
-0.1871657754010695
-0.7433155080213905
0.7593582887700534
-0.8877005347593583
-0.10160427807486627
0.4652406417112298
0.3903743315508019
0.4117647058823528
-0.49732620320855603
0.6737967914438503
0.4545454545454546
0.5775401069518717
0.3529411764705883
0.5721925133689838
-0.2192513368983956
-0.1657754010695186
0.106951871657754
-0.3262032085561497
-0.42245989304812825
0.49732620320855614
-0.1336898395721925
0.15508021390374327
-0.732620320855615
0.11229946524064172
0.048128342245989275
-0.22994652406417104
-0.23529411764705876
0.9946524064171123
-0.8609625668449198
0.09625668449197855
-0.839572192513369
0.02673796791443861
-0.7593582887700535
-0.6042780748663101
-0.625668449197861
-0.44385026737967903
0.7647058823529413
0.320855614973262
-0.679144385026738
-0.5240641711229947
0.893048128342246
-0.28342245989304804
0.8288770053475936
0.5989304812834226
0.17112299465240643
0.732620320855615
0.2727272727272727
-0.5668449197860963
0.5133689839572191
0.839572192513369
-0.33689839572192515
-0.267379679144385
-0.18181818181818177
0.9411764705882353
-0.320855614973262
0.213903743315508
0.7700534759358288
0.6203208556149733
0.17647058823529416
0.4759358288770055
0.9839572192513368
0.4331550802139039
-0.3796791443850267
0.6844919786096257
0.7433155080213905
0.39572192513368987
0.6577540106951871
-0.8181818181818181
0.8770053475935828
-0.9144385026737968
-0.8556149732620321
-0.9251336898395722
0.786096256684492
-0.1390374331550801
-0.010695187165775333
-0.06951871657754005
0.9572192513368984
0.6791443850267378
0.22994652406417115
0.35828877005347604
0.5080213903743316
-0.47593582887700525
0.06417112299465244
0.010695187165775444
0.3262032085561497
-0.9572192513368984
0.518716577540107
-0.7219251336898396
-0.31016042780748654
-0.12299465240641705
0.5240641711229947
-0.6684491978609626
-0.17647058823529405
0.14973262032085555
-0.39037433155080214
-0.9786096256684492
-0.7112299465240641
-0.8663101604278075
0.8983957219251337
-0.4919786096256684
0.6898395721925135
0.10160427807486627
0.24064171122994638
-0.946524064171123
0.8663101604278076
-0.160427807486631
-0.7700534759358288
-0.1122994652406416
-0.9732620320855615
0.7914438502673797
0.7058823529411766
0.03743315508021383
0.9090909090909092
0.3315508021390374
0.625668449197861
0.33689839572192515
-0.8074866310160428
0.27807486631016043
0.9732620320855616
-0.6310160427807486
-0.8128342245989304
0.03208556149732611
-0.9090909090909091
-0.2727272727272726
0.1657754010695187
-0.09090909090909083
0.12299465240641694
-0.3315508021390373
0.8449197860962565
-0.5614973262032086
-0.24064171122994638
-0.6363636363636364
-0.2459893048128342
0.9197860962566844
0.06951871657754016
0.11764705882352944
0.5454545454545454
0.2192513368983957
0.23529411764705888
0.18181818181818166
0.5828877005347595
0.7486631016042782
0.8074866310160429
0.5401069518716579
0.9893048128342246
0.19251336898395732
0.07486631016042766
-0.5935828877005347
0.160427807486631
-0.8983957219251337
-0.4064171122994651
0.8342245989304813
0.04278074866310155
0.695187165775401
0.9251336898395721
-0.6203208556149733
-0.4545454545454545
-0.3850267379679143
0.7967914438502672
0.4919786096256684
-0.26203208556149726
-0.213903743315508
-0.5026737967914439
0.2994652406417111
0.3850267379679144
-0.5775401069518716
-0.34224598930481276
-0.8342245989304813
0.588235294117647
0.6470588235294117
0.41711229946524075
0.9304812834224601
0.34224598930481287
-0.04278074866310155
0.0588235294117645
-0.20320855614973254
-0.4866310160427807
0.9358288770053476
0.9037433155080212
0.5668449197860963
-0.4331550802139037
0.25668449197860954
-0.983957219251337
-0.6737967914438503
0.28342245989304815
-0.44919786096256686
0.8556149732620322
0.26203208556149726
0.2459893048128341
-0.016042780748663055
-0.4010695187165775
-0.1925133689839572
-0.10695187165775388
-0.9518716577540107
-0.8288770053475936
0.427807486631016
0.31550802139037426
0.5935828877005347
-0.6149732620320856
-0.2941176470588235
-0.6524064171122995
0.6524064171122994
-0.8770053475935828
-0.03208556149732611
-0.25668449197860954
-0.19786096256684482
0.47058823529411753
-0.5508021390374331
-0.6844919786096257
0.13368983957219238
-0.6470588235294118
-1.0
0.021390374331550888
0.8128342245989304
-0.3529411764705882
-0.048128342245989275
-0.12834224598930466
-0.0855614973262031
-0.2780748663101603
0.2887700534759359
-0.374331550802139
-0.7914438502673796
0.36898395721925126
-0.893048128342246
-0.572192513368984
-0.7005347593582888
-0.5133689839572193
-0.8235294117647058
0.3048128342245988
-0.9037433155080213
-0.3048128342245989
-0.2513368983957218
0.8502673796791445
0.12834224598930488
-0.05882352941176472
-0.31550802139037437
-0.07486631016042766
-0.7807486631016043
-0.8021390374331551
1.0
-0.47058823529411764
0.09090909090909083
-0.786096256684492
-0.7754010695187166
0.9679144385026737
0.4010695187165776
-0.6898395721925135
-0.7647058823529411
-0.36898395721925126
0.4064171122994651
0.4866310160427807
-0.41711229946524053
0.016042780748662944
-0.20855614973262027
-0.4117647058823529
0.6310160427807485
-0.9411764705882353
-0.9893048128342246
-0.9304812834224598
0.44919786096256686
0.7112299465240641
-0.4385026737967914
-0.9625668449197861
-0.641711229946524
0.14438502673796805
0.6363636363636362
-0.5294117647058824
-0.22459893048128343
-0.6096256684491979
-0.5561497326203209
0.7165775401069518
0.08556149732620333
-0.6631016042780749
0.7005347593582887
0.5561497326203206
0.5614973262032086
-0.4652406417112299
0.267379679144385
0.8609625668449197
-0.3582887700534759
-0.518716577540107
-0.8449197860962567
0.5508021390374331
0.4598930481283423
-0.005347593582887722
0.25133689839572204
-0.8716577540106951
0.8181818181818181
-0.36363636363636354
-0.0267379679144385
0.5026737967914439
-0.2994652406417112
-0.06417112299465233
-0.7540106951871658
0.4385026737967914
0.2245989304812832
-0.11764705882352933
0.053475935828877
-0.5454545454545454
0.9786096256684491
0.0
-0.021390374331550777
-0.5401069518716577
0.6631016042780749
-0.6951871657754011
-0.5882352941176471
0.6042780748663101
-0.7272727272727273
0.7754010695187166
-0.8823529411764706
0.5294117647058822
0.7272727272727273
0.8823529411764706
0.6417112299465242
0.1871657754010696
0.3796791443850267
-0.28877005347593576
-0.5347593582887701
-0.0802139037433155
RANK
267
55
313
238
151
164
18
318
141
249
159
312
37
314
127
20
125
178
285
205
279
59
365
258
342
153
84
126
24
337
86
223
250
283
123
176
172
294
40
277
298
293
299
162
303
88
349
26
57
35
78
363
143
29
152
0
281
360
302
264
94
239
147
328
41
256
266
319
187
175
90
211
254
324
89
23
203
361
47
221
280
103
185
325
263
354
358
373
322
95
336
282
7
218
64
155
232
28
137
296
332
5
212
241
91
317
236
4
74
307
310
206
246
21
150
213
118
276
304
344
335
270
36
222
106
183
73
110
291
144
286
347
255
372
97
274
179
107
216
260
287
188
186
82
81
323
70
217
309
231
261
247
56
108
148
16
71
161
27
14
19
129
76
272
145
352
163
248
60
15
181
273
374
292
131
348
290
30
271
229
44
259
345
357
245
130
340
356
33
139
308
268
87
177
167
208
80
353
230
138
190
202
10
327
297
85
157
72
79
191
182
289
265
2
320
149
77
204
180
100
114
195
370
201
49
45
39
111
193
351
134
194
158
244
341
237
243
333
102
173
240
275
9
219
284
52
252
93
140
169
171
228
48
68
135
54
278
43
371
220
62
121
301
305
63
226
46
251
117
350
22
315
66
339
61
262
115
13
306
215
75
346
136
104
142
146
366
3
199
192
338
330
331
235
69
67
196
224
253
99
362
53
17
113
170
311
321
369
225
257
122
359
32
65
133
119
156
209
329
166
316
326
31
367
101
34
120
197
1
58
92
112
364
6
128
165
214
51
198
269
343
25
98
207
105
184
288
242
334
160
12
124
368
8
96
154
234
168
38
189
210
227
233
109
42
11
132
50
300
174
355
116
200
83
295
