DEGREE
0.0
0.0
-0.19999999999999996
0.30000000000000004
0.0
0.5
-0.4
0.0
0.19999999999999996
0.5
0.0
-0.19999999999999996
-0.09999999999999998
-0.7
0.0
0.19999999999999996
0.19999999999999996
-0.09999999999999998
-0.7
0.6000000000000001
0.10000000000000009
-0.19999999999999996
0.10000000000000009
0.30000000000000004
0.8
0.0
0.30000000000000004
-0.6
0.0
-0.6
0.5
0.30000000000000004
0.19999999999999996
0.19999999999999996
-0.09999999999999998
0.0
-1.0
0.7
0.0
0.5
0.10000000000000009
-0.5
-0.09999999999999998
0.0
-0.4
0.5
0.3999999999999999
0.3999999999999999
0.6000000000000001
-0.30000000000000004
0.3999999999999999
0.0
-0.09999999999999998
0.0
0.8
0.0
0.0
-0.30000000000000004
-0.19999999999999996
-0.5
-0.7
0.19999999999999996
0.5
0.0
-0.6
-0.4
-0.4
-0.09999999999999998
-0.5
0.8
0.10000000000000009
0.19999999999999996
-0.5
-0.30000000000000004
0.5
0.30000000000000004
0.5
-0.7
0.19999999999999996
-0.09999999999999998
0.19999999999999996
0.10000000000000009
0.6000000000000001
-0.8
-0.4
-0.4
-0.6
0.0
-0.19999999999999996
-0.8
-0.09999999999999998
0.19999999999999996
-0.19999999999999996
-0.6
0.30000000000000004
0.5
-0.4
-0.4
0.3999999999999999
0.8
-0.8
0.3999999999999999
0.3999999999999999
0.19999999999999996
0.19999999999999996
0.0
-0.19999999999999996
-0.09999999999999998
-0.30000000000000004
0.19999999999999996
-0.4
0.6000000000000001
0.19999999999999996
0.3999999999999999
0.8
0.0
0.10000000000000009
0.5
0.10000000000000009
-0.30000000000000004
0.19999999999999996
0.10000000000000009
-0.19999999999999996
0.3999999999999999
0.10000000000000009
-0.19999999999999996
0.19999999999999996
-0.09999999999999998
0.30000000000000004
-0.09999999999999998
0.19999999999999996
-0.19999999999999996
0.0
-0.09999999999999998
-0.6
-0.19999999999999996
1.0
0.3999999999999999
0.0
-0.8
-0.5
-0.30000000000000004
-0.19999999999999996
-0.09999999999999998
-0.8
0.30000000000000004
-0.30000000000000004
0.6000000000000001
0.3999999999999999
0.6000000000000001
-0.5
0.6000000000000001
-0.19999999999999996
0.6000000000000001
0.19999999999999996
-0.09999999999999998
0.19999999999999996
0.3999999999999999
0.30000000000000004
-0.5
-0.19999999999999996
0.0
0.0
0.6000000000000001
-0.6
-0.5
-0.4
0.7
0.30000000000000004
0.3999999999999999
0.3999999999999999
-0.09999999999999998
-0.5
-0.7
-0.19999999999999996
0.0
0.10000000000000009
-0.4
-0.6
0.10000000000000009
-0.30000000000000004
0.0
-0.19999999999999996
0.10000000000000009
0.6000000000000001
0.10000000000000009
0.0
-0.30000000000000004
0.0
0.7
0.10000000000000009
-0.09999999999999998
0.7
0.10000000000000009
0.19999999999999996
-0.4
0.3999999999999999
0.3999999999999999
0.5
-0.6
0.5
0.8
-0.9
0.30000000000000004
-0.09999999999999998
0.8
-0.09999999999999998
-0.6
0.19999999999999996
0.5
-0.8
-0.5
-0.6
0.19999999999999996
-0.7
0.10000000000000009
0.19999999999999996
-0.30000000000000004
1.0
0.6000000000000001
0.10000000000000009
-0.30000000000000004
0.3999999999999999
-0.7
1.0
0.30000000000000004
0.0
0.0
-0.8
0.19999999999999996
-0.19999999999999996
0.19999999999999996
0.0
-0.30000000000000004
0.8
0.19999999999999996
0.0
0.30000000000000004
-0.09999999999999998
0.6000000000000001
0.0
0.10000000000000009
0.7
0.3999999999999999
0.19999999999999996
0.5
-0.5
0.30000000000000004
0.5
0.10000000000000009
0.10000000000000009
-0.19999999999999996
0.0
0.8999999999999999
-1.0
-0.09999999999999998
-0.19999999999999996
0.10000000000000009
0.0
-0.5
-0.6
0.19999999999999996
-0.19999999999999996
0.0
0.5
0.0
-0.7
0.0
-0.5
-0.19999999999999996
-0.09999999999999998
0.3999999999999999
EIGENVECTOR
-0.9961543795923143
-0.7260112437290129
-0.998261102001459
-0.9827883217014979
-0.9964655388911215
-0.966279906409227
-0.9320893922077902
-0.6379219415430164
-0.20463261288602919
0.17952921486818774
-0.6763380802701293
-0.9974709752986521
-0.9978122450675351
-0.9999999999999999
-0.7106586284150822
-0.9956463210865483
-0.9954251472059245
-0.7503263318346249
-0.9998607930547394
-0.5492215431688043
-0.361791512991229
-0.945567654176182
-0.9907169109761518
-0.9686109994881409
-0.9693370885722714
-0.3881625491389723
-0.9968281471568234
-0.9993069313202748
0.06549550691460437
-0.9999985790369755
-0.2990649139471432
-0.982788321701498
-0.9418054558619419
-0.9835241632815112
-0.8295663780664873
-0.9980328685322607
-0.9998556286785925
-0.5471669049896462
-0.7501454645094638
-0.5370844354256028
-0.9973436269891602
-0.9985603503065493
-0.9979868071279822
-0.7501454645094636
-0.9988013912601507
-0.995495533052967
0.5137011042504367
0.12773211040448218
0.6468054433407073
-0.9984595422040676
-0.7069777830708929
-0.6245338667825866
-0.9673730482329368
-0.9965596595703028
-0.6103711091142604
-0.9699541252398695
-0.981645882935506
-0.9985482481828166
-0.6338965359244431
-0.7044557938297717
-0.9994579143170185
-0.9907767394069974
-0.6809024275874163
-0.9825796744588082
-0.9999985790369755
-0.9999754264395778
-0.9986883325294985
-0.9275284316569538
-0.9937224587751373
-0.9693370885722717
0.10523867858239466
-0.8232496041993482
-0.474137187762803
-0.999697021310487
-0.995223330827753
-0.9819916303499395
0.5841717665505393
-0.9999111384183332
-0.08961579692060029
-0.5338971057131678
-0.9783298295732825
-0.9720644250335185
0.2967320606178241
-0.9995362597735147
-0.8367353743797032
-0.9885489791512506
-0.9842174358005763
-0.5611088313699106
-0.9980952969402908
-0.9999282368012972
-0.7596137981551476
0.11227016858062244
-0.9862606432469234
-0.9383339395766876
0.4062938843366608
-0.2990649139471435
-0.8184473628222195
-0.9981523542484959
-0.9960013900018199
0.40544720369448095
-0.9998354288741417
-0.9944080326009325
-0.21304057889160155
-0.9943925878851724
-0.9954389104322935
-0.863723554903039
-0.9489782154923114
-0.5338971057131678
-0.9986428286101648
0.06951812856999973
-0.9428161039582741
-0.9950743923353401
-0.6515571609776367
-0.38838338614765255
0.7881446715212526
-0.38816254913897197
-0.5509844585090204
-0.24297337897053584
-0.9902622448145577
-0.5473192979930777
-0.9959858093021736
-0.4129413881171361
-0.9718834869103745
-0.9704147202095424
-0.9969721770789561
-0.9979339196501197
-0.9802751216666014
-0.9978265754023249
-0.6496382562568341
-0.5842094223324951
-0.668170857487637
-0.9757086447724457
-0.3881625491389721
-0.7384595739154693
-0.9999985790369755
-0.1291550872206093
1.0
-0.06418990404795855
-0.9340311066835603
-0.9957307818315205
-0.9789890234687902
-0.9987312364181129
-0.8847734961942466
-0.997888000495023
-0.7000503493297694
-0.5438369262470679
-0.9986551465019119
-0.5867870030036224
-0.975767169909729
0.49039710631596756
-0.9985603503065493
-0.9953731069913364
-0.9729847799495474
-0.9940784625218203
-0.6149135275815124
-0.9984861836309842
-0.9967626100627366
-0.14947409307482706
-0.996290329638045
-0.9985512868447356
-0.995915352459635
-0.036156109336144326
-0.024675371792935108
0.6918097467563986
-0.9993862183731291
-0.9993819566822595
-0.9320893922077902
0.7791991601407791
-0.9799818856862281
0.4293658431081082
-0.06418990404795855
-0.9930598858605703
-0.9992338376447972
-0.9845642751455286
-0.988065586323063
-0.9895034890395977
-0.9970501322939557
-0.9604247371296225
-0.9999985790369756
-0.9927795909928924
-0.5300221627185335
-0.9748337742079821
-0.9991522434155975
-0.9175305389148483
0.37582411544087035
-0.996389077299894
-0.9968787564926329
-0.995834466738526
-0.9919916537495329
0.7648625431221923
-0.31182370354257405
-0.13000801451630983
0.7029058028810393
-0.3338869837691376
0.1831759627155336
-0.9782153020234066
-0.5823484320482092
0.21779052614597494
-0.9759569013780861
-0.9998396552064036
0.29042152173687885
-0.9690843621837784
-0.9999598199524
-0.11763944744233623
-0.9800369277485174
0.1386729186741289
-0.9436285225965757
-0.9993913710002296
-0.41361967721524495
-0.649358317145996
-0.9999249797968586
-0.985715018415303
-0.9999985790369756
-0.4819161637733038
-1.0
-0.9967090029208129
-0.9972363330495964
-0.8635281060180887
0.9504215756009378
0.473813182624075
-0.42850322695104215
-0.740756647321943
0.39319498506885875
-0.9999111384183332
0.9328359548875085
0.47133675773749006
-0.887787708920338
-0.9980328685322608
-0.9957307818315206
-0.9945474268454474
-0.9978399204311392
-0.9443901743929872
-0.9964655388911215
-0.998397665073208
-0.9948852083236425
-0.9941910313120986
-0.9935290606975978
0.1487952722039687
-0.9856274146024998
-0.5119731465137976
-0.9458949998386822
-0.8621230571528575
0.32151865615987574
0.012621154306596605
-0.6944636870113985
-0.4065023283518713
-0.9887735225223393
-0.9951102177545286
-0.0689842723739933
-0.9953413504777976
-0.9893994080845943
-0.6543932834680442
-0.8891562595957163
-0.9937349378416299
-0.999659593944785
-0.9984861836309841
-0.9905899392232393
-0.9957442782887447
-0.992275969892619
-0.8711764814164789
-0.9993862183731291
-0.9938413655046111
-0.9983124862699021
-0.9864711988262991
-0.24297337897053628
-0.9825796744588082
-0.9996208231298475
-0.9963806243131187
-0.9715784592678542
-0.8054675540040699
-0.9978122450675351
-0.9727854023855352
CENT
-0.1227265871900518
0.17289201041418623
0.20718479063799955
0.3554855128247123
0.23642158403394342
0.9622157659126618
0.1248217263678959
0.14495275273296704
0.874114662632258
0.7104366325181752
-0.08001694808863258
-0.008176740281544803
-0.25601509365457076
-1.0
0.43233215399225156
0.3279316918833406
0.43233215399225156
0.8187313326696055
-0.4065196432144659
0.6679786607466469
0.8187313326696055
1.0
0.12845975986640745
0.9559957976147022
0.765095981559595
-0.08001694808863258
0.25625593448330397
-0.291667996680286
-0.008176740281544803
-0.8166747427143392
0.31330818965517215
0.3554855128247123
0.11036680101776564
0.4642092792173047
0.09606554929261968
-0.23299137660092728
-0.38997287240867384
0.5372528002922041
0.03864551219298362
0.35762668109064966
0.07314751076964043
-0.468067085780949
-0.3400321518291236
0.03864551219298362
-0.01962184903962272
0.246303962152572
0.36837954661358463
0.629157527194592
0.22465357109323647
-0.41236877275311146
0.16725841930192953
0.856431194155769
0.048901524041423006
-0.030965545441616005
0.4827295253556625
0.9841590434523215
0.6601394777043577
-0.332532071378411
-0.07535269579070969
-0.2343583333878666
-0.10764169098019782
-0.027734758832828166
0.47575808596613833
0.5014764921812533
-0.8166747427143392
-0.5881851598706367
-0.43659518869109204
0.36622268068352737
-0.26270105765376717
0.765095981559595
-0.10460245989378714
0.27030702068274515
-0.08620899572129281
-0.08929353150861996
0.3533474635220175
0.466512051879175
0.22270178977739197
-0.3186506759868526
0.6189614550517171
-0.008176740281544803
0.6784901003599866
0.9467066943466023
0.4780783701466558
-0.28906459715458077
-0.09543976876529281
-0.05652033876826912
0.7104366325181752
0.9528939976345354
0.1975736148779541
-0.3658927920637962
0.8418326921424679
-0.09543976876529281
0.020049179971130204
0.7348106533499787
0.4573218008032942
0.31330818965517215
0.0942885760329466
-0.016362225448616097
0.2622608295734776
0.28857857966003997
-0.1257215044265969
0.5566752861493223
0.15978273331804593
0.6970497618416358
-0.15381328685528672
0.18802849530869903
0.9653339630479498
-0.008176740281544803
-0.07535269579070969
0.55179701015255
-0.1826971308186197
0.2522667472621247
0.6240513796894691
0.27030702068274515
0.15978273331804593
-0.08001694808863258
0.7874715813009652
0.21492175377585765
0.7790457403641609
0.011683332610298747
-0.11972435189061947
0.6811285993722418
0.9622157659126618
0.9467066943466023
0.15792016437644607
-0.257355371097547
0.767876656672924
-0.026116292491076165
0.2844980181245702
-0.05810051149275708
0.856431194155769
0.5061991476172021
-0.08001694808863258
0.9282741357710522
-0.8166747427143392
-0.07535269579070969
0.1994905436527321
0.42110865051323687
0.07140083289568078
-0.35733918074261517
-0.2398102749250831
0.0017151037165079597
0.8770796161450545
-0.165449943416054
-0.38758845944474696
0.7212251335420887
-0.2506384803841931
0.5493635577905236
0.8389278628793801
0.522843051539966
-0.468067085780949
0.24828876562302726
0.9778618434112836
0.6063071131418003
0.29062322310938815
-0.2479408339459871
-0.15381328685528672
0.08367609684323152
0.30295255483258643
-0.1450119220683942
0.4368450953162477
-0.08620899572129281
-0.08775221798865285
0.17666059109890853
-0.23572369883977995
-0.17697551017671853
0.1248217263678959
0.5085659078375953
0.8889905060534795
0.3770386823739045
0.42110865051323687
0.58626709243163
-0.10155574762316344
0.5812964122554811
0.1975736148779541
0.30501774733588705
0.18612733825163574
0.8505768715425988
-0.8166747427143392
-0.13762852528941638
-0.10460245989378714
0.8800496640796938
-0.011457198750286834
0.078401379463789
0.16538567588060937
0.25625593448330397
-0.257355371097547
0.10319711952331367
0.15420261333211238
0.37486913368560737
0.8130046477286705
-0.17554083515009233
0.15792016437644607
-0.07223351336980721
0.003371146874616704
-0.22888093036069201
0.29062322310938815
0.44363991800789515
0.6549343441180449
-0.303310446452957
0.2110479104861125
0.7402762210880254
-0.37920197089703456
-0.05810051149275708
0.8331329746714906
0.2763716232369111
0.025094662557960223
-0.07535269579070969
0.36622268068352737
0.3091570212628758
-0.24523693209575004
-0.05652033876826912
-0.8166747427143392
0.765095981559595
-1.0
0.16725841930192953
0.07489649144897137
-0.003240311414954067
0.1994905436527321
0.34695196139273543
-0.004887891893445295
-0.01472929936305778
0.5109363008442054
-0.3186506759868526
0.5837797999947041
0.2622608295734776
0.9467066943466023
-0.23299137660092728
-0.35733918074261517
0.7023914178181914
-0.38160465016436895
0.874114662632258
0.23642158403394342
-0.25467326854711103
0.3879343893088685
0.5324347029505232
0.49441954713097136
0.45961416154335333
0.7158220544695557
0.6240513796894691
1.0
0.18993226743736735
0.21686271067415697
0.6266024207399983
0.4827295253556625
0.03524460090471315
0.1804395037389004
0.4413715788497683
0.14495275273296704
0.4734413200330514
0.3070859006886548
0.8949767816114236
0.4121898843013838
0.4873948501159533
-0.6277715446578835
-0.2479408339459871
0.13576526476092288
0.311231115448833
0.6394188020370217
-0.09697159146012047
-0.23572369883977995
0.6523380435370709
-0.4331674792170769
0.3448263200411248
0.21492175377585765
0.5014764921812533
-0.3249815984498662
0.09606554929261968
-0.1552739990123727
0.9936467503464501
-0.25601509365457076
0.824477380873232
DEGREE_RANK
-0.1955719557195572
-0.1881918819188192
-0.5055350553505535
0.4391143911439115
-0.18081180811808117
0.6752767527675276
-0.6826568265682657
-0.17343173431734316
0.2324723247232472
0.6826568265682658
-0.16605166051660514
-0.4981549815498155
-0.3505535055350554
-0.9261992619926199
-0.15867158671586712
0.23985239852398532
0.24723247232472323
-0.34317343173431736
-0.9188191881918819
0.7933579335793359
0.07749077490774892
-0.4907749077490775
0.08487084870848705
0.4464944649446494
0.9188191881918819
-0.1512915129151292
0.4538745387453873
-0.8671586715867159
-0.14391143911439108
-0.8597785977859779
0.6900369003690037
0.46125461254612543
0.25461254612546114
0.26199261992619927
-0.33579335793357934
-0.13653136531365306
-1.0
0.8819188191881919
-0.12915129151291516
0.6974169741697416
0.09225092250922518
-0.7785977859778598
-0.3284132841328413
-0.12177121771217714
-0.6752767527675276
0.7047970479704797
0.5424354243542435
0.5498154981549817
0.8007380073800738
-0.5940959409594095
0.5571955719557196
-0.11439114391143912
-0.3210332103321033
-0.1070110701107011
0.92619926199262
-0.09963099630996308
-0.09225092250922506
-0.5867158671586716
-0.4833948339483395
-0.7712177121771218
-0.9114391143911439
0.2693726937269372
0.7121771217712176
-0.08487084870848716
-0.8523985239852399
-0.6678966789667896
-0.6605166051660516
-0.3136531365313653
-0.7638376383763837
0.933579335793358
0.09963099630996308
0.2767527675276751
-0.7564575645756457
-0.5793357933579335
0.7195571955719557
0.46863468634686356
0.7269372693726939
-0.9040590405904059
0.28413284132841343
-0.3062730627306274
0.29151291512915134
0.10701107011070121
0.8081180811808117
-0.977859778597786
-0.6531365313653137
-0.6457564575645756
-0.8450184501845018
-0.07749077490774903
-0.47601476014760147
-0.9704797047970479
-0.29889298892988925
0.29889298892988925
-0.46863468634686345
-0.8376383763837638
0.47601476014760147
0.7343173431734318
-0.6383763837638377
-0.6309963099630996
0.5645756457564575
0.9409594095940959
-0.96309963099631
0.5719557195571956
0.5793357933579335
0.3062730627306274
0.3136531365313653
-0.07011070110701101
-0.46125461254612554
-0.29151291512915123
-0.5719557195571956
0.3210332103321032
-0.6236162361623616
0.8154981549815499
0.3284132841328413
0.5867158671586714
0.948339483394834
-0.0627306273062731
0.11439114391143912
0.7416974169741697
0.12177121771217703
-0.5645756457564576
0.33579335793357923
0.12915129151291516
-0.4538745387453874
0.5940959409594098
0.13653136531365306
-0.4464944649446494
0.34317343173431736
-0.2841328413284133
0.4833948339483396
-0.2767527675276753
0.3505535055350555
-0.4391143911439115
-0.05535055350553508
-0.2693726937269372
-0.8302583025830258
-0.43173431734317347
0.985239852398524
0.6014760147601477
-0.04797047970479695
-0.955719557195572
-0.7490774907749078
-0.5571955719557196
-0.42435424354243534
-0.26199261992619927
-0.948339483394834
0.4907749077490775
-0.5498154981549815
0.8228782287822878
0.6088560885608856
0.8302583025830257
-0.7416974169741697
0.8376383763837638
-0.41697416974169743
0.845018450184502
0.3579335793357934
-0.25461254612546125
0.3653136531365313
0.6162361623616237
0.4981549815498154
-0.7343173431734318
-0.4095940959409594
-0.040590405904059046
-0.03321033210332103
0.8523985239852399
-0.8228782287822878
-0.7269372693726937
-0.6162361623616236
0.8892988929889298
0.5055350553505535
0.6236162361623616
0.6309963099630995
-0.24723247232472323
-0.7195571955719557
-0.896678966789668
-0.4022140221402214
-0.02583025830258301
0.14391143911439097
-0.6088560885608856
-0.8154981549815499
0.1512915129151291
-0.5424354243542435
-0.01845018450184499
-0.3948339483394834
0.15867158671586723
0.859778597785978
0.16605166051660514
-0.011070110701106972
-0.5350553505535055
-0.0036900369003689537
0.8966789667896677
0.17343173431734327
-0.23985239852398532
0.9040590405904059
0.18081180811808117
0.37269372693726943
-0.6014760147601476
0.6383763837638377
0.6457564575645756
0.7490774907749078
-0.8081180811808119
0.7564575645756457
0.9557195571955719
-0.985239852398524
0.5129151291512914
-0.2324723247232472
0.9630996309963098
-0.22509225092250917
-0.8007380073800738
0.38007380073800734
0.7638376383763836
-0.940959409594096
-0.7121771217712176
-0.7933579335793358
0.38745387453874525
-0.8892988929889298
0.18819188191881908
0.3948339483394834
-0.5276752767527675
0.9926199261992621
0.8671586715867159
0.1955719557195572
-0.5202952029520296
0.6531365313653135
-0.8819188191881919
1.0
0.5202952029520294
0.0036900369003689537
0.011070110701106861
-0.933579335793358
0.4022140221402213
-0.38745387453874536
0.4095940959409594
0.01845018450184499
-0.5129151291512914
0.9704797047970481
0.41697416974169754
0.025830258302582898
0.5276752767527675
-0.21771217712177127
0.8745387453874538
0.03321033210332103
0.20295202952029512
0.911439114391144
0.6605166051660518
0.42435424354243545
0.7712177121771218
-0.7047970479704797
0.5350553505535056
0.7785977859778597
0.21033210332103303
0.21771217712177138
-0.38007380073800734
0.04059040590405916
0.9778597785977861
-0.992619926199262
-0.21033210332103325
-0.37269372693726943
0.22509225092250928
0.047970479704797064
-0.6974169741697417
-0.7859778597785978
0.43173431734317336
-0.3653136531365314
0.05535055350553497
0.7859778597785978
0.0627306273062731
-0.8745387453874539
0.07011070110701101
-0.6900369003690037
-0.3579335793357933
-0.20295202952029512
0.6678966789667897
EIGENVECTOR_RANK
-0.4833948339483395
0.3136531365313653
-0.6826568265682657
-0.12915129151291516
-0.5129151291512914
0.07011070110701101
0.1512915129151291
0.4095940959409594
0.6826568265682658
0.8228782287822878
0.3653136531365313
-0.5940959409594095
-0.6014760147601476
-0.992619926199262
0.3210332103321032
-0.42435424354243534
-0.4022140221402214
0.2767527675276751
-0.9040590405904059
0.4833948339483396
0.6236162361623616
0.09963099630996308
-0.24723247232472323
0.05535055350553497
0.04059040590405916
0.6162361623616237
-0.5498154981549815
-0.8081180811808119
0.7712177121771218
-0.955719557195572
0.6531365313653135
-0.13653136531365306
0.12915129151291516
-0.14391143911439108
0.23985239852398532
-0.6605166051660516
-0.896678966789668
0.4981549815498154
0.29151291512915134
0.5129151291512914
-0.5867158671586716
-0.7416974169741697
-0.6457564575645756
0.28413284132841343
-0.7859778597785978
-0.41697416974169743
0.92619926199262
0.8007380073800738
0.9409594095940959
-0.7047970479704797
0.3284132841328413
0.42435424354243545
0.0627306273062731
-0.5276752767527675
0.4391143911439115
0.025830258302582898
-0.09963099630996308
-0.7269372693726937
0.41697416974169754
0.33579335793357923
-0.8450184501845018
-0.25461254612546125
0.3579335793357934
-0.12177121771217714
-0.9704797047970479
-0.948339483394834
-0.7712177121771218
0.16605166051660514
-0.29889298892988925
0.03321033210332103
0.7859778597785978
0.24723247232472323
0.5571955719557196
-0.8745387453874539
-0.38007380073800734
-0.1070110701107011
0.933579335793358
-0.9114391143911439
0.7195571955719557
0.5202952029520294
-0.0627306273062731
-0.0036900369003689537
0.8523985239852399
-0.8523985239852399
0.2324723247232472
-0.20295202952029512
-0.1512915129151292
0.46863468634686356
-0.6678966789667896
-0.933579335793358
0.2693726937269372
0.7933579335793359
-0.18081180811808117
0.13653136531365306
0.8892988929889298
0.6457564575645756
0.25461254612546114
-0.6752767527675276
-0.47601476014760147
0.8819188191881919
-0.8819188191881919
-0.34317343173431736
0.6752767527675276
-0.33579335793357934
-0.4095940959409594
0.21033210332103303
0.08487084870848705
0.5276752767527675
-0.7564575645756457
0.7785977859778597
0.12177121771217703
-0.3653136531365314
0.38745387453874525
0.5940959409594098
0.9778597785977861
0.6014760147601477
0.47601476014760147
0.6605166051660518
-0.2324723247232472
0.4907749077490775
-0.46863468634686345
0.5793357933579335
0.0036900369003689537
0.01845018450184499
-0.5645756457564576
-0.6383763837638377
-0.09225092250922506
-0.6162361623616236
0.3948339483394834
0.4538745387453873
0.37269372693726943
-0.03321033210332103
0.6088560885608856
0.3062730627306274
-0.977859778597786
0.7047970479704797
1.0
0.7343173431734318
0.14391143911439097
-0.43173431734317347
-0.07011070110701101
-0.7785977859778598
0.1955719557195572
-0.6309963099630996
0.34317343173431736
0.5055350553505535
-0.7638376383763837
0.4464944649446494
-0.040590405904059046
0.9188191881918819
-0.7490774907749078
-0.3948339483394834
-0.01845018450184499
-0.3210332103321033
0.43173431734317336
-0.7121771217712176
-0.5424354243542435
0.6900369003690037
-0.4907749077490775
-0.7343173431734318
-0.46125461254612554
0.7490774907749078
0.7564575645756457
0.948339483394834
-0.8302583025830258
-0.8154981549815499
0.15867158671586723
0.9704797047970481
-0.07749077490774903
0.8966789667896677
0.7416974169741697
-0.2841328413284133
-0.8007380073800738
-0.15867158671586712
-0.1955719557195572
-0.22509225092250917
-0.5719557195571956
0.07749077490774892
-0.985239852398524
-0.2767527675276753
0.5350553505535056
-0.02583025830258301
-0.7933579335793358
0.17343173431734327
0.8671586715867159
-0.5055350553505535
-0.5571955719557196
-0.4538745387453874
-0.26199261992619927
0.9630996309963098
0.6383763837638377
0.6974169741697416
0.9557195571955719
0.6309963099630995
0.8302583025830257
-0.05535055350553508
0.46125461254612543
0.8376383763837638
-0.04797047970479695
-0.8892988929889298
0.845018450184502
0.047970479704797064
-0.940959409594096
0.7121771217712176
-0.08487084870848716
0.8081180811808117
0.11439114391143912
-0.8376383763837638
0.5719557195571956
0.4022140221402213
-0.9261992619926199
-0.17343173431734316
-0.96309963099631
0.5498154981549817
-1.0
-0.5350553505535055
-0.5793357933579335
0.21771217712177138
0.9926199261992621
0.911439114391144
0.5645756457564575
0.29889298892988925
0.8745387453874538
-0.9188191881918819
0.985239852398524
0.9040590405904059
0.18819188191881908
-0.6531365313653137
-0.4391143911439115
-0.3505535055350554
-0.6236162361623616
0.10701107011070121
-0.5202952029520296
-0.6974169741697417
-0.3579335793357933
-0.3284132841328413
-0.29151291512915123
0.8154981549815499
-0.16605166051660514
0.5424354243542435
0.09225092250922518
0.22509225092250928
0.859778597785978
0.7638376383763836
0.3505535055350555
0.5867158671586714
-0.21033210332103325
-0.37269372693726943
0.7269372693726939
-0.38745387453874536
-0.21771217712177127
0.38007380073800734
0.18081180811808117
-0.3062730627306274
-0.8671586715867159
-0.7195571955719557
-0.23985239852398532
-0.4464944649446494
-0.2693726937269372
0.20295202952029512
-0.8228782287822878
-0.3136531365313653
-0.6900369003690037
-0.1881918819188192
0.6678966789667897
-0.11439114391143912
-0.8597785977859779
-0.4981549815498155
0.011070110701106861
0.26199261992619927
-0.6088560885608856
-0.011070110701106972
CENT_RANK
-0.5793357933579335
-0.04797047970479695
0.025830258302582898
0.2767527675276751
0.07749077490774892
0.948339483394834
-0.1512915129151292
-0.12177121771217714
0.859778597785978
0.6974169741697416
-0.4833948339483395
-0.33579335793357934
-0.7564575645756457
-1.0
0.3653136531365313
0.24723247232472323
0.37269372693726943
0.7933579335793359
-0.896678966789668
0.6605166051660518
0.8007380073800738
0.9926199261992621
-0.13653136531365306
0.9409594095940959
0.7416974169741697
-0.47601476014760147
0.11439114391143912
-0.7933579335793358
-0.3284132841328413
-0.985239852398524
0.2324723247232472
0.28413284132841343
-0.15867158671586712
0.41697416974169754
-0.18081180811808117
-0.6752767527675276
-0.8892988929889298
0.5350553505535056
-0.24723247232472323
0.29151291512915134
-0.21771217712177127
-0.933579335793358
-0.8376383763837638
-0.23985239852398532
-0.3653136531365314
0.09225092250922518
0.3136531365313653
0.6236162361623616
0.07011070110701101
-0.9040590405904059
-0.0627306273062731
0.845018450184502
-0.2324723247232472
-0.38745387453874536
0.4538745387453873
0.9778597785977861
0.6531365313653135
-0.8302583025830258
-0.4538745387453874
-0.6826568265682657
-0.5645756457564576
-0.38007380073800734
0.4391143911439115
0.4833948339483396
-0.977859778597786
-0.940959409594096
-0.9188191881918819
0.29889298892988925
-0.7785977859778598
0.7490774907749078
-0.5571955719557196
0.14391143911439097
-0.4981549815498155
-0.5129151291512914
0.2693726937269372
0.42435424354243545
0.0627306273062731
-0.8154981549815499
0.5940959409594098
-0.3210332103321033
0.6678966789667897
0.911439114391144
0.4464944649446494
-0.7859778597785978
-0.5276752767527675
-0.4022140221402214
0.7047970479704797
0.933579335793358
-0.0036900369003689537
-0.8597785977859779
0.8302583025830257
-0.5202952029520296
-0.2693726937269372
0.7269372693726939
0.4022140221402213
0.23985239852398532
-0.1881918819188192
-0.3579335793357933
0.12915129151291516
0.17343173431734327
-0.5867158671586716
0.5571955719557196
-0.08487084870848716
0.6826568265682658
-0.6162361623616236
-0.01845018450184499
0.9630996309963098
-0.3136531365313653
-0.4464944649446494
0.5498154981549817
-0.6531365313653137
0.10701107011070121
0.6014760147601477
0.1512915129151291
-0.07749077490774903
-0.46863468634686345
0.7785977859778597
0.04059040590405916
0.7712177121771218
-0.2767527675276753
-0.5719557195571956
0.6752767527675276
0.9557195571955719
0.9188191881918819
-0.09963099630996308
-0.7712177121771218
0.7638376383763836
-0.37269372693726943
0.16605166051660514
-0.41697416974169743
0.8523985239852399
0.4981549815498154
-0.46125461254612554
0.9040590405904059
-0.9704797047970479
-0.4391143911439115
0.011070110701106861
0.3505535055350555
-0.22509225092250917
-0.8523985239852399
-0.7047970479704797
-0.29151291512915123
0.8745387453874538
-0.6309963099630996
-0.8819188191881919
0.7195571955719557
-0.7343173431734318
0.5424354243542435
0.8228782287822878
0.5202952029520294
-0.9261992619926199
0.09963099630996308
0.9704797047970481
0.5867158671586714
0.18081180811808117
-0.7269372693726937
-0.6088560885608856
-0.1955719557195572
0.1955719557195572
-0.6014760147601476
0.38007380073800734
-0.4907749077490775
-0.5055350553505535
-0.040590405904059046
-0.6974169741697417
-0.6457564575645756
-0.14391143911439108
0.5055350553505535
0.8892988929889298
0.3284132841328413
0.3579335793357934
0.5793357933579335
-0.5424354243542435
0.5645756457564575
0.0036900369003689537
0.20295202952029512
-0.02583025830258301
0.8376383763837638
-0.96309963099631
-0.5940959409594095
-0.5498154981549815
0.8819188191881919
-0.34317343173431736
-0.20295202952029512
-0.07011070110701101
0.12177121771217703
-0.7638376383763837
-0.16605166051660514
-0.1070110701107011
0.3210332103321032
0.7859778597785978
-0.6383763837638377
-0.09225092250922506
-0.42435424354243534
-0.2841328413284133
-0.6605166051660516
0.18819188191881908
0.3948339483394834
0.6457564575645756
-0.8007380073800738
0.03321033210332103
0.7343173431734318
-0.8671586715867159
-0.4095940959409594
0.8154981549815499
0.15867158671586723
-0.26199261992619927
-0.43173431734317347
0.3062730627306274
0.21771217712177138
-0.7121771217712176
-0.3948339483394834
-0.955719557195572
0.7564575645756457
-0.992619926199262
-0.05535055350553508
-0.21033210332103325
-0.29889298892988925
0.01845018450184499
0.26199261992619927
-0.3062730627306274
-0.3505535055350554
0.5129151291512914
-0.8081180811808119
0.5719557195571956
0.13653136531365306
0.92619926199262
-0.6678966789667896
-0.8450184501845018
0.6900369003690037
-0.8745387453874539
0.8671586715867159
0.08487084870848705
-0.7416974169741697
0.33579335793357923
0.5276752767527675
0.47601476014760147
0.4095940959409594
0.7121771217712176
0.6088560885608856
1.0
-0.011070110701106972
0.05535055350553497
0.6162361623616237
0.46125461254612543
-0.25461254612546125
-0.03321033210332103
0.38745387453874525
-0.11439114391143912
0.43173431734317336
0.21033210332103303
0.8966789667896677
0.34317343173431736
0.46863468634686356
-0.948339483394834
-0.7195571955719557
-0.12915129151291516
0.22509225092250928
0.6309963099630995
-0.5350553505535055
-0.6900369003690037
0.6383763837638377
-0.9114391143911439
0.25461254612546114
0.047970479704797064
0.4907749077490775
-0.8228782287822878
-0.17343173431734316
-0.6236162361623616
0.985239852398524
-0.7490774907749078
0.8081180811808117
RANK
13
214
29
64
134
178
212
254
65
41
150
66
262
49
18
36
144
230
202
89
139
228
42
57
266
77
223
199
27
83
68
125
186
12
270
233
146
155
255
210
140
164
260
59
35
227
195
110
165
191
143
268
104
156
159
179
100
0
120
60
70
180
172
259
84
91
73
162
72
161
10
25
115
132
58
108
135
207
193
129
203
85
211
53
61
127
44
97
221
182
11
28
79
107
220
217
141
194
119
92
206
245
38
43
52
138
40
216
183
157
96
34
267
187
32
6
166
22
256
7
248
188
124
192
102
114
184
50
215
1
163
246
176
105
241
88
174
136
218
2
200
117
264
242
76
48
4
232
45
151
111
26
185
98
225
71
113
205
128
99
154
196
158
175
250
209
257
30
95
15
263
219
74
3
31
39
67
208
46
189
169
234
252
137
170
14
16
160
247
197
94
237
33
75
249
62
82
54
244
253
236
63
265
131
167
222
149
235
37
147
109
101
173
224
171
153
78
112
239
243
47
258
261
198
56
19
80
121
103
229
9
86
238
145
93
201
24
69
213
126
118
116
190
17
20
271
204
148
90
177
51
130
8
231
142
181
168
251
133
81
123
226
87
23
5
122
106
152
55
269
21
240
