DEGREE
-0.30000000000000004
0.0
0.19999999999999996
-0.5
0.0
0.30000000000000004
-0.09999999999999998
0.10000000000000009
0.7
0.8
0.0
0.7
0.3999999999999999
0.19999999999999996
-0.09999999999999998
-0.30000000000000004
-0.4
0.5
0.30000000000000004
-0.4
0.8
0.7
0.10000000000000009
-0.4
0.5
0.19999999999999996
-0.9
0.30000000000000004
0.7
0.30000000000000004
0.7
0.19999999999999996
0.3999999999999999
0.10000000000000009
0.30000000000000004
0.8999999999999999
-0.30000000000000004
0.0
-0.30000000000000004
0.5
-0.4
-0.5
-0.09999999999999998
-0.09999999999999998
0.6000000000000001
0.3999999999999999
0.0
-0.19999999999999996
-0.5
-0.30000000000000004
0.5
-0.09999999999999998
0.5
-0.9
-0.19999999999999996
0.0
-0.30000000000000004
-0.4
0.8999999999999999
0.0
0.19999999999999996
0.5
0.10000000000000009
0.7
0.5
0.30000000000000004
-0.19999999999999996
-0.5
-0.5
0.5
-0.6
-0.19999999999999996
-0.5
0.6000000000000001
1.0
0.5
0.0
-0.30000000000000004
-0.19999999999999996
0.0
-0.19999999999999996
-0.30000000000000004
0.8
0.0
-0.30000000000000004
0.0
0.10000000000000009
-0.30000000000000004
0.10000000000000009
0.3999999999999999
-0.7
-0.5
-0.6
-0.09999999999999998
-0.19999999999999996
0.6000000000000001
-0.6
0.30000000000000004
0.19999999999999996
0.0
0.0
-0.09999999999999998
0.5
0.19999999999999996
0.19999999999999996
0.30000000000000004
-0.30000000000000004
-0.7
0.10000000000000009
-0.5
0.6000000000000001
0.10000000000000009
0.19999999999999996
0.30000000000000004
-0.19999999999999996
0.6000000000000001
0.30000000000000004
0.7
-1.0
0.0
-0.6
0.3999999999999999
-1.0
0.0
0.19999999999999996
0.6000000000000001
0.6000000000000001
0.3999999999999999
-0.19999999999999996
-0.19999999999999996
0.7
-0.30000000000000004
0.0
0.30000000000000004
-0.30000000000000004
-0.30000000000000004
0.6000000000000001
0.6000000000000001
-0.6
-0.7
-0.5
-0.7
0.7
0.30000000000000004
-0.5
-0.30000000000000004
0.5
-0.19999999999999996
0.0
0.10000000000000009
-0.7
-0.7
-0.09999999999999998
0.30000000000000004
-0.09999999999999998
-0.4
-0.09999999999999998
-0.5
-0.09999999999999998
0.6000000000000001
-0.19999999999999996
-0.30000000000000004
-0.09999999999999998
-0.6
0.8
0.0
-0.6
0.0
-0.8
-0.7
0.0
0.10000000000000009
-0.4
0.3999999999999999
-0.30000000000000004
0.5
0.0
0.6000000000000001
-0.7
0.8999999999999999
0.3999999999999999
-0.09999999999999998
-0.6
0.19999999999999996
0.5
-0.19999999999999996
0.19999999999999996
0.19999999999999996
0.30000000000000004
-0.09999999999999998
0.0
0.30000000000000004
-0.09999999999999998
0.30000000000000004
-0.19999999999999996
0.19999999999999996
-0.30000000000000004
0.30000000000000004
-0.09999999999999998
0.10000000000000009
-0.19999999999999996
0.30000000000000004
0.5
0.30000000000000004
0.5
0.3999999999999999
-0.19999999999999996
EIGENVECTOR
-0.9885556405729973
-0.9890388944182731
-0.6787016675762424
-0.9529729628917223
-0.9926787117673682
-0.8919452961292548
-0.7656114913841311
-0.919807936147116
0.8078978415342812
0.6073736809081278
-0.9890388944182731
0.7514187070965324
-0.9264606743999306
-0.8019887341957678
-0.986718422357509
-0.9936463202777642
-0.8362348559287412
-0.920685422646585
-0.620684376199559
-0.9454354417320524
0.030762082447978623
0.6773317913822621
-0.45235080460764987
-0.774740577089633
-0.9023903276646146
0.14623595519383836
-0.9874603205668746
-0.929346835872109
0.7664589956163677
-0.9675531467848828
0.3243684710207393
-0.28875649994587416
-0.8608281969311511
-0.570296866669182
-0.9060788710196446
0.9354317580184175
-0.8890713165810064
-0.8058372213736764
-0.9912559780505549
-0.8487801577719183
-0.9553705252457282
-0.488658670546411
-0.664523704143386
-0.9877545036341571
-0.8995041661924361
0.621518518000054
-0.9163601291925219
-0.9501240360950912
-0.8983245325750282
-0.94994856702715
-0.9020802093831954
-0.8608673805311668
0.15625000523052912
-0.9874603205668747
-0.8878933780162959
-0.9926787117673682
-0.4855593723620315
-0.9528846191941182
1.0
-0.811755078547675
0.06407443065235618
-0.8884974175848507
-0.3616658273752472
0.62293919608241
-0.9849952936165653
-0.14570079953047022
-0.9907266346301414
-0.6893101328093363
-0.9957363442349355
-0.9023903276646146
-0.9987574028457388
-0.9962275847688103
-0.9672439168230615
0.4826768191782449
-0.9146257184156036
-0.983794740355046
-0.811755078547675
-0.8957947525483217
-0.9660458852436598
-0.9730222127956643
-0.9868829357506259
-0.9351031407069873
0.5853419710850154
-0.9404632240083323
-0.9793090205476935
-0.9478529372905735
-0.9941578021190693
-0.9224721788507623
-0.6577487625969657
-0.9305507020729502
-0.963696629736024
-0.9975118994310957
-0.9723840599029641
-0.9598952806920318
-0.09452569519503151
0.5670784346027749
-0.9997861438403175
-0.3996190348712706
-0.8135865425458446
-0.3772354679580522
-0.9541442187693655
-0.9860524341918658
0.1655779918313527
-0.9893152626386486
-0.9355599549804343
-0.8933256434641283
-0.943051724515914
-0.8624033178633175
0.02897024299525408
-0.9992316105082043
0.5259046365242774
-0.9852794603178424
-0.9422999990870925
-0.9296565715025723
-0.9972367826246364
0.15208350859570396
-0.9248271399015399
0.8367486267778907
-0.987321663455727
-0.6632022937804471
-0.9833929343835366
0.20632103212403674
-0.993485267147463
-0.668002041691408
-0.09659889269381161
0.26578426714687264
0.6316338219713029
-0.8897956716876224
-0.8959260171931482
-0.9632449764239455
0.062218038056689684
-0.9981781325328344
-0.4557633873584853
-0.9228293792376502
-0.9120746364444813
-0.8957947525483215
-0.9281452923806017
0.27787224104815533
-0.973873283969847
-1.0
-0.8983245325750282
-0.9636966297360239
0.7664589956163677
0.3853599529986449
-0.9838612762209359
-0.9981781325328345
-0.9552823274319907
-0.9952041468231323
-0.9747078987084554
-0.1296370094267295
-0.9990271926170853
-0.9849255409120686
-0.7657588834777153
-0.9275286883125781
-0.9947896212093909
-0.7795189311269525
-0.8153779413965137
-0.9961961151075749
-0.5507375519370927
0.7053105727982398
-0.8818622010474868
-0.99731154907118
-0.928995629842391
-0.9949392986600966
0.8343008213525087
-0.23310470004640016
-0.9982652903911513
-0.810237196084028
-0.9830541579630137
-0.5452181665548698
-0.771862013546792
-0.9816884879156518
-0.9796584897293527
-0.763379052292975
-0.9708123242318087
0.3143352564856101
-0.9926787117673682
-0.928779433410835
-0.9975548329724814
0.9729176793587104
0.33442991687983903
-0.9898747613106037
-0.9843311247265251
-0.5644036299389233
-0.945658831286874
-0.9852887668381608
-0.1915946616637373
-0.6195232895739947
-0.6220640719387941
-0.9162788838985663
-0.9018817616042123
-0.992524444068651
-0.9070443184578394
-0.9248271399015399
-0.8878933780162955
-0.9936696791503984
-0.9893251946098326
-0.326412299517561
-0.7130289676594672
-0.9941578021190693
-0.993542505583171
-0.9239113412894275
-0.10560455452689299
-0.8952849648869401
-0.9247072373637268
0.11996517536062279
-0.989955743009696
CENT
0.1167840375586855
-0.8125677139761645
-0.3291897131778525
-0.1600553158867829
-0.3354673495518564
0.1795650226447023
0.5045110199063445
0.06810727377966419
0.7404426559356139
0.7234627275850227
-0.8125677139761645
0.22266615185750993
0.1499934184546532
0.6899136756019988
-0.5292893725992318
-0.8674641994224764
-0.0062947517507276896
0.07612724401327875
-0.326041354510039
-0.8325986453069562
0.7066202885328168
0.489391592521883
0.6954675563475061
0.4010563380281693
0.46444869982282566
0.1966830569214102
-0.9961262007658029
0.1458083389485103
0.2578939340011188
-0.3787105100723863
0.44472142590053587
-0.07023721275018513
0.1167840375586855
-0.16703415380461661
-0.23187979652444934
0.560959507042254
-0.2909836065573769
0.8512864898890551
-0.07760347643849952
0.16683197778218606
-0.5726823628337188
-0.3787105100723863
0.5557610945255409
-0.23187979652444934
0.4793762575452716
0.17531068765534363
-0.28128483128989745
0.24019566500801215
-0.5402604305075736
-0.44427971336792704
0.12502859383680276
-0.6251354279523293
0.8693281709894711
-0.9961262007658029
-0.1600553158867829
-0.3354673495518564
0.9430391191657796
-0.5726823628337188
0.7518398247602944
0.0801510091476696
0.6351851160010462
0.46941189119449556
0.42034114233137543
0.6623667237067268
-0.07392437869274793
0.48437752954508695
-0.5126760563380282
-0.33233170509406296
-0.8866688503111693
0.46444869982282566
-0.9035002091758472
-0.5237726167250182
-0.5320399216490996
0.1838293914429978
0.10040890504316224
0.02074609821088691
0.0801510091476696
-0.7622810030917211
-0.07023721275018513
-0.04419889502762431
-0.5320399216490996
-0.4958717824186498
1.0
-0.338596665766547
-0.11754853444994284
-0.258420085731782
-0.5402604305075736
0.028550535719963355
0.0129767368254472
0.1416330148724516
-0.9785405789420267
-0.9646866707491327
-0.8192788444220308
-0.258420085731782
-0.16354845490855563
0.5661714747415394
-0.8013056882064921
0.4594981053835707
-0.5320399216490996
0.8333953652373209
-0.03291589894131952
-0.5484345395041937
0.49945828819068283
-0.0479432888723067
0.16683197778218606
0.3583627848674249
-0.8281738006629409
-0.5991512847882118
-0.2974164002419425
-0.7292644757433491
0.2183098591549295
-0.5429902696101205
0.056145748209393
-0.051679426060220024
-0.8951123962316947
0.7010364071219775
0.048216655209349035
0.5454047240642297
-0.5965264296230667
0.5871559633027521
-0.3417196728759653
0.6244131455399065
-0.8717568569310602
-0.09587886404389356
-0.013943190918083714
0.5924365088166794
0.2053029923312113
0.1838293914429978
-0.5320399216490996
-0.06654195204155788
0.905870868777019
-0.7100292697570859
-0.04419889502762431
0.06810727377966419
-0.5347852711733538
-0.7622810030917211
0.15839298083583464
0.41550179369819973
-0.5265336092383688
-0.8035658203077816
-0.5402604305075736
-0.9785405789420267
0.2578939340011188
0.1795650226447023
-0.44719338425881494
-0.7100292697570859
-0.33233170509406296
-0.5753514563616555
-0.347946835945249
0.6190485050328396
-0.9726222503560692
-0.561956005697104
0.4496345159564985
-0.22853106097399445
-0.5886226449606731
0.09633867647773875
0.6030392883617497
-0.9242295013946198
-0.13893889653711733
0.22266615185750993
-0.30382293762575463
-0.8972145528256388
0.17106635110309343
-0.8760351936472882
0.5146555005709934
0.7632993583938656
-0.9666753538123349
0.6190485050328396
-0.8237338927180103
-0.3448363899408534
-0.3968763073490449
-0.44427971336792704
-0.3291897131778525
-0.338596665766547
-0.4703000612369871
0.6405925593401043
-0.3354673495518564
0.024643917620718714
-1.0
0.7461334766089724
0.17106635110309343
-0.8281738006629409
-0.5565626403826334
-0.08127453244054494
0.040323481090392965
-0.5042979942693412
0.918189991009889
0.4058594369722721
-0.2485191522969592
-0.4058785089609721
-0.21844273186287544
-0.44136035726554423
0.34900401173998397
0.048216655209349035
-0.1600553158867829
-0.5375254359015281
-0.23855633802816922
0.7632993583938656
0.5045110199063445
-0.5402604305075736
-0.3417196728759653
-0.06283856988082337
0.15418828762045989
0.39626523184048135
0.16260753265194916
0.22703284144004843
-0.5320399216490996
DEGREE_RANK
-0.6213592233009708
-0.13592233009708743
0.18446601941747565
-0.7961165048543689
-0.12621359223300976
0.3203883495145632
-0.2912621359223302
0.07766990291262132
0.8446601941747574
0.9320388349514563
-0.1165048543689321
0.854368932038835
0.5048543689320388
0.1941747572815533
-0.2815533980582524
-0.6116504854368932
-0.6893203883495146
0.5922330097087378
0.33009708737864063
-0.6796116504854368
0.941747572815534
0.8640776699029127
0.08737864077669899
-0.6699029126213591
0.6019417475728155
0.20388349514563098
-0.9805825242718447
0.3398058252427183
0.8737864077669903
0.3495145631067962
0.8834951456310678
0.21359223300970887
0.5145631067961165
0.09708737864077666
0.35922330097087385
0.970873786407767
-0.6019417475728155
-0.10679611650485443
-0.5922330097087378
0.6116504854368932
-0.6601941747572815
-0.7864077669902912
-0.27184466019417475
-0.2621359223300972
0.7378640776699028
0.5242718446601942
-0.09708737864077666
-0.44660194174757284
-0.7766990291262136
-0.5825242718446602
0.621359223300971
-0.2524271844660194
0.6310679611650485
-0.970873786407767
-0.4368932038834952
-0.0873786407766991
-0.5728155339805825
-0.6504854368932038
0.9805825242718447
-0.07766990291262132
0.2233009708737863
0.6407766990291262
0.10679611650485432
0.8932038834951457
0.6504854368932038
0.3689320388349515
-0.4271844660194175
-0.7669902912621359
-0.7572815533980582
0.6601941747572817
-0.8737864077669903
-0.41747572815533984
-0.7475728155339806
0.7475728155339805
1.0
0.6699029126213594
-0.06796116504854366
-0.5631067961165048
-0.4077669902912622
-0.058252427184466105
-0.3980582524271845
-0.5533980582524272
0.9514563106796117
-0.04854368932038833
-0.5436893203883495
-0.03883495145631077
0.11650485436893221
-0.5339805825242718
0.12621359223300965
0.5339805825242718
-0.9514563106796117
-0.7378640776699029
-0.8640776699029126
-0.24271844660194186
-0.38834951456310685
0.7572815533980584
-0.8543689320388349
0.37864077669902896
0.23300970873786397
-0.029126213592232997
-0.01941747572815533
-0.23300970873786409
0.6796116504854368
0.24271844660194164
0.2524271844660195
0.38834951456310685
-0.5242718446601942
-0.941747572815534
0.13592233009708732
-0.7281553398058251
0.766990291262136
0.14563106796116498
0.2621359223300972
0.3980582524271845
-0.3786407766990292
0.7766990291262135
0.4077669902912622
0.9029126213592233
-1.0
-0.009708737864077666
-0.8446601941747572
0.5436893203883495
-0.9902912621359223
0.0
0.27184466019417464
0.7864077669902911
0.796116504854369
0.5533980582524272
-0.3689320388349515
-0.35922330097087385
0.912621359223301
-0.5145631067961165
0.009708737864077666
0.41747572815533984
-0.5048543689320388
-0.49514563106796117
0.8058252427184467
0.8155339805825244
-0.8349514563106796
-0.9320388349514563
-0.7184466019417475
-0.9223300970873787
0.9223300970873787
0.4271844660194173
-0.7087378640776698
-0.4854368932038835
0.6893203883495145
-0.3495145631067961
0.01941747572815533
0.15533980582524265
-0.912621359223301
-0.9029126213592233
-0.22330097087378642
0.4368932038834952
-0.21359223300970875
-0.6407766990291262
-0.2038834951456311
-0.6990291262135923
-0.19417475728155342
0.8252427184466018
-0.3398058252427185
-0.47572815533980584
-0.18446601941747576
-0.8252427184466019
0.9611650485436893
0.029126213592232997
-0.8155339805825242
0.03883495145631066
-0.9611650485436893
-0.8932038834951457
0.04854368932038833
0.16504854368932054
-0.6310679611650485
0.5631067961165048
-0.4660194174757283
0.6990291262135921
0.058252427184465994
0.8349514563106795
-0.883495145631068
0.9902912621359223
0.5728155339805827
-0.1747572815533981
-0.8058252427184466
0.2815533980582523
0.70873786407767
-0.33009708737864085
0.29126213592232997
0.30097087378640786
0.44660194174757284
-0.16504854368932043
0.06796116504854366
0.4563106796116505
-0.15533980582524276
0.46601941747572817
-0.3203883495145631
0.3106796116504855
-0.4563106796116505
0.4757281553398056
-0.14563106796116498
0.17475728155339798
-0.3106796116504855
0.4854368932038835
0.7184466019417477
0.49514563106796117
0.7281553398058251
0.5825242718446602
-0.30097087378640774
EIGENVECTOR_RANK
-0.6504854368932038
-0.6601941747572815
0.3980582524271845
-0.3106796116504855
-0.7572815533980582
0.13592233009708732
0.35922330097087385
-0.04854368932038833
0.9514563106796117
0.8640776699029127
-0.6699029126213591
0.9223300970873787
-0.12621359223300976
0.3106796116504855
-0.5922330097087378
-0.7961165048543689
0.24271844660194164
-0.058252427184466105
0.4563106796116505
-0.2524271844660194
0.6796116504854368
0.9029126213592233
0.5436893203883495
0.33009708737864063
0.01941747572815533
0.7184466019417477
-0.6310679611650485
-0.1747572815533981
0.9320388349514563
-0.4077669902912622
0.796116504854369
0.5922330097087378
0.2233009708737863
0.4757281553398056
0.009708737864077666
0.9805825242718447
0.15533980582524265
0.30097087378640786
-0.7281553398058251
0.23300970873786397
-0.3398058252427185
0.5145631067961165
0.41747572815533984
-0.6407766990291262
0.058252427184465994
0.8737864077669903
-0.03883495145631077
-0.2912621359223302
0.07766990291262132
-0.2815533980582524
0.03883495145631066
0.21359223300970887
0.7378640776699028
-0.6213592233009708
0.17475728155339798
-0.7475728155339806
0.5242718446601942
-0.30097087378640774
1.0
0.27184466019417464
0.6990291262135921
0.16504854368932054
0.5728155339805827
0.8834951456310678
-0.5533980582524272
0.621359223300971
-0.7184466019417475
0.38834951456310685
-0.8640776699029126
0.029126213592232997
-0.9611650485436893
-0.883495145631068
-0.3980582524271845
0.8252427184466018
-0.01941747572815533
-0.5145631067961165
0.2815533980582523
0.10679611650485432
-0.38834951456310685
-0.4368932038834952
-0.6019417475728155
-0.2038834951456311
0.854368932038835
-0.22330097087378642
-0.4660194174757283
-0.27184466019417475
-0.8252427184466019
-0.06796116504854366
0.4368932038834952
-0.19417475728155342
-0.3689320388349515
-0.912621359223301
-0.4271844660194175
-0.3495145631067961
0.6601941747572817
0.8446601941747574
-0.9902912621359223
0.5533980582524272
0.2621359223300972
0.5631067961165048
-0.3203883495145631
-0.5825242718446602
0.7475728155339805
-0.6796116504854368
-0.21359223300970875
0.12621359223300965
-0.24271844660194186
0.20388349514563098
0.6699029126213594
-0.9805825242718447
0.8349514563106795
-0.5631067961165048
-0.23300970873786409
-0.18446601941747576
-0.8932038834951457
0.7281553398058251
-0.1165048543689321
0.970873786407767
-0.6116504854368932
0.4271844660194173
-0.5048543689320388
0.7572815533980584
-0.7766990291262136
0.4077669902912622
0.6504854368932038
0.766990291262136
0.8932038834951457
0.14563106796116498
0.08737864077669899
-0.35922330097087385
0.6893203883495145
-0.941747572815534
0.5339805825242718
-0.07766990291262132
-0.009708737864077666
0.09708737864077666
-0.14563106796116498
0.7766990291262135
-0.44660194174757284
-1.0
0.06796116504854366
-0.3786407766990292
0.941747572815534
0.8155339805825244
-0.5242718446601942
-0.9320388349514563
-0.33009708737864085
-0.8543689320388349
-0.4563106796116505
0.6310679611650485
-0.970873786407767
-0.5436893203883495
0.3495145631067962
-0.13592233009708743
-0.8349514563106796
0.3203883495145632
0.2524271844660195
-0.8737864077669903
0.49514563106796117
0.912621359223301
0.1941747572815533
-0.9029126213592233
-0.16504854368932043
-0.8446601941747572
0.9611650485436893
0.6019417475728155
-0.9514563106796117
0.29126213592232997
-0.49514563106796117
0.5048543689320388
0.3398058252427183
-0.4854368932038835
-0.47572815533980584
0.3689320388349515
-0.41747572815533984
0.7864077669902911
-0.7669902912621359
-0.15533980582524276
-0.9223300970873787
0.9902912621359223
0.8058252427184467
-0.6990291262135923
-0.5339805825242718
0.4854368932038835
-0.2621359223300972
-0.5728155339805825
0.6116504854368932
0.46601941747572817
0.44660194174757284
-0.029126213592232997
0.04854368932038833
-0.7378640776699029
0.0
-0.10679611650485443
0.18446601941747565
-0.8058252427184466
-0.6893203883495146
0.5825242718446602
0.37864077669902896
-0.8155339805825242
-0.7864077669902912
-0.0873786407766991
0.6407766990291262
0.11650485436893221
-0.09708737864077666
0.70873786407767
-0.7087378640776698
CENT_RANK
0.2621359223300972
-0.7961165048543689
-0.24271844660194186
-0.07766990291262132
-0.2912621359223302
0.3980582524271845
0.6893203883495145
0.1941747572815533
0.8932038834951457
0.8834951456310678
-0.7864077669902912
0.46601941747572817
0.3106796116504855
0.8446601941747574
-0.49514563106796117
-0.8543689320388349
0.10679611650485432
0.21359223300970887
-0.22330097087378642
-0.8446601941747572
0.8737864077669903
0.6699029126213594
0.854368932038835
0.5533980582524272
0.621359223300971
0.4368932038834952
-0.9902912621359223
0.30097087378640786
0.5048543689320388
-0.3689320388349515
0.5922330097087378
0.009708737864077666
0.27184466019417464
-0.09708737864077666
-0.13592233009708743
0.7378640776699028
-0.19417475728155342
0.9514563106796117
-0.009708737864077666
0.3495145631067962
-0.6601941747572815
-0.35922330097087385
0.7281553398058251
-0.12621359223300976
0.6504854368932038
0.38834951456310685
-0.18446601941747576
0.49514563106796117
-0.6019417475728155
-0.41747572815533984
0.2815533980582523
-0.7087378640776698
0.9611650485436893
-0.9805825242718447
-0.06796116504854366
-0.2815533980582524
0.9902912621359223
-0.6504854368932038
0.912621359223301
0.2233009708737863
0.8155339805825244
0.6407766990291262
0.5825242718446602
0.8349514563106795
0.0
0.6601941747572817
-0.4660194174757283
-0.2621359223300972
-0.883495145631068
0.6310679611650485
-0.912621359223301
-0.47572815533980584
-0.5436893203883495
0.41747572815533984
0.2524271844660195
0.12621359223300965
0.23300970873786397
-0.7572815533980582
0.01941747572815533
0.06796116504854366
-0.5339805825242718
-0.44660194174757284
1.0
-0.3106796116504855
-0.03883495145631077
-0.1747572815533981
-0.5922330097087378
0.14563106796116498
0.11650485436893221
0.29126213592232997
-0.970873786407767
-0.9320388349514563
-0.8058252427184466
-0.16504854368932043
-0.0873786407766991
0.7475728155339805
-0.7669902912621359
0.6116504854368932
-0.5242718446601942
0.941747572815534
0.08737864077669899
-0.6213592233009708
0.6796116504854368
0.058252427184465994
0.35922330097087385
0.5339805825242718
-0.8349514563106796
-0.6990291262135923
-0.2038834951456311
-0.7378640776699029
0.4563106796116505
-0.6116504854368932
0.18446601941747565
0.04854368932038833
-0.8932038834951457
0.8640776699029127
0.16504854368932054
0.7184466019417477
-0.6893203883495146
0.7572815533980584
-0.33009708737864085
0.8058252427184467
-0.8640776699029126
-0.029126213592232997
0.09708737864077666
0.766990291262136
0.44660194174757284
0.4271844660194173
-0.5145631067961165
0.029126213592232997
0.970873786407767
-0.7281553398058251
0.07766990291262132
0.20388349514563098
-0.5533980582524272
-0.7475728155339806
0.33009708737864063
0.5728155339805827
-0.4854368932038835
-0.7766990291262136
-0.5825242718446602
-0.9611650485436893
0.5145631067961165
0.4077669902912622
-0.4271844660194175
-0.7184466019417475
-0.2524271844660194
-0.6699029126213591
-0.3495145631067961
0.7864077669902911
-0.9514563106796117
-0.6407766990291262
0.6019417475728155
-0.1165048543689321
-0.6796116504854368
0.24271844660194164
0.7766990291262135
-0.9223300970873787
-0.04854368932038833
0.4757281553398056
-0.21359223300970875
-0.9029126213592233
0.3689320388349515
-0.8737864077669903
0.70873786407767
0.9223300970873787
-0.941747572815534
0.796116504854369
-0.8155339805825242
-0.3398058252427185
-0.3786407766990292
-0.4077669902912622
-0.23300970873786409
-0.30097087378640774
-0.4368932038834952
0.8252427184466018
-0.27184466019417475
0.13592233009708732
-1.0
0.9029126213592233
0.37864077669902896
-0.8252427184466019
-0.6310679611650485
-0.01941747572815533
0.15533980582524265
-0.4563106796116505
0.9805825242718447
0.5631067961165048
-0.15533980582524276
-0.38834951456310685
-0.10679611650485443
-0.3980582524271845
0.5242718446601942
0.17475728155339798
-0.058252427184466105
-0.5631067961165048
-0.14563106796116498
0.9320388349514563
0.6990291262135921
-0.5728155339805825
-0.3203883495145631
0.03883495145631066
0.3203883495145632
0.5436893203883495
0.3398058252427183
0.4854368932038835
-0.5048543689320388
RANK
178
26
53
90
141
150
166
91
157
70
161
114
68
163
122
15
19
106
181
168
92
1
10
139
96
77
135
109
131
145
51
107
118
154
147
40
57
151
182
101
111
48
86
140
199
195
134
72
80
98
128
206
14
138
71
66
185
81
174
144
49
171
191
189
170
29
41
148
169
120
200
83
173
4
55
176
67
146
2
172
18
160
108
36
46
85
93
188
196
34
43
153
190
33
94
3
54
194
158
84
123
183
38
64
31
78
129
201
113
103
79
132
100
124
16
88
75
177
87
184
116
193
112
7
133
17
59
76
155
74
0
32
50
89
27
12
202
136
204
39
104
162
180
45
5
143
73
127
25
126
110
11
159
205
47
28
142
192
105
203
23
187
137
62
30
152
97
24
69
61
44
65
21
102
6
198
164
117
42
35
95
119
125
156
149
167
121
60
175
63
13
22
115
20
9
8
179
58
165
197
99
37
52
130
186
56
82
