DEGREE
0.8333333333333333
0.16666666666666674
0.0
-0.33333333333333337
0.0
-0.16666666666666663
-0.5
-0.8333333333333334
-0.16666666666666663
-0.16666666666666663
0.6666666666666667
-0.6666666666666667
-0.33333333333333337
0.16666666666666674
0.0
0.0
-0.5
-0.33333333333333337
-0.33333333333333337
0.0
-0.5
-0.33333333333333337
-0.8333333333333334
-0.33333333333333337
-1.0
-0.5
0.0
0.16666666666666674
0.0
-0.5
0.0
-0.33333333333333337
0.0
0.33333333333333326
0.5
0.33333333333333326
-0.33333333333333337
-0.16666666666666663
-0.16666666666666663
-0.33333333333333337
-0.5
0.16666666666666674
-0.33333333333333337
0.6666666666666667
-0.16666666666666663
0.33333333333333326
-0.16666666666666663
0.0
0.6666666666666667
1.0
0.16666666666666674
-0.5
-0.33333333333333337
-0.16666666666666663
0.5
0.16666666666666674
0.0
-0.16666666666666663
-0.5
0.33333333333333326
-0.33333333333333337
0.0
-0.8333333333333334
-0.16666666666666663
-0.33333333333333337
0.0
0.33333333333333326
-0.6666666666666667
0.5
-0.5
-0.5
0.6666666666666667
0.0
-0.6666666666666667
0.0
-0.16666666666666663
-0.16666666666666663
0.0
-0.16666666666666663
-0.16666666666666663
-0.33333333333333337
-0.33333333333333337
-0.33333333333333337
-0.16666666666666663
-0.6666666666666667
-0.8333333333333334
0.0
-0.6666666666666667
-0.16666666666666663
0.16666666666666674
0.33333333333333326
-0.33333333333333337
0.5
-0.16666666666666663
0.0
-0.33333333333333337
0.0
0.16666666666666674
-0.5
0.0
0.0
-0.5
-0.6666666666666667
-0.33333333333333337
-0.5
0.16666666666666674
0.33333333333333326
0.16666666666666674
0.5
0.16666666666666674
-0.5
-0.16666666666666663
0.0
-0.6666666666666667
0.33333333333333326
-0.5
0.16666666666666674
0.5
-0.33333333333333337
-0.5
-0.5
-0.33333333333333337
0.16666666666666674
-0.6666666666666667
0.0
0.6666666666666667
-0.33333333333333337
-0.16666666666666663
0.0
-0.5
-0.6666666666666667
-0.33333333333333337
-0.16666666666666663
-0.5
0.16666666666666674
-0.33333333333333337
-0.33333333333333337
0.6666666666666667
0.0
-0.33333333333333337
0.33333333333333326
0.0
-0.6666666666666667
-0.16666666666666663
0.0
-0.33333333333333337
-0.5
0.0
-0.5
-0.33333333333333337
-0.33333333333333337
0.5
-0.5
-0.6666666666666667
-0.33333333333333337
-0.33333333333333337
-0.6666666666666667
-0.5
-0.6666666666666667
-0.16666666666666663
-0.5
-0.16666666666666663
0.8333333333333333
0.16666666666666674
0.16666666666666674
0.33333333333333326
-0.33333333333333337
0.16666666666666674
-0.6666666666666667
-0.8333333333333334
-1.0
-0.33333333333333337
-0.33333333333333337
0.16666666666666674
-0.16666666666666663
0.0
0.33333333333333326
0.33333333333333326
0.16666666666666674
0.8333333333333333
-0.6666666666666667
-1.0
-0.6666666666666667
-0.6666666666666667
0.33333333333333326
0.5
-0.16666666666666663
-0.5
-0.33333333333333337
-0.16666666666666663
-0.33333333333333337
0.33333333333333326
0.16666666666666674
0.33333333333333326
0.16666666666666674
0.0
0.33333333333333326
-0.6666666666666667
0.16666666666666674
EIGENVECTOR
1.0
-0.9997402525820775
-0.9999886327712987
-0.9999953542442613
-0.9999747855458343
-0.9999982051779888
-0.9982227911673611
-0.9999978910642787
-0.9999999923889495
-0.7315347246001864
-0.9995805233653386
-0.9999998655653709
-0.99999988442834
0.03866225362568354
-0.9999869963111377
-0.9999745662902667
-0.9999999977888075
-0.9999215343533325
-0.9999999916324648
-0.9998790370532542
-0.9999999941047203
-0.9999971006469318
-0.9991674334705857
-0.999950974088657
-0.9998064863682536
-0.9999952683743346
-0.9989790135797263
-0.999999970995549
-0.9997369524059542
-0.9226678853885071
-0.9119091907522628
-0.9999999997274621
-0.9991228938845026
-0.9967484364437501
0.7756450438692204
-0.9999997708007943
-0.9999900940684043
-0.999808810935556
-0.9936233182983277
-0.9935046999657944
-0.999998307479422
-0.9994950841514476
-0.9999999997274621
0.7357745223430474
-0.40601269335995827
-0.9995960048152646
-0.7166028275697381
-0.24117274952957346
0.8460194627727504
-0.9999999302562864
-0.850109624904886
-0.999988812351712
-0.632604971561533
-0.999999997679277
-0.9994443212799011
-0.9999999317922657
-0.9999999652255863
-0.9999997811128449
-0.7996244488660476
-0.9999863387598246
-0.9999752080968489
-0.9996477810597114
-0.9991674334705857
-0.9884188115556286
-0.7371919880138527
-0.9999912209019928
-0.9988874119996092
-0.9932115166788955
0.5114073421680421
-0.9999991220347981
-0.999576140044307
0.799935572599735
-0.9968153896687477
-0.9999999576875319
-0.999799045577106
-0.9628400160227835
-0.9999998587031785
-0.9999999845205422
-0.9884188115556287
-0.9998897697845984
-0.9999893116737939
-0.632604971561533
-0.9999923203188253
-0.8927028309168105
-0.8426945560791845
-0.9999999956208236
-0.41134300371850796
-0.9543774590304966
-0.3401186656827514
-0.9999999703880874
0.668522794656585
-0.9999999291833943
0.7954116211920923
-0.6780312022299919
-0.9979669206660995
-0.9999999179926172
-0.9999999693191809
-0.999999934795101
-0.9943599651692933
-0.9975974574054044
-0.9998675515079917
-0.999918874897901
-0.9999982370533976
-0.9998733222403439
-0.9861800657184718
-0.9999999317922658
0.08768481799057581
-0.999202950302277
-0.9999999462732615
-0.9998233240499097
-0.8982070662255974
-0.9999876107308012
-0.9999825492238212
-0.9999997784066679
-0.9999999599075323
-0.9999999999999999
-0.9997443186811441
-0.0007817031743319047
-0.988732452672338
-0.9982286340042931
-1.0
-0.9999706723794095
-0.8686265410551712
-0.9990558416142957
-0.9999999338559967
0.563468783237733
-0.9998689585679823
-0.9985949376562385
-0.6735379987029388
-0.9999948349225741
-0.9999999796016048
-0.9999191184532741
-0.9998067178829294
-0.9999985251956717
-0.9929723771294443
-0.9993592577352088
-0.9999706723794095
-0.9999999373194789
-0.9999998536691681
-0.9999893227024953
-0.9995891367208645
-0.9425579698407667
-0.9999986910254202
-0.9224765113123357
-0.9999480026618349
-0.9999858565811062
-0.9999983109123558
-0.9999088373683815
-0.9999999962323857
-0.988732452672338
-0.9997657320688029
-0.999999970028834
-0.9997471600837997
-0.999965116406323
-0.999999954908766
-0.9985490315183654
-0.999999865565371
-0.9999999797594573
-0.9999973830828682
-0.9999995058056651
-0.9999999920582888
-0.9994931662182056
-0.999999946561728
-0.9999998396985762
-0.9999738098907345
-0.9999994635642101
-0.9999996511087175
-0.9999935383673414
-0.9999973830828682
-0.9840926118486535
-0.9999999988042557
-0.988732452672338
-0.9999999735498186
-0.2762569985991197
-0.9999937538608731
-0.9999998536691681
-0.9999999589875594
-0.5605219152093881
-0.9999999640014685
0.2883882780723308
-0.9395255396250864
-0.9999998159697497
-0.8426945560791845
-0.9561818218172523
-0.9994633653173887
-0.9994735009034813
-0.9224765113123357
-0.9999937619366861
-0.9999999849409473
-0.9984484781048601
-0.9999870867278057
-0.9999828559135262
-0.8686265410551712
0.2454579471386502
0.03866225362568332
-0.9999912209019928
-0.9999999545218323
-0.7333472648589191
-0.868626541055171
CENT
-0.7326434826116078
-0.843063853090295
-0.8490344967955645
-0.9831032389631319
-0.8945093194767897
-0.42029945183637607
-0.7697332122817089
-1.0
-0.9938678719360673
-0.6279352287840453
-0.5328908643058655
-0.9870178474875063
-0.9886936960127616
-0.8452628964153726
-0.9640659651412068
-0.9141086159095572
-0.9520120952331507
-0.8112730149637131
-0.9870424654858447
-0.6399827368534949
-0.9946137979168992
-0.8244224781567073
-1.0
-0.6462299995894681
-1.0
-0.9768374893282225
-0.8123660121005769
-0.9612508405821051
-0.884873039736166
-0.7918999365943012
-0.9981081714321755
-0.9998342386709262
-0.7933946996361017
-0.8086754002234516
-0.8973339930582114
-0.9436867668577714
-1.0
-0.9033869844188739
-0.8369023712268312
-0.9824292324995196
0.25315564779751654
-0.7824729873657599
-0.9998342386709262
-0.9523117567189854
-0.9926840119158211
0.03046968184111698
-0.9402745148257612
-0.9546598528350946
-0.8015769136787433
-0.6599082432128638
-0.9445282994316249
-0.921981547842599
-0.9614884729756092
-0.8558705243703782
-0.6139854808593845
-0.7692020107045663
-0.8996631584967492
0.21898331226539036
-0.791241318729927
-0.9379900392130337
-0.937734885544566
-0.8822776652386409
-1.0
-0.689795275652519
-0.9854645441218362
-0.931281455972812
-0.6335472433159697
-0.9025323385046377
-0.9684452117722853
-0.9061024621450011
-0.8410726110004556
-0.6744427862799944
-0.30110498181811896
-0.9970411602760336
-0.9069199164949497
-0.01672303395589214
-0.6545786263100928
-0.9240139507942852
-0.689795275652519
-0.9486406530125779
0.1896276184300032
-0.9614884729756092
-0.9641748616788238
-0.9843455987519272
-0.5354134796797003
-1.0
-0.9110422449945805
-0.8977568554264764
-0.9722070489611409
-0.9389184348877272
-0.9601218206770586
-0.9999378395015973
-0.8868767633699062
-0.852415409940647
-0.7134580368039305
-0.9998328573265173
-0.9720833344673057
-0.8243157977114492
-0.9861545876541998
-0.8959102146889848
-0.5469792009774812
-0.6456470523362192
-0.948634373135462
-0.9384200526100961
-0.700677940827303
-0.7692020107045663
-0.9074259759150468
-0.7132344521555934
-0.848225251731328
-0.7423824385584534
-0.9537254011871423
-0.9999502716012779
-0.8101378924750184
-0.9708651745386663
-0.9700391958955916
-1.0
-0.8173262605008011
-0.852477041376992
-1.0
-0.8842586548799234
-1.0
-0.9544668303251514
-0.9587774208007989
-0.9915525817798695
-0.7916170864285635
-0.8354654286335459
-0.6426517387234222
-0.8393622688355631
-0.7152410044399129
-0.9983127864719279
-1.0
1.0
-0.8381000546790818
-0.7358510621814555
-0.1820591967303028
-0.9264537412862709
-0.9544668303251514
-0.8179424317103783
-0.9802816335844828
-0.23198115609099546
-0.11861722938548891
-0.44674676346466546
-0.999484955870378
-1.0
-0.6303939418144849
-0.9195975149447084
-0.9510175272587081
-0.7716329042960183
-0.9997513580063894
-1.0
-0.7475064081959677
-0.821883444639523
-0.7505675848594218
-0.6626306244557802
-0.8257422145190835
-0.5742029643928003
-0.9870178474875063
-0.7135644233605677
-1.0
-0.7249945764373575
-0.999867390936741
0.3107007980729868
-0.9116174299042897
-0.973624934877763
-0.8727960724613922
-0.7145008404856492
-0.8419361282643489
-0.8277564829012156
-1.0
-1.0
-1.0
-1.0
-0.9781818215676702
-0.7987895724231238
-0.9974622430275724
-0.9802816335844828
-0.9488632021901443
-0.5208316323814579
-0.9710885781277164
-0.6230905199911039
-0.8545444337377883
-1.0
-0.5354134796797003
-0.9961085000900509
-0.5198047502231065
-0.7461852348237172
-1.0
-0.9717148526981354
-0.9879450073431119
-0.5580030054801779
-0.9428223358684957
-0.7727545984095348
-0.9587774208007989
0.08775094650067072
-0.8452628964153726
-0.931281455972812
-0.9809379467036483
-0.9976498318083151
-0.9587774208007989
DEGREE_RANK
0.9696969696969697
0.4444444444444444
0.14141414141414144
-0.48484848484848486
0.15151515151515138
-0.12121212121212122
-0.7373737373737373
-0.9696969696969697
-0.11111111111111116
-0.101010101010101
0.9090909090909092
-0.9191919191919192
-0.4747474747474748
0.4545454545454546
0.16161616161616155
0.1717171717171717
-0.7272727272727273
-0.46464646464646464
-0.4545454545454546
0.18181818181818188
-0.7171717171717171
-0.44444444444444453
-0.9595959595959596
-0.43434343434343436
-1.0
-0.7070707070707071
0.19191919191919204
0.46464646464646453
0.202020202020202
-0.696969696969697
0.21212121212121193
-0.4242424242424243
0.2222222222222221
0.6666666666666665
0.8282828282828283
0.6767676767676767
-0.41414141414141414
-0.09090909090909094
-0.08080808080808077
-0.4040404040404041
-0.6868686868686869
0.4747474747474747
-0.39393939393939403
0.9191919191919193
-0.07070707070707072
0.6868686868686869
-0.06060606060606066
0.23232323232323226
0.9292929292929293
1.0
0.48484848484848486
-0.6767676767676767
-0.38383838383838387
-0.0505050505050505
0.8383838383838385
0.49494949494949503
0.24242424242424243
-0.04040404040404044
-0.6666666666666667
0.696969696969697
-0.3737373737373738
0.2525252525252526
-0.9494949494949495
-0.030303030303030276
-0.36363636363636365
0.26262626262626254
0.7070707070707072
-0.9090909090909091
0.8484848484848484
-0.6565656565656566
-0.6464646464646464
0.9393939393939394
0.2727272727272727
-0.898989898989899
0.2828282828282829
-0.02020202020202022
-0.010101010101010166
0.29292929292929304
-1.1102230246251565e-16
0.010101010101009944
-0.3535353535353535
-0.3434343434343434
-0.33333333333333337
0.02020202020202011
-0.8888888888888888
-0.9393939393939394
0.3030303030303032
-0.8787878787878788
0.030303030303030276
0.5050505050505052
0.7171717171717171
-0.3232323232323233
0.8585858585858586
0.04040404040404044
0.31313131313131315
-0.31313131313131315
0.3232323232323231
0.5151515151515151
-0.6363636363636364
0.33333333333333326
0.3434343434343434
-0.6262626262626263
-0.8686868686868687
-0.303030303030303
-0.6161616161616161
0.5252525252525253
0.7272727272727273
0.5353535353535352
0.8686868686868687
0.5454545454545454
-0.606060606060606
0.050505050505050386
0.3535353535353536
-0.8585858585858586
0.7373737373737372
-0.5959595959595959
0.5555555555555556
0.8787878787878787
-0.29292929292929293
-0.5858585858585859
-0.5757575757575757
-0.2828282828282829
0.5656565656565655
-0.8484848484848485
0.36363636363636354
0.9494949494949494
-0.2727272727272728
0.06060606060606055
0.3737373737373737
-0.5656565656565656
-0.8383838383838383
-0.26262626262626265
0.07070707070707072
-0.5555555555555556
0.5757575757575757
-0.2525252525252525
-0.24242424242424243
0.9595959595959596
0.38383838383838387
-0.23232323232323238
0.7474747474747474
0.39393939393939403
-0.8282828282828283
0.08080808080808088
0.4040404040404042
-0.22222222222222232
-0.5454545454545454
0.41414141414141414
-0.5353535353535354
-0.21212121212121215
-0.202020202020202
0.8888888888888888
-0.5252525252525253
-0.8181818181818181
-0.19191919191919193
-0.18181818181818188
-0.8080808080808081
-0.5151515151515151
-0.797979797979798
0.09090909090909105
-0.5050505050505051
0.101010101010101
0.9797979797979797
0.5858585858585859
0.595959595959596
0.7575757575757576
-0.17171717171717182
0.6060606060606062
-0.7878787878787878
-0.9292929292929293
-0.98989898989899
-0.16161616161616166
-0.1515151515151515
0.6161616161616161
0.11111111111111094
0.4242424242424241
0.7676767676767677
0.7777777777777777
0.6262626262626263
0.9898989898989898
-0.7777777777777778
-0.9797979797979798
-0.7676767676767677
-0.7575757575757576
0.7878787878787878
0.898989898989899
0.1212121212121211
-0.49494949494949503
-0.14141414141414144
0.13131313131313127
-0.13131313131313138
0.797979797979798
0.6363636363636362
0.8080808080808082
0.6464646464646464
0.43434343434343425
0.8181818181818183
-0.7474747474747474
0.6565656565656566
EIGENVECTOR_RANK
1.0
0.1212121212121211
-0.22222222222222232
-0.3535353535353535
-0.13131313131313138
-0.4040404040404041
0.36363636363636354
-0.39393939393939403
-0.898989898989899
0.7373737373737372
0.1717171717171717
-0.5858585858585859
-0.606060606060606
0.8686868686868687
-0.19191919191919193
-0.12121212121212122
-0.9494949494949495
-0.0505050505050505
-0.8787878787878788
-1.1102230246251565e-16
-0.9090909090909091
-0.36363636363636365
0.26262626262626254
-0.07070707070707072
0.07070707070707072
-0.3434343434343434
0.3030303030303032
-0.8181818181818181
0.13131313131313127
0.5858585858585859
0.6161616161616161
-0.9797979797979798
0.2828282828282829
0.4040404040404042
0.9595959595959596
-0.5050505050505051
-0.26262626262626265
0.050505050505050386
0.4242424242424241
0.43434343434343425
-0.4242424242424243
0.19191919191919204
-0.9696969696969697
0.9494949494949494
0.8181818181818183
0.15151515151515138
0.7474747474747474
0.8484848484848484
0.9898989898989898
-0.6363636363636364
0.6767676767676767
-0.23232323232323238
0.7878787878787878
-0.9393939393939394
0.23232323232323226
-0.6464646464646464
-0.7777777777777778
-0.5252525252525253
0.7070707070707072
-0.18181818181818188
-0.14141414141414144
0.14141414141414144
0.2727272727272727
0.5050505050505052
0.7171717171717171
-0.2727272727272728
0.31313131313131315
0.4444444444444444
0.9191919191919193
-0.46464646464646464
0.18181818181818188
0.9797979797979797
0.39393939393939403
-0.7373737373737373
0.08080808080808088
0.5353535353535352
-0.5757575757575757
-0.8585858585858586
0.49494949494949503
-0.010101010101010166
-0.24242424242424243
0.7777777777777777
-0.29292929292929293
0.6363636363636362
0.6868686868686869
-0.9191919191919192
0.8080808080808082
0.5555555555555556
0.8282828282828283
-0.8080808080808081
0.9393939393939394
-0.6262626262626263
0.9696969696969697
0.7575757575757576
0.3737373737373737
-0.6161616161616161
-0.7878787878787878
-0.6767676767676767
0.41414141414141414
0.38383838383838387
0.030303030303030276
-0.030303030303030276
-0.41414141414141414
0.010101010101009944
0.5151515151515151
-0.6565656565656566
0.8888888888888888
0.2525252525252526
-0.696969696969697
0.04040404040404044
0.6262626262626263
-0.21212121212121215
-0.1515151515151515
-0.5151515151515151
-0.7575757575757576
-1.0
0.11111111111111094
0.8585858585858586
0.46464646464646453
0.3535353535353536
-0.98989898989899
-0.101010101010101
0.6666666666666665
0.29292929292929304
-0.6666666666666667
0.9292929292929293
0.02020202020202011
0.3232323232323231
0.7676767676767677
-0.33333333333333337
-0.8383838383838383
-0.04040404040404044
0.06060606060606055
-0.44444444444444453
0.4545454545454546
0.24242424242424243
-0.09090909090909094
-0.6868686868686869
-0.5555555555555556
-0.2525252525252525
0.16161616161616155
0.5656565656565655
-0.4545454545454546
0.595959595959596
-0.06060606060606066
-0.17171717171717182
-0.43434343434343436
-0.02020202020202022
-0.9292929292929293
0.48484848484848486
0.09090909090909105
-0.797979797979798
0.101010101010101
-0.08080808080808077
-0.7272727272727273
0.33333333333333326
-0.5959595959595959
-0.8484848484848485
-0.3737373737373738
-0.48484848484848486
-0.8888888888888888
0.202020202020202
-0.7070707070707071
-0.5454545454545454
-0.11111111111111116
-0.4747474747474748
-0.49494949494949503
-0.303030303030303
-0.38383838383838387
0.5252525252525253
-0.9595959595959596
0.4747474747474747
-0.8282828282828283
0.8383838383838385
-0.31313131313131315
-0.5656565656565656
-0.7474747474747474
0.797979797979798
-0.7676767676767677
0.9090909090909092
0.5757575757575757
-0.5353535353535354
0.696969696969697
0.5454545454545454
0.2222222222222221
0.21212121212121193
0.6060606060606062
-0.3232323232323233
-0.8686868686868687
0.3434343434343434
-0.202020202020202
-0.16161616161616166
0.6464646464646464
0.898989898989899
0.8787878787878787
-0.2828282828282829
-0.7171717171717171
0.7272727272727273
0.6565656565656566
CENT_RANK
0.5555555555555556
0.202020202020202
0.16161616161616155
-0.5454545454545454
0.06060606060606055
0.8787878787878787
0.4747474747474747
-1.0
-0.6565656565656566
0.7575757575757576
0.8383838383838385
-0.5959595959595959
-0.6262626262626263
0.18181818181818188
-0.38383838383838387
-0.06060606060606066
-0.2525252525252525
0.3535353535353536
-0.606060606060606
0.7272727272727273
-0.6666666666666667
0.29292929292929304
-0.98989898989899
0.696969696969697
-0.9797979797979798
-0.48484848484848486
0.3434343434343434
-0.3535353535353535
0.08080808080808088
0.41414141414141414
-0.7171717171717171
-0.7777777777777778
0.4040404040404042
0.3737373737373737
0.04040404040404044
-0.19191919191919193
-0.9696969696969697
-1.1102230246251565e-16
0.2525252525252526
-0.5353535353535354
0.9797979797979797
0.4444444444444444
-0.7676767676767677
-0.26262626262626265
-0.6464646464646464
0.9393939393939394
-0.17171717171717182
-0.303030303030303
0.38383838383838387
0.6767676767676767
-0.202020202020202
-0.08080808080808077
-0.3737373737373738
0.1212121212121211
0.7777777777777777
0.48484848484848486
0.02020202020202011
0.9696969696969697
0.43434343434343425
-0.14141414141414144
-0.13131313131313138
0.101010101010101
-0.9595959595959596
0.6363636363636362
-0.5656565656565656
-0.12121212121212122
0.7373737373737372
0.010101010101009944
-0.4040404040404041
-0.010101010101010166
0.2222222222222221
0.6565656565656566
0.8888888888888888
-0.6868686868686869
-0.02020202020202022
0.9292929292929293
0.6868686868686869
-0.09090909090909094
0.6464646464646464
-0.22222222222222232
0.9595959595959596
-0.36363636363636365
-0.39393939393939403
-0.5555555555555556
0.8181818181818183
-0.9494949494949495
-0.04040404040404044
0.030303030303030276
-0.46464646464646464
-0.16161616161616166
-0.3434343434343434
-0.797979797979798
0.07070707070707072
0.15151515151515138
0.6060606060606062
-0.7575757575757576
-0.4545454545454546
0.3030303030303032
-0.5757575757575757
0.050505050505050386
0.8080808080808082
0.7070707070707072
-0.21212121212121215
-0.1515151515151515
0.6262626262626263
0.49494949494949503
-0.030303030303030276
0.6161616161616161
0.1717171717171717
0.5353535353535352
-0.2727272727272728
-0.8080808080808081
0.36363636363636354
-0.4242424242424243
-0.41414141414141414
-0.9393939393939394
0.33333333333333326
0.14141414141414144
-0.9292929292929293
0.09090909090909105
-0.9191919191919192
-0.29292929292929293
-0.33333333333333337
-0.6363636363636364
0.4242424242424241
0.26262626262626254
0.7171717171717171
0.23232323232323226
0.5757575757575757
-0.7272727272727273
-0.9090909090909091
1.0
0.24242424242424243
0.5454545454545454
0.9090909090909092
-0.101010101010101
-0.2828282828282829
0.3232323232323231
-0.5151515151515151
0.898989898989899
0.9191919191919193
0.8686868686868687
-0.7373737373737373
-0.898989898989899
0.7474747474747474
-0.07070707070707072
-0.24242424242424243
0.46464646464646453
-0.7474747474747474
-0.8888888888888888
0.5151515151515151
0.31313131313131315
0.5050505050505052
0.6666666666666665
0.2828282828282829
0.7878787878787878
-0.5858585858585859
0.595959595959596
-0.8787878787878788
0.5656565656565655
-0.7878787878787878
0.9898989898989898
-0.0505050505050505
-0.4747474747474748
0.11111111111111094
0.5858585858585859
0.21212121212121193
0.2727272727272727
-0.8686868686868687
-0.8585858585858586
-0.8484848484848485
-0.8383838383838383
-0.49494949494949503
0.39393939393939403
-0.696969696969697
-0.5050505050505051
-0.23232323232323238
0.8484848484848484
-0.43434343434343436
0.7676767676767677
0.13131313131313127
-0.8282828282828283
0.8282828282828283
-0.6767676767676767
0.8585858585858586
0.5252525252525253
-0.8181818181818181
-0.44444444444444453
-0.6161616161616161
0.797979797979798
-0.18181818181818188
0.4545454545454546
-0.3232323232323233
0.9494949494949494
0.19191919191919204
-0.11111111111111116
-0.5252525252525253
-0.7070707070707071
-0.31313131313131315
RANK
7
22
24
36
62
85
115
118
120
130
143
149
158
168
169
170
171
181
186
111
91
160
31
42
95
148
142
129
30
197
174
73
183
20
8
44
123
12
188
18
11
156
98
64
83
3
39
196
138
175
172
25
163
88
96
187
178
113
114
68
82
14
52
81
27
90
122
192
198
47
121
136
110
43
16
146
176
79
102
50
35
190
46
89
103
59
60
65
195
135
77
51
145
15
162
86
106
74
69
37
67
56
87
34
99
4
92
28
119
61
164
53
180
117
93
2
108
13
194
1
166
70
127
132
38
125
167
154
21
97
151
137
116
26
17
112
33
48
173
32
29
124
58
41
191
147
6
55
105
152
150
185
109
133
0
159
128
165
157
94
107
104
63
78
71
153
49
76
23
101
126
19
66
144
9
179
54
155
189
100
84
182
10
177
184
141
5
72
139
134
140
75
45
193
80
57
40
161
131
