DEGREE
-0.09090909090909094
0.09090909090909083
0.09090909090909083
0.4545454545454546
0.2727272727272727
0.09090909090909083
-1.0
0.2727272727272727
0.2727272727272727
-0.4545454545454546
0.09090909090909083
0.09090909090909083
-0.2727272727272727
-0.2727272727272727
-0.09090909090909094
-0.2727272727272727
-0.8181818181818181
0.4545454545454546
-0.8181818181818181
0.09090909090909083
0.4545454545454546
-0.2727272727272727
0.4545454545454546
0.6363636363636365
0.4545454545454546
-1.0
0.4545454545454546
0.4545454545454546
1.0
0.4545454545454546
-0.09090909090909094
0.4545454545454546
-0.2727272727272727
-0.2727272727272727
0.2727272727272727
0.2727272727272727
-0.09090909090909094
0.2727272727272727
0.8181818181818181
0.4545454545454546
-0.09090909090909094
0.09090909090909083
-0.09090909090909094
0.4545454545454546
0.2727272727272727
-0.09090909090909094
0.09090909090909083
0.4545454545454546
0.6363636363636365
0.6363636363636365
0.2727272727272727
-0.09090909090909094
0.8181818181818181
-0.09090909090909094
0.2727272727272727
0.4545454545454546
0.6363636363636365
0.6363636363636365
-0.2727272727272727
-0.6363636363636364
-0.09090909090909094
0.09090909090909083
-0.09090909090909094
-0.09090909090909094
0.2727272727272727
-0.4545454545454546
0.09090909090909083
-0.09090909090909094
0.2727272727272727
-0.8181818181818181
0.09090909090909083
-0.4545454545454546
-0.09090909090909094
-0.09090909090909094
0.4545454545454546
-0.09090909090909094
-0.09090909090909094
0.2727272727272727
-0.2727272727272727
-0.09090909090909094
0.4545454545454546
-0.2727272727272727
-0.2727272727272727
0.2727272727272727
-0.2727272727272727
-0.09090909090909094
0.6363636363636365
0.8181818181818181
0.2727272727272727
0.6363636363636365
0.6363636363636365
-0.2727272727272727
-0.2727272727272727
-0.2727272727272727
-0.2727272727272727
-0.09090909090909094
-0.2727272727272727
0.09090909090909083
-0.2727272727272727
-0.2727272727272727
0.09090909090909083
-0.2727272727272727
0.2727272727272727
0.09090909090909083
-0.09090909090909094
0.6363636363636365
-0.09090909090909094
0.8181818181818181
0.2727272727272727
-0.2727272727272727
-0.8181818181818181
-0.2727272727272727
0.6363636363636365
-0.4545454545454546
0.09090909090909083
-0.4545454545454546
-0.4545454545454546
0.09090909090909083
0.4545454545454546
0.6363636363636365
-0.8181818181818181
-0.6363636363636364
0.4545454545454546
0.2727272727272727
-0.09090909090909094
0.8181818181818181
-0.09090909090909094
0.2727272727272727
-0.4545454545454546
0.2727272727272727
0.09090909090909083
0.2727272727272727
-0.2727272727272727
-0.6363636363636364
0.4545454545454546
0.6363636363636365
-0.4545454545454546
0.4545454545454546
0.2727272727272727
EIGENVECTOR
-0.9653342514229628
-0.9889147924831774
-0.9827508295011806
-0.09934261408334033
-0.9876931107896015
-0.3762362560955228
-0.9968901936297011
-0.9786214472769423
-0.8510572573394823
-0.9932365869536318
-0.8478898831305157
-0.991975795031097
-0.9941786895563008
-0.9309629609294029
-0.8612545634237667
-0.7663381388276365
-1.0
-0.874721756969878
-1.0
-0.9938715925548085
-0.9289282196623015
-0.9872092533009487
0.682314098175056
-0.9850604980348047
-0.9029344850843395
-0.9999727665118879
0.4130194814360437
0.26022948191059436
0.622655407592897
-0.9302201254492788
-0.9529719198727763
-0.9801597495532124
-0.786060477233337
-0.4845881310555086
-0.7626654782580992
0.5792573669176333
-0.9932802437991457
-0.9673674220565271
0.8760225259117078
-0.3949156018947315
-0.7180523500773854
-0.9889147924831776
-0.7942121535483412
-0.10524673110015803
-0.9330863577409936
-0.9997547817499567
-0.8934570045015277
-0.7979692073047828
0.2185054566184086
-0.9855281139583187
-0.9286123115108411
-0.9711481064737718
0.8225995264448285
-0.9675065157812692
-0.955262915556099
-0.9834810750177241
0.6938407462219491
0.6848564267717294
-0.9849230000501042
-0.9999189041764429
-0.8729972156165781
-0.3311472596276117
-0.9719983987010211
-0.9910204963595732
-0.990533455254473
-0.9360622382341645
-0.8263672152359056
-0.9935070021526831
-0.9906871490256763
-1.0
-0.6702659747822232
-0.9763599485954356
-0.9674602489329233
-0.8662958501390945
-0.547846167592795
-0.9948178410006299
-0.6933981476359257
-0.9330863577409936
-0.9991926524925753
-0.5973430970511809
0.5359827453179178
-0.9631489415269289
-0.9997575039306988
-0.9460945582950658
-0.9181512999800032
-0.9033000595357689
-0.9865625392656482
-0.720354998037835
-0.8167329007960983
-0.6851172043163416
0.8378040564099565
-0.96358190908125
-0.9546075630849067
-0.9839817321583771
-0.9914635416946058
-0.6716857447645841
-0.9806630684325806
-0.9624502995543479
-0.9997575039306988
-0.9546075630849068
-0.8316207867721775
-0.9991926524925753
-0.9905751883358395
-0.9801147567046073
-0.9942891024422676
0.027271665661209976
-0.6984486467828253
1.0
-0.9318121715309166
-0.9824187791585038
-0.9987438692807088
-0.9489853463024921
-0.9769071701060832
-0.9691346179645377
-0.8217629323825584
-0.9664015209740581
-0.9969106433236028
-0.7379135572814102
-0.884925960634901
-0.9865625392656482
-0.9976569915398877
-0.994267966056347
-0.4293127165225067
-0.7004663932592048
-0.9500017937566463
0.32888710983262914
-0.971237212493206
-0.8193999411854511
-0.9939798701199516
-0.98823874126749
-0.9624502995543479
-0.3077910954805497
-0.7608840987995573
-0.9962838468379914
0.11768218422933163
-0.3596861503438096
-0.6198275726386901
0.1782570366450571
-0.05047706960331888
CENT
-0.9991586073884725
-0.9928695099789837
-0.6490261073104227
0.44439106311723364
-0.9373094400034511
-0.7758377841388088
-1.0
-0.5172262869825086
0.20566416140206578
-0.9776860941935644
-0.9976234366203101
-0.5673826938981286
-0.9926555278502899
-0.16558308165707358
-0.9990369598710886
-0.9783483990397446
-1.0
-0.4720538543182188
-1.0
-0.7888358075027894
-0.626619820002138
-0.5895561987020395
-0.33638004165546975
-0.6224696337386526
-0.8119761231304401
-1.0
-0.03753483956122672
1.0
0.12865697250415953
-0.5367585276356017
-0.9911082223865317
-0.8399220879620342
-0.9617014329041608
-0.9595050703837475
-0.8259873563278739
-0.9331027945800476
-0.9622356823126921
-0.574360044807601
-0.4250808192737603
-0.524661864280617
0.23354484084078186
-0.9928695099789837
-0.9322775332943746
-0.8043730799777682
-0.948255252663736
-0.8050164078503678
-0.26294476896210794
-0.9919288385915584
-0.21148199749093388
-0.8430352254914726
0.5895916954795779
-0.9783778357631859
0.5525070612188734
-0.538107395210055
-0.6977567372235713
-0.7720595957952839
-0.9177343988221452
0.3348135021251333
-0.8315205265978047
-1.0
-0.9979559437969935
-0.9340270123577387
-0.8529392044199767
-0.9174274931327866
-0.9590397514061817
-0.9494790469907979
-0.9968617623402344
-0.9707424066682446
-0.9699559314851837
-1.0
0.11996628261572773
-0.5254891906370018
-0.9083848375608011
-0.9954707491826046
0.47678515059441207
-0.8536677629631361
0.3366784941527867
-0.948255252663736
-0.6460663688465857
0.9569449726115535
-0.9531849531315205
-0.9972329991138125
-0.9520772034303906
-0.8937879806211841
-0.5407558580436822
-0.8471172075505371
-0.8075145784517267
-0.7612081015885698
-0.7828760660585056
-0.7200379602003262
-0.3087234872413216
-0.9955552520738874
-0.7235259514747423
-0.8685444672720896
-1.0
-0.9721335335536537
-0.9908084821238167
-0.9975306955966041
-0.9520772034303906
-0.7235259514747423
-0.8294746354856772
-0.6460663688465857
-0.930712397149187
-0.5853331199569936
-0.9118903380456512
-0.25983544759971344
-0.6077770160914621
0.616684024320308
-0.680482360645299
-0.8847806208280709
-1.0
-0.2142197061460216
-0.7722003074600329
-1.0
-0.8736355334990041
-1.0
-0.648981932563331
-0.9184979804404485
-0.4588956967814466
-0.8075145784517267
-1.0
-0.016668113136560803
-0.3132828559889973
0.05886503789577846
0.13327318316024805
-0.4031180221411048
-0.7504431348004585
-0.28505123711961955
-0.6304669784829426
-0.9841470136481716
-0.9975306955966041
-0.8194713727217291
-0.6337200450674655
-0.9899202978123608
0.01959405358856503
-0.5124963516173208
-0.9009403756958129
-0.9214314534788711
-0.6016877489473267
DEGREE_RANK
-0.42028985507246386
-0.07246376811594213
-0.05797101449275366
0.4782608695652173
0.17391304347826098
-0.0434782608695653
-1.0
0.18840579710144922
0.2028985507246377
-0.855072463768116
-0.02898550724637683
-0.01449275362318847
-0.7391304347826086
-0.7246376811594204
-0.4057971014492754
-0.7101449275362319
-0.9710144927536232
0.49275362318840576
-0.9565217391304348
-1.1102230246251565e-16
0.5072463768115942
-0.6956521739130435
0.5217391304347827
0.7536231884057971
0.536231884057971
-0.9855072463768116
0.5507246376811596
0.5652173913043479
1.0
0.5797101449275361
-0.3913043478260869
0.5942028985507246
-0.6811594202898551
-0.6666666666666667
0.21739130434782616
0.23188405797101463
-0.37681159420289867
0.24637681159420288
0.9275362318840579
0.6086956521739131
-0.3623188405797102
0.01449275362318847
-0.34782608695652184
0.6231884057971016
0.26086956521739113
-0.33333333333333337
0.02898550724637694
0.6376811594202898
0.7681159420289856
0.7826086956521738
0.2753623188405798
-0.3188405797101449
0.9420289855072463
-0.30434782608695665
0.28985507246376807
0.6521739130434783
0.7971014492753623
0.8115942028985508
-0.6521739130434783
-0.8985507246376812
-0.2898550724637682
0.04347826086956519
-0.2753623188405798
-0.26086956521739135
0.30434782608695654
-0.8405797101449275
0.05797101449275366
-0.24637681159420288
0.318840579710145
-0.9420289855072463
0.07246376811594213
-0.8260869565217391
-0.23188405797101452
-0.21739130434782616
0.6666666666666667
-0.2028985507246378
-0.18840579710144933
0.33333333333333326
-0.6376811594202899
-0.17391304347826086
0.681159420289855
-0.6231884057971014
-0.6086956521739131
0.34782608695652173
-0.5942028985507246
-0.1594202898550725
0.826086956521739
0.9565217391304348
0.3623188405797102
0.8405797101449277
0.855072463768116
-0.5797101449275364
-0.5652173913043479
-0.5507246376811594
-0.5362318840579711
-0.14492753623188415
-0.5217391304347827
0.0869565217391306
-0.5072463768115942
-0.4927536231884059
0.10144927536231885
-0.4782608695652174
0.37681159420289867
0.1159420289855071
-0.13043478260869568
0.8695652173913042
-0.11594202898550732
0.9710144927536231
0.3913043478260869
-0.46376811594202894
-0.927536231884058
-0.4492753623188407
0.8840579710144929
-0.8115942028985508
0.1304347826086958
-0.7971014492753623
-0.7826086956521738
0.14492753623188404
0.6956521739130437
0.8985507246376812
-0.9130434782608696
-0.8840579710144928
0.7101449275362319
0.4057971014492754
-0.10144927536231885
0.9855072463768118
-0.08695652173913049
0.42028985507246386
-0.7681159420289855
0.4347826086956521
0.1594202898550725
0.4492753623188406
-0.4347826086956522
-0.8695652173913043
0.7246376811594202
0.9130434782608696
-0.7536231884057971
0.7391304347826089
0.46376811594202905
EIGENVECTOR_RANK
-0.1594202898550725
-0.5652173913043479
-0.3913043478260869
0.7391304347826089
-0.5217391304347827
0.6666666666666667
-0.8115942028985508
-0.3188405797101449
0.26086956521739113
-0.6666666666666667
0.2753623188405798
-0.6521739130434783
-0.7391304347826086
0.07246376811594213
0.24637681159420288
0.4057971014492754
-0.9855072463768116
0.2028985507246377
-0.9710144927536232
-0.7101449275362319
0.10144927536231885
-0.5072463768115942
0.9130434782608696
-0.4492753623188407
0.1594202898550725
-0.9565217391304348
0.855072463768116
0.826086956521739
0.8985507246376812
0.0869565217391306
-0.0434782608695653
-0.34782608695652184
0.3913043478260869
0.6231884057971016
0.42028985507246386
0.8840579710144929
-0.6811594202898551
-0.18840579710144933
0.9855072463768118
0.6521739130434783
0.4782608695652173
-0.5507246376811594
0.37681159420289867
0.7246376811594202
0.02898550724637694
-0.8985507246376812
0.17391304347826098
0.3623188405797102
0.8115942028985508
-0.46376811594202894
0.1159420289855071
-0.24637681159420288
0.9565217391304348
-0.21739130434782616
-0.08695652173913049
-0.4057971014492754
0.9420289855072463
0.9275362318840579
-0.4347826086956522
-0.9420289855072463
0.21739130434782616
0.6956521739130437
-0.2753623188405798
-0.6231884057971014
-0.5797101449275364
0.01449275362318847
0.30434782608695654
-0.6956521739130435
-0.6086956521739131
-1.0
0.5652173913043479
-0.2898550724637682
-0.2028985507246378
0.23188405797101463
0.6086956521739131
-0.7826086956521738
0.5217391304347827
0.04347826086956519
-0.8840579710144928
0.5942028985507246
0.8695652173913042
-0.13043478260869568
-0.927536231884058
-1.1102230246251565e-16
0.1304347826086958
0.14492753623188404
-0.4782608695652174
0.46376811594202905
0.34782608695652173
0.536231884057971
0.9710144927536231
-0.14492753623188415
-0.05797101449275366
-0.42028985507246386
-0.6376811594202899
0.5507246376811596
-0.3623188405797102
-0.11594202898550732
-0.9130434782608696
-0.07246376811594213
0.28985507246376807
-0.8695652173913043
-0.5942028985507246
-0.33333333333333337
-0.7681159420289855
0.7681159420289856
0.5072463768115942
1.0
0.05797101449275366
-0.37681159420289867
-0.855072463768116
-0.01449275362318847
-0.30434782608695665
-0.23188405797101452
0.318840579710145
-0.17391304347826086
-0.8260869565217391
0.4492753623188406
0.18840579710144922
-0.4927536231884059
-0.8405797101449275
-0.7536231884057971
0.6376811594202898
0.49275362318840576
-0.02898550724637683
0.8405797101449277
-0.26086956521739135
0.33333333333333326
-0.7246376811594204
-0.5362318840579711
-0.10144927536231885
0.7101449275362319
0.4347826086956521
-0.7971014492753623
0.7826086956521738
0.681159420289855
0.5797101449275361
0.7971014492753623
0.7536231884057971
CENT_RANK
-0.8405797101449275
-0.6956521739130435
0.26086956521739113
0.9130434782608696
-0.34782608695652184
0.1159420289855071
-1.0
0.536231884057971
0.855072463768116
-0.5507246376811594
-0.7971014492753623
0.4492753623188406
-0.6666666666666667
0.7391304347826089
-0.8260869565217391
-0.5652173913043479
-0.9855072463768116
0.5652173913043479
-0.9710144927536232
0.0869565217391306
0.34782608695652173
0.4057971014492754
0.6231884057971016
0.3623188405797102
0.01449275362318847
-0.9565217391304348
0.7536231884057971
1.0
0.826086956521739
0.49275362318840576
-0.6376811594202899
-0.05797101449275366
-0.4782608695652174
-0.46376811594202894
-0.01449275362318847
-0.3188405797101449
-0.4927536231884059
0.4347826086956521
0.5942028985507246
0.5217391304347827
0.8695652173913042
-0.6811594202898551
-0.30434782608695665
0.07246376811594213
-0.37681159420289867
0.05797101449275366
0.681159420289855
-0.6521739130434783
0.7246376811594202
-0.07246376811594213
0.9565217391304348
-0.5797101449275364
0.9420289855072463
0.4782608695652173
0.23188405797101463
0.14492753623188404
-0.24637681159420288
0.8840579710144929
-0.0434782608695653
-0.9420289855072463
-0.8115942028985508
-0.33333333333333337
-0.10144927536231885
-0.23188405797101452
-0.4492753623188407
-0.3913043478260869
-0.7391304347826086
-0.5217391304347827
-0.5072463768115942
-0.927536231884058
0.8115942028985508
0.5072463768115942
-0.2028985507246378
-0.7101449275362319
0.9275362318840579
-0.11594202898550732
0.8985507246376812
-0.3623188405797102
0.28985507246376807
0.9855072463768118
-0.4347826086956522
-0.7536231884057971
-0.42028985507246386
-0.17391304347826086
0.46376811594202905
-0.08695652173913049
0.02898550724637694
0.1594202898550725
0.10144927536231885
0.21739130434782616
0.6521739130434783
-0.7246376811594204
0.18840579710144922
-0.13043478260869568
-0.9130434782608696
-0.5362318840579711
-0.6231884057971014
-0.7826086956521738
-0.4057971014492754
0.2028985507246377
-0.02898550724637683
0.30434782608695654
-0.2898550724637682
0.42028985507246386
-0.21739130434782616
0.6956521739130437
0.37681159420289867
0.9710144927536231
0.24637681159420288
-0.1594202898550725
-0.8985507246376812
0.7101449275362319
0.1304347826086958
-0.8840579710144928
-0.14492753623188415
-0.8695652173913043
0.2753623188405798
-0.26086956521739135
0.5797101449275361
0.04347826086956519
-0.855072463768116
0.7681159420289856
0.6376811594202898
0.7971014492753623
0.8405797101449277
0.6086956521739131
0.17391304347826098
0.6666666666666667
0.33333333333333326
-0.5942028985507246
-0.7681159420289855
-1.1102230246251565e-16
0.318840579710145
-0.6086956521739131
0.7826086956521738
0.5507246376811596
-0.18840579710144933
-0.2753623188405798
0.3913043478260869
RANK
6
16
18
25
59
69
94
110
113
115
120
0
14
60
10
97
130
81
66
91
73
1
41
12
47
30
96
133
129
51
15
9
95
67
68
36
32
33
64
80
82
98
65
44
77
4
61
35
42
102
137
117
56
63
104
72
136
83
109
114
93
75
62
85
49
31
58
100
34
131
24
86
119
45
43
19
88
5
112
55
87
126
92
99
89
54
108
2
116
78
101
132
128
20
23
106
138
21
103
37
11
84
53
29
71
39
7
135
17
118
38
125
22
122
90
127
46
105
111
48
13
26
121
134
123
70
28
124
8
40
57
76
3
74
52
50
107
79
27
