DEGREE
0.5675675675675675
-0.7297297297297297
-0.3513513513513513
-0.027027027027026973
-0.6756756756756757
0.3513513513513513
-0.08108108108108103
-0.4054054054054054
0.4054054054054055
0.027027027027026973
0.4054054054054055
-0.027027027027026973
-0.2432432432432432
-0.6756756756756757
0.027027027027026973
-0.18918918918918914
0.5675675675675675
0.2432432432432432
-0.45945945945945943
0.1351351351351351
-0.08108108108108103
0.2432432432432432
-0.6756756756756757
-0.29729729729729726
0.29729729729729737
0.29729729729729737
-0.08108108108108103
0.5135135135135136
0.08108108108108114
-0.6216216216216216
0.027027027027026973
-0.18918918918918914
0.18918918918918926
0.18918918918918926
-0.5135135135135135
0.6216216216216217
0.5135135135135136
-0.4054054054054054
-0.08108108108108103
-0.4054054054054054
0.29729729729729737
0.7837837837837838
0.29729729729729737
0.08108108108108114
-0.027027027027026973
0.027027027027026973
0.08108108108108114
-0.4054054054054054
-0.4054054054054054
0.5135135135135136
0.18918918918918926
0.29729729729729737
0.4054054054054055
0.08108108108108114
0.18918918918918926
-0.027027027027026973
0.18918918918918926
0.1351351351351351
0.45945945945945943
-1.0
0.08108108108108114
0.4054054054054055
-0.1351351351351351
0.5135135135135136
0.3513513513513513
0.8918918918918919
0.08108108108108114
0.6756756756756757
-0.1351351351351351
-0.3513513513513513
0.45945945945945943
-0.1351351351351351
-0.5135135135135135
-0.18918918918918914
0.3513513513513513
0.2432432432432432
-0.4054054054054054
0.29729729729729737
0.8378378378378379
0.2432432432432432
0.08108108108108114
-0.027027027027026973
0.45945945945945943
-0.08108108108108103
-0.08108108108108103
0.1351351351351351
-0.08108108108108103
0.29729729729729737
0.29729729729729737
0.18918918918918926
-0.5675675675675675
-0.7297297297297297
-0.3513513513513513
-0.6756756756756757
-0.7837837837837838
0.18918918918918926
-0.5135135135135135
-0.2432432432432432
-0.29729729729729726
-0.1351351351351351
-0.4054054054054054
0.027027027027026973
0.027027027027026973
-0.7297297297297297
-0.1351351351351351
-0.45945945945945943
-0.3513513513513513
-0.6216216216216216
0.18918918918918926
0.4054054054054055
-0.2432432432432432
0.18918918918918926
-0.45945945945945943
-0.18918918918918914
0.027027027027026973
0.027027027027026973
0.4054054054054055
-0.027027027027026973
-0.18918918918918914
0.6216216216216217
0.08108108108108114
0.4054054054054055
0.7297297297297298
0.5135135135135136
0.18918918918918926
-0.08108108108108103
0.1351351351351351
-0.4054054054054054
-0.8378378378378378
-0.08108108108108103
-0.3513513513513513
-0.18918918918918914
-0.45945945945945943
0.2432432432432432
0.1351351351351351
-0.7297297297297297
0.8918918918918919
-0.7297297297297297
0.3513513513513513
-0.5135135135135135
0.45945945945945943
-0.2432432432432432
-0.027027027027026973
-0.3513513513513513
-0.5135135135135135
0.08108108108108114
-1.0
0.3513513513513513
0.29729729729729737
0.29729729729729737
0.29729729729729737
1.0
-0.6756756756756757
0.2432432432432432
-0.45945945945945943
0.29729729729729737
-0.9459459459459459
0.2432432432432432
0.6756756756756757
0.6756756756756757
-0.45945945945945943
0.5675675675675675
-0.027027027027026973
-0.027027027027026973
0.2432432432432432
0.29729729729729737
0.2432432432432432
-0.3513513513513513
0.29729729729729737
-0.18918918918918914
0.18918918918918926
-1.0
-0.45945945945945943
1.0
0.2432432432432432
0.2432432432432432
-0.4054054054054054
-0.027027027027026973
0.4054054054054055
-0.4054054054054054
-0.1351351351351351
-0.08108108108108103
0.4054054054054055
0.18918918918918926
0.29729729729729737
0.18918918918918926
0.18918918918918926
-0.18918918918918914
0.1351351351351351
0.027027027027026973
-0.1351351351351351
-0.6216216216216216
0.6756756756756757
0.18918918918918926
0.2432432432432432
0.18918918918918926
0.2432432432432432
0.7837837837837838
-0.08108108108108103
0.7837837837837838
0.2432432432432432
-0.6216216216216216
0.08108108108108114
0.18918918918918926
0.18918918918918926
0.3513513513513513
-0.18918918918918914
-0.2432432432432432
0.29729729729729737
0.1351351351351351
0.5675675675675675
0.08108108108108114
0.2432432432432432
-0.5135135135135135
0.45945945945945943
0.6216216216216217
-0.29729729729729726
0.08108108108108114
0.7297297297297298
0.2432432432432432
0.5675675675675675
-0.29729729729729726
0.7297297297297298
0.08108108108108114
-0.2432432432432432
0.2432432432432432
-0.29729729729729726
0.027027027027026973
-0.4054054054054054
-0.5135135135135135
0.29729729729729737
0.4054054054054055
0.29729729729729737
-0.5135135135135135
0.18918918918918926
0.6756756756756757
0.4054054054054055
-0.18918918918918914
-0.08108108108108103
0.08108108108108114
-0.29729729729729726
0.29729729729729737
-0.08108108108108103
0.1351351351351351
-0.18918918918918914
-0.6756756756756757
-0.4054054054054054
0.027027027027026973
0.18918918918918926
-0.027027027027026973
-0.7297297297297297
-0.8378378378378378
0.4054054054054055
-0.45945945945945943
0.5135135135135136
-0.4054054054054054
0.2432432432432432
0.3513513513513513
0.1351351351351351
0.1351351351351351
-0.9459459459459459
-0.2432432432432432
-0.027027027027026973
-0.7297297297297297
-0.027027027027026973
0.2432432432432432
-0.18918918918918914
0.2432432432432432
0.3513513513513513
-0.4054054054054054
-0.027027027027026973
0.6216216216216217
0.5675675675675675
-0.4054054054054054
-0.29729729729729726
0.5675675675675675
0.4054054054054055
-0.027027027027026973
-0.29729729729729726
0.45945945945945943
0.3513513513513513
0.2432432432432432
-0.45945945945945943
0.2432432432432432
EIGENVECTOR
0.6593234032006172
-0.5855792932043005
-0.9567941024830504
-0.3056898171546134
-0.9554261726154103
-0.8726040119157876
-0.74273528986395
-0.9835408385797865
-0.9177095485478857
-0.7100906375966981
-0.9378254982521319
-0.9506384093352921
-0.971299459759784
-0.9875889670289452
0.1694895758394941
-0.8330372539752646
0.6279183621291016
-0.07715911968106404
-0.9760197070410874
-0.9405223472908618
0.043699640468928935
-0.9061664311878667
-0.987588967028945
-0.1689881315324766
-0.8921760138233378
-0.9090376361876835
-0.9671412236342538
0.6192669487614157
-0.9258117824799146
-0.9847310075659618
-0.9455648392517405
-0.7166591503211357
-0.8559474114769939
0.25233958559423697
-0.9822928736128688
0.8110806872810494
0.6468258825646067
-0.9816881593262946
0.016621471878055738
-0.9746964640380534
-0.8141109771700751
0.8605066649526045
-0.9405200892456679
-0.6946104166954955
-0.8440661232814328
-0.9553442613962696
-0.9393803308638591
-0.9789050151205906
-0.5250281385964036
-0.891304788591481
-0.940813286068691
-0.8478552334880965
-0.9241335041800577
-0.9483190375745173
-0.8587950855604534
-0.9626112883842001
-0.8966424743389274
-0.9475004376277492
0.47639097059861446
-1.0
-0.9442630281892279
-0.8241683769733743
-0.9578688518419489
0.6123796497218819
0.35256067016403714
0.9549583105906236
-0.9348055434933983
0.7686286326367937
-0.042593358318943175
-0.7868941446715053
-0.9035459369212928
-0.7294214702152446
-0.9793705395423333
-0.960510113084748
0.4022896742585129
0.07269088353383091
-0.8740179890957953
-0.8079799523834282
0.9096717992704517
-0.8410125865640061
-0.6041902467712792
-0.9462230253890658
-0.8888997974412205
-0.7714010396720306
-0.942895537395181
0.2805873897894253
0.043699640468928935
-0.8928943533330898
-0.9374777787012634
-0.876592251749488
-0.8517722035436582
-0.989873624130478
-0.9774778509794441
-0.9825216505388609
-0.9933013297176208
-0.9489730215542577
-0.9637423869172759
-0.7847837505516135
-0.9776659843699631
-0.9510396997073344
-0.976618528209446
0.08858917224434704
-0.8309858320049921
-0.9964150867193596
-0.9510396997073344
-0.9875168028005686
-0.8284860620749696
-0.9837905868737028
-0.8710098606995507
-0.912111090638345
-0.7149185973646723
-0.8751583358197702
-0.8495934033896451
-0.972899900811264
-0.9467253704624232
-0.9561079590759742
-0.9156502651872773
-0.9431813448949689
-0.6191654592847
0.6747503172452627
0.06354593755362803
-0.9190885861322768
0.7862885079476305
-0.9130092594888485
-0.9374186577529705
-0.701639848113979
-0.9042817569077023
-0.982524068759762
-0.9838914701917331
-0.25785449675715755
-0.9656143351019228
-0.9321544494362135
-0.8686638917278748
-0.8749699782381204
-0.9081713119110936
-0.9837405695467843
0.9440599564826975
-0.9874801986112315
-0.8678423751333555
-0.9886457487755704
-0.8542711330214782
-0.9537727362745838
-0.20183193429319546
-0.22787317899253023
-0.9718879375477505
-0.9524022028297329
-0.9986335004299338
-0.8461710235855329
-0.8770799642527358
0.42499287630775573
-0.9362095516953507
1.0
-0.9883077732582846
-0.9383753405673525
-0.9803988246390196
-0.9213633212972536
-0.996229630074068
-0.8456062866676675
0.7522705009350974
0.5683429452556175
-0.9873927367609356
-0.7996556252057666
-0.8425994366280425
-0.9581891845000243
-0.7146574181463147
-0.02620922912404633
-0.8568953673125569
-0.8805240395376204
-0.866257094729918
-0.9667586301558129
-0.9435906728983139
-1.0
-0.8950392602067633
-0.8794540959630485
-0.7883161485980854
-0.8745802964772921
-0.9702084012688131
-0.40237085705977216
-0.8914062193186231
-0.8740179890957951
-0.9509334395970623
-0.9449918619982554
-0.9258946987557641
-0.8783984103700179
-0.9420862018473393
-0.9135597506986084
-0.9210274523296285
-0.5014722312864688
-0.053044477539479495
-0.9498703239816411
0.011458829395847525
-0.9875092018918232
-0.8953874518358576
-0.8797022050817808
-0.8503155367399731
-0.5533277467448782
-0.866781210662867
0.8300024363350607
-0.9493955074694437
0.8605066649526041
0.0732972372562366
-0.4348428347660943
-0.8394967204719676
-0.9406186186573151
-0.9258173999515928
-0.8038437325637124
-0.04775600080115061
-0.12580998445965108
0.24060854802699083
-0.8374658916211507
0.6354738207494945
-0.9429477733083217
-0.9489084282380378
-0.9777240454261432
-0.9045342772090595
-0.894623108552915
-0.8821924006177754
-0.9506530175290827
-0.8958200123346314
-0.93872802189356
-0.8983182396233432
-0.9661651403704696
0.8552065427411419
-0.29620257517085424
-0.748508054490131
0.331210031158206
-0.9683230775985713
-0.9354589205025744
-0.8740179890957952
-0.9620647005444101
-0.9043115052136345
-0.8931674270936243
-0.9207026898053328
-0.9788602158743902
0.31282820086250696
0.8321985523572997
-0.91908053518226
-0.7619390061299572
-0.9373634086513626
-0.5893957504397569
-0.6261792885388977
-0.9266916845954531
-0.7976797530280233
-0.04091632157129477
-0.09419132438099442
-0.5387494668606163
-0.8911860234402694
-0.9463879862067114
-0.09089341884601942
-0.7896487443121603
-0.9958181053938626
-0.9942100502865268
-0.9199799346455722
-0.9588026864338984
-0.8029464178870438
-0.9587458588460459
-0.9176301207151994
0.3830643185506306
-0.9525338834202158
-0.8965869319918991
-0.9994438946569926
-0.968432851118182
-0.03166932568693437
-0.6157779024636667
-0.17313630725679519
-0.8749893075191637
-0.9741568906033147
-0.8678997700847491
-0.8946692726541735
-0.9674672969102276
-0.06460975278019987
-0.8504473283263562
-0.9030764339756923
-0.9817515230308624
-0.97818818950058
0.6001794353519851
-0.783685494633563
-0.9202336545946758
-0.4365958404297646
-0.912024673251595
-0.9373843728437106
0.2636014853992952
-0.9583913206475609
-0.9261399128614057
CENT
-0.7792935502399576
-0.9521807209923129
-0.9976945878920377
0.8758440758830361
-0.9132704911657834
-0.41081317906134995
-0.5185846111001484
-0.8713778601376857
-0.6581913854532613
-0.006026546387119747
-0.6303643389916337
-0.8443093464590807
-0.6607817434135856
-0.9437402606023938
-0.9322136598975332
-0.7386278455121478
-0.7301826558922373
-0.59529785548553
-0.9378713298346283
0.3481957400459006
-0.9933219046176454
-0.9214761276891548
-0.9437402606023938
-0.9979460402669513
-0.6183565660661094
-0.5224243352962202
-0.6340233661632642
-0.8697139129268833
-0.03340882298270398
-0.9892724987168685
-0.3985914497042241
-0.3725242797333277
-0.7826316690115785
-0.8215528894466311
-0.9254933360868074
-0.8974999263381325
-0.5910303176202842
-0.9738112672423124
-0.9869488754471862
-0.8536821837276698
-0.5316407205233997
-0.8136617960881172
-0.5942720524172798
1.0
-0.7144948600322145
-0.7339560827212925
-0.6657015717831107
-0.874991613680973
-0.9617392855481827
-0.2739031660064484
-0.8409779838135933
-0.3535984902640259
-0.6332743546083537
-0.5106316907333057
-0.3411816322767036
-0.7278045061797136
-0.5059107870761254
-0.7210593306253281
-0.5716737991321705
-0.9997018698621695
-0.6868776842851689
-0.3447436865426523
-0.8759781037181102
-0.5645023747887921
-0.5263665505271995
-0.3908097390185282
0.7262166248888775
-0.503946667496456
-0.9883568214062286
-0.9584908570174817
-0.5903153469069793
-0.8811003157205667
-0.9074906132143218
-0.38474172161944864
-0.7571017001574467
-0.5200896728782675
-0.9595536527603526
-0.4541006056407104
-0.40761637664802763
-0.42162913083320264
-0.507931100538082
-0.9704943899486628
-0.4453734536628191
-0.03151261780134007
-0.5645724589457082
-0.929476287556714
-0.9933219046176454
-0.5804351055309737
-0.5484143118045173
-0.8067984567904092
-0.8876389839187914
-0.9872089771122232
-0.6314738973259145
-0.9847446141391818
-0.9966472343964843
-0.5286060688233816
-0.9989471396752203
-0.9402011224934476
-0.8685980677700903
-0.9337562339417784
-0.9403836762924873
-0.9701540185806008
-0.7106877848473537
-0.9861982283174702
-0.9337562339417784
-0.7584173630708347
-0.8514135955968832
-0.917572699881826
0.2093204556485011
-0.6050691931423743
-0.6915889269830655
0.19241961110785
0.215125949126439
-0.8523349373755215
-0.7759501990607156
-0.7728240613316161
-0.5330093523774172
-0.6187186871838731
-0.8853745484779328
-0.4994923076168213
-0.798532705460505
-0.5222811170671877
-0.2962484560943772
-0.3688487110270269
-0.7891499029517659
-0.20048409224825625
-0.5904213533788685
-0.9499309738248685
-0.9640522281778743
-0.07993321174025203
-0.980595703678275
0.1464237487871518
-0.9589141001027436
-0.6492193172146867
-0.9164562516823285
-0.9974424530200988
-0.7910141469825807
-0.9801801318664717
-0.12890531166327568
-0.8657989321438412
-0.28718414755572863
-0.9926648618277628
0.6349759929575558
-0.9981895882376653
-0.8339665758672832
-0.7181468997117788
-0.8645494984841272
-0.28620293331706037
-0.44426264466953547
-0.7323810054767397
-0.753236666503248
-0.707534802364602
-0.9662282628411213
-0.5767574882370508
-0.929310745750323
-0.9331797398295838
-1.0
-0.42161981215498934
-0.8636980729409197
-0.5615001319576163
-0.7028640994351502
-0.11089076016603017
-0.04802183161760565
-0.5561905956626774
0.318007649211421
-0.4044733202939862
-0.7115066769317786
-0.8781447770478146
-0.44805525898511434
-0.7160788517218271
-0.7695987997693273
-0.9997018698621695
0.10059540360463326
0.4055675443132767
-0.17639701094918103
0.14317655314691824
-0.9579890777228309
-0.4002207002892494
-0.5518556551043331
-0.9595536527603526
-0.7714357434141569
-0.6961284475624294
-0.7387303865079806
-0.6278978694983194
-0.551252116097333
-0.6309688447443746
-0.6474140952262347
-0.6938287101994941
-0.13421939223697532
-0.7611700610317662
-0.994015609914154
-0.990149250682512
-0.4097117969836922
-0.5737677762943236
-0.6160648603671233
-0.3088064066888092
-0.18891507308590416
-0.7882465877527819
-0.5703602646645227
-0.8136617960881172
0.5616123895497926
-0.986161366646899
-0.5945717647039015
-0.671504027461151
-0.6125018058595479
-0.43786196548028145
-0.9954235558731964
-0.9957353278693936
-0.5153713046204433
-0.367493640513719
-0.5768793822697355
-0.7492277363574519
-0.622578708215209
-0.9685694092405124
-0.8029652631605306
0.32436262830609697
-0.5759839277226475
-0.5514317890408733
-0.13700375297974787
-0.6269103797494315
-0.505331964699107
-0.9434613803749177
-0.6327122423519793
0.032797742508905436
-0.9237488055129556
-0.8765631026915538
-0.7789704564757324
-0.7777446680100748
-0.9595536527603526
-0.9999386202657408
-0.9125967090799596
-0.040200365744147315
0.37148723398343164
-0.9039829321573404
-0.9270305159048533
-0.6557534917227315
-0.8361264385020548
-0.9031956090799961
-0.7644532127401913
-0.09831877265098421
-0.3194732859560452
-0.7308361830401907
-0.5076803688770781
0.528130206657973
-0.962226561296338
-0.9998226807676955
0.19599274539088163
-0.815128531534024
0.7669738163323219
0.23883070945779128
-0.9697020035892057
-0.9984169467809461
-0.5145231639879767
-0.8465959966371462
-0.22123357926854392
-0.9984879358828088
-0.31717047544538157
-0.5304004658343806
-0.6607634725880287
-0.6972797828073567
-0.9986980285482668
-0.8494978090393934
-0.32346681409920675
-0.9590694844712807
-0.5452991015509048
-0.48117543609983093
-0.889740925112731
-0.697140950405874
-0.6169520339229689
-0.981661671889075
-0.4883186523686286
0.10462876690315781
-0.5498417360132842
-0.8156690868102922
-0.9490005095979908
-0.4837682210028089
0.07197117800738928
-0.9513523680700238
-0.8928136310030107
-0.6415448946800797
-0.46172417623544637
-0.6241542143253382
-0.9980488168295331
-0.942987970197509
DEGREE_RANK
0.8162544169611308
-0.9434628975265018
-0.5901060070671378
-0.20848056537102466
-0.8939929328621908
0.5759717314487631
-0.3003533568904594
-0.6961130742049471
0.6395759717314489
-0.1024734982332155
0.646643109540636
-0.20141342756183744
-0.4840989399293286
-0.8869257950530035
-0.09540636042402828
-0.43462897526501765
0.8233215547703181
0.28621908127208484
-0.7597173144876325
0.07420494699646629
-0.29328621908127206
0.29328621908127217
-0.8798586572438163
-0.5406360424028269
0.441696113074205
0.4487632508833923
-0.28621908127208473
0.7738515901060072
-0.02473498233215543
-0.8515901060070672
-0.08833922261484095
-0.42756183745583043
0.14487632508833914
0.15194346289752647
-0.8162544169611308
0.8657243816254416
0.7809187279151943
-0.6890459363957597
-0.2791519434628975
-0.6819787985865724
0.45583038869257964
0.9505300353356891
0.46289752650176674
-0.017667844522968212
-0.19434628975265011
-0.08127208480565373
-0.010600706713780883
-0.6749116607773851
-0.6678445229681979
0.7879858657243817
0.1590106007067138
0.46996466431095407
0.6537102473498233
-0.0035335689045936647
0.16607773851590113
-0.1872791519434629
0.17314487632508824
0.08127208480565384
0.7314487632508833
-1.0
0.0035335689045936647
0.6607773851590106
-0.34982332155477025
0.795053003533569
0.5830388692579507
0.9787985865724382
0.010600706713780994
0.8939929328621907
-0.34275618374558303
-0.5830388692579505
0.7385159010600706
-0.3356890459363957
-0.8091872791519434
-0.4204946996466431
0.590106007067138
0.3003533568904595
-0.6607773851590106
0.4770318021201414
0.9717314487632509
0.3074204946996466
0.0176678445229681
-0.18021201413427557
0.7455830388692579
-0.2720848056537102
-0.26501766784452296
0.08833922261484117
-0.25795053003533563
0.48409893992932873
0.49116607773851584
0.18021201413427557
-0.823321554770318
-0.9363957597173145
-0.5759717314487632
-0.872791519434629
-0.950530035335689
0.1872791519434629
-0.8021201413427561
-0.4770318021201414
-0.5335689045936396
-0.3286219081272085
-0.6537102473498233
-0.0742049469964664
-0.06713780918727918
-0.9293286219081273
-0.32155477031802127
-0.7526501766784452
-0.568904593639576
-0.8445229681978799
0.19434628975265023
0.667844522968198
-0.46996466431095407
0.20141342756183733
-0.7455830388692579
-0.4134275618374559
-0.060070671378091856
-0.05300353356890464
0.6749116607773851
-0.17314487632508835
-0.40636042402826855
0.872791519434629
0.02473498233215543
0.6819787985865724
0.9293286219081274
0.8021201413427563
0.20848056537102466
-0.2508833922261484
0.09540636042402828
-0.646643109540636
-0.9646643109540636
-0.2438162544169611
-0.5618374558303887
-0.39929328621908133
-0.7385159010600707
0.31448763250883394
0.10247349823321561
-0.9222614840989399
0.9858657243816256
-0.9151943462897527
0.5971731448763251
-0.7950530035335689
0.7526501766784452
-0.46289752650176674
-0.16607773851590102
-0.5547703180212014
-0.7879858657243817
0.03180212014134276
-0.9929328621908127
0.6042402826855124
0.49823321554770317
0.5053003533568905
0.5123674911660778
0.9929328621908127
-0.8657243816254416
0.32155477031802127
-0.7314487632508834
0.5194346289752649
-0.9787985865724381
0.3286219081272086
0.901060070671378
0.9081272084805652
-0.7243816254416962
0.8303886925795052
-0.1590106007067138
-0.15194346289752647
0.3356890459363957
0.5265017667844523
0.34275618374558303
-0.5477031802120141
0.5335689045936396
-0.392226148409894
0.215547703180212
-0.9858657243816255
-0.7173144876325088
1.0
0.34982332155477036
0.35689045936395747
-0.6395759717314488
-0.14487632508833925
0.6890459363957597
-0.6325088339222615
-0.31448763250883394
-0.23674911660777387
0.6961130742049471
0.22261484098939932
0.5406360424028267
0.22968197879858643
0.23674911660777376
-0.3851590106007068
0.10954063604240294
-0.04593639575971742
-0.3074204946996467
-0.8374558303886925
0.9151943462897525
0.2438162544169611
0.3639575971731448
0.2508833922261484
0.3710247349823321
0.9575971731448765
-0.22968197879858665
0.9646643109540636
0.37809187279151946
-0.8303886925795053
0.03886925795053009
0.25795053003533575
0.2650176678445231
0.6113074204946998
-0.37809187279151935
-0.4558303886925794
0.547703180212014
0.11660777385159027
0.8374558303886925
0.0459363957597172
0.38515901060070656
-0.7809187279151943
0.7597173144876326
0.8798586572438163
-0.5265017667844523
0.053003533568904526
0.9363957597173145
0.3922261484098939
0.8445229681978799
-0.5194346289752649
0.9434628975265018
0.060070671378091856
-0.4487632508833922
0.3992932862190812
-0.5123674911660777
-0.03886925795052998
-0.6254416961130742
-0.773851590106007
0.5547703180212014
0.7031802120141342
0.5618374558303887
-0.7667844522968198
0.2720848056537104
0.92226148409894
0.7102473498233215
-0.3710247349823321
-0.22261484098939932
0.06713780918727896
-0.5053003533568905
0.5689045936395758
-0.2155477031802121
0.12367491166077738
-0.3639575971731448
-0.8586572438162544
-0.6183745583038869
-0.03180212014134276
0.2791519434628975
-0.13780918727915203
-0.9081272084805654
-0.9575971731448764
0.7173144876325088
-0.7102473498233215
0.8091872791519434
-0.6113074204946997
0.40636042402826855
0.6183745583038871
0.1307420494699647
0.13780918727915203
-0.9717314487632509
-0.44169611307420487
-0.1307420494699647
-0.901060070671378
-0.12367491166077738
0.41342756183745566
-0.3568904593639576
0.4204946996466432
0.6254416961130742
-0.6042402826855123
-0.11660777385159005
0.8869257950530034
0.8515901060070672
-0.5971731448763251
-0.49823321554770317
0.8586572438162543
0.7243816254416959
-0.10954063604240283
-0.49116607773851595
0.7667844522968199
0.6325088339222615
0.42756183745583054
-0.7031802120141343
0.43462897526501765
EIGENVECTOR_RANK
0.901060070671378
0.5265017667844523
-0.5759717314487632
0.5830388692579507
-0.5618374558303887
0.14487632508833914
0.43462897526501765
-0.8445229681978799
-0.16607773851590102
0.46996466431095407
-0.32155477031802127
-0.49823321554770317
-0.7031802120141343
-0.9151943462897527
0.7667844522968199
0.3074204946996466
0.8798586572438163
0.6537102473498233
-0.7385159010600707
-0.3568904593639576
0.7314487632508833
-0.1024734982332155
-0.9081272084805654
0.6254416961130742
0.010600706713780994
-0.11660777385159005
-0.6678445229681979
0.872791519434629
-0.22968197879858665
-0.872791519434629
-0.42756183745583043
0.4487632508833923
0.20848056537102466
0.7809187279151943
-0.823321554770318
0.9363957597173145
0.8939929328621907
-0.8091872791519434
0.7173144876325088
-0.7314487632508834
0.3356890459363957
0.9717314487632509
-0.34982332155477025
0.48409893992932873
0.2720848056537104
-0.5547703180212014
-0.34275618374558303
-0.7879858657243817
0.547703180212014
0.02473498233215543
-0.3710247349823321
0.2508833922261484
-0.22261484098939932
-0.46289752650176674
0.19434628975265023
-0.6325088339222615
-0.05300353356890464
-0.4558303886925794
0.8445229681978799
-0.9929328621908127
-0.4134275618374559
0.3286219081272086
-0.5830388692579505
0.8657243816254416
0.8162544169611308
0.9929328621908127
-0.2720848056537102
0.92226148409894
0.6819787985865724
0.3922261484098939
-0.0742049469964664
0.441696113074205
-0.7950530035335689
-0.6183745583038869
0.8303886925795052
0.7455830388692579
0.1307420494699647
0.34275618374558303
0.9787985865724382
0.28621908127208484
0.5123674911660778
-0.43462897526501765
0.03886925795053009
0.41342756183745566
-0.3851590106007068
0.795053003533569
0.7243816254416959
0.0035335689045936647
-0.31448763250883394
0.08833922261484117
0.22261484098939932
-0.9363957597173145
-0.7526501766784452
-0.8303886925795053
-0.9434628975265018
-0.4770318021201414
-0.6395759717314488
0.3992932862190812
-0.7597173144876325
-0.5265017667844523
-0.7455830388692579
0.7597173144876326
0.31448763250883394
-0.9717314487632509
-0.5194346289752649
-0.901060070671378
0.32155477031802127
-0.8586572438162544
0.15194346289752647
-0.1307420494699647
0.45583038869257964
0.09540636042402828
0.2438162544169611
-0.7173144876325088
-0.4487632508833922
-0.568904593639576
-0.15194346289752647
-0.39929328621908133
0.49823321554770317
0.9081272084805652
0.7385159010600706
-0.18021201413427557
0.9293286219081274
-0.13780918727915203
-0.3074204946996467
0.4770318021201414
-0.08127208480565373
-0.8374558303886925
-0.8657243816254416
0.5971731448763251
-0.646643109540636
-0.26501766784452296
0.1590106007067138
0.10954063604240294
-0.10954063604240283
-0.8515901060070672
0.9858657243816256
-0.8869257950530035
0.17314487632508824
-0.9293286219081273
0.215547703180212
-0.5477031802120141
0.6113074204946998
0.6042402826855124
-0.7102473498233215
-0.5335689045936396
-0.9787985865724381
0.25795053003533575
0.08127208480565384
0.8374558303886925
-0.28621908127208473
1.0
-0.9222614840989399
-0.3286219081272085
-0.8021201413427561
-0.2155477031802121
-0.9646643109540636
0.2650176678445231
0.9151943462897525
0.8515901060070672
-0.8798586572438163
0.3639575971731448
0.2791519434628975
-0.5901060070671378
0.46289752650176674
0.7031802120141342
0.20141342756183733
0.053003533568904526
0.1872791519434629
-0.6607773851590106
-0.40636042402826855
-1.0
-0.02473498233215543
0.06713780918727896
0.38515901060070656
0.11660777385159027
-0.6961130742049471
0.5759717314487631
0.0176678445229681
0.13780918727915203
-0.5123674911660777
-0.4204946996466431
-0.2438162544169611
0.07420494699646629
-0.37809187279151935
-0.14487632508833925
-0.20848056537102466
0.5547703180212014
0.667844522968198
-0.49116607773851595
0.7102473498233215
-0.8939929328621908
-0.03180212014134276
0.060070671378091856
0.23674911660777376
0.5335689045936396
0.18021201413427557
0.9434628975265018
-0.4840989399293286
0.9646643109540636
0.7526501766784452
0.5689045936395758
0.29328621908127217
-0.3639575971731448
-0.23674911660777387
0.34982332155477036
0.6749116607773851
0.6325088339222615
0.7738515901060072
0.3003533568904595
0.8869257950530034
-0.392226148409894
-0.46996466431095407
-0.7667844522968198
-0.09540636042402828
-0.010600706713780883
0.0459363957597172
-0.5053003533568905
-0.03886925795052998
-0.3356890459363957
-0.060070671378091856
-0.6537102473498233
0.9575971731448765
0.590106007067138
0.42756183745583054
0.8091872791519434
-0.6819787985865724
-0.2791519434628975
0.12367491166077738
-0.6254416961130742
-0.08833922261484095
-0.0035335689045936647
-0.20141342756183744
-0.7809187279151943
0.8021201413427563
0.9505300353356891
-0.17314487632508835
0.4204946996466432
-0.29328621908127206
0.5194346289752649
0.49116607773851584
-0.25795053003533563
0.3710247349823321
0.6890459363957597
0.6395759717314489
0.5406360424028267
0.03180212014134276
-0.44169611307420487
0.646643109540636
0.37809187279151946
-0.9575971731448764
-0.950530035335689
-0.1872791519434629
-0.6113074204946997
0.35689045936395747
-0.6042402826855123
-0.1590106007067138
0.8233215547703181
-0.5406360424028269
-0.04593639575971742
-0.9858657243816255
-0.6890459363957597
0.6961130742049471
0.5053003533568905
0.6183745583038871
0.10247349823321561
-0.7243816254416962
0.16607773851590113
-0.017667844522968212
-0.6749116607773851
0.6607773851590106
0.22968197879858643
-0.06713780918727918
-0.8162544169611308
-0.773851590106007
0.8586572438162543
0.40636042402826855
-0.19434628975265011
0.5618374558303887
-0.12367491166077738
-0.3003533568904594
0.7879858657243817
-0.5971731448763251
-0.2508833922261484
CENT_RANK
-0.20141342756183744
-0.6607773851590106
-0.9151943462897527
0.9929328621908127
-0.49823321554770317
0.5830388692579507
0.43462897526501765
-0.392226148409894
0.06713780918727896
0.8374558303886925
0.13780918727915203
-0.31448763250883394
0.053003533568904526
-0.6325088339222615
-0.5618374558303887
-0.1024734982332155
-0.0742049469964664
0.215547703180212
-0.5901060070671378
0.9363957597173145
-0.872791519434629
-0.5194346289752649
-0.6254416961130742
-0.9222614840989399
0.18021201413427557
0.41342756183745566
0.10247349823321561
-0.3851590106007068
0.8233215547703181
-0.8445229681978799
0.6183745583038871
0.6395759717314489
-0.20848056537102466
-0.28621908127208473
-0.5335689045936396
-0.46289752650176674
0.23674911660777376
-0.773851590106007
-0.823321554770318
-0.34982332155477025
0.38515901060070656
-0.26501766784452296
0.22968197879858643
1.0
-0.03886925795052998
-0.09540636042402828
0.0459363957597172
-0.39929328621908133
-0.7173144876325088
0.7314487632508833
-0.3074204946996467
0.6607773851590106
0.10954063604240294
0.45583038869257964
0.6749116607773851
-0.06713780918727918
0.4770318021201414
-0.060070671378091856
0.29328621908127217
-0.9787985865724381
0.03180212014134276
0.667844522968198
-0.40636042402826855
0.31448763250883394
0.40636042402826855
0.6254416961130742
0.9787985865724382
0.49116607773851584
-0.8374558303886925
-0.6749116607773851
0.2508833922261484
-0.42756183745583043
-0.4840989399293286
0.6325088339222615
-0.1307420494699647
0.42756183745583054
-0.7102473498233215
0.5335689045936396
0.5971731448763251
0.5689045936395758
0.46289752650176674
-0.7667844522968198
0.547703180212014
0.8303886925795052
0.3074204946996466
-0.5547703180212014
-0.8657243816254416
0.25795053003533575
0.3639575971731448
-0.2508833922261484
-0.44169611307420487
-0.8303886925795053
0.12367491166077738
-0.8021201413427561
-0.901060070671378
0.3992932862190812
-0.9646643109540636
-0.5971731448763251
-0.37809187279151935
-0.5830388692579505
-0.6042402826855123
-0.7597173144876325
-0.02473498233215543
-0.8162544169611308
-0.5759717314487632
-0.13780918727915203
-0.3356890459363957
-0.5123674911660777
0.901060070671378
0.20848056537102466
0.02473498233215543
0.8869257950530034
0.9081272084805652
-0.34275618374558303
-0.18021201413427557
-0.17314487632508835
0.37809187279151946
0.17314487632508824
-0.43462897526501765
0.49823321554770317
-0.23674911660777387
0.4204946996466432
0.7102473498233215
0.646643109540636
-0.22261484098939932
0.7455830388692579
0.2438162544169611
-0.646643109540636
-0.7314487632508834
0.8021201413427563
-0.7879858657243817
0.8798586572438163
-0.6819787985865724
0.08127208480565384
-0.5053003533568905
-0.9081272084805654
-0.22968197879858665
-0.7809187279151943
0.7809187279151943
-0.3710247349823321
0.7173144876325088
-0.8586572438162544
0.9717314487632509
-0.9363957597173145
-0.29328621908127206
-0.05300353356890464
-0.3639575971731448
0.7243816254416959
0.5547703180212014
-0.08833922261484095
-0.12367491166077738
-0.017667844522968212
-0.7385159010600707
0.2720848056537104
-0.5477031802120141
-0.568904593639576
-1.0
0.5759717314487631
-0.3568904593639576
0.32155477031802127
-0.010600706713780883
0.7879858657243817
0.8091872791519434
0.3286219081272086
0.92226148409894
0.6042402826855124
-0.03180212014134276
-0.4204946996466431
0.5406360424028267
-0.04593639575971742
-0.1590106007067138
-0.9717314487632509
0.8586572438162543
0.9505300353356891
0.7597173144876326
0.872791519434629
-0.6678445229681979
0.6113074204946998
0.3356890459363957
-0.7031802120141343
-0.16607773851590102
0.010600706713780994
-0.10954063604240283
0.14487632508833914
0.34982332155477036
0.1307420494699647
0.08833922261484117
0.0176678445229681
0.7738515901060072
-0.14487632508833925
-0.8798586572438163
-0.8515901060070672
0.590106007067138
0.28621908127208484
0.19434628975265023
0.7031802120141342
0.7526501766784452
-0.2155477031802121
0.3003533568904595
-0.25795053003533563
0.9646643109540636
-0.8091872791519434
0.22261484098939932
0.03886925795053009
0.20141342756183733
0.5618374558303887
-0.8869257950530035
-0.8939929328621908
0.441696113074205
0.6537102473498233
0.2650176678445231
-0.11660777385159005
0.16607773851590113
-0.7455830388692579
-0.2438162544169611
0.9293286219081274
0.2791519434628975
0.34275618374558303
0.7667844522968199
0.15194346289752647
0.48409893992932873
-0.6183745583038869
0.11660777385159027
0.8445229681978799
-0.5265017667844523
-0.4134275618374559
-0.19434628975265011
-0.1872791519434629
-0.6961130742049471
-0.9929328621908127
-0.49116607773851595
0.8162544169611308
0.9434628975265018
-0.4770318021201414
-0.5406360424028269
0.07420494699646629
-0.3003533568904594
-0.46996466431095407
-0.15194346289752647
0.795053003533569
0.6890459363957597
-0.08127208480565373
0.46996466431095407
0.9575971731448765
-0.7243816254416962
-0.9858657243816255
0.8939929328621907
-0.2720848056537102
0.9858657243816256
0.9151943462897525
-0.7526501766784452
-0.9434628975265018
0.4487632508833923
-0.32155477031802127
0.7385159010600706
-0.950530035335689
0.6961130742049471
0.3922261484098939
0.060070671378091856
-0.0035335689045936647
-0.9575971731448764
-0.3286219081272085
0.6819787985865724
-0.6890459363957597
0.3710247349823321
0.5194346289752649
-0.4487632508833922
0.0035335689045936647
0.1872791519434629
-0.7950530035335689
0.5053003533568905
0.8657243816254416
0.35689045936395747
-0.2791519434628975
-0.6395759717314488
0.5123674911660778
0.8515901060070672
-0.6537102473498233
-0.4558303886925794
0.09540636042402828
0.5265017667844523
0.1590106007067138
-0.9293286219081273
-0.6113074204946997
RANK
156
229
245
59
171
96
260
255
251
143
282
23
2
135
94
207
206
190
20
86
141
191
29
68
91
38
103
201
93
269
130
137
37
81
101
250
213
152
128
244
48
76
179
228
263
132
69
176
1
277
127
274
13
22
221
283
100
97
18
99
104
155
14
85
154
234
34
224
21
107
134
4
230
72
233
237
35
278
266
90
118
71
167
225
62
47
7
27
98
139
146
158
39
113
106
261
253
11
50
236
144
33
273
247
41
199
89
214
120
136
124
197
32
0
226
227
114
115
180
170
238
189
105
74
150
211
182
15
45
149
241
16
55
57
145
169
44
166
102
151
160
259
267
181
187
110
60
203
46
12
258
8
235
133
186
279
26
52
222
92
185
10
183
219
281
212
117
24
268
194
204
109
17
202
42
36
126
70
87
210
153
216
193
58
198
84
63
159
163
178
217
184
272
88
264
116
40
257
95
64
25
121
75
6
208
252
53
80
242
56
220
67
119
270
275
265
280
77
168
82
148
205
79
157
5
192
78
165
177
30
65
73
31
123
209
51
61
54
262
240
256
195
122
140
147
49
254
125
196
174
218
188
138
161
239
129
162
231
28
83
9
223
276
172
271
175
131
111
246
108
112
249
164
215
19
232
173
243
200
142
66
248
3
43
