DEGREE
0.0625
-0.4375
0.0
0.125
0.625
0.3125
-0.375
-0.5625
-0.5625
-0.6875
0.25
0.1875
0.5625
0.3125
0.5625
0.25
0.0
0.5625
-0.8125
-0.375
0.5
0.1875
0.125
0.1875
0.3125
-0.125
0.625
0.5625
0.5
-0.0625
0.125
-0.375
0.6875
-0.1875
-0.0625
-0.0625
-0.5
0.3125
-0.125
-0.5
0.625
0.375
0.5
0.75
0.8125
1.0
-0.5
0.1875
-0.25
0.625
0.0
0.5625
0.4375
0.625
0.0625
0.0625
0.0
0.6875
0.6875
-0.1875
0.1875
0.0
0.1875
-0.375
0.8125
-0.125
-0.125
0.4375
0.0625
-0.5625
0.4375
1.0
0.6875
-0.375
0.5625
0.125
0.875
-0.25
-0.1875
-0.375
-0.5
0.6875
0.1875
0.3125
0.5
-0.4375
-0.125
0.75
0.0
0.125
-0.5
0.5
0.0
0.75
-0.1875
-0.25
0.1875
0.125
-0.3125
0.25
-0.0625
0.6875
0.5
0.1875
-0.5
-0.25
0.5
-0.4375
0.0
0.4375
0.1875
0.5625
0.75
0.4375
0.875
-0.125
0.5625
-0.4375
0.125
-0.3125
-0.5
-0.375
0.4375
-0.625
0.5625
-0.0625
0.375
0.6875
-0.1875
0.375
0.375
0.25
0.25
-0.3125
-0.5
-0.25
0.0625
-0.25
0.75
0.9375
0.6875
0.125
0.5
0.25
-0.3125
0.625
0.6875
0.0625
0.5625
0.75
0.625
-0.0625
0.0
0.25
0.0
0.0
-0.4375
0.375
0.125
0.125
0.1875
0.125
0.5625
0.0625
0.3125
0.0625
0.1875
0.625
0.3125
-0.0625
0.875
0.0
-0.5625
0.75
-0.4375
0.1875
0.1875
0.1875
0.75
-0.25
-0.1875
-0.3125
-0.1875
0.0625
0.6875
0.5625
-0.375
0.625
0.3125
0.5625
-0.25
0.5
0.6875
0.0
-0.8125
0.375
-0.4375
-0.25
-0.0625
0.625
-0.1875
0.375
-0.125
0.4375
-0.125
0.3125
-0.1875
-0.3125
0.4375
0.375
-0.4375
0.6875
0.25
0.5
0.25
0.6875
0.125
-1.0
-0.0625
0.375
0.875
0.125
0.5
0.875
0.0
0.25
-0.0625
0.4375
0.125
-0.125
0.625
-0.0625
0.1875
0.0625
0.3125
0.1875
0.3125
0.125
0.4375
0.625
0.6875
0.0625
0.125
0.9375
0.3125
0.5625
0.625
0.3125
0.3125
0.75
0.1875
-0.25
0.5625
0.75
0.0
0.25
0.5
0.625
-0.4375
-0.0625
0.9375
0.875
0.25
0.0625
0.5625
0.25
-0.125
-0.1875
-0.375
-0.5
0.6875
-0.3125
0.9375
0.0
-0.125
-0.3125
-0.3125
0.0
0.125
0.1875
0.125
0.9375
0.8125
0.6875
0.5
-0.25
0.3125
0.375
0.6875
0.625
-0.25
-0.5
0.625
0.5625
0.125
-0.125
-0.1875
-0.125
0.625
-0.5625
0.6875
-0.3125
0.9375
0.625
1.0
0.0
0.0625
0.25
0.6875
-0.3125
0.5
-0.125
-0.6875
0.25
0.625
0.625
-0.125
0.1875
-0.5625
0.25
-0.25
-0.0625
-0.5
0.0
0.625
0.6875
-0.3125
0.0625
0.75
0.375
0.1875
-0.125
0.3125
0.625
-0.4375
0.6875
0.375
-0.625
0.0
0.6875
0.3125
-0.0625
-0.0625
-0.125
0.25
0.5625
-0.25
-0.125
0.125
0.25
-0.0625
0.0
0.4375
-0.4375
EIGENVECTOR
-0.969845599535562
-0.7165556226694204
-0.7402291915750175
-0.7651441418945162
0.1355280944485664
-0.06353018574054914
-0.729427609731359
-0.8120035219325556
-0.8248459493507214
-0.8689039862764893
-0.6619572272825665
-0.9098261333296012
-0.23241961464532757
-0.2426312962578253
0.17669710404769945
-0.019178701904166262
-0.9900281591708168
0.5204057342767014
-0.9834730589526577
-0.9262943408325377
0.4787673094774618
-0.9087674086122922
-0.9570713544099676
-0.6661596314932154
-0.03059623929614108
-0.8017265262982147
0.5466389153625988
0.35060148962653526
0.14168015963224323
-0.3219060603770738
-0.963385388567829
-0.741554992475921
0.5588109946341662
-0.9480446966279501
-0.9125418161107542
-0.5176767529813944
-0.8089392350600267
-0.8970417505113191
-0.7170562212668107
-0.9971992932971477
-0.21696910938675174
-0.9664498346377177
0.0012755497989971332
0.8689445175306245
0.9044750581006102
0.4105132906569906
-0.9389353311514981
-0.11744362078638049
-0.8310005493378454
0.6913766681956546
-0.9706751447057612
0.6250907167853537
0.1292657913376285
-0.550686890967259
-0.9842101512968069
-0.9574468840316053
-0.621420863640797
0.07170190059305193
0.26487691962225024
-0.988302800661412
-0.3787994829205771
-0.7662480905027763
-0.6912130290913754
-0.741554992475921
0.5918799497855103
-0.9878448705097727
-0.6775334446061099
-0.5777929182050994
-0.45194742945029187
-0.8248459493507213
0.3255485355440835
0.8389164410994532
0.4571189185380098
-0.4676891871528315
0.47564428161953853
-0.9887671706267674
0.5181371491601194
-0.9094062209506367
-0.3778504901915154
-0.99823415626608
-0.7866455744898346
0.6837864703800423
-0.6000532786640332
-0.33091345734798516
-0.2606385609508737
-1.0
-0.9799106164851413
-0.9630638235153718
-0.28291621129578726
-0.4868994618024193
-0.6261989133284676
0.5909719338556834
-0.7663584240769974
0.677678508063964
-0.8599740018599159
-0.9956549783084726
-0.7000403927161243
-0.45581653820081425
-0.6975746839734065
-0.89857737011197
-0.9704891136833982
0.787199561791792
0.07997364244680383
-0.5692743986713805
-0.7725455004837758
-0.6620752420918989
0.11169253393363099
-0.9999999999999999
-0.22085340447398483
-0.16332752288009922
-0.4563860800787156
0.23873471291985138
0.25574723124427723
-0.19691013761073795
1.0
-0.606008094640772
-0.5174306102082067
-0.9913926489005664
-0.7712942367456772
-0.9952064570072028
-0.9755619762956145
-0.9909642982558658
0.497549712346399
-0.8524587939533527
-0.036609294974853435
-0.9627977316352573
-0.955414414735476
0.6978936194346936
-0.8211127136842615
-0.10548393461495587
0.03292172582831099
-0.6619572272825667
-0.47471590199104463
-0.8452516938719087
-0.8956200383926903
-0.6713546785151718
-0.9893931651669806
-0.9946138680347536
0.3096333303999417
0.5257524619689793
0.3891408332298254
-0.8235330192416478
-0.27353823927743415
-0.4092652882888016
-0.9963485991714532
0.587656270768089
0.482260008769388
-0.8091225733846874
-0.9254018995163826
0.9107363273630253
0.4133622854930252
-0.5537094244058252
-0.9915104321764967
-0.6793672251518834
-0.9699982076058401
-0.9734092488559786
-0.9808858151608557
-0.18546595096658458
-0.7718412607171387
-0.5571488049396355
-0.9621282202356419
-0.8268415941442164
0.46566749987424805
-0.22320745748540216
-0.9629558612348961
-0.6542941057120042
-0.15427145489108063
0.11005591500364953
-0.3366937331162617
-0.35417567756402046
-0.9620955737090024
-0.7857292413921398
-0.8948119581645572
-0.46483140267554557
-1.0
-0.33884105962798694
-0.9857704771415952
-0.11744362078637993
-0.9596017682435662
-0.9888496463782679
-0.5921157365516703
-0.9942642432572893
-0.930125757866997
-0.4824795085888631
-0.20322326054953888
-0.13145413282676233
-0.9876478484784993
0.5790146208914297
-0.7240141974488074
-0.9642650547334823
-0.700991299881955
0.07997364244680316
0.23600344146471586
-0.8132099514829888
-0.9535127287873961
-0.9818180103674422
-0.7867514297606693
-0.9352165889796794
-0.9720258945573423
-0.9575533937635393
-0.8698358048693382
0.5379725480824931
-0.9657232707395098
-0.21058954359620063
-0.7844532961232293
0.029706399768492764
-0.7377188332825724
-0.9650616022441442
-0.1920707158903342
-0.3986031140901678
-0.7314302338187635
0.6163077808266713
-0.33949738062066137
0.08605431912907258
-0.8908787538086357
0.05237367757761202
-0.9656320019472933
-0.9540270969349214
-0.777118143329878
-0.9664498346377178
0.6808913035773738
-0.5467864873135697
0.3179825027569638
0.8915970339095898
-0.40060685109486505
-0.9849639282039313
-0.9744898318779295
-0.08958731700355771
-0.5762526323083453
-0.9886142163577496
-0.5001284176744646
-0.42403584932408245
-0.34849039060085385
-0.9893140255082009
-0.4288116379532131
-0.4407910349980183
-0.2426312962578252
-0.9471736207415742
0.04854573987795985
-0.9760037191817139
-0.2698019010789747
-0.9413703126175366
-0.9736328879809607
0.5667825514856379
-0.622534945807992
-0.31714492372441905
0.7341377356683001
-0.881434808343775
-0.9280455800505266
0.8737745780913737
-0.4804003307945075
-0.9738792590818942
-0.9771563497147322
0.44102835738865176
-0.9419171583343926
-0.7371725514685004
0.0702213845960944
0.49410913232384157
-0.9903158369705628
-0.6020554272809584
0.6729552429102394
0.978153845222208
-0.2485754939802226
-0.9493508984883569
0.44634393635730296
-0.24857549398022327
-0.991880459772077
-0.9949488706754497
-0.9891032820634618
-0.9939126410399118
0.801519357848153
-0.9849945505436268
0.7455249799157286
-0.9746975545596226
-0.9913079825909209
-0.9916556060371909
-0.8490170399780584
-0.9841241749402456
-0.41527733892414986
0.0007689853476142705
-0.9873286816569484
0.924432051092952
0.3356395664371701
0.6117250651548016
0.07461551874420946
-0.9957718779579292
-0.850767074145277
0.03819556246718747
0.3955739906600202
0.08708479831524851
-0.7013529444271727
-0.9949768565291819
-0.9780819531115784
0.3647677497675399
-0.9887671706267672
-0.7951686288652768
-0.6608036196436897
-0.653514343581555
0.19372190309080173
-0.6157873269666774
0.4422709899490789
-0.9901082833281732
0.5086438923491317
-0.9757716521217839
0.8163048758579023
-0.7904485496440335
-0.8664887781746771
-0.5915133316488541
0.8179819024067982
-0.9687890738984307
-0.06789470767636319
-0.7566226252718861
-0.8822723994146804
-0.9305959297759946
0.32857738171163287
0.5958413464416286
-0.9929138772059333
-0.9863349076292374
-0.9817548969278942
-0.5010031548601641
-0.9920295893169356
-0.5108113829646794
-0.99305570638469
-0.7506693013804006
-0.10058834405479133
0.2860915400259676
-0.937241167431927
-0.9856012219171921
0.4490391605616173
-0.6151929953942146
-0.43390200339778984
-0.9886142163577496
-0.39794925311096896
0.40967094902751544
-0.9965318850085723
0.05788941985709384
-0.22454062283807685
-0.9973960546713352
-0.9900902388850535
0.31464165805733413
-0.24762287725771703
-0.9883651070051159
-0.9503052165701759
-0.9848621384810964
-0.9631368966449175
0.36476774976754034
-0.637787934474886
-0.9903657906957928
-0.7357557887949677
-0.4906424813391953
-0.5040382029269891
-0.975385129184032
-0.0691293452982098
-0.9957773635754954
CENT
-0.1132884205322483
-0.9348226456629122
-0.2824204404467704
-0.9614328012477559
-0.46217641491313444
0.18693908923856184
-0.9677499749039433
-0.9779956282206391
-0.9986828919295921
-0.9998450906679598
-0.7816815625843443
-0.08240642769510598
-0.5226452161952312
-0.654443171473442
-0.8330888188341898
-0.6626702163701714
-0.692852302468062
0.06909142721075812
-0.9837352795503921
-0.44878611958506587
-0.11220979951053267
0.7417408846594105
-0.26058037991603067
0.41999632540621423
-0.6682706735365634
-0.9281842417662165
-0.3409620824148376
-0.16261024904892862
-0.13468222734999546
-0.9138618819836087
-0.798998735589244
-0.9586353106518772
-0.22485542683851822
-0.8447090985606573
-0.7796621094830629
-0.6928253531706876
-0.9927318598240947
-0.3320746159668536
-0.9580501316301803
-0.8696073158549681
-0.14621403424125723
-0.7561894185352573
-0.2561262308619655
-0.12931820533852378
-0.18404751802679586
0.6226224506246867
-0.7966615670217418
-0.9150581342617865
-0.9826268847112621
-0.28893892162088963
-0.5375304071794775
-0.10140397873706097
-0.6030998988829592
-0.6806210095395618
-0.9470394533219877
0.3446973609082553
0.6805552987429753
-0.39139568412404346
0.654341304578469
-0.8465232204103905
-0.13069435558399123
-0.3939593117798994
-0.8544715531903282
-0.9586353106518772
-0.5219473668781824
-0.7719591891654417
-0.2906679336251202
-0.7383893441433229
-0.8183216722054691
-0.9986828919295921
-0.7849384504298715
0.18609892566898756
-0.3851579438406927
-0.929749048086708
-0.1694434230043832
-0.9438352841286033
0.4855258888270857
-0.25282473937575967
-0.9914799770933368
-0.8786187361630959
-0.977274180585606
-0.29708532974638113
-0.8801476039690062
-0.06099316161196755
0.7648488327345682
-0.7993061752832651
-0.9572378674013133
-0.483486816624882
-0.9265801960206862
-0.39729298259552326
-0.8658114322901986
0.05021745696152258
-0.896022881407402
-0.1136929456430178
-0.47940142633322114
-0.8401958315920695
-0.8056495233298774
-0.8402909762938463
-0.9785024001169732
0.16323432231340118
-0.14317285931600454
-0.26448889742819504
-0.7943591808593657
0.22032810121441782
-0.9605083759052062
-0.13227858753701371
-0.7811521949205424
-0.7993061752832651
-0.7786817432979134
-0.13821730787613373
-0.2243711469341979
-0.31449681842340327
-0.22679058228520244
0.3589688186373159
0.31953079996111167
0.6772876197772784
-0.6162438643126724
-0.9319379021858679
1.0
-0.9990953676509988
-0.7875616168453368
-0.9479628914574463
-0.5641265644109636
-0.9990956863231447
0.18511159988133508
-0.4939119574512635
-0.5668385426180836
-0.3005580264229325
-0.9579567465752575
-0.22820931043401416
-0.5286448789457094
-0.7816815625843443
0.08815343166403222
-0.978574470332272
-0.9563757261503675
-0.9014567354014678
-0.5350412164603129
-0.998258626261419
-0.7392994741484851
-0.46539923360435287
-0.35025244395917055
-0.33165783763119083
-0.7223220927821847
-0.4252926139334716
-0.8401580476943852
0.2044740903114497
0.5257963586637899
-0.42616984346292097
-0.3276189433249679
0.11461795095194094
-0.06255154504521121
-0.8491225558836457
-0.9494625077005107
-0.734684073130549
-0.681900096055668
-0.19099197532177425
-0.6687837574650245
-0.1324997417142878
-0.9064519250756545
0.26563315601451665
-0.5882874652368003
0.572039979638421
-0.21615142074687876
-0.9739549719179755
-0.4845744233672221
0.11507953391399783
-0.44967084219967035
0.0756036416432555
-0.8002625732384903
-0.5135661230596307
-0.1148635844684115
-0.5179537055185001
-0.9947197650133488
-0.1748596803861403
-0.7993061752832651
0.10803402366802461
-0.8337226821037413
-0.9150581342617865
-0.019423447330034316
-0.9015234790384414
-0.8717530694893605
-0.8790936694417982
-0.5185062920450645
-0.6279127884714091
-0.28729680857380946
-0.5778163855897346
-0.9973638319873488
-0.18611619354515163
-0.8610181066623942
-0.570014452272432
-0.7624021947775382
-0.7943591808593657
-0.7659043790128339
-0.25684806227590573
-0.6260775339464826
-0.9695791454298387
0.48707369093596586
-0.30944977468534274
-0.9814655250600179
-0.12532127045001729
0.046524751797180075
-0.4461940274012991
-0.8431628298995607
0.2995160478647654
-0.035514965632472806
-0.6819612904667616
-0.651086681052092
-0.6299842992657261
0.3503418278992205
-0.21505648617305828
-0.8149955594627387
0.4403085920205625
-0.5638027303499894
-0.8575788400944658
-0.3457630498976535
0.19363614026754705
-0.9530571541059828
-1.0
-0.01591180351278887
-0.7561894185352573
0.6750925381143009
-0.5822064746862381
-0.6513427935360478
0.025973294905627498
-0.7457332382756666
-0.9780818056234076
-0.9820532443023161
0.029235680403319364
-0.7334668184446221
-0.9665349583217742
-0.49494666613515814
-0.7608661691812281
-0.8218766182345686
-0.9847185220369752
-0.09701249122064737
0.08281315031807601
-0.654443171473442
-0.9213661245379091
-0.07247786008822343
-0.8809194502906467
-0.3384055031435419
-0.009037181188205401
0.005774093515892531
0.6176276031338204
0.5241214400415581
-0.212698628193145
0.022606137478335064
0.5828971559685467
-0.6224041473904421
0.45909650066350416
-0.7104817078946145
-0.9671115560363834
-0.9508411528670546
0.4489976078987039
-0.15298708425483054
-0.8917112737836449
0.2764688073848516
-0.8048939702588089
-0.9974263915252881
-0.7191016219191888
-0.35119668811649096
-0.1509144967648961
-0.5741916762674197
-0.07391553904771608
-0.4475431583944567
-0.5741916762674197
-0.989567268886457
-0.7004898919347156
-0.9836807226820101
-0.8684955286596212
0.04737055162585846
-0.9947249434202289
-0.25486818971782665
-0.9631814493777867
-0.9958553536065449
-0.8937783820800888
-0.9692528025550088
-0.1907764472500092
-0.6200412049420816
-0.8400055392176082
-0.9838506512605184
0.5402169755466708
-0.6655362800656559
0.1549335309493689
-0.3289703757583209
-0.9182413762399322
0.8797064749105186
-0.013466707426662228
-0.3797786378584479
0.7601145293757385
-0.7241502595213997
-0.9146084675444831
-0.9190796645416496
-0.5364597105789048
-0.9438352841286033
-0.1440841932269068
0.21701042707557905
-0.6200651675223616
-0.030573799507656596
-0.9611755683658625
-0.3010752539270657
-0.7523856779303889
0.6434275619985714
-0.7454408067976264
0.6828355491420424
-0.983221045260244
-0.4751921881129101
-0.8259751949375589
-0.24594920101094786
-0.9519271317450002
0.13636941806285185
-0.6502255159522234
-0.9897155105399422
-0.6926010057577604
-0.21569900410424536
-0.274592855943679
-0.7555386027016038
-0.9749417576821454
-0.94944634721951
-0.040046637837716226
-0.9001140675085897
-0.6831982809868289
-0.9958749783594213
-0.9249281813794255
-0.16846624600893878
-0.5585828851799289
-0.9667527161378766
-0.5626037376547166
-0.2557113235903288
0.22311091646946446
-0.8606349980849156
-0.9665349583217742
-0.16205077225566267
-0.3493493145654859
-0.9205625655418678
-0.08418872946949296
0.2986741089376972
-0.9653141228141207
-0.5638900716727855
0.6198172652149063
0.34096646401073305
-0.9925719940714347
-0.2899622668968056
0.954778817838456
-0.6990159583617541
-0.5364597105789048
-0.9546404321382553
-0.8480732361398865
-0.22239762962799348
-0.019164430015954803
-0.6307674645581581
0.654400574265884
-0.02318083043117336
-0.8538220715962206
DEGREE_RANK
-0.22946175637393762
-0.8640226628895185
-0.348441926345609
-0.15014164305948996
0.5920679886685551
0.1841359773371105
-0.8016997167138811
-0.9603399433427762
-0.9546742209631728
-0.9830028328611898
0.0821529745042493
-0.03682719546742208
0.49008498583569415
0.1898016997167138
0.49575070821529743
0.0878186968838528
-0.3427762039660056
0.5014164305949007
-0.9943342776203966
-0.7960339943342776
0.4107648725212465
-0.03116147308781858
-0.14447592067988668
-0.025495750708215192
0.1954674220963173
-0.5410764872521246
0.5977337110481586
0.5070821529745042
0.41643059490084977
-0.4390934844192633
-0.13881019830028318
-0.7903682719546743
0.7167138810198299
-0.603399433427762
-0.43342776203966005
-0.42776203966005655
-0.9263456090651558
0.20113314447592057
-0.5354107648725213
-0.9206798866855525
0.6033994334277621
0.2804532577903682
0.42209631728045327
0.8413597733711047
0.9036827195467423
0.9886685552407932
-0.9150141643059491
-0.019830028328611804
-0.6827195467422096
0.6090651558073654
-0.3371104815864022
0.5127478753541077
0.3484419263456091
0.6147308781869689
-0.22379603399433412
-0.21813031161473084
-0.3314447592067987
0.7223796033994334
0.7280453257790369
-0.5977337110481586
-0.014164305949008416
-0.32577903682719545
-0.008498583569404916
-0.7847025495750708
0.9093484419263456
-0.5297450424929178
-0.5240793201133145
0.3541076487252124
-0.21246458923512734
-0.9490084985835694
0.3597733711048159
0.9943342776203965
0.7337110481586402
-0.7790368271954674
0.5184135977337112
-0.1331444759206798
0.9206798866855526
-0.6770538243626063
-0.5920679886685553
-0.773371104815864
-0.9093484419263456
0.7393767705382435
-0.0028328611898016387
0.20679886685552407
0.42776203966005677
-0.858356940509915
-0.518413597733711
0.8470254957507082
-0.32011331444759195
-0.1274787535410764
-0.9036827195467422
0.43342776203966005
-0.31444759206798867
0.8526912181303117
-0.5864022662889519
-0.6713881019830028
0.0028328611898016387
-0.12181303116147302
-0.7507082152974505
0.09348441926345585
-0.42209631728045327
0.745042492917847
0.4390934844192633
0.008498583569404916
-0.8980169971671388
-0.6657223796033994
0.4447592067988668
-0.8526912181303116
-0.30878186968838517
0.3654390934844194
0.014164305949008416
0.5240793201133143
0.8583569405099152
0.37110481586402244
0.9263456090651556
-0.5127478753541076
0.5297450424929178
-0.8470254957507082
-0.11614730878186952
-0.745042492917847
-0.8923512747875354
-0.7677053824362606
0.37677053824362594
-0.971671388101983
0.5354107648725213
-0.41643059490084977
0.2861189801699715
0.7507082152974505
-0.5807365439093485
0.291784702549575
0.2974504249291785
0.09915014164305935
0.10481586402266285
-0.7393767705382437
-0.886685552407932
-0.660056657223796
-0.20679886685552407
-0.6543909348441926
0.8640226628895182
0.9546742209631727
0.7563739376770537
-0.11048158640226624
0.4504249291784703
0.11048158640226635
-0.7337110481586402
0.6203966005665722
0.7620396600566572
-0.20113314447592057
0.5410764872521248
0.8696883852691217
0.6260623229461757
-0.4107648725212464
-0.3031161473087818
0.11614730878186963
-0.2974504249291784
-0.291784702549575
-0.8413597733711048
0.303116147308782
-0.10481586402266274
-0.09915014164305946
0.019830028328611915
-0.09348441926345608
0.546742209631728
-0.19546742209631718
0.21246458923512757
-0.1898016997167138
0.025495750708215414
0.631728045325779
0.21813031161473084
-0.405099150141643
0.9320113314447591
-0.2861189801699715
-0.943342776203966
0.8753541076487252
-0.8356940509915014
0.03116147308781847
0.03682719546742197
0.04249291784702547
0.8810198300283287
-0.6487252124645893
-0.5750708215297451
-0.7280453257790368
-0.5694050991501416
-0.1841359773371104
0.7677053824362607
0.5524079320113315
-0.7620396600566572
0.6373937677053825
0.22379603399433412
0.5580736543909348
-0.6430594900849858
0.4560906515580736
0.773371104815864
-0.2804532577903682
-0.9886685552407932
0.30878186968838506
-0.830028328611898
-0.6373937677053825
-0.3994334277620396
0.643059490084986
-0.5637393767705383
0.31444759206798856
-0.5070821529745042
0.38243626062322944
-0.5014164305949008
0.22946175637393762
-0.5580736543909348
-0.7223796033994334
0.38810198300283294
0.32011331444759206
-0.8243626062322946
0.7790368271954673
0.12181303116147313
0.4617563739376769
0.1274787535410764
0.7847025495750708
-0.08781869688385258
-1.0
-0.3937677053824361
0.32577903682719556
0.9376770538243626
-0.0821529745042493
0.4674220963172804
0.9433427762039661
-0.27478753541076484
0.1331444759206799
-0.38810198300283283
0.3937677053824362
-0.0764872521246458
-0.49575070821529743
0.648725212464589
-0.38243626062322933
0.04815864022662897
-0.178470254957507
0.23512747875354112
0.053824362606232246
0.24079320113314462
-0.07082152974504241
0.3994334277620397
0.6543909348441925
0.7903682719546743
-0.17280453257790362
-0.06515580736543902
0.9603399433427762
0.24645892351274767
0.5637393767705381
0.660056657223796
0.2521246458923512
0.2577903682719547
0.886685552407932
0.059490084985835745
-0.631728045325779
0.5694050991501416
0.8923512747875353
-0.26912181303116145
0.13881019830028318
0.4730878186968839
0.6657223796033995
-0.8186968838526912
-0.37677053824362605
0.9660056657223797
0.9490084985835694
0.14447592067988668
-0.16713881019830024
0.5750708215297451
0.15014164305949018
-0.49008498583569393
-0.5524079320113314
-0.7563739376770537
-0.8810198300283286
0.7960339943342778
-0.71671388101983
0.971671388101983
-0.26345609065155806
-0.48441926345609065
-0.7110481586402266
-0.7053824362606231
-0.25779036827195456
-0.059490084985835634
0.06515580736543902
-0.053824362606232135
0.9773371104815864
0.9150141643059491
0.8016997167138808
0.47875354107648715
-0.6260623229461757
0.2634560906515582
0.33144475920679883
0.8073654390934843
0.6713881019830028
-0.6203966005665722
-0.8753541076487252
0.6770538243626061
0.5807365439093486
-0.04815864022662886
-0.47875354107648715
-0.546742209631728
-0.47308781869688377
0.6827195467422096
-0.9376770538243626
0.8130311614730878
-0.6997167138810199
0.98300283286119
0.6883852691218131
1.0
-0.2521246458923513
-0.16147308781869685
0.15580736543909346
0.8186968838526911
-0.6940509915014164
0.48441926345609065
-0.4674220963172804
-0.9773371104815864
0.16147308781869674
0.6940509915014164
0.6997167138810199
-0.461756373937677
0.07082152974504252
-0.9320113314447592
0.16713881019830024
-0.6147308781869688
-0.37110481586402255
-0.8696883852691218
-0.24645892351274779
0.7053824362606234
0.8243626062322946
-0.6883852691218131
-0.15580736543909346
0.8980169971671388
0.33711048158640233
0.0764872521246458
-0.4560906515580736
0.26912181303116145
0.7110481586402266
-0.8130311614730878
0.8300283286118981
0.3427762039660056
-0.9660056657223796
-0.2407932011331444
0.8356940509915014
0.27478753541076495
-0.36543909348441916
-0.3597733711048159
-0.4504249291784702
0.17280453257790374
0.5864022662889516
-0.6090651558073654
-0.4447592067988668
-0.04249291784702536
0.17847025495750724
-0.3541076487252124
-0.235127478753541
0.405099150141643
-0.8073654390934843
EIGENVECTOR_RANK
-0.5920679886685553
-0.0764872521246458
-0.12181303116147302
-0.15014164305948996
0.6033994334277621
0.47875354107648715
-0.09348441926345608
-0.2407932011331444
-0.26345609065155806
-0.32011331444759195
-0.014164305949008416
-0.38243626062322933
0.3654390934844194
0.3541076487252124
0.6147308781869689
0.49575070821529743
-0.830028328611898
0.8073654390934843
-0.7053824362606231
-0.3994334277620396
0.773371104815864
-0.37110481586402255
-0.49008498583569393
-0.025495750708215192
0.49008498583569415
-0.22379603399433412
0.8243626062322946
0.6883852691218131
0.6090651558073654
0.303116147308782
-0.546742209631728
-0.1274787535410764
0.8300283286118981
-0.4560906515580736
-0.38810198300283283
0.11614730878186963
-0.22946175637393762
-0.3597733711048159
-0.0821529745042493
-0.971671388101983
0.38810198300283294
-0.5807365439093485
0.5070821529745042
0.9603399433427762
0.9773371104815864
0.7223796033994334
-0.43342776203966005
0.4447592067988668
-0.2804532577903682
0.9093484419263456
-0.6090651558073654
0.8810198300283287
0.5977337110481586
0.10481586402266285
-0.71671388101983
-0.49575070821529743
0.03116147308781847
0.5524079320113315
0.643059490084986
-0.773371104815864
0.2577903682719547
-0.15580736543909346
-0.04815864022662886
-0.1331444759206798
0.8583569405099152
-0.7677053824362606
-0.03682719546742208
0.0764872521246458
0.20113314447592057
-0.26912181303116145
0.6713881019830028
0.9546742209631727
0.7563739376770537
0.17847025495750724
0.7677053824362607
-0.7960339943342776
0.8016997167138808
-0.37677053824362605
0.2634560906515582
-0.9830028328611898
-0.20113314447592057
0.9036827195467423
0.059490084985835745
0.2974504249291785
0.33144475920679883
-0.9943342776203966
-0.6827195467422096
-0.5354107648725213
0.31444759206798856
0.15580736543909346
0.019830028328611915
0.8526912181303117
-0.16147308781869685
0.8923512747875353
-0.30878186968838517
-0.943342776203966
-0.059490084985835634
0.1954674220963173
-0.053824362606232135
-0.36543909348441916
-0.603399433427762
0.9320113314447591
0.5694050991501416
0.0878186968838528
-0.178470254957507
-0.019830028328611804
0.5920679886685551
-1.0
0.38243626062322944
0.42209631728045327
0.1898016997167138
0.631728045325779
0.6373937677053825
0.405099150141643
1.0
0.04815864022662897
0.12181303116147313
-0.8696883852691218
-0.16713881019830024
-0.9376770538243626
-0.6543909348441926
-0.858356940509915
0.7903682719546743
-0.3031161473087818
0.48441926345609065
-0.5240793201133145
-0.48441926345609065
0.9150141643059491
-0.2521246458923513
0.4504249291784703
0.5184135977337112
-0.008498583569404916
0.17280453257790374
-0.2861189801699715
-0.3541076487252124
-0.03116147308781858
-0.8243626062322946
-0.9206798866855525
0.6543909348441925
0.8130311614730878
0.7053824362606234
-0.25779036827195456
0.32011331444759206
0.23512747875354112
-0.9603399433427762
0.8470254957507082
0.7790368271954673
-0.235127478753541
-0.3937677053824361
0.98300283286119
0.7280453257790369
0.09915014164305935
-0.8753541076487252
-0.04249291784702536
-0.5977337110481586
-0.6203966005665722
-0.6883852691218131
0.41643059490084977
-0.17280453257790362
0.09348441926345585
-0.518413597733711
-0.27478753541076484
0.7620396600566572
0.37677053824362594
-0.5297450424929178
0.0028328611898016387
0.42776203966005677
0.5864022662889516
0.291784702549575
0.26912181303116145
-0.5127478753541076
-0.19546742209631718
-0.348441926345609
0.1841359773371105
-0.9886685552407932
0.2861189801699715
-0.745042492917847
0.4390934844192633
-0.5070821529745042
-0.8073654390934843
0.06515580736543902
-0.9150141643059491
-0.4107648725212464
0.16147308781869674
0.3994334277620397
0.43342776203966005
-0.7620396600566572
0.8413597733711047
-0.08781869688385258
-0.5524079320113314
-0.06515580736543902
0.5637393767705381
0.6260623229461757
-0.24645892351274779
-0.47308781869688377
-0.6997167138810199
-0.20679886685552407
-0.42209631728045327
-0.6147308781869688
-0.5014164305949008
-0.32577903682719545
0.8186968838526911
-0.5694050991501416
0.3937677053824362
-0.1898016997167138
0.5127478753541077
-0.11614730878186952
-0.5580736543909348
0.4107648725212465
0.24645892351274767
-0.09915014164305946
0.8753541076487252
0.2804532577903682
0.5750708215297451
-0.3427762039660056
0.5354107648725213
-0.5637393767705383
-0.47875354107648715
-0.1841359773371104
-0.5750708215297451
0.8980169971671388
0.11048158640226635
0.6657223796033995
0.971671388101983
0.24079320113314462
-0.7280453257790368
-0.6373937677053825
0.4617563739376769
0.0821529745042493
-0.7847025495750708
0.14447592067988668
0.22379603399433412
0.27478753541076495
-0.8186968838526912
0.21813031161473084
0.20679886685552407
0.3597733711048159
-0.4504249291784702
0.5297450424929178
-0.6657223796033994
0.32577903682719556
-0.4390934844192633
-0.6260623229461757
0.8356940509915014
0.025495750708215414
0.30878186968838506
0.9206798866855526
-0.3314447592067987
-0.405099150141643
0.9660056657223797
0.16713881019830024
-0.631728045325779
-0.6713881019830028
0.7337110481586402
-0.4447592067988668
-0.11048158640226624
0.546742209631728
0.7847025495750708
-0.8470254957507082
0.053824362606232246
0.886685552407932
0.9943342776203965
0.33711048158640233
-0.461756373937677
0.745042492917847
0.3427762039660056
-0.886685552407932
-0.9263456090651558
-0.8130311614730878
-0.9093484419263456
0.9376770538243626
-0.7337110481586402
0.9263456090651556
-0.6430594900849858
-0.8640226628895185
-0.8810198300283286
-0.291784702549575
-0.7110481586402266
0.22946175637393762
0.5014164305949007
-0.7563739376770537
0.9886685552407932
0.6827195467422096
0.8696883852691217
0.5580736543909348
-0.9490084985835694
-0.2974504249291784
0.5240793201133143
0.7110481586402266
0.5807365439093486
-0.07082152974504241
-0.9320113314447592
-0.6770538243626063
0.6940509915014164
-0.8016997167138811
-0.21813031161473084
-0.0028328611898016387
0.008498583569404916
0.6203966005665722
0.03682719546742197
0.7393767705382435
-0.8413597733711048
0.7960339943342778
-0.660056657223796
0.9433427762039661
-0.21246458923512734
-0.31444759206798867
0.07082152974504252
0.9490084985835694
-0.5864022662889519
0.4730878186968839
-0.14447592067988668
-0.3371104815864022
-0.41643059490084977
0.6770538243626061
0.8640226628895182
-0.8980169971671388
-0.7507082152974505
-0.6940509915014164
0.13881019830028318
-0.8923512747875354
0.1274787535410764
-0.9036827195467422
-0.13881019830028318
0.4560906515580736
0.648725212464589
-0.42776203966005655
-0.7393767705382437
0.7507082152974505
0.04249291784702547
0.21246458923512757
-0.7903682719546743
0.2521246458923512
0.7167138810198299
-0.9660056657223796
0.5410764872521248
0.37110481586402244
-0.9773371104815864
-0.8356940509915014
0.660056657223796
0.3484419263456091
-0.7790368271954674
-0.4674220963172804
-0.7223796033994334
-0.5410764872521246
0.6997167138810199
0.014164305949008416
-0.8526912181303116
-0.10481586402266274
0.15014164305949018
0.1331444759206799
-0.6487252124645893
0.4674220963172804
-0.9546742209631728
CENT_RANK
0.5524079320113315
-0.6543909348441926
0.31444759206798856
-0.7620396600566572
0.13881019830028318
0.7677053824362607
-0.8016997167138811
-0.8356940509915014
-0.9773371104815864
-0.9943342776203966
-0.30878186968838517
0.5807365439093486
0.07082152974504252
-0.10481586402266274
-0.405099150141643
-0.11048158640226624
-0.16713881019830024
0.6997167138810199
-0.886685552407932
0.15014164305949018
0.5580736543909348
0.971671388101983
0.33144475920679883
0.8526912181303117
-0.12181303116147302
-0.6373937677053825
0.22946175637393762
0.4617563739376769
0.5070821529745042
-0.5807365439093485
-0.3427762039660056
-0.745042492917847
0.38243626062322944
-0.4447592067988668
-0.291784702549575
-0.16147308781869685
-0.9263456090651558
0.24079320113314462
-0.7337110481586402
-0.5070821529745042
0.48441926345609065
-0.25779036827195456
0.3427762039660056
0.5297450424929178
0.4390934844192633
0.9263456090651556
-0.3371104815864022
-0.5977337110481586
-0.8696883852691218
0.303116147308782
0.04249291784702547
0.5637393767705381
-0.03116147308781858
-0.1331444759206798
-0.6713881019830028
0.8356940509915014
0.9603399433427762
0.1898016997167138
0.9376770538243626
-0.4504249291784702
0.5240793201133143
0.1841359773371105
-0.47308781869688377
-0.7393767705382437
0.0764872521246458
-0.2804532577903682
0.291784702549575
-0.21813031161473084
-0.38810198300283283
-0.971671388101983
-0.31444759206798867
0.7620396600566572
0.1954674220963173
-0.6430594900849858
0.4504249291784703
-0.6657223796033994
0.8753541076487252
0.3597733711048159
-0.9150141643059491
-0.518413597733711
-0.830028328611898
0.2861189801699715
-0.5297450424929178
0.6033994334277621
0.98300283286119
-0.3597733711048159
-0.7223796033994334
0.11614730878186963
-0.631728045325779
0.17847025495750724
-0.49575070821529743
0.6940509915014164
-0.5524079320113314
0.546742209631728
0.12181303116147313
-0.42776203966005655
-0.37677053824362605
-0.43342776203966005
-0.8470254957507082
0.7507082152974505
0.49575070821529743
0.32577903682719556
-0.3314447592067987
0.7903682719546743
-0.7507082152974505
0.5184135977337112
-0.2974504249291784
-0.3541076487252124
-0.2861189801699715
0.5014164305949007
0.38810198300283294
0.2634560906515582
0.37677053824362594
0.8470254957507082
0.8243626062322946
0.9546742209631727
-0.03682719546742208
-0.6487252124645893
1.0
-0.9830028328611898
-0.32011331444759195
-0.6770538243626063
0.014164305949008416
-0.9886685552407932
0.7563739376770537
0.10481586402266285
0.008498583569404916
0.2804532577903682
-0.7280453257790368
0.37110481586402244
0.06515580736543902
-0.3031161473087818
0.7167138810198299
-0.8526912181303116
-0.71671388101983
-0.5637393767705383
0.059490084985835745
-0.9660056657223796
-0.22379603399433412
0.1331444759206799
0.21246458923512757
0.24645892351274767
-0.19546742209631718
0.17280453257790374
-0.42209631728045327
0.7790368271954673
0.8923512747875353
0.16713881019830024
0.2577903682719547
0.7280453257790369
0.5977337110481586
-0.461756373937677
-0.6883852691218131
-0.21246458923512734
-0.13881019830028318
0.42209631728045327
-0.1274787535410764
0.5127478753541077
-0.5750708215297451
0.8016997167138808
-0.025495750708215192
0.9036827195467423
0.3994334277620397
-0.8186968838526912
0.11048158640226635
0.7337110481586402
0.14447592067988668
0.7053824362606234
-0.36543909348441916
0.09348441926345585
0.5410764872521248
0.0878186968838528
-0.9320113314447592
0.4447592067988668
-0.348441926345609
0.7223796033994334
-0.4107648725212464
-0.5920679886685553
0.631728045325779
-0.5694050991501416
-0.5127478753541076
-0.5240793201133145
0.0821529745042493
-0.06515580736543902
0.30878186968838506
-0.014164305949008416
-0.9546742209631728
0.43342776203966005
-0.49008498583569393
0.0028328611898016387
-0.26912181303116145
-0.32577903682719545
-0.27478753541076484
0.33711048158640233
-0.059490084985835634
-0.8130311614730878
0.8810198300283287
0.26912181303116145
-0.858356940509915
0.5354107648725213
0.6827195467422096
0.16147308781869674
-0.4390934844192633
0.8186968838526911
0.6147308781869689
-0.14447592067988668
-0.08781869688385258
-0.07082152974504241
0.8413597733711047
0.4107648725212465
-0.38243626062322933
0.8583569405099152
0.025495750708215414
-0.47875354107648715
0.22379603399433412
0.773371104815864
-0.7053824362606231
-1.0
0.643059490084986
-0.2521246458923513
0.9490084985835694
-0.019830028328611804
-0.09348441926345608
0.6713881019830028
-0.235127478753541
-0.8413597733711048
-0.8640226628895185
0.6770538243626061
-0.20679886685552407
-0.7847025495750708
0.09915014164305935
-0.26345609065155806
-0.3937677053824361
-0.8980169971671388
0.5694050991501416
0.7110481586402266
-0.09915014164305946
-0.6203966005665722
0.5920679886685551
-0.5354107648725213
0.23512747875354112
0.6543909348441925
0.660056657223796
0.9150141643059491
0.886685552407932
0.41643059490084977
0.6657223796033995
0.9093484419263456
-0.053824362606232135
0.8696883852691217
-0.1841359773371104
-0.7960339943342776
-0.6940509915014164
0.8640226628895182
0.4730878186968839
-0.5410764872521246
0.8073654390934843
-0.37110481586402255
-0.9603399433427762
-0.1898016997167138
0.20679886685552407
0.47875354107648715
-0.008498583569404916
0.5864022662889516
0.15580736543909346
-0.0028328611898016387
-0.9036827195467422
-0.178470254957507
-0.8810198300283286
-0.5014164305949008
0.6883852691218131
-0.9376770538243626
0.3541076487252124
-0.7677053824362606
-0.943342776203966
-0.546742209631728
-0.8073654390934843
0.42776203966005677
-0.04249291784702536
-0.41643059490084977
-0.8923512747875354
0.8980169971671388
-0.11614730878186952
0.745042492917847
0.2521246458923512
-0.603399433427762
0.9886685552407932
0.648725212464589
0.20113314447592057
0.9773371104815864
-0.20113314447592057
-0.5864022662889519
-0.6090651558073654
0.04815864022662897
-0.660056657223796
0.49008498583569415
0.7847025495750708
-0.04815864022662886
0.6203966005665722
-0.7563739376770537
0.27478753541076495
-0.2407932011331444
0.9320113314447591
-0.22946175637393762
0.9660056657223797
-0.8753541076487252
0.1274787535410764
-0.3994334277620396
0.3654390934844194
-0.6997167138810199
0.7393767705382435
-0.0821529745042493
-0.9093484419263456
-0.15580736543909346
0.405099150141643
0.32011331444759206
-0.24645892351274779
-0.8243626062322946
-0.6827195467422096
0.6090651558073654
-0.5580736543909348
-0.15014164305948996
-0.9490084985835694
-0.6260623229461757
0.4560906515580736
0.03682719546742197
-0.7903682719546743
0.03116147308781847
0.3484419263456091
0.7960339943342778
-0.48441926345609065
-0.7790368271954674
0.4674220963172804
0.21813031161473084
-0.6147308781869688
0.5750708215297451
0.8130311614730878
-0.773371104815864
0.019830028328611915
0.9206798866855526
0.8300283286118981
-0.9206798866855525
0.2974504249291785
0.9943342776203965
-0.17280453257790362
0.053824362606232246
-0.7110481586402266
-0.4560906515580736
0.3937677053824362
0.6373937677053825
-0.0764872521246458
0.9433427762039661
0.6260623229461757
-0.4674220963172804
RANK
217
9
123
119
8
69
137
258
186
322
274
271
172
36
341
78
312
266
233
280
18
268
305
48
226
198
133
98
225
7
80
317
163
195
276
6
251
326
229
331
337
273
3
299
104
31
63
38
128
86
134
346
216
309
252
152
318
121
54
75
294
1
117
73
25
88
323
237
334
292
285
47
177
291
29
158
179
135
320
92
275
255
239
82
181
79
180
39
269
90
188
330
213
62
353
151
347
59
33
202
97
95
144
279
176
14
307
232
68
210
96
257
168
85
107
174
30
46
102
191
120
70
10
131
106
34
108
65
192
190
231
41
219
316
301
224
303
138
67
153
228
290
142
259
250
267
344
16
35
313
321
205
154
53
156
24
282
15
13
236
222
206
311
350
207
183
194
248
297
278
116
52
160
221
185
262
265
189
126
122
338
212
327
325
50
293
345
136
130
12
64
182
171
169
230
125
164
87
94
306
139
4
166
19
264
201
147
143
89
61
57
72
288
260
140
333
214
26
240
37
141
284
148
111
197
300
127
81
66
342
49
184
2
315
101
22
193
42
328
272
77
308
129
112
32
110
348
162
314
209
245
155
277
187
44
173
74
324
27
332
254
261
40
295
100
109
28
157
105
60
43
199
170
93
0
20
51
234
335
11
263
238
150
83
319
204
298
352
178
349
218
287
241
242
246
223
227
200
270
91
17
167
235
132
175
149
165
310
283
99
124
71
5
215
145
296
103
329
159
256
336
203
114
340
55
208
113
23
211
253
249
76
196
244
146
281
161
247
243
339
45
302
58
351
220
115
56
304
21
289
84
286
343
118
