DEGREE
0.0
-0.19999999999999996
0.0
0.0
-0.6
-0.4
-0.6
0.3999999999999999
0.19999999999999996
-0.6
-0.4
0.0
0.8
0.0
-0.4
-0.4
-0.4
0.19999999999999996
0.0
0.0
-0.6
0.19999999999999996
-0.6
1.0
-0.6
0.3999999999999999
-0.4
-0.19999999999999996
0.6000000000000001
0.0
-0.8
0.6000000000000001
0.0
-0.19999999999999996
-0.4
0.3999999999999999
0.0
-0.6
-0.6
-0.6
0.3999999999999999
-0.4
0.0
0.0
-0.19999999999999996
0.0
-0.19999999999999996
0.19999999999999996
0.0
0.19999999999999996
0.8
0.3999999999999999
-0.19999999999999996
0.19999999999999996
-0.4
-0.6
-0.4
0.3999999999999999
-0.6
-0.19999999999999996
0.3999999999999999
0.0
-0.19999999999999996
0.6000000000000001
-0.6
-0.6
-0.8
-1.0
0.19999999999999996
-0.6
-0.4
0.0
0.3999999999999999
0.0
-0.4
-0.6
-0.19999999999999996
-0.6
0.3999999999999999
0.3999999999999999
0.6000000000000001
-0.19999999999999996
-0.4
-0.8
0.3999999999999999
-0.4
0.8
0.0
-0.6
-0.19999999999999996
0.3999999999999999
-0.6
-0.6
0.0
-0.4
0.0
0.0
-0.19999999999999996
-0.4
0.6000000000000001
-0.19999999999999996
-0.6
0.3999999999999999
-0.6
0.19999999999999996
0.0
-0.19999999999999996
0.19999999999999996
-0.8
EIGENVECTOR
-0.999999999999988
-0.5704069541254562
-0.9999999999999867
-0.9999999999999863
-0.9999999999999868
-0.9999999999999867
-0.9999999999999863
-0.9999999999999928
-0.9999999999999966
-0.9999999999999865
-0.9999999999999861
-0.9999999999999856
-0.9999999999999976
-0.9999999999999939
-0.9999999999999868
-0.9999999999999868
-0.9999999999999865
-0.99999999999999
-0.9999999999999857
-0.9999999999999876
-0.9999999999999865
-0.9999999999999964
-0.9999999999999865
1.0
-0.9999999999999863
-0.9999999999999973
-0.9240226534092876
-0.36356861049294065
-0.999999999999992
-0.9999999999999857
-0.9999999999999865
-0.9999999999999962
-0.9999999999999891
-0.9999999999999871
-0.999999999999988
-0.9999999999999946
-0.9999999999999872
-0.9999999999999865
-0.9999999999999863
-0.9999999999999863
0.667704416089087
-0.49633502649072503
-0.9999999999999871
-0.9999999999999857
-0.1479156990480437
-0.9999999999999871
-0.9999999999999872
-0.9999999999999936
-0.9999999999999866
-0.9999999999999958
-0.9999999999999992
-0.9999999999999953
-0.9999999999999893
-0.99999999999999
-0.9999999999999867
-0.9999999999999866
-0.9999999999999863
-0.9999999999999986
-0.9999999999999865
-0.9999999999999871
-0.9999999999999953
-0.9999999999999883
-0.999999999999987
0.7974862920895756
-0.9781118086897089
-0.9999999999999863
-0.8044573469668164
-0.9999999999999863
-0.9999999999999867
-0.9999999999999865
-0.9240226534092877
-0.9999999999999867
-0.9999999999999881
-0.9999999999999857
-0.9999999999999865
-0.9999999999999867
-0.16958495082285652
-0.9999999999999866
-0.9999999999999954
0.7340708964655778
-1.0
-0.999999999999987
-0.9999999999999866
-0.9999999999999865
0.6265640025036892
-0.9999999999999897
0.9214867708419394
-0.999999999999986
-0.9999999999999867
-0.999999999999987
-0.9999999999999952
-0.9999999999999867
-0.9999999999999862
-0.9999999999999857
-0.9999999999999866
-0.9999999999999871
-0.9999999999999878
-0.9999999999999861
-0.9999999999999865
0.357518463920782
-0.999999999999987
-0.7127831004019769
0.667704416089087
-0.9999999999999866
-0.9999999999999901
-0.9999999999999913
-0.999999999999987
-0.9999999999999963
-0.9274499848234481
CENT
0.8531722460532236
-0.8803547330381707
-0.5998530516054372
-0.9627770280563197
-1.0
-0.7022162244505581
-0.9840472977384227
-0.32413302701310176
-0.9986706081448685
-0.9734121628973712
-0.9837149497746399
-1.0
-0.32864011818828054
-0.9637903917456252
-1.0
-0.7022162244505581
-0.9893648651589485
-0.8270896032484985
-1.0
-0.8799958621305356
-1.0
-0.8168414169689024
-1.0
-0.8413592386209818
-1.0
-0.728015493777677
-0.978729730317897
-0.9957459460635794
-0.6154595657190947
-1.0
-1.0
-0.5005358813200151
-0.9562206375591928
-0.9521418932152682
-0.9896686844044643
-0.3598658175463856
-0.9982274775264914
-0.5613006878066257
-1.0
-1.0
-0.9941506758374217
-0.9548006769255312
-0.8059087891508101
-1.0
-0.995036937074176
-0.9982274775264914
-0.9973412162897372
-0.6775996859208507
-0.5998530516054372
-0.8211762369882967
-0.45502427740187146
-0.4750179054947521
-0.23846532068709658
-0.8270896032484985
-0.9840472977384227
-1.0
-0.9946824325794742
-0.779396530613885
-0.42570271858321906
-0.9521418932152682
1.0
-0.5613006878066257
-1.0
-0.9451404294449094
-1.0
-0.17045948239798314
-1.0
-1.0
-0.3047280597662584
-1.0
-0.978729730317897
0.16587665695027054
-0.24565344976014725
-1.0
-0.9986706081448685
-1.0
-0.9893648651589485
-1.0
-0.6528438048272132
-0.994416554208448
-0.5784753207657747
-0.939519974942372
-0.9986706081448685
-1.0
-0.9695126134556524
-1.0
-0.9647268027771791
-0.8976368271548794
-1.0
-0.939519974942372
-0.4750179054947521
-1.0
-0.29542231678033815
-1.0
-0.9840472977384227
-0.9982274775264914
-0.6058436543979586
-0.0032884566152048267
-0.8205320995572559
-0.9069425701407994
-1.0
-1.0
-0.9941506758374217
-1.0
-0.8270896032484985
-0.51058489843092
-1.0
-0.9986706081448685
-1.0
DEGREE_RANK
0.03703703703703698
-0.2222222222222222
0.05555555555555536
0.07407407407407396
-0.9074074074074074
-0.5185185185185186
-0.8888888888888888
0.6111111111111112
0.4444444444444442
-0.8703703703703703
-0.5
0.09259259259259278
0.9444444444444444
0.11111111111111116
-0.4814814814814815
-0.4629629629629629
-0.4444444444444444
0.462962962962963
0.12962962962962954
0.14814814814814792
-0.8518518518518519
0.4814814814814814
-0.8333333333333334
1.0
-0.8148148148148149
0.6296296296296295
-0.42592592592592593
-0.20370370370370372
0.8518518518518519
0.16666666666666674
-0.9814814814814815
0.8703703703703702
0.18518518518518512
-0.18518518518518523
-0.40740740740740744
0.6481481481481481
0.2037037037037035
-0.7962962962962963
-0.7777777777777778
-0.7592592592592593
0.6666666666666665
-0.38888888888888884
0.2222222222222221
0.24074074074074092
-0.16666666666666663
0.2592592592592593
-0.14814814814814814
0.4999999999999998
0.2777777777777777
0.5185185185185184
0.9629629629629628
0.6851851851851853
-0.12962962962962965
0.5370370370370372
-0.37037037037037035
-0.7407407407407407
-0.35185185185185186
0.7037037037037037
-0.7222222222222222
-0.11111111111111116
0.7222222222222221
0.29629629629629606
-0.09259259259259256
0.8888888888888886
-0.7037037037037037
-0.6851851851851851
-0.962962962962963
-1.0
0.5555555555555556
-0.6666666666666667
-0.33333333333333337
0.3148148148148149
0.7407407407407405
0.33333333333333326
-0.31481481481481477
-0.6481481481481481
-0.07407407407407407
-0.6296296296296297
0.7592592592592593
0.7777777777777777
0.9074074074074074
-0.05555555555555558
-0.2962962962962963
-0.9444444444444444
0.7962962962962963
-0.2777777777777778
0.9814814814814816
0.35185185185185164
-0.6111111111111112
-0.03703703703703709
0.8148148148148147
-0.5925925925925926
-0.5740740740740741
0.37037037037037024
-0.2592592592592593
0.38888888888888906
0.40740740740740744
-0.01851851851851849
-0.2407407407407407
0.9259259259259258
-1.1102230246251565e-16
-0.5555555555555556
0.8333333333333335
-0.537037037037037
0.574074074074074
0.4259259259259258
0.0185185185185186
0.5925925925925923
-0.9259259259259259
EIGENVECTOR_RANK
0.4259259259259258
0.7777777777777777
0.5925925925925923
-0.5555555555555556
-0.05555555555555558
-0.42592592592592593
-0.09259259259259256
-0.5925925925925926
-0.8888888888888888
0.0185185185185186
0.38888888888888906
-0.33333333333333337
-0.9444444444444444
-0.7407407407407407
0.16666666666666674
0.3148148148148149
0.37037037037037024
0.5370370370370372
-1.1102230246251565e-16
-0.4814814814814815
-0.01851851851851849
-0.9259259259259259
0.03703703703703698
1.0
0.18518518518518512
-0.8333333333333334
0.7222222222222221
0.8148148148148147
0.35185185185185164
-0.5740740740740741
-0.4629629629629629
-0.7222222222222222
0.5185185185185184
0.2222222222222221
-0.6481481481481481
-0.7592592592592593
-0.03703703703703709
-0.11111111111111116
-0.40740740740740744
0.12962962962962954
0.9074074074074074
0.7962962962962963
0.14814814814814792
-0.537037037037037
0.8518518518518519
-0.4444444444444444
0.2592592592592593
-0.7777777777777778
0.6111111111111112
-0.8518518518518519
-1.0
-0.7962962962962963
-0.6666666666666667
0.574074074074074
-0.16666666666666663
0.05555555555555536
-0.07407407407407407
-0.962962962962963
-0.2222222222222222
-0.14814814814814814
-0.9074074074074074
0.4814814814814814
0.2777777777777777
0.9629629629629628
0.6666666666666665
-0.20370370370370372
0.7407407407407405
0.09259259259259278
0.6481481481481481
0.11111111111111116
0.7037037037037037
0.6296296296296295
-0.38888888888888884
-0.2962962962962963
-0.2777777777777778
0.29629629629629606
0.8333333333333335
0.24074074074074092
-0.7037037037037037
0.9444444444444444
-0.9814814814814815
-0.5
0.2037037037037035
0.07407407407407396
0.8888888888888886
-0.6111111111111112
0.9814814814814816
0.462962962962963
-0.18518518518518523
-0.5185185185185186
-0.8148148148148149
-0.35185185185185186
0.33333333333333326
-0.2592592592592593
-0.2407407407407407
-0.12962962962962965
-0.6296296296296297
0.40740740740740744
0.4444444444444442
0.8703703703703702
-0.31481481481481477
0.7592592592592593
0.9259259259259258
-0.37037037037037035
0.4999999999999998
-0.6851851851851851
0.5555555555555556
-0.8703703703703703
0.6851851851851853
CENT_RANK
0.9814814814814816
0.2592592592592593
0.5925925925925923
0.07407407407407396
-1.0
0.4814814814814814
-0.11111111111111116
0.8333333333333335
-0.42592592592592593
-1.1102230246251565e-16
-0.05555555555555558
-0.9814814814814815
0.8148148148148147
0.05555555555555536
-0.962962962962963
0.4999999999999998
-0.14814814814814814
0.3148148148148149
-0.9444444444444444
0.2777777777777777
-0.9259259259259259
0.40740740740740744
-0.9074074074074074
0.29629629629629606
-0.8888888888888888
0.462962962962963
-0.03703703703703709
-0.2777777777777778
0.5555555555555556
-0.8703703703703703
-0.8518518518518519
0.7037037037037037
0.09259259259259278
0.12962962962962954
-0.16666666666666663
0.7962962962962963
-0.35185185185185186
0.6481481481481481
-0.8333333333333334
-0.8148148148148149
-0.20370370370370372
0.11111111111111116
0.4259259259259258
-0.7962962962962963
-0.2592592592592593
-0.33333333333333337
-0.2962962962962963
0.5185185185185184
0.6111111111111112
0.37037037037037024
0.7592592592592593
0.7222222222222221
0.9074074074074074
0.33333333333333326
-0.09259259259259256
-0.7777777777777778
-0.2407407407407407
0.4444444444444442
0.7777777777777777
0.14814814814814792
1.0
0.6666666666666665
-0.7592592592592593
0.16666666666666674
-0.7407407407407407
0.9259259259259258
-0.7222222222222222
-0.7037037037037037
0.8518518518518519
-0.6851851851851851
-0.01851851851851849
0.9629629629629628
0.8888888888888886
-0.6666666666666667
-0.40740740740740744
-0.6481481481481481
-0.12962962962962965
-0.6296296296296297
0.5370370370370372
-0.2222222222222222
0.6296296296296295
0.18518518518518512
-0.38888888888888884
-0.6111111111111112
0.0185185185185186
-0.5925925925925926
0.03703703703703698
0.24074074074074092
-0.5740740740740741
0.2037037037037035
0.7407407407407405
-0.5555555555555556
0.8703703703703702
-0.537037037037037
-0.07407407407407407
-0.31481481481481477
0.574074074074074
0.9444444444444444
0.38888888888888906
0.2222222222222221
-0.5185185185185186
-0.5
-0.18518518518518523
-0.4814814814814815
0.35185185185185164
0.6851851851851853
-0.4629629629629629
-0.37037037037037035
-0.4444444444444444
RANK
4
11
14
18
20
22
24
29
30
38
39
43
55
62
64
66
67
69
73
75
77
83
85
88
91
93
100
101
103
106
108
8
74
82
107
36
45
95
46
27
44
56
79
40
102
34
16
76
6
54
94
10
26
70
9
84
86
13
3
32
41
33
59
63
81
89
99
87
1
19
23
17
53
104
49
98
21
42
57
25
5
15
47
78
28
96
2
48
80
37
61
105
31
51
90
50
58
35
12
7
68
92
72
52
65
97
71
0
60
