DEGREE
-0.8461538461538461
0.3846153846153846
-0.5384615384615384
-0.3076923076923077
-0.23076923076923073
0.3076923076923077
-0.15384615384615385
-0.3076923076923077
0.46153846153846145
-0.8461538461538461
0.07692307692307687
1.0
0.6153846153846154
0.3846153846153846
0.3076923076923077
-0.46153846153846156
0.6923076923076923
-0.3846153846153846
-0.23076923076923073
0.3846153846153846
0.23076923076923084
-0.07692307692307687
-0.23076923076923073
0.15384615384615374
0.6153846153846154
0.3076923076923077
-0.3846153846153846
0.3076923076923077
0.3076923076923077
-0.3846153846153846
0.23076923076923084
-0.7692307692307692
0.0
0.15384615384615374
-0.15384615384615385
0.7692307692307692
-0.46153846153846156
-0.46153846153846156
0.23076923076923084
0.23076923076923084
-0.7692307692307692
0.07692307692307687
-0.7692307692307692
-0.07692307692307687
0.6153846153846154
0.3846153846153846
0.3846153846153846
-0.15384615384615385
-0.07692307692307687
-0.3846153846153846
0.6153846153846154
0.46153846153846145
-0.3846153846153846
0.0
0.07692307692307687
0.23076923076923084
0.15384615384615374
-1.0
0.5384615384615385
0.15384615384615374
0.3846153846153846
0.23076923076923084
0.0
-0.23076923076923073
0.46153846153846145
-0.3846153846153846
0.3076923076923077
-0.23076923076923073
0.15384615384615374
0.3076923076923077
-0.15384615384615385
-0.7692307692307692
0.23076923076923084
0.15384615384615374
0.07692307692307687
0.15384615384615374
-0.46153846153846156
0.07692307692307687
-0.23076923076923073
-0.5384615384615384
0.5384615384615385
0.0
-0.3846153846153846
0.07692307692307687
-0.15384615384615385
-0.3846153846153846
0.3076923076923077
0.3076923076923077
0.23076923076923084
0.15384615384615374
-0.15384615384615385
0.07692307692307687
0.3076923076923077
0.46153846153846145
-0.15384615384615385
-0.07692307692307687
0.23076923076923084
0.07692307692307687
-0.15384615384615385
-0.46153846153846156
0.46153846153846145
0.23076923076923084
-0.3846153846153846
-0.3076923076923077
0.3846153846153846
0.3076923076923077
0.3076923076923077
0.3846153846153846
0.3076923076923077
-0.3846153846153846
-0.07692307692307687
0.6153846153846154
0.0
0.3846153846153846
-0.07692307692307687
0.3846153846153846
-0.46153846153846156
-0.46153846153846156
0.15384615384615374
0.6153846153846154
-0.46153846153846156
0.07692307692307687
-0.15384615384615385
0.5384615384615385
-0.07692307692307687
0.07692307692307687
-0.7692307692307692
0.3076923076923077
0.46153846153846145
-0.3076923076923077
0.5384615384615385
-0.07692307692307687
0.3846153846153846
-0.15384615384615385
-0.3846153846153846
0.5384615384615385
0.6153846153846154
-0.07692307692307687
-0.3076923076923077
0.6923076923076923
0.5384615384615385
0.07692307692307687
0.07692307692307687
0.5384615384615385
0.07692307692307687
0.5384615384615385
-0.6923076923076923
0.07692307692307687
0.3076923076923077
0.0
0.8461538461538463
-0.15384615384615385
0.23076923076923084
0.5384615384615385
-0.5384615384615384
-0.6923076923076923
-0.07692307692307687
-0.3076923076923077
0.3076923076923077
0.0
0.3846153846153846
0.6153846153846154
-0.7692307692307692
0.15384615384615374
0.0
-0.23076923076923073
0.0
0.0
0.6923076923076923
0.6923076923076923
0.07692307692307687
0.07692307692307687
0.07692307692307687
0.3076923076923077
0.23076923076923084
-0.9230769230769231
-0.23076923076923073
0.07692307692307687
-0.3846153846153846
0.07692307692307687
0.3846153846153846
-0.5384615384615384
-0.3846153846153846
-0.5384615384615384
-0.6153846153846154
0.3076923076923077
-0.6923076923076923
-0.23076923076923073
0.3846153846153846
-0.23076923076923073
-0.15384615384615385
0.3846153846153846
-0.23076923076923073
0.0
0.07692307692307687
0.07692307692307687
0.23076923076923084
0.23076923076923084
0.3076923076923077
-0.23076923076923073
-0.6923076923076923
-0.3846153846153846
-0.5384615384615384
0.3076923076923077
-0.46153846153846156
0.46153846153846145
0.46153846153846145
0.3076923076923077
-0.7692307692307692
0.3076923076923077
0.0
-0.3846153846153846
0.3076923076923077
0.3076923076923077
0.8461538461538463
-0.07692307692307687
0.5384615384615385
0.3846153846153846
0.46153846153846145
-0.23076923076923073
-0.46153846153846156
0.3076923076923077
-0.6923076923076923
-0.3076923076923077
0.23076923076923084
0.3846153846153846
-0.07692307692307687
-0.3076923076923077
-0.5384615384615384
0.15384615384615374
0.23076923076923084
-0.15384615384615385
0.15384615384615374
-0.07692307692307687
0.5384615384615385
-0.07692307692307687
-0.07692307692307687
-0.46153846153846156
0.07692307692307687
0.6153846153846154
-0.3076923076923077
-0.23076923076923073
0.15384615384615374
0.23076923076923084
0.23076923076923084
0.07692307692307687
-0.23076923076923073
0.46153846153846145
-0.7692307692307692
0.15384615384615374
-0.07692307692307687
0.8461538461538463
0.07692307692307687
-0.07692307692307687
0.0
-0.07692307692307687
-0.6923076923076923
-0.3076923076923077
-0.46153846153846156
0.15384615384615374
-0.23076923076923073
-0.46153846153846156
0.15384615384615374
0.7692307692307692
-0.3846153846153846
-0.23076923076923073
-0.07692307692307687
0.3846153846153846
0.15384615384615374
-0.46153846153846156
0.23076923076923084
-0.15384615384615385
-0.3076923076923077
0.3076923076923077
0.15384615384615374
0.15384615384615374
-0.07692307692307687
0.15384615384615374
0.23076923076923084
-0.15384615384615385
0.3846153846153846
-0.07692307692307687
-0.46153846153846156
0.15384615384615374
0.9230769230769231
0.46153846153846145
0.46153846153846145
0.0
0.15384615384615374
-0.07692307692307687
-0.07692307692307687
0.0
0.7692307692307692
0.46153846153846145
0.3846153846153846
-0.6923076923076923
0.3076923076923077
0.15384615384615374
-0.7692307692307692
-0.23076923076923073
0.07692307692307687
0.15384615384615374
0.07692307692307687
0.3846153846153846
0.07692307692307687
-0.3076923076923077
0.15384615384615374
-0.23076923076923073
0.07692307692307687
-0.23076923076923073
-0.3076923076923077
0.07692307692307687
0.15384615384615374
0.9230769230769231
0.3846153846153846
0.5384615384615385
0.46153846153846145
0.15384615384615374
0.23076923076923084
-0.46153846153846156
-0.3846153846153846
0.0
0.07692307692307687
-0.23076923076923073
-0.3846153846153846
0.15384615384615374
0.3846153846153846
0.6923076923076923
-0.15384615384615385
-0.23076923076923073
0.0
0.7692307692307692
-0.3076923076923077
-0.46153846153846156
-0.6153846153846154
0.46153846153846145
-0.6153846153846154
-0.15384615384615385
0.0
-0.15384615384615385
0.23076923076923084
-0.3076923076923077
-0.15384615384615385
0.07692307692307687
-0.23076923076923073
-0.15384615384615385
0.23076923076923084
0.23076923076923084
0.0
0.3846153846153846
0.15384615384615374
0.3076923076923077
0.3076923076923077
0.5384615384615385
0.3076923076923077
0.15384615384615374
-0.7692307692307692
-0.5384615384615384
0.0
-0.3076923076923077
0.3076923076923077
-0.5384615384615384
-0.46153846153846156
0.3846153846153846
0.07692307692307687
-0.5384615384615384
-0.3076923076923077
-0.23076923076923073
0.07692307692307687
0.3076923076923077
0.8461538461538463
-0.15384615384615385
-0.46153846153846156
-0.23076923076923073
-0.3846153846153846
-0.3076923076923077
0.6153846153846154
-0.15384615384615385
-0.3846153846153846
-0.07692307692307687
0.46153846153846145
0.6923076923076923
-0.3076923076923077
-0.15384615384615385
0.0
0.5384615384615385
-0.5384615384615384
0.23076923076923084
-0.3076923076923077
-0.46153846153846156
0.3076923076923077
-0.3076923076923077
0.23076923076923084
0.3076923076923077
0.7692307692307692
-0.7692307692307692
0.6153846153846154
-0.7692307692307692
-0.23076923076923073
0.5384615384615385
0.0
-0.3076923076923077
0.3076923076923077
0.6153846153846154
0.3076923076923077
-0.3076923076923077
-0.23076923076923073
0.6153846153846154
0.07692307692307687
0.46153846153846145
-1.0
0.15384615384615374
-0.5384615384615384
0.07692307692307687
-0.46153846153846156
0.3846153846153846
0.3846153846153846
0.3846153846153846
0.3846153846153846
0.0
-0.23076923076923073
-0.3846153846153846
-0.15384615384615385
-0.8461538461538461
-0.15384615384615385
-0.46153846153846156
0.3076923076923077
0.07692307692307687
-0.3846153846153846
0.23076923076923084
0.3076923076923077
0.23076923076923084
-0.46153846153846156
-0.3846153846153846
0.3076923076923077
0.3076923076923077
-0.5384615384615384
-0.15384615384615385
0.15384615384615374
-0.7692307692307692
-0.3846153846153846
-0.07692307692307687
-0.5384615384615384
-0.6153846153846154
0.0
-0.23076923076923073
-0.6923076923076923
0.15384615384615374
-0.5384615384615384
0.0
-0.3076923076923077
-0.8461538461538461
0.23076923076923084
-0.15384615384615385
0.3076923076923077
0.23076923076923084
-0.3846153846153846
-0.5384615384615384
-0.15384615384615385
EIGENVECTOR
-1.0
-0.7844783254728092
-0.9955764908249273
-0.9999352266834338
-0.9786186184563443
-0.12966367471874196
-0.9984335542713647
-0.9997822335576741
-0.1061129696333184
-0.9863709005916562
-0.9864720996874947
1.0
-0.8806156785206947
-0.6588175917165269
-0.9840696075167518
-0.9998825430243355
-0.9952325589097737
-0.9998431877565008
-0.9841003096236044
0.14016954017791416
-0.8835692734101985
-0.8849540443704907
-0.9785576943283075
-0.9874078814615671
0.6075198117844587
-0.9977208664053966
-0.9991501487349219
-0.9960387071297175
-0.9786731265118983
-0.9993987433988268
-0.997799577029198
-0.9998879560928543
-0.9355767941119489
-0.4437316089818176
-0.978436028649978
-0.8459123185042708
-0.9999696279141831
-0.9956779652676467
-0.01274569691663785
-0.159243126275181
-0.999740539427078
-0.9022203170291077
-0.9961531322179257
-0.5861548833727233
0.7433024924016185
-0.9984443879501037
-0.08169276934934933
-0.9877175630090393
-0.9470232062959256
-0.999128224521689
-0.995545616117293
-0.9970677440649086
-0.9598329274066882
-0.9952613049705016
-0.9922893100450982
-0.8581690963711157
-0.8498518361922833
-0.9887188590152876
-0.9960851439656268
0.08785016275797397
-0.994321496143872
-0.7620317037400817
-0.9399139713612051
-0.9943307963938155
-0.99521376978123
-0.7338722559230633
-0.9689322787295472
-0.6617757862728568
-0.9852000401100287
-0.9990089194830696
-0.8642477814801872
-0.9618580006686324
-0.9328515385786016
-0.9785440802408568
-0.6221852533514041
-0.9950087227114388
-0.9999696279141832
-0.9953810520788792
-0.9995314768814747
-0.9962832626195054
0.4434301792417301
-0.5565117777972918
-0.8321231920773345
-0.6844363543483023
-0.8531831769941571
-0.9998378800282496
-0.8144089595660322
-0.8684296118957313
-0.9977967114519868
-0.9979080097672297
-0.9918960776698733
-0.9990748869820607
-0.9098441475074189
-0.9937491748256013
-0.9995795196799768
-0.5956228059568949
-0.9966136053047124
-0.4715937857340997
-0.9997353422700029
-0.9927664000021865
-0.8342303018651047
-0.9267547630005911
-0.9892265582649584
-0.9993664478762915
0.2023269257906053
-0.9136833272058501
-0.9973627545330871
-0.8783192631806679
-0.993554642372614
-0.9556049292343098
-0.989687865937295
-0.7391986347944257
-0.3966628784938373
-0.9973445467953092
-0.991772753305231
0.2546777329529526
-0.997196968069504
-0.9001191540779193
0.025104691024402825
0.7454704170436453
-0.9961518693876431
-0.8578957119049221
-0.3775795451483904
-0.7857600551882259
-0.7036362151440316
-0.8834295537731566
-0.9995434467926039
-0.9983716217389434
-0.9671597659203862
-0.9359572776510574
-0.8413716053228997
-0.9974501845604062
0.14533158360625986
-0.9764381440933718
-0.9998570007672701
-0.9346554949348392
-0.7123983185571741
-0.9914480678049643
-0.9566206427079376
0.7989289999074367
-0.995548384115984
-0.980168806454031
0.13981190108215857
-0.8207220355127076
-0.994438301854547
0.42922068829855453
-0.9976347764185294
-0.8655735812476792
-0.12742275777514334
-0.9966566993979064
-0.9946965941489663
-0.9994680729721599
0.18013915294800875
-0.9325611431722435
-0.9982801030094562
-0.9999696888778457
-0.996389924643526
-0.9875789985492411
-0.9684288887839253
-0.9437260909761149
-0.9676693712368991
-0.741175161392137
-0.9991418494920112
-0.4693827323136901
-0.13275323077455015
-0.968236238053417
-0.9552209080294586
-0.9982945775695533
-0.7659404045017947
-0.9929705335591518
-0.9978403979424252
-0.6869947610886622
-0.9487313373249522
-0.9977439415623837
-0.935368669383339
-0.9253908874769269
-0.9986411143327993
-0.9965795389645249
-0.9946489280638342
-0.4710464442752347
-0.8495219830484756
-0.9998562314893877
-0.907507857016661
-0.9963246379352615
-0.9560855097152885
-0.8836038585518485
-0.9988255056508221
-0.9526705432535121
-0.8221002681501304
-0.9785576943283074
-0.9745548508373586
-0.9929947555670301
-0.996957340019427
-0.5433915399608651
-0.9883731379595818
-0.9951516821488501
-0.9924162897087678
-0.7688974262433711
-0.9530334691045538
-0.9636345978360407
-0.9966065152557273
-0.9998116080468857
-0.9689888512515473
-0.990460052883324
-0.9981285801805554
-0.7795883160852597
-0.9958653588517793
-0.8722024767794867
-0.9991418494920112
-0.8269456727865021
-0.9976536384873416
-0.962683727148867
-0.9973627545330869
-0.9334913114998403
0.7234339931809466
-0.9495623461178861
0.4531910517332278
-0.8778385700744232
-0.8432210238734134
-0.9997566339594776
-0.9992867467324223
-0.9859031867483443
-0.8029319689957779
-0.8939349392956447
-0.9648828459915006
-0.9943214961438721
-0.9669797309201887
-0.9999352266834336
-0.9396690533057223
-0.9990450627430526
0.15889259438247705
-0.9986213863972889
-0.9928450066484404
-0.9997558350641843
-0.8187540241145488
-0.9465751427866729
-0.9175933174649211
-0.9969157409504791
-0.9429453000427832
-0.7789998912836631
-0.9995838343545858
-0.9932667205892968
-0.9963424697288898
-0.8601680638747258
-0.9972490805407821
-0.998210763684816
-0.9999213371532195
-0.9671597659203862
-0.9813847872574799
-0.9974213430668672
-0.6075498424324639
0.7607951312347867
-0.9973679582702618
-0.9984466163434259
-0.9924676130966863
-0.6143964926406303
-0.961391991097269
-0.998852496818438
-0.46789545766279816
-0.6704689047180692
-0.9964686474562526
-0.9964255469117171
-0.7926234616423061
0.7115978286991358
-0.8381263321301102
-0.9990928610137352
-0.6400011736290827
-0.9955488239044982
-0.9928450066484404
-0.9981285801805555
-0.9947811314532594
-0.6512313235760825
-0.9553452405487386
0.246068930069528
-0.99804610957933
-0.9974756113518218
-0.9515376873544727
-0.996510726173744
-0.9639869760202752
-0.9760331706586015
0.006492263548520283
-0.989315034690983
-0.9957698100626917
-0.9332532713384625
0.8888677490164321
-0.9641156621382337
0.08367467169029119
-0.9871931084254921
-0.9976779277239844
-0.9821420789572611
-0.25519073663244396
-0.9994644682027832
-0.9954656957266319
-0.7576028288250584
-0.8925107447601528
-0.9640114085028096
-0.9894689374712264
-0.9819776177582833
-0.9991418494920112
-0.9734070453419594
-0.9701874906806
-0.900009504511501
-0.4234005719302586
-0.9510532888646894
-0.9964630001033319
-0.9998133635174927
-0.9882964282755259
-0.9998251389317311
-0.9995104322264914
-0.9998251389317312
-0.9989193573504699
-0.38900885362130766
-0.9828571268431181
0.8400711248889452
-0.9927980412726395
-0.7495811689069221
-0.7481898361632814
-0.8370866360627922
-0.8914346502244039
-0.9927664000021865
-0.9998452428264101
-0.9970824366568096
-0.8953067736642601
-0.999825138931731
-0.9771339881246739
-0.9990450627430526
-0.8783192631806677
0.5870604084432764
-0.9997727775098406
-0.9498437881715186
-0.8630751954640115
0.5283431077996965
-0.9726188373814159
-0.928480150875086
-0.9079593352931634
-0.8454599665860872
-0.9993191142370992
-0.5918680558182229
-0.9959857183395392
-0.994248693099114
-0.9763580077677725
-0.9969629597471117
-0.978436028649978
-0.9887291705222256
-0.9997722237979113
-0.9515994700309576
-0.9942703758318362
-0.9755194637491628
-0.9404699544871687
-0.8156709905981508
0.03890478029775335
0.4978642865117482
0.3389745041706693
0.14282656764012747
-0.9929255780690307
-0.9183075826756736
-0.9653161033356641
-0.9734522241718984
-0.7712893228579407
-0.9995410368914412
-0.9013664029433868
-0.9964881515883839
-0.9747496660301277
-0.8638456284949163
-0.943408593232631
-0.9997581187093862
-0.9999352266834337
-0.9998251389317312
-0.9899571395392794
-0.9658921110920942
0.7416700709524713
-0.9488018012788293
-0.46789545766279816
-0.998913137303916
-0.999103327980719
-0.988097337093539
-0.8496821475787995
-0.9995705780485689
-0.9996764765900992
-0.9926758343372899
-0.9670985005069593
0.7912733977710111
-0.9857708635541853
-0.9860565067963838
-0.7898916413932553
-0.7798736414248515
-0.9999398283762645
-0.9151925643262837
-0.8943795566193246
-0.9714150519199591
-0.8382717875505565
-0.9997654975154634
-0.9252399363432
-0.7059149678411112
0.838786209914874
-0.9890631541844255
-0.9936583342715624
-0.9999818053595606
-0.9998251389317313
-0.9952216566400479
-0.9891692710191408
-0.961456776502703
-0.9246846013458513
-0.7869446041406025
-0.9993624506296237
-0.9989904698905671
-0.9642764922730335
-0.7482357459123481
-0.4083107942869145
-0.6497402698043298
-0.9887188590152874
-0.9955306953100389
-0.896107934844419
-0.5343695617726274
-0.9694534646418712
-0.9489471920209532
-0.7400117162299781
0.20232692579060552
-0.9942111418870967
-0.980380114707562
-0.9999213371532194
-0.9956748899553972
-0.9977171456001648
-0.9936878145436066
-0.9129917100086167
-0.9997843352730623
-0.9993532339076958
-0.9525994220598865
-0.9955989773950646
-0.9781183970404402
-0.9711138966779488
-0.9987458737181985
-0.9997420926603101
-0.9996240159687408
0.4978642865117471
-0.8751339333812953
-0.97198493169155
-0.9967112999821551
-0.991004154541907
-0.8812796113946237
-0.8452254308813347
-0.3933913705116666
-0.9962833156242603
-0.9987189051508183
-0.6725357501749354
-0.9934057796325131
-0.9997200073235654
-0.9852000401100286
-0.996007090757208
-0.986578780380894
-0.9756314106058378
-0.9963121969405512
-0.988115810192297
-0.9996395240593211
-0.9945912194623624
-0.9948188291797778
-0.9981078041940219
-0.9551094349736631
-0.2593860981472699
CENT
-1.0
-0.5930631026225058
-0.906182508174006
-0.9992517904825259
-0.1723457805865044
-0.8895999996586402
-0.5615293067870744
-0.9737100242863838
-0.664859949608406
-0.9999464712867349
-0.5958095393374039
-0.7696699722029365
-0.6511845472131479
-0.25524892620687667
-0.5600464286559346
-0.9996036440925943
-0.6245366862239716
-0.9934357901321217
0.07935626669579943
-0.08452746180893567
0.007566231933662904
-0.2872914748145845
-0.26223590604844804
-0.7111629544096618
-0.37294999668218376
-0.6379094823640212
-0.8621527445275531
-0.6183079949436918
-0.7762430163973942
-0.9904457693107283
-0.6989599183739977
-0.9832271145275624
-0.3036734876715863
-0.07764180843799029
-0.7998226831234626
-0.41243635113672583
-1.0
-0.6979573668705126
-0.29430147714225197
-0.47035094058149207
-1.0
-0.11522853740463235
-0.9762196745294381
-0.5735832544627344
-0.8349157905387085
-0.6750024122346644
-0.8657890948950651
0.00774339370518784
-0.9658001145869496
-0.9697214522047752
-0.5466884602651871
-0.5216869820976504
-0.9497145000842487
-0.94416806389599
-0.5919460091937943
-0.8411047495998725
-0.4925097938084563
-1.0
-0.7725616031724701
-0.9568801026609548
-0.7062353961951495
-0.6458416598159181
-0.9222769373059692
-0.994462262036941
-0.8412313597846788
-0.8856275937278039
-0.36993063974320706
-0.7813891315314478
-0.29402239078154946
-0.5263249594770048
-0.8515018828963519
-0.9994892228320363
-0.09166185415993833
-0.6467094433424349
0.06674101803981203
-0.7934154890151891
-1.0
-0.8778312415560857
-0.980636113588212
-0.9982642448499514
-0.7038014428451077
-0.5240461261173925
-0.7243160661453014
-0.7780886212921998
-0.1380470012657734
-0.9992492028188095
-0.5696123013191993
-0.8042220992676707
-0.7985778767785384
-0.8695227414523559
-0.5933188905116057
-0.9589942215011344
-0.10824469418211813
-0.1788085955552624
-0.7579457497918615
-0.448286271786309
-0.6979492967749579
-0.8832366785341056
-0.9452757607945824
-0.974782784872198
-0.5117182781258749
-0.5799214626985751
-0.6776661076305908
-0.8133045089093998
-0.8865262319371161
-0.6483512656550616
-0.7511600046271459
-0.6751573331511268
-0.6379565210571319
-0.8930802797214572
-0.612553854220238
-0.36965168389613445
-0.5636731872762646
-0.4397336495934354
-0.45523141313089155
-0.9393929741759403
-0.9820785763753068
-0.8628322859352736
-0.9698888289080863
-0.8429742206970181
-0.9986387365002899
0.09718112288436198
-0.8179592508699687
-0.5581246610256175
-0.9120050513581283
-0.3343744332033983
-0.9996333706281549
-0.5520057032934192
-0.42783212062113807
-0.912983415481869
-0.6810796948722313
0.24015251127031334
-0.8420405458983727
-0.5089986741169271
-0.9987678559547761
-0.47997035014201805
-0.07491527119991859
-0.6879822791151877
-0.863146753552168
-0.8355137965079742
-0.7109803149689464
-0.7808081255584203
-0.9467387633217577
-0.5093009173224448
-0.8569643317583322
-0.8201707221509379
-0.9623922685082662
-0.7794523873472302
-0.27367256864053113
-0.17804267444027455
-0.5545817150841444
-0.9904094154567952
-0.722311051489307
-0.5705203145451178
-0.9987541571587485
-0.9989163351621511
-0.904696683296367
-0.8320405108104717
-0.9101575687107707
-0.14600967403401288
-0.8798447856331268
-0.4284630748639472
-0.9978097957267843
-0.07213619324497722
-0.976849448668818
-0.99065173922868
-0.9770884939983793
-0.6046905250795322
-0.6165325187932664
0.10039710550241931
-0.803024291351364
0.1966587735965386
-0.9745531867686755
-0.5920921833414012
-0.9457459253900496
-0.92756858425573
-0.7371568755369947
-0.5905252448382595
-0.9975182548243589
-0.8317539891599302
0.060299397793550646
-0.9796980341232683
-0.7545752127641636
-0.6267368447912409
-0.9582571367118893
-0.8196210182720032
0.13962402256453266
-0.7182798659592337
-0.8625835681521604
-0.26223590604844804
-0.7832213364654703
-0.23435194596639775
-0.9553596017294026
-0.8040877594646083
-0.28026628555645716
-0.7421969705697038
-0.35743389518518887
-0.7312691791597772
-0.889601761185887
-0.2483757949324048
-0.8842562612038005
-0.9604769044701804
-0.9560583765850486
-0.2557002014400047
-0.9981674793556368
-0.32366364030593076
-0.10430469280754595
-0.37421685547530736
-0.9978097957267843
-0.23569588168061462
-0.904726542879734
-0.9711746828487695
-0.7511600046271459
-0.8149936559982195
-0.7827708596270188
-0.6682633779842323
-0.7599221262689726
-0.4322694391841566
0.11653599776150392
-0.9952381106140072
-0.9182700090826024
-0.6663423706281246
-0.9949095517024523
-0.8521047886377024
-0.6115367583895146
-0.7062353961951495
0.21381692272365238
-0.9992517904825259
-0.2829939293778051
-0.9480270123806968
-0.970050505873892
-0.6254458898697086
-0.7552488620320099
-0.7706264110357686
-0.08897518470302368
-0.939162195992481
0.4870979214038893
-0.34167901971399384
-0.7565157127934375
-0.688403348794541
-0.9927297231561165
0.30616095902011287
-0.5057317723297339
-0.5685015084065935
-0.9237384676113182
-0.7917662992385552
-0.9752189368280911
-0.42783212062113807
-0.9994334067743155
-0.8269393732007358
-0.7372453118819857
-0.6787838459923813
-0.5033180736019334
-0.7126369422694863
-0.35785943313798274
-0.6885221090864473
-0.9800211710100677
-0.8568520885619078
-0.9884573042945846
-0.5654249561861757
-0.31525433064177266
-0.9987684228426327
0.23943942474000313
-0.8908180399298402
-0.6096693728515139
-0.6099917415940652
-0.6941524737713858
-0.41320016997166353
-0.7552488620320099
-0.9981674793556368
-0.676696345270611
-0.42237144705428675
-0.569457127587341
-0.6451935699211994
-0.4855492560164546
-0.8412382725975979
-0.9911065774287772
-0.522549165736419
-0.5241205596615683
-0.741904286062353
-0.8604649837241855
1.00341666116055e-05
-0.9695078550679315
-0.43055802117610886
-0.7827228306790723
-0.5924899975216111
-0.7826535575038577
-0.7899716653281792
-0.5666366870433337
-0.35811031918970426
-0.7872501798821832
-0.9571622821712272
-0.3036356443951429
0.346905994574068
-0.406060200359481
-0.9894151767029966
0.4582763485971215
-0.8346790813770625
-0.9978097957267843
0.024337130033030396
-0.805445192735095
-0.3576487565573113
-0.6437943284607983
-0.6097380257167169
-0.8036429625062397
-0.9922500306969767
-0.8970677088388751
-0.9702311987133996
-0.8188788017535155
-0.9702311987133996
-0.9105275721613951
-0.7229657408052805
-0.6736198040549082
-0.7752840389874935
-0.7771052317673995
-0.3189886436528725
-0.8174926926738684
0.22899201375578504
0.23208756133355224
-0.974782784872198
-0.9980506618011089
-0.8835673722508688
0.3124992909375357
-0.9702311987133996
-0.6635081047542359
-0.9480270123806968
-0.6751573331511268
-0.7189993268726123
0.062264317705681416
-0.7490858930775723
-0.4138492984844324
0.1270874895458931
0.1825147683313757
-0.46986002652535863
-0.8844568412408474
-0.6471929240418733
-0.9711567048803957
-0.8242270403728391
-0.818116031013758
-0.33409150880099203
-0.21147513429768805
-0.9714865132982504
-0.7998226831234626
-0.8872238641363379
-0.9376931844344084
-0.6175329821237103
0.5564253534806516
-0.660223636603744
1.0
-0.9169940872960578
-0.792087045539708
-0.947836045291346
-0.8152461294470772
-0.3511375886738374
-0.7163903102526432
-0.7493580173058663
-0.9900007596923056
-0.9979129677257722
-0.20939082873925663
-0.9948483522544279
-0.5737431875307599
-0.7728551867472232
-0.6222502079139248
-0.5821883105122094
-0.9803593661047287
-0.9319078374983853
-0.9992517904825259
-0.9702311987133996
-0.47272351126890144
-0.8936725997135642
-0.6269286760657151
-0.9524426054971248
-0.9884573042945846
-0.9631181643457519
-0.9811372841635507
-0.9372172231703272
-0.5345577999497197
-0.8036054627495113
-0.9083045860705197
-0.9008683047615129
-0.8323521059942971
-0.788289437484835
-0.772685924137679
-0.8812930161286238
-0.27137384487343896
-0.3899323173958782
-0.9926885895615633
-0.7876802866702585
-0.7758432242329961
-0.9971743453967917
-0.15080832177085757
-0.9956492215221854
-0.3839552861333103
-0.7794930628560728
-0.6345064001119778
-0.9208757232173199
-0.3816514574227211
-0.9990799800855618
-0.9702311987133996
-0.0638071789689938
-0.4978753896085858
-0.9977685472965344
-0.13573742742378525
-0.4911485988470239
-0.8761162432202974
-0.8206627830412319
-0.10569832414456659
-0.43919761929809986
-0.7218600147363854
-0.36158649908528084
-1.0
-0.6529451050784456
-0.9141765367896704
0.21859026461522912
-0.6620270966350131
-0.5581098867824086
-0.6177353172211029
-0.8865262319371161
-0.4936516342073284
-0.7574179483477806
-0.9752189368280911
-0.19623174928567544
-0.05104292460294568
-0.9097267351779956
-0.2774013222337488
-0.9919820695556709
-0.8343048164830578
0.19799531160490336
-0.9973470815952935
-0.8468283019549384
-0.8260886218886712
-0.7945401550838841
-0.9116288271091122
-0.9886914407607513
-0.947836045291346
-0.7821683804482834
-0.9735143889468878
-0.9083527537758939
0.3043617172606443
-0.9479964439414916
-0.9078742959830373
-0.8718492247950043
-0.996025574804095
-0.9998320454267692
-0.25926606511581585
-0.9261684415572444
-0.9983825675309456
-0.29402239078154946
-0.9985664042548001
-0.2569112211290885
-0.510516002794567
-0.9975403789103033
-0.8788633942832008
-0.7596638268223336
-0.6268093976791542
-0.479459079255004
-0.9830516969139296
-0.9295532055880763
-0.9299923270547924
DEGREE_RANK
-0.9868995633187773
0.6026200873362446
-0.8602620087336245
-0.5807860262008733
-0.4759825327510917
0.42358078602620086
-0.3493449781659388
-0.5764192139737991
0.7292576419213972
-0.982532751091703
-0.008733624454148381
1.0
0.8689956331877728
0.6069868995633187
0.4279475982532752
-0.7903930131004366
0.9257641921397379
-0.6899563318777293
-0.47161572052401735
0.6113537117903929
0.2925764192139739
-0.22707423580786024
-0.4672489082969432
0.14847161572052392
0.8733624454148472
0.43231441048034935
-0.685589519650655
0.4366812227074235
0.44104803493449785
-0.6812227074235808
0.29694323144104784
-0.9694323144104804
-0.11790393013100431
0.15283842794759828
-0.34497816593886454
0.9519650655021834
-0.7860262008733624
-0.7816593886462883
0.3013100436681222
0.30567685589519655
-0.9650655021834061
-0.004366812227074135
-0.9606986899563319
-0.22270742358078588
0.8777292576419213
0.6157205240174672
0.6200873362445416
-0.3406113537117903
-0.21834061135371174
-0.6768558951965065
0.8820960698689957
0.7336244541484715
-0.6724890829694323
-0.11353711790393006
0.0
0.3100436681222709
0.1572052401746724
-1.0
0.8034934497816595
0.16157205240174677
0.6244541484716157
0.3144104803493448
-0.10917030567685582
-0.46288209606986885
0.7379912663755459
-0.6681222707423581
0.445414847161572
-0.4585152838427947
0.1659388646288209
0.4497816593886461
-0.33624454148471616
-0.9563318777292577
0.3187772925764192
0.17030567685589526
0.004366812227074135
0.1746724890829694
-0.777292576419214
0.008733624454148492
-0.45414847161572036
-0.8558951965065502
0.8078602620087336
-0.10480349344978157
-0.6637554585152838
0.013100436681222849
-0.3318777292576418
-0.6593886462882096
0.4541484716157205
0.45851528384279483
0.32314410480349354
0.17903930131004375
-0.32751091703056767
0.017467248908296762
0.46288209606986896
0.7423580786026203
-0.3231441048034933
-0.2139737991266374
0.32751091703056767
0.02183406113537112
-0.3187772925764192
-0.7729257641921398
0.7467248908296942
0.3318777292576418
-0.6550218340611353
-0.5720524017467248
0.6288209606986899
0.4672489082969431
0.47161572052401746
0.6331877729257642
0.4759825327510918
-0.6506550218340611
-0.20960698689956325
0.8864628820960698
-0.10043668122270732
0.6375545851528384
-0.205240174672489
0.6419213973799127
-0.7685589519650655
-0.7641921397379913
0.1834061135371179
0.8908296943231442
-0.759825327510917
0.026200873362445476
-0.3144104803493448
0.8122270742358078
-0.20087336244541476
0.030567685589519833
-0.9519650655021834
0.48034934497816595
0.7510917030567685
-0.5676855895196506
0.8165938864628821
-0.19650655021834063
0.6462882096069869
-0.3100436681222707
-0.6462882096069869
0.8209606986899565
0.8951965065502183
-0.19213973799126627
-0.5633187772925765
0.9301310043668123
0.8253275109170306
0.034934497816593746
0.0393013100436681
0.8296943231441047
0.04366812227074246
0.8340611353711791
-0.9126637554585153
0.04803493449781637
0.4847161572052401
-0.09606986899563319
0.9737991266375547
-0.30567685589519644
0.33624454148471616
0.8384279475982532
-0.851528384279476
-0.9082969432314411
-0.18777292576419213
-0.5589519650655022
0.48908296943231444
-0.09170305676855883
0.6506550218340612
0.8995633187772925
-0.9475982532751092
0.18777292576419202
-0.0873362445414847
-0.4497816593886462
-0.08296943231441034
-0.0786026200873362
0.9344978165938864
0.9388646288209608
0.05240174672489073
0.05676855895196509
0.061135371179039444
0.4934497816593888
0.3406113537117905
-0.9912663755458515
-0.445414847161572
0.06550218340611336
-0.6419213973799127
0.06986899563318771
0.6550218340611353
-0.8471615720524017
-0.6375545851528385
-0.8427947598253275
-0.8777292576419213
0.4978165938864627
-0.9039301310043668
-0.44104803493449773
0.6593886462882097
-0.4366812227074236
-0.3013100436681222
0.6637554585152838
-0.43231441048034924
-0.07423580786026185
0.07423580786026207
0.0786026200873362
0.34497816593886466
0.3493449781659388
0.5021834061135371
-0.4279475982532751
-0.8995633187772926
-0.6331877729257642
-0.8384279475982532
0.5065502183406114
-0.7554585152838428
0.7554585152838429
0.7598253275109168
0.5109170305676858
-0.9432314410480349
0.5152838427947597
-0.06986899563318771
-0.62882096069869
0.519650655021834
0.5240174672489084
0.9781659388646287
-0.18340611353711778
0.8427947598253274
0.668122270742358
0.7641921397379912
-0.42358078602620075
-0.7510917030567685
0.5283842794759823
-0.8951965065502183
-0.554585152838428
0.35371179039301315
0.6724890829694323
-0.17903930131004364
-0.5502183406113537
-0.8340611353711791
0.19213973799126638
0.3580786026200873
-0.29694323144104795
0.19650655021834074
-0.17467248908296928
0.8471615720524017
-0.17030567685589515
-0.1659388646288209
-0.7467248908296943
0.08296943231441034
0.9039301310043668
-0.5458515283842795
-0.4192139737991266
0.20087336244541487
0.3624454148471614
0.3668122270742358
0.0873362445414847
-0.41484716157205226
0.7685589519650655
-0.9388646288209607
0.205240174672489
-0.16157205240174666
0.982532751091703
0.09170305676855905
-0.1572052401746724
-0.06550218340611347
-0.15283842794759817
-0.8908296943231441
-0.5414847161572052
-0.74235807860262
0.20960698689956336
-0.4104803493449781
-0.7379912663755459
0.2139737991266375
0.9563318777292578
-0.6244541484716157
-0.4061135371179039
-0.14847161572052392
0.6768558951965067
0.21834061135371163
-0.7336244541484715
0.37117903930131013
-0.2925764192139737
-0.537117903930131
0.5327510917030567
0.222707423580786
0.22707423580786035
-0.14410480349344967
0.23144104803493448
0.37554585152838427
-0.28820960698689946
0.6812227074235808
-0.13973799126637543
-0.7292576419213974
0.23580786026200862
0.9912663755458517
0.7729257641921399
0.7772925764192138
-0.06113537117903922
0.24017467248908297
-0.1353711790393013
-0.13100436681222694
-0.056768558951964976
0.9606986899563319
0.7816593886462881
0.685589519650655
-0.8864628820960698
0.537117903930131
0.24454148471615733
-0.9344978165938864
-0.40174672489082963
0.09606986899563319
0.24890829694323124
0.10043668122270732
0.6899563318777293
0.10480349344978168
-0.5327510917030568
0.2532751091703056
-0.3973799126637554
0.10917030567685582
-0.39301310043668114
-0.5283842794759825
0.11353711790393017
0.25764192139737996
0.9956331877729256
0.6943231441048034
0.8515283842794761
0.7860262008733625
0.2620087336244543
0.3799126637554584
-0.7248908296943231
-0.6200873362445415
-0.05240174672489073
0.11790393013100431
-0.3886462882096069
-0.6157205240174672
0.26637554585152823
0.6986899563318776
0.9432314410480349
-0.2838427947598252
-0.38427947598253265
-0.048034934497816484
0.965065502183406
-0.5240174672489083
-0.7205240174672489
-0.8733624454148472
0.7903930131004369
-0.868995633187773
-0.2794759825327511
-0.04366812227074224
-0.27510917030567683
0.38427947598253276
-0.519650655021834
-0.2707423580786026
0.12227074235807867
-0.3799126637554584
-0.26637554585152834
0.3886462882096069
0.39301310043668125
-0.0393013100436681
0.7030567685589519
0.2707423580786026
0.5414847161572054
0.5458515283842793
0.8558951965065502
0.5502183406113537
0.27510917030567694
-0.9301310043668123
-0.8296943231441047
-0.034934497816593746
-0.5152838427947598
0.554585152838428
-0.8253275109170306
-0.7161572052401747
0.7074235807860263
0.1266375545851528
-0.8209606986899564
-0.5109170305676856
-0.37554585152838427
0.13100436681222694
0.5589519650655022
0.9868995633187774
-0.2620087336244541
-0.7117903930131004
-0.3711790393013099
-0.611353711790393
-0.5065502183406113
0.9082969432314412
-0.25764192139737985
-0.6069868995633187
-0.1266375545851528
0.7947598253275108
0.947598253275109
-0.5021834061135371
-0.2532751091703056
-0.03056768558951961
0.8602620087336244
-0.8165938864628821
0.3973799126637554
-0.4978165938864628
-0.7074235807860262
0.5633187772925763
-0.4934497816593886
0.40174672489082974
0.5676855895196506
0.9694323144104804
-0.925764192139738
0.9126637554585153
-0.9213973799126638
-0.3668122270742358
0.8646288209606987
-0.026200873362445365
-0.48908296943231433
0.572052401746725
0.9170305676855894
0.5764192139737991
-0.4847161572052401
-0.36244541484716153
0.9213973799126638
0.1353711790393013
0.7991266375545851
-0.9956331877729258
0.27947598253275086
-0.8122270742358079
0.13973799126637543
-0.7030567685589519
0.7117903930131004
0.7161572052401746
0.7205240174672489
0.7248908296943233
-0.02183406113537112
-0.3580786026200873
-0.6026200873362446
-0.24890829694323136
-0.9781659388646288
-0.2445414847161571
-0.6986899563318778
0.5807860262008733
0.14410480349344978
-0.5982532751091703
0.4061135371179039
0.5851528384279476
0.41048034934497823
-0.6943231441048034
-0.5938864628820961
0.5895196506550218
0.5938864628820961
-0.8078602620087336
-0.24017467248908286
0.2838427947598252
-0.9170305676855895
-0.5895196506550218
-0.12227074235807855
-0.8034934497816594
-0.8646288209606987
-0.017467248908296873
-0.35371179039301304
-0.8820960698689957
0.28820960698689957
-0.7991266375545851
-0.013100436681222627
-0.48034934497816584
-0.9737991266375546
0.41484716157205237
-0.23580786026200873
0.5982532751091703
0.4192139737991265
-0.5851528384279476
-0.7947598253275109
-0.23144104803493437
EIGENVECTOR_RANK
-1.0
0.5938864628820961
-0.40174672489082963
-0.9694323144104804
-0.0393013100436681
0.8253275109170306
-0.6637554585152838
-0.8864628820960698
0.8340611353711791
-0.10480349344978157
-0.10917030567685582
1.0
0.42358078602620086
0.6986899563318776
-0.07423580786026185
-0.9475982532751092
-0.3668122270742358
-0.9301310043668123
-0.0786026200873362
0.8733624454148472
0.41048034934497823
0.40174672489082974
-0.034934497816593746
-0.12227074235807855
0.947598253275109
-0.6026200873362446
-0.759825327510917
-0.4366812227074236
-0.04366812227074224
-0.7860262008733624
-0.6157205240174672
-0.9519650655021834
0.2707423580786026
0.7772925764192138
-0.017467248908296873
0.5021834061135371
-0.9868995633187773
-0.41484716157205226
0.8427947598253274
0.8165938864628821
-0.851528384279476
0.3580786026200873
-0.4497816593886462
0.7379912663755459
0.965065502183406
-0.6681222707423581
0.8384279475982532
-0.13100436681222694
0.23144104803493448
-0.74235807860262
-0.3886462882096069
-0.537117903930131
0.15283842794759828
-0.3711790393013099
-0.21834061135371174
0.4759825327510918
0.48908296943231444
-0.15283842794759817
-0.44104803493449773
0.8646288209606987
-0.3144104803493448
0.6244541484716157
0.25764192139737996
-0.3187772925764192
-0.3580786026200873
0.6593886462882097
0.06550218340611336
0.6943231441048034
-0.08296943231441034
-0.7161572052401747
0.45851528384279483
0.13973799126637543
0.2925764192139739
-0.026200873362445365
0.7161572052401746
-0.3493449781659388
-0.982532751091703
-0.37554585152838427
-0.8034934497816594
-0.45414847161572036
0.9213973799126638
0.7423580786026203
0.5414847161572054
0.6812227074235808
0.4847161572052401
-0.925764192139738
0.5676855895196506
0.4497816593886461
-0.611353711790393
-0.6244541484716157
-0.2139737991266374
-0.7292576419213974
0.34497816593886466
-0.2925764192139737
-0.8209606986899564
0.7292576419213972
-0.5109170305676856
0.7554585152838429
-0.8471615720524017
-0.24017467248908286
0.537117903930131
0.30567685589519655
-0.17467248908296928
-0.7816593886462883
0.8995633187772925
0.33624454148471616
-0.5589519650655022
0.4279475982532752
-0.2794759825327511
0.1659388646288209
-0.18777292576419213
0.6550218340611353
0.7903930131004369
-0.554585152838428
-0.20960698689956325
0.9082969432314412
-0.5458515283842795
0.3668122270742358
0.8515283842794761
0.9694323144104804
-0.445414847161572
0.48034934497816595
0.8034934497816595
0.5895196506550218
0.6724890829694323
0.41484716157205237
-0.8122270742358079
-0.6593886462882096
0.0873362445414847
0.26637554585152823
0.519650655021834
-0.5764192139737991
0.8820960698689957
-0.004366812227074135
-0.9432314410480349
0.27947598253275086
0.6637554585152838
-0.205240174672489
0.1572052401746724
0.982532751091703
-0.39301310043668114
-0.048034934497816484
0.8689956331877728
0.554585152838428
-0.3231441048034933
0.9170305676855894
-0.5851528384279476
0.4541484716157205
0.8296943231441047
-0.5152838427947598
-0.33624454148471616
-0.7947598253275109
0.8908296943231442
0.29694323144104784
-0.6506550218340611
-0.9912663755458515
-0.4759825327510917
-0.1266375545851528
0.06986899563318771
0.24017467248908297
0.0786026200873362
0.6462882096069869
-0.7554585152838428
0.7641921397379912
0.8209606986899565
0.07423580786026207
0.1746724890829694
-0.6550218340611353
0.6200873362445416
-0.2620087336244541
-0.6200873362445415
0.6768558951965067
0.22707423580786035
-0.6069868995633187
0.27510917030567694
0.3100436681222709
-0.6812227074235808
-0.5021834061135371
-0.3318777292576418
0.7598253275109168
0.4978165938864627
-0.9388646288209607
0.35371179039301315
-0.4672489082969432
0.16157205240174677
0.4061135371179039
-0.6943231441048034
0.18777292576419202
0.5502183406113537
-0.03056768558951961
0.02183406113537112
-0.26637554585152834
-0.5283842794759825
0.7467248908296942
-0.14847161572052392
-0.35371179039301304
-0.22270742358078588
0.6157205240174672
0.1834061135371179
0.13100436681222694
-0.5065502183406113
-0.8951965065502183
0.061135371179039444
-0.19650655021834063
-0.6375545851528385
0.6026200873362446
-0.42358078602620075
0.445414847161572
-0.7510917030567685
0.5458515283842793
-0.5895196506550218
0.1353711790393013
-0.5633187772925765
0.2838427947598252
0.9563318777292578
0.2139737991266375
0.9257641921397379
0.4366812227074235
0.5152838427947597
-0.8646288209606987
-0.7641921397379913
-0.09606986899563319
0.572052401746725
0.3886462882096069
0.10917030567685582
-0.3100436681222707
0.09606986899563319
-0.9650655021834061
0.2620087336244543
-0.7205240174672489
0.8864628820960698
-0.6768558951965065
-0.24890829694323136
-0.8602620087336245
0.5589519650655022
0.23580786026200862
0.32751091703056767
-0.5240174672489083
0.24890829694323124
0.6069868995633187
-0.8253275109170306
-0.2707423580786026
-0.47161572052401735
0.47161572052401746
-0.5502183406113537
-0.6462882096069869
-0.9563318777292577
0.08296943231441034
-0.056768558951964976
-0.5720524017467248
0.7248908296943233
0.9737991266375547
-0.5676855895196506
-0.6724890829694323
-0.22707423580786024
0.7205240174672489
0.14847161572052392
-0.6986899563318778
0.7729257641921399
0.6899563318777293
-0.48908296943231433
-0.48034934497816584
0.5764192139737991
0.9519650655021834
0.5283842794759823
-0.7336244541484715
0.7117903930131004
-0.3973799126637554
-0.2532751091703056
-0.6419213973799127
-0.3406113537117903
0.7030567685589519
0.17030567685589526
0.9039301310043668
-0.62882096069869
-0.5807860262008733
0.20087336244541487
-0.4978165938864628
0.1266375545851528
0.004366812227074135
0.8471615720524017
-0.17903930131004364
-0.4192139737991266
0.28820960698689957
0.9956331877729256
0.11790393013100431
0.8602620087336244
-0.11790393013100431
-0.5938864628820961
-0.06550218340611347
0.8122270742358078
-0.7903930131004366
-0.3799126637554584
0.6288209606986899
0.39301310043668125
0.12227074235807867
-0.18340611353711778
-0.06113537117903922
-0.7467248908296943
0.030567685589519833
0.05240174672489073
0.37117903930131013
0.7816593886462881
0.205240174672489
-0.4847161572052401
-0.8995633187772926
-0.14410480349344967
-0.9213973799126638
-0.7991266375545851
-0.9082969432314411
-0.7074235807860262
0.7991266375545851
-0.06986899563318771
0.9912663755458517
-0.2445414847161571
0.6331877729257642
0.6419213973799127
0.5327510917030567
0.3973799126637554
-0.23580786026200873
-0.9344978165938864
-0.5414847161572052
0.3799126637554584
-0.9170305676855895
-0.008733624454148381
-0.7248908296943231
0.43231441048034935
0.9432314410480349
-0.8820960698689957
0.20960698689956336
0.4672489082969431
0.9388646288209608
0.034934497816593746
0.3013100436681222
0.3493449781659388
0.5065502183406114
-0.7685589519650655
0.7336244541484715
-0.4279475982532751
-0.3013100436681222
0.0
-0.5327510917030568
-0.02183406113537112
-0.16157205240174666
-0.8777292576419213
0.19650655021834074
-0.30567685589519644
0.013100436681222849
0.2532751091703056
0.5633187772925763
0.8558951965065502
0.9344978165938864
0.9126637554585153
0.8777292576419213
-0.25764192139737985
0.32314410480349354
0.10480349344978168
0.026200873362445476
0.6113537117903929
-0.8078602620087336
0.3624454148471614
-0.4934497816593886
0.017467248908296762
0.46288209606986896
0.24454148471615733
-0.868995633187773
-0.9737991266375546
-0.9039301310043668
-0.19213973799126627
0.10043668122270732
0.9606986899563319
0.222707423580786
0.7685589519650655
-0.7030567685589519
-0.7379912663755459
-0.1353711790393013
0.4934497816593888
-0.8165938864628821
-0.8384279475982532
-0.23144104803493437
0.09170305676855905
0.9781659388646287
-0.09170305676855883
-0.10043668122270732
0.5807860262008733
0.5982532751091703
-0.9781659388646288
0.3318777292576418
0.38427947598253276
0.04366812227074246
0.5240174672489084
-0.8733624454148472
0.3144104803493448
0.668122270742358
0.9868995633187774
-0.1659388646288209
-0.2838427947598252
-0.9956331877729258
-0.9126637554585153
-0.36244541484716153
-0.17030567685589515
0.14410480349344978
0.3187772925764192
0.5851528384279476
-0.777292576419214
-0.7117903930131004
0.11353711790393017
0.6375545851528384
0.7860262008733625
0.7074235807860263
-0.1572052401746724
-0.38427947598253265
0.37554585152838427
0.7510917030567685
0.05676855895196509
0.21834061135371163
0.6506550218340612
0.8951965065502183
-0.29694323144104795
-0.05240174672489073
-0.9606986899563319
-0.4104803493449781
-0.5982532751091703
-0.28820960698689946
0.3406113537117905
-0.8908296943231441
-0.7729257641921398
0.19213973799126638
-0.4061135371179039
-0.013100436681222627
0.04803493449781637
-0.6899563318777293
-0.8558951965065502
-0.8296943231441047
0.9301310043668123
0.44104803493449785
0.0393013100436681
-0.519650655021834
-0.20087336244541476
0.4192139737991265
0.5109170305676858
0.7947598253275108
-0.4585152838427947
-0.685589519650655
0.685589519650655
-0.27510917030567683
-0.8427947598253275
-0.0873362445414847
-0.43231441048034924
-0.11353711790393006
0.008733624454148492
-0.46288209606986885
-0.13973799126637543
-0.8340611353711791
-0.32751091703056767
-0.34497816593886454
-0.6331877729257642
0.17903930131004375
0.8078602620087336
CENT_RANK
-1.0
0.3493449781659388
-0.42358078602620075
-0.9475982532751092
0.7991266375545851
-0.38427947598253265
0.4192139737991265
-0.6812227074235808
0.205240174672489
-0.9737991266375546
0.3406113537117905
-0.004366812227074135
0.22707423580786035
0.7598253275109168
0.42358078602620086
-0.9606986899563319
0.28820960698689957
-0.8122270742358079
0.9039301310043668
0.8471615720524017
0.8777292576419213
0.7117903930131004
0.7379912663755459
0.10917030567685582
0.6244541484716157
0.2620087336244543
-0.29694323144104795
0.29694323144104784
-0.034934497816593746
-0.7816593886462883
0.13100436681222694
-0.7510917030567685
0.6899563318777293
0.8515283842794761
-0.13100436681222694
0.5982532751091703
-0.9956331877729258
0.1353711790393013
0.6986899563318776
0.537117903930131
-0.9912663755458515
0.8209606986899565
-0.7074235807860262
0.38427947598253276
-0.24017467248908286
0.18777292576419202
-0.3144104803493448
0.8820960698689957
-0.6200873362445415
-0.62882096069869
0.445414847161572
0.47161572052401746
-0.5720524017467248
-0.5327510917030568
0.3624454148471614
-0.24890829694323136
0.5109170305676858
-0.9868995633187773
-0.013100436681222627
-0.5895196506550218
0.11790393013100431
0.24454148471615733
-0.4847161572052401
-0.8165938864628821
-0.2532751091703056
-0.3668122270742358
0.6288209606986899
-0.06113537117903922
0.7030567685589519
0.4541484716157205
-0.27510917030567683
-0.9563318777292577
0.8384279475982532
0.24017467248908297
0.8995633187772925
-0.11353711790393006
-0.982532751091703
-0.3318777292576418
-0.7336244541484715
-0.8951965065502183
0.1266375545851528
0.46288209606986896
0.07423580786026207
-0.04366812227074224
0.8122270742358078
-0.9344978165938864
0.39301310043668125
-0.15283842794759817
-0.12227074235807855
-0.3187772925764192
0.34497816593886466
-0.6026200873362446
0.8253275109170306
0.7903930131004369
0.008733624454148492
0.5502183406113537
0.13973799126637543
-0.3493449781659388
-0.537117903930131
-0.6943231441048034
0.4759825327510918
0.37554585152838427
0.17030567685589526
-0.16157205240174666
-0.37554585152838427
0.23144104803493448
0.034934497816593746
0.17903930131004375
0.25764192139737996
-0.3973799126637554
0.3144104803493448
0.6331877729257642
0.41484716157205237
0.554585152838428
0.5458515283842793
-0.5283842794759825
-0.74235807860262
-0.30567685589519644
-0.6331877729257642
-0.26637554585152834
-0.9082969432314411
0.9082969432314412
-0.17903930131004364
0.4279475982532752
-0.4585152838427947
0.668122270742358
-0.9650655021834061
0.44104803493449785
0.5764192139737991
-0.46288209606986885
0.16157205240174677
0.965065502183406
-0.2620087336244541
0.48908296943231444
-0.9170305676855895
0.5240174672489084
0.8558951965065502
0.1572052401746724
-0.3100436681222707
-0.2445414847161571
0.11353711790393017
-0.056768558951964976
-0.5458515283842795
0.4847161572052401
-0.28820960698689946
-0.19650655021834063
-0.611353711790393
-0.048034934497816484
0.7292576419213972
0.7947598253275108
0.4366812227074235
-0.777292576419214
0.08296943231441034
0.3886462882096069
-0.9126637554585153
-0.925764192139738
-0.41484716157205226
-0.22270742358078588
-0.445414847161572
0.8078602620087336
-0.3406113537117903
0.572052401746725
-0.8733624454148472
0.8602620087336244
-0.7117903930131004
-0.7860262008733624
-0.7161572052401747
0.33624454148471616
0.3100436681222709
0.9126637554585153
-0.1353711790393013
0.9344978165938864
-0.685589519650655
0.3580786026200873
-0.5414847161572052
-0.4978165938864628
0.06550218340611336
0.3668122270742358
-0.851528384279476
-0.21834061135371174
0.8908296943231442
-0.7205240174672489
0.030567685589519833
0.27947598253275086
-0.5982532751091703
-0.19213973799126627
0.9257641921397379
0.09606986899563319
-0.3013100436681222
0.7423580786026203
-0.08296943231441034
0.7729257641921399
-0.5807860262008733
-0.14847161572052392
0.7205240174672489
0.05240174672489073
0.6550218340611353
0.06986899563318771
-0.3886462882096069
0.7641921397379912
-0.3580786026200873
-0.6069868995633187
-0.5851528384279476
0.7554585152838429
-0.8908296943231441
0.6768558951965067
0.8340611353711791
0.6200873362445416
-0.868995633187773
0.7685589519650655
-0.4192139737991266
-0.6681222707423581
0.0393013100436681
-0.1659388646288209
-0.0786026200873362
0.19650655021834074
0.0
0.5633187772925763
0.9170305676855894
-0.8296943231441047
-0.4759825327510917
0.20087336244541487
-0.8253275109170306
-0.2794759825327511
0.3187772925764192
0.12227074235807867
0.9432314410480349
-0.9432314410480349
0.7161572052401746
-0.5676855895196506
-0.6375545851528385
0.2838427947598252
0.02183406113537112
-0.008733624454148381
0.8427947598253274
-0.5240174672489083
0.9912663755458517
0.6637554585152838
0.017467248908296762
0.15283842794759828
-0.8078602620087336
0.9737991266375547
0.4934497816593888
0.40174672489082974
-0.48908296943231433
-0.10480349344978157
-0.7030567685589519
0.5807860262008733
-0.9519650655021834
-0.2139737991266374
0.061135371179039444
0.1659388646288209
0.4978165938864627
0.10480349344978168
0.6462882096069869
0.14847161572052392
-0.7248908296943231
-0.2838427947598252
-0.759825327510917
0.41048034934497823
0.685589519650655
-0.9213973799126638
0.9606986899563319
-0.39301310043668114
0.3318777292576418
0.32314410480349354
0.14410480349344978
0.5938864628820961
0.026200873362445476
-0.8864628820960698
0.1746724890829694
0.5851528384279476
0.3973799126637554
0.24890829694323124
0.519650655021834
-0.25764192139737985
-0.7903930131004366
0.4672489082969431
0.45851528384279483
0.05676855895196509
-0.2925764192139737
0.8733624454148472
-0.6244541484716157
0.5676855895196506
-0.07423580786026185
0.35371179039301315
-0.06986899563318771
-0.10043668122270732
0.4061135371179039
0.6419213973799127
-0.0873362445414847
-0.5938864628820961
0.6943231441048034
0.982532751091703
0.6026200873362446
-0.7685589519650655
0.9868995633187774
-0.23580786026200873
-0.8646288209606987
0.8864628820960698
-0.1572052401746724
0.6506550218340612
0.2532751091703056
0.32751091703056767
-0.14410480349344967
-0.7991266375545851
-0.4061135371179039
-0.6593886462882096
-0.18777292576419213
-0.6550218340611353
-0.4497816593886462
0.0786026200873362
0.19213973799126638
-0.026200873362445365
-0.0393013100436681
0.6812227074235808
-0.17467248908296928
0.9519650655021834
0.9563318777292578
-0.6899563318777293
-0.8820960698689957
-0.35371179039301304
0.9781659388646287
-0.6506550218340611
0.20960698689956336
-0.5633187772925765
0.1834061135371179
0.09170305676855905
0.8951965065502183
0.04803493449781637
0.5895196506550218
0.9213973799126638
0.9301310043668123
0.5414847161572054
-0.36244541484716153
0.23580786026200862
-0.6637554585152838
-0.205240174672489
-0.18340611353711778
0.6724890829694323
0.7772925764192138
-0.6724890829694323
-0.1266375545851528
-0.3799126637554584
-0.519650655021834
0.30567685589519655
0.9956331877729256
0.21834061135371163
1.0
-0.47161572052401735
-0.10917030567685582
-0.554585152838428
-0.17030567685589515
0.6593886462882097
0.10043668122270732
0.04366812227074246
-0.7729257641921398
-0.8777292576419213
0.7816593886462881
-0.8209606986899564
0.3799126637554584
-0.02183406113537112
0.2925764192139739
0.37117903930131013
-0.7292576419213974
-0.5109170305676856
-0.9388646288209607
-0.6462882096069869
0.5327510917030567
-0.40174672489082963
0.2707423580786026
-0.5764192139737991
-0.7554585152838428
-0.6157205240174672
-0.7379912663755459
-0.5152838427947598
0.4497816593886461
-0.13973799126637543
-0.43231441048034924
-0.4104803493449781
-0.22707423580786024
-0.09606986899563319
-0.017467248908296873
-0.34497816593886454
0.7336244541484715
0.6069868995633187
-0.8034934497816594
-0.09170305676855883
-0.03056768558951961
-0.8427947598253275
0.8034934497816595
-0.8340611353711791
0.6113537117903929
-0.05240174672489073
0.26637554585152823
-0.48034934497816584
0.6157205240174672
-0.9301310043668123
-0.6419213973799127
0.8646288209606987
0.5021834061135371
-0.8602620087336245
0.8165938864628821
0.5152838427947597
-0.32751091703056767
-0.20087336244541476
0.8296943231441047
0.5589519650655022
0.0873362445414847
0.6375545851528384
-0.9781659388646288
0.222707423580786
-0.4672489082969432
0.947598253275109
0.2139737991266375
0.43231441048034935
0.3013100436681222
-0.3711790393013099
0.5065502183406114
0.013100436681222849
-0.6986899563318778
0.7860262008733625
0.8689956331877728
-0.44104803493449773
0.7248908296943233
-0.7947598253275109
-0.23144104803493437
0.9388646288209608
-0.8471615720524017
-0.2707423580786026
-0.20960698689956325
-0.11790393013100431
-0.45414847161572036
-0.7641921397379913
-0.5502183406113537
-0.06550218340611347
-0.6768558951965065
-0.4366812227074236
0.9694323144104804
-0.5589519650655022
-0.4279475982532751
-0.3231441048034933
-0.8384279475982532
-0.9694323144104804
0.7467248908296942
-0.4934497816593886
-0.8995633187772926
0.7074235807860263
-0.9039301310043668
0.7510917030567685
0.48034934497816595
-0.8558951965065502
-0.33624454148471616
0.004366812227074135
0.27510917030567694
0.5283842794759823
-0.7467248908296943
-0.5021834061135371
-0.5065502183406113
RANK
0
36
40
57
76
410
9
443
126
15
71
248
3
227
366
85
397
155
261
134
154
120
448
446
79
204
269
320
357
162
208
298
401
451
178
428
389
442
391
219
222
359
63
17
240
386
305
425
276
165
29
151
356
295
433
258
372
31
456
116
374
78
364
256
181
166
164
42
246
420
99
319
172
7
436
341
211
336
307
309
323
367
398
230
118
49
282
48
373
146
201
91
184
291
59
202
192
371
52
229
325
439
351
434
142
174
98
53
115
235
344
375
365
458
457
175
445
244
62
395
220
349
412
129
124
432
310
158
423
437
378
440
2
210
156
379
306
369
109
263
198
5
343
104
417
65
334
200
321
97
383
160
452
77
404
441
89
46
138
117
188
26
280
144
257
223
70
429
119
132
275
64
55
139
44
297
426
380
157
179
249
430
337
405
145
185
308
338
122
316
352
213
103
300
87
193
304
377
170
34
342
88
431
75
350
245
287
381
387
290
190
214
284
286
435
67
141
393
147
83
314
28
388
313
361
382
58
233
11
216
453
94
419
238
232
268
182
106
212
355
329
195
279
250
176
197
82
311
152
408
327
187
354
253
23
140
60
225
80
30
37
96
266
255
239
137
130
251
102
270
107
326
45
312
215
221
8
324
414
347
411
12
105
335
73
61
273
302
108
25
394
370
454
183
231
16
362
27
416
345
168
110
224
265
303
264
167
10
90
1
285
173
54
177
363
101
360
43
153
86
272
243
288
259
112
6
14
123
415
150
127
50
376
69
278
81
277
51
100
450
143
133
242
252
400
418
56
403
274
135
455
368
39
333
114
95
113
407
217
283
161
128
247
271
330
267
35
294
385
392
396
207
24
66
111
409
289
254
301
196
353
237
125
339
205
315
260
32
292
38
68
447
21
228
194
424
148
384
22
189
444
449
203
13
199
209
191
340
358
421
93
149
4
390
159
84
402
41
92
406
206
72
234
19
33
136
163
399
422
281
20
47
299
180
328
74
18
121
169
218
331
186
332
171
427
226
413
317
318
262
131
438
241
322
293
296
236
346
348
