DEGREE
0.16666666666666674
0.33333333333333326
0.25
0.08333333333333326
-0.16666666666666663
-0.5833333333333333
0.16666666666666674
-0.8333333333333334
-0.16666666666666663
0.33333333333333326
-0.41666666666666663
0.0
0.08333333333333326
-0.41666666666666663
-0.6666666666666667
0.25
0.16666666666666674
0.6666666666666667
-0.08333333333333337
-0.16666666666666663
-0.5833333333333333
1.0
-0.33333333333333337
-0.33333333333333337
-0.75
0.6666666666666667
-0.5
0.25
-0.08333333333333337
0.5833333333333333
0.5833333333333333
0.08333333333333326
0.5833333333333333
-0.16666666666666663
0.33333333333333326
0.5
-0.08333333333333337
-0.25
-0.41666666666666663
-0.16666666666666663
-0.08333333333333337
0.08333333333333326
-0.25
-0.16666666666666663
-0.5
-0.33333333333333337
-0.41666666666666663
-0.25
0.16666666666666674
0.0
0.08333333333333326
-0.08333333333333337
-0.5
-0.8333333333333334
-0.5833333333333333
0.75
-0.08333333333333337
-0.41666666666666663
0.33333333333333326
-0.41666666666666663
-0.25
-0.25
-0.08333333333333337
0.33333333333333326
-0.08333333333333337
-0.08333333333333337
0.41666666666666674
-0.25
0.16666666666666674
0.33333333333333326
-0.25
0.08333333333333326
-0.08333333333333337
0.41666666666666674
0.16666666666666674
-0.5833333333333333
-0.16666666666666663
-0.33333333333333337
-0.16666666666666663
0.0
-0.33333333333333337
-0.5
-0.16666666666666663
-0.25
-0.08333333333333337
-0.33333333333333337
-0.41666666666666663
0.6666666666666667
-0.5833333333333333
0.16666666666666674
-0.25
-0.08333333333333337
-0.08333333333333337
0.16666666666666674
-0.16666666666666663
-0.5833333333333333
-0.41666666666666663
0.33333333333333326
-0.5833333333333333
-0.5833333333333333
-0.75
-0.75
-0.5833333333333333
-0.08333333333333337
0.25
-0.41666666666666663
-0.08333333333333337
0.25
-0.33333333333333337
-0.5
-0.5833333333333333
0.33333333333333326
-0.08333333333333337
-0.08333333333333337
-0.6666666666666667
-0.16666666666666663
-0.41666666666666663
-0.25
-0.5
0.75
0.0
-0.5833333333333333
0.08333333333333326
0.16666666666666674
0.08333333333333326
0.0
0.33333333333333326
-0.5
0.0
0.0
0.33333333333333326
0.33333333333333326
-0.08333333333333337
0.25
0.41666666666666674
-0.8333333333333334
0.08333333333333326
0.08333333333333326
0.5
-0.08333333333333337
-0.33333333333333337
0.6666666666666667
0.75
0.16666666666666674
0.16666666666666674
-0.5833333333333333
-0.33333333333333337
-0.08333333333333337
0.25
0.41666666666666674
-0.08333333333333337
-0.25
0.41666666666666674
0.08333333333333326
-0.5
-0.6666666666666667
-0.25
0.5
0.41666666666666674
-0.5833333333333333
-0.08333333333333337
-0.75
-0.41666666666666663
0.08333333333333326
-0.08333333333333337
-0.25
-0.5833333333333333
0.0
0.08333333333333326
0.33333333333333326
0.5833333333333333
-0.5
-0.08333333333333337
-0.25
0.16666666666666674
0.25
-0.9166666666666666
0.0
0.0
-0.5833333333333333
0.33333333333333326
-0.25
-0.6666666666666667
0.41666666666666674
-0.5
-0.5
0.5
-0.5
0.0
-0.25
-0.5833333333333333
-0.41666666666666663
-0.25
-1.0
0.16666666666666674
0.08333333333333326
-0.33333333333333337
0.0
-0.5833333333333333
-0.5833333333333333
0.0
-0.75
0.16666666666666674
0.5
-0.75
0.5833333333333333
-0.41666666666666663
0.08333333333333326
0.33333333333333326
-0.16666666666666663
-0.41666666666666663
0.5
-0.25
-0.16666666666666663
-0.33333333333333337
0.41666666666666674
-0.16666666666666663
-0.5
0.33333333333333326
-0.5
-0.25
0.0
-0.5833333333333333
0.25
-0.5
-0.33333333333333337
-0.16666666666666663
0.08333333333333326
0.16666666666666674
0.08333333333333326
-0.33333333333333337
0.33333333333333326
-0.16666666666666663
-0.5
0.25
0.5833333333333333
0.41666666666666674
-1.0
0.0
-0.08333333333333337
0.41666666666666674
-0.16666666666666663
-0.33333333333333337
-0.33333333333333337
-0.5
-0.08333333333333337
0.25
0.16666666666666674
0.33333333333333326
0.9166666666666667
-0.16666666666666663
0.75
0.25
0.25
0.0
0.0
0.5833333333333333
-0.5
0.08333333333333326
-0.6666666666666667
0.75
-0.16666666666666663
-0.41666666666666663
0.16666666666666674
0.0
-0.41666666666666663
-0.16666666666666663
-0.75
-0.16666666666666663
0.0
0.33333333333333326
-0.33333333333333337
0.75
0.33333333333333326
0.0
-0.5833333333333333
0.25
-0.08333333333333337
-0.5833333333333333
0.16666666666666674
0.41666666666666674
-0.41666666666666663
-0.5
-0.5
-0.75
-0.5
0.16666666666666674
0.5833333333333333
0.75
0.41666666666666674
-0.25
0.25
0.41666666666666674
0.41666666666666674
-0.16666666666666663
-0.41666666666666663
-0.16666666666666663
-0.41666666666666663
-0.33333333333333337
0.25
0.25
-0.33333333333333337
-0.25
-0.5
-0.08333333333333337
0.08333333333333326
0.08333333333333326
0.25
-0.08333333333333337
-0.6666666666666667
-0.25
0.0
-0.16666666666666663
-0.5
-0.5833333333333333
0.25
-0.6666666666666667
-0.33333333333333337
0.25
-0.41666666666666663
0.0
-0.41666666666666663
0.25
0.16666666666666674
0.9166666666666667
0.25
0.25
0.0
-0.6666666666666667
0.5
0.16666666666666674
-0.41666666666666663
-0.08333333333333337
-0.5833333333333333
-0.5
0.25
-0.16666666666666663
0.25
0.0
-0.25
0.33333333333333326
-0.16666666666666663
-0.5833333333333333
0.25
0.25
0.8333333333333333
-0.5833333333333333
-0.16666666666666663
0.5
-0.08333333333333337
-0.16666666666666663
-0.75
-0.25
0.5833333333333333
0.33333333333333326
-0.41666666666666663
0.16666666666666674
-0.16666666666666663
0.33333333333333326
EIGENVECTOR
-0.12154955966210745
-0.9156054433669791
-0.8595774301611395
-0.964145158426239
-0.7194514227299962
-0.9996290465923986
-0.9260309900726783
-0.9985547494011345
-0.998575549026414
-0.9131826737157679
-0.9272534686199598
-0.9969290002931179
-0.9594499649955914
-0.9972872464397421
-0.9995803697118592
-0.8921523930142073
-0.9654088837857873
-0.9000483654726312
-0.9839752176850671
-0.9872865469926235
-0.9693609156277104
1.0
-0.9973372884591645
-0.914026922786145
-0.9995410024470893
-0.8226583692978697
-0.9526785703662745
-0.9719654955816132
-0.9837559611257384
-0.9701658018214877
-0.9170785020949848
-0.876933041229308
0.7647864166000653
-0.9033303267265018
-0.9257534810032075
-0.9092116877645866
-0.9777473416268252
-0.9969221739931893
-0.9951308856121948
-0.9818361072796086
-0.9370835612760299
-0.9785370953417024
-0.9831251736777196
-0.9330047749377877
-0.9832911495477961
-0.6659638839059776
-0.951998841691432
-0.9988677621040737
0.42702972756039315
-0.555761738162311
-0.9461487592878017
-0.9787572479898802
-0.9659860140983914
-0.9991600083338561
-0.9911156162890536
-0.8974996508640247
-0.9986911080111551
-0.9800461668497398
0.42815468448943084
-0.9505590636972235
-0.9805698849476946
-0.9986144946497553
-0.9562372231607866
0.5855943728203692
-0.9926126370924914
-0.9970749269321683
0.6486334953855339
-0.9277452240902919
-0.9744234559478616
-0.9284833869243189
-0.989388777373527
-0.9948151713637922
-0.9840804466087939
-0.917528479057347
-0.9211564393440417
-0.9996833713322387
-0.9413901618283684
-0.9969583115184061
-0.9919024252636975
-0.9702928022063241
-0.9388266801976392
-0.9993047034118937
-0.9951422759007416
-0.8320928705850135
-0.942946103344305
-0.9997496566093471
-0.9991525931919868
-0.8189663108887514
-0.9524666460212389
-0.9980349286561504
-0.724255101673208
-0.9592132073426254
-0.9598959800673788
-0.9830125771013712
-0.9262601080296378
-0.989420598825654
-0.9902334724383773
-0.8720450054749687
-0.9725604222056271
-0.6587315746679456
-0.9993492407131694
-0.9998070254158768
-0.999898005431975
-0.9983858768314998
-0.9734651210108273
-0.984150135883555
-0.9789396627307223
0.5241764701476666
-0.9659838746222259
-0.9995059661577894
-0.9344928995111329
-0.977201627849344
-0.9572880497363648
-0.9156419247532163
-0.9972657023180344
-0.958034500463423
-0.9994014626988342
-0.9921647000430236
-0.9724353934964601
0.8618086106619125
-0.6623373355160518
-0.9991303904011588
-0.9621412703586077
-0.9646801575317547
-0.9780870721592974
-0.8919274186201499
0.5263261782745507
-0.9768107775415856
-0.9134396506123627
-0.7644059006390749
-0.9257534810032076
0.19722008394562596
-0.8656202942525321
-0.8872362094226591
-0.8259617530735428
-0.9993494939490294
-0.933517067251621
-0.9962812438419336
-0.9208237667603671
-0.968844584286445
-0.9744215996010287
-0.8320942258173759
-0.8980673893631784
-0.9129409812703354
-0.9729778657865908
-0.9236190938328609
-0.9969572812052816
-0.9835892543179221
-0.9763605100487857
-0.9192841315037926
-0.9411752880239094
-0.9715369569512254
-0.8555696707903113
-0.9386268825389769
-0.9997000275544972
-0.9994819138818385
-0.9761173455716545
0.7636667722675465
-0.9354143440910907
-0.9987658827838446
-0.9628598740166123
-0.9994640014584397
-0.9791065544678405
-0.8751888129162911
-0.9779561855662806
-0.9927184260160425
-0.9889577468191387
-0.9911616683189951
-0.9075829006019982
-0.9780972132963296
-0.9701278140936498
-0.9997000275544973
-0.8747917851484267
-0.913091845385646
-0.9354161139667551
0.4697789767924818
-0.9931686612305484
-0.9952464223806999
-0.998251824345404
-0.9866962902710447
-0.8614409059564907
-0.9909034188520677
-0.9006342779147342
-0.9380315678635652
-0.9673159163382796
-0.9328048332840078
0.6481650253911186
-0.9602853631569913
-0.9915660059554124
-0.676427428133504
-0.9994156005048987
-0.3945489381445143
-0.8905684602443961
-1.0
-0.9653762873322096
-0.9946984137086818
-0.9770756805086885
-0.9982397582817082
-0.9984079289650757
-0.9734902082167011
-0.9782204021257203
-0.9949358505313372
0.12035451474079895
0.7636667722675463
-0.987045988852524
-0.838050238389368
-0.7453678677811133
-0.9935012650086463
-0.8558207682923578
-0.9048211843141755
-0.9511611650232578
-0.922525718284261
-0.9874134637553332
-0.9900910625363617
-0.9797475681131372
-0.9388821050951783
0.01901044328855539
-0.9998733106929851
-0.9423597150672031
-0.9972854112230245
-0.9503417614510582
-0.8903275034329478
-0.9656495355553897
-0.9763605100487858
-0.9993842150071308
-0.22726610859703977
-0.9210952867105967
-0.9964672729963214
-0.9973700621395396
-0.9933308979529986
-0.9960093473166751
-0.9336011996569349
-0.995119541414015
-0.9724353934964601
-0.9734468769013672
-0.8496535948347628
0.5910531340520753
-0.9977017811597562
-0.03605785260435568
-0.9304283905522925
-0.973116422253334
-0.9608005144285443
-0.9992885103983861
-0.9961487689715303
-0.971731656956162
-0.968844584286445
-0.0895537395241438
-0.9309009513133882
0.4029664407525899
-0.9648379374327306
-0.30623638305266476
-0.9673819606066567
0.278866612259723
-0.9387676452556032
-0.11907776939983272
-0.790577487582932
-0.9315833859093465
-0.9993140344750334
-0.9764136423359329
-0.9984228756659508
-0.9668871813776764
-0.9885807705840228
-0.8152998431324052
-0.9744234559478618
-0.9615561649054593
-0.9628376972837416
-0.9229395223014832
-0.9997156534472249
-0.8006193384865523
-0.9878340415444138
-0.9203992534092489
-0.9943122411383409
-0.9012706547866334
-0.8572233666742683
-0.9699511139663998
-0.9991303904011589
-0.9763605100487855
-0.9473879917249446
-0.9997979680713392
0.2601227663966126
-0.9248493915273125
-0.9967569655881884
-0.9834643412942898
-0.983291149547796
-0.9870459888525239
-0.988128854650091
-0.9347076508492309
0.6503462514843383
-0.9670900109598064
-0.8556080475426117
-0.9711650121319948
0.5506473852110383
-0.9717599877445531
-0.977875558807309
-0.991725479080471
-0.9830469916296622
-0.5689236306007401
-0.9996961343057067
-0.994312241138341
0.5874293859611597
-0.9978915947451321
-0.9933681648947397
-0.8294561700607516
-0.9903603892010869
-0.9053992438097694
-0.9955777076180217
-0.9164254227353944
-0.8678223050781045
-0.06846319940294321
-0.9299010243849611
-0.8641579677926967
-0.9965236066504493
-0.9796313550138375
-0.9949972635486375
-0.9843685535381042
0.3652066113397512
-0.9709442639840236
-0.9996906850144412
-0.9049416863341674
-0.9855422004024564
-0.9527803551888548
-0.980715301760786
-0.9187020373129415
-0.8400906215224341
0.9235552683805035
-0.8921523930142075
-0.9708729439557829
-0.794872960993263
-0.5662360314534723
-0.9108524525348483
-0.9977060167302668
-0.48839485400176086
-0.9032757009323324
-0.9875432340853156
-0.9964333203636234
-0.9260347981669637
-0.9047487342417309
-0.9735414244282847
-0.9455195710814766
-0.9556728820060728
-0.8643711723370053
-0.9814326358435073
-0.9868074465487898
-0.9984356589148333
-0.9331527601818475
-0.894132157274066
-0.9995199858737385
-0.9745489417670633
-0.9174443605580143
-0.9106262110576574
-0.9853610148451826
-0.9993140902813459
-0.9928780607057378
0.8098515996293507
-0.8669268909336811
-0.9951308856121946
-0.8708420145801723
-0.13319019516945996
-0.9204826808033943
CENT
-0.732737994774256
-0.4108243174516335
-0.6983413708565442
-0.15267765533741773
-0.7875225420542036
-0.996215657821191
-0.7559935562204991
-0.8574067590292113
-0.5582127077222622
-0.6540119732268719
-0.8552794113380202
-0.9455244380996849
-0.08762500355402525
-0.6766899789674022
-0.9936570304199315
-0.47551064247446506
-0.49693856532913405
-0.35929539785544684
0.251229068993033
-0.8400183196054638
-0.9733121792195935
-0.4370443325204345
-0.8050557205029273
-0.7696439749479782
-0.9257327353409661
-0.7069636310051586
-0.9858846321033731
-0.6306019092009714
-0.6972198600453439
-0.7729057054297201
-0.19591004833896553
-0.9561179614075156
-0.8454522342462691
-0.4460542537882466
-0.7195920287455483
-0.6681519280085121
-0.6268084590509501
-0.627317943016393
-0.957812372008537
-0.6156874157369864
-0.6117920963198333
-0.9633284837173612
-0.6120182097324496
-0.756527984967465
-0.8655483674544721
-0.3292278183176697
-0.9926290267464918
-0.7312216432340681
-0.8292699836461461
-0.2544360922748402
-0.8686572682119457
-0.31243733711266375
-0.9369624753890732
-0.9561524991744602
-0.6275616697606383
-0.7032940742484155
-0.9246230415020223
-0.7800623831493186
-0.35401906447029396
-0.2146856652468233
-0.5781608457569708
-0.421348507453272
-0.9160689823076441
-0.7130770608197168
-0.6356013974080761
-0.7694508787148903
-0.7116836544046332
-0.9697696151366648
-0.9133768866951474
-0.6166151467011853
-0.6458460163881645
-0.5982701350176054
-0.5064936410943324
-0.7400902721208956
-0.897207066602244
-0.9590495430744217
-0.9612792556237526
-0.8068776547755101
-0.7550882755155477
-0.6537460509220037
-0.9693909547497935
-0.9755295189315881
-0.6342484483045956
-0.6355026699955915
-0.5933763334938333
-0.9434614625889509
-0.9784029298290894
-0.6763222924248774
-0.9963446134685041
-0.7570096593690917
0.24659423992737284
-0.8813990155890727
-0.5464882970856648
-0.7840599029439118
-0.955939402007295
-0.9922579321176912
-0.8952158777473496
-0.6803521943660928
-0.36226316136826964
-0.9750583739162291
-0.9433870497309265
-0.9738107770437138
-0.9889412050695453
-0.8816666864788781
-0.8657461057427321
-0.9890799764388609
-0.35483403342006115
-0.6153922983330316
0.0751055679878867
-0.9954416538615631
-0.9810742522520353
-0.7169248706994039
-0.47896722833373073
-0.9007067085540666
-0.9451762430580255
0.6679628873489718
-0.9736934252303787
-0.7755919112268623
-0.4983549906672834
-0.8729516937809277
-0.6179796281912218
-0.9805033250119918
-0.21412947378141178
-0.5483498406816656
-0.9468178327457392
-0.9631825847339733
-0.5718225243796361
-0.01976895871161022
-0.15240671142099693
-0.6111276682663002
-0.7195920287455483
-0.7814200186563429
-0.8186238871632379
-0.7843551206381401
-0.7027513360774588
-0.9341472323805282
-0.8669614325946119
-0.8088721952709965
-0.5198673675608989
-0.5312131183800578
-0.936957771480564
-0.7620061937654717
-0.48305583430863697
-0.8260340322643291
-0.8222847810635925
-0.9147217653891269
-0.9102841189789793
-0.09957692669963691
-0.9175269644248805
-0.6862348222110268
-0.4882131314198599
-0.8136842706981119
-0.7339939567960201
-0.3239657543923239
-0.9763821944087375
-0.9879816933838946
-0.22996511982929435
-0.9132759314524491
-0.1318795589476004
-0.9293236253099958
-0.7797210654384421
-0.9532980048927217
-0.9795548170594237
-0.7501360656233304
-0.3321332983000854
-0.2994902342947121
-0.9950335637231296
-0.5056361335726576
-0.6986986522999364
-0.6131161571481406
-0.5815798615781231
-0.9763821944087375
0.08209906380868048
-0.8892710812525452
-0.8719573532569894
-0.786359480298352
-0.9997142488683182
-0.8302503242599787
-0.8283285025658609
-0.9946449475546566
-0.856733066091153
-0.198919041755806
-0.9839641375348056
-0.20432860081984272
-0.9882642889233763
-0.9715804554791623
-0.5385966893336964
-0.9802743861610375
-0.5935025456046581
-0.46346853186552406
-0.9933049019091881
-0.7555222530093375
0.2276311365881598
-1.0
-0.7820420966656653
-0.57863680442203
-0.7089204387175958
-0.5721777702153619
-0.8117213832209195
-0.7225919025279446
-0.9644741982017089
-0.06216846013577115
-0.24125786339103072
-0.9132759314524491
-0.9975491975220466
-0.8871991909338662
-0.3174152611423734
-0.3220198630308234
-0.9106716761726916
-0.38400042324001415
-0.72809137814593
0.15111708975220184
-0.9135893519418212
-0.7297038505880725
-0.9558256128720106
0.3320882414546651
-0.8609344959760403
-0.9738213614746284
-0.8950025377598296
-0.8299271471655396
-0.5982187483502951
-0.6514792769280223
-0.9988385497141548
-0.9175269644248805
-0.9799376088960765
-0.9424768798666959
-0.11163845566905806
-0.754398689695797
-0.7500276378413704
-0.08139951444037263
-0.7507897053113133
-0.48859758473725245
-0.8405216729504422
-0.4983549906672834
-0.8897657222826388
-0.16546823897131802
-0.8309272704269146
-0.8710649903161436
-0.5268629125448376
-0.3768154876153147
-0.8637575205699014
-0.7877567436597458
-0.653364343573853
-0.5518432088913083
-0.9432186304684431
-0.5312131183800578
-0.6482566766627531
-0.8492724599036257
-0.7117322424974666
-0.2350900702853348
-0.8852004103017566
-0.6804026725770449
0.08131146400923428
-0.22076616851831865
-0.8503462631627889
-0.46942935101419125
-0.7506353924436489
-0.9839597895643951
-0.5575443520523433
-0.9936000962354757
-0.681107715818001
-0.8585677378629586
-0.8883310401360172
-0.9133768866951474
0.4953083249148096
-0.9941754062252488
-0.918615300331555
-0.9985205849504517
0.16344896502221196
-0.7426127010577317
-0.6953120522046612
-0.9369281377256856
-0.4121590068142815
-0.9572410260020626
-0.7073742485530796
-0.9805033250119918
-0.9175269644248805
-0.18883433458169174
-0.9664719169470505
0.902565560392663
-0.8032536567434112
-0.9271754492067419
-0.7779974680707391
-0.8655483674544721
-0.9975491975220466
-0.12547141575366416
-0.5492355738591863
-0.9248758468941749
-0.009341175340109698
-0.8060781029835995
-0.9642670724300348
-0.928966865693569
-0.8695319190039115
-0.13780974773015275
-0.8044352650279386
-0.6862426395974157
-0.8008471494743709
-0.9351535963884278
-0.9369281377256856
-0.9512746434461775
-0.7303257676412122
-0.7580675888988305
-0.6183861734370755
-0.9487106909705261
-0.9132701528070043
-0.7592330344281267
0.33194112370358764
-0.7312437364929248
-0.9331023500316873
0.036239511150134796
-0.7237477553477103
-0.5685123463093911
-0.27245809540586563
-0.9636156080998277
-0.9963792330989552
-0.965135458093576
-0.9951485041991996
-0.9293618377395338
-0.026397584893323223
-0.9900664449823916
-0.8133873525351576
-0.6466733113137105
0.2089008255668201
-0.603903022094998
-0.784690676691626
-0.47551064247446506
-0.3665317293428546
1.0
-0.7850761177092018
-0.8832492461773064
-0.7658532419667797
-0.40180952600532704
-0.21910591131905943
-0.8866529211817032
-0.9242075330922592
-0.818785852765418
-0.9753733049797552
-0.5560577818404031
-0.9135796996631891
-0.9837615388886989
-0.8336693680323467
-0.6330428249689559
-0.9042649053683868
-0.8086301537098273
0.08031463125049076
0.4673501533846187
-0.9892615780109149
-0.475852972078023
-0.188238972003685
-0.9272454410256183
-0.9239250930570212
-0.8812887268103711
-0.7219580020987173
-0.8936236340135131
-0.8960468746476123
-0.957812372008537
-0.9713589005891227
-0.9396661177067195
-0.8119387930890076
DEGREE_RANK
0.35195530726256985
0.6256983240223464
0.4748603351955307
0.24022346368715075
-0.22905027932960909
-0.8715083798882681
0.3575418994413406
-0.9832402234636871
-0.2234636871508381
0.6312849162011174
-0.5977653631284916
0.1061452513966481
0.24581005586592175
-0.5921787709497207
-0.9162011173184358
0.4804469273743017
0.36312849162011185
0.9217877094972067
-0.06703910614525155
-0.2178770949720671
-0.8659217877094972
1.0
-0.46927374301675984
-0.46368715083798895
-0.9664804469273743
0.9273743016759777
-0.7318435754189945
0.4860335195530727
-0.06145251396648055
0.8715083798882681
0.8770949720670391
0.25139664804469275
0.8826815642458101
-0.2122905027932961
0.6368715083798882
0.8268156424581006
-0.05586592178770955
-0.36312849162011185
-0.5865921787709498
-0.2067039106145252
-0.05027932960893855
0.25698324022346375
-0.35754189944134085
-0.2011173184357543
-0.7262569832402235
-0.45810055865921795
-0.5810055865921788
-0.35195530726256985
0.3687150837988826
0.1117318435754191
0.26256983240223475
-0.04469273743016766
-0.7206703910614526
-0.9776536312849162
-0.8603351955307262
0.9441340782122905
-0.03910614525139677
-0.5754189944134078
0.6424581005586594
-0.5698324022346369
-0.34636871508379896
-0.34078212290502796
-0.033519553072625774
0.6480446927374302
-0.027932960893854775
-0.022346368715083886
0.7486033519553073
-0.3351955307262571
0.37430167597765385
0.6536312849162011
-0.3296089385474861
0.2681564245810055
-0.016759776536312887
0.7541899441340782
0.3798882681564246
-0.8547486033519553
-0.1955307262569833
-0.45251396648044695
-0.1899441340782123
0.11731843575418988
-0.44692737430167595
-0.7150837988826816
-0.18435754189944142
-0.3240223463687152
-0.011173184357541999
-0.44134078212290506
-0.5642458100558659
0.9329608938547485
-0.8491620111731844
0.3854748603351954
-0.3184357541899442
-0.005586592178770999
-1.1102230246251565e-16
0.3910614525139666
-0.17877094972067042
-0.8435754189944134
-0.558659217877095
0.6592178770949721
-0.8379888268156425
-0.8324022346368716
-0.9608938547486033
-0.9553072625698324
-0.8268156424581006
0.005586592178770999
0.4916201117318437
-0.553072625698324
0.011173184357541999
0.4972067039106145
-0.4357541899441342
-0.7094972067039107
-0.8212290502793296
0.6648044692737429
0.016759776536312776
0.022346368715083997
-0.9106145251396648
-0.17318435754189954
-0.547486033519553
-0.3128491620111732
-0.7039106145251397
0.9497206703910615
0.1229050279329611
-0.8156424581005587
0.2737430167597765
0.3966480446927374
0.2793296089385475
0.12849162011173187
0.6703910614525141
-0.6983240223463687
0.13407821229050287
0.13966480446927387
0.6759776536312849
0.6815642458100557
0.027932960893854775
0.5027932960893855
0.7597765363128492
-0.9720670391061452
0.2849162011173185
0.2905027932960895
0.8324022346368716
0.03351955307262555
-0.4301675977653632
0.9385474860335197
0.9553072625698324
0.4022346368715084
0.4078212290502794
-0.8100558659217877
-0.4245810055865922
0.03910614525139677
0.5083798882681565
0.76536312849162
0.04469273743016755
-0.3072625698324023
0.770949720670391
0.2960893854748603
-0.6927374301675978
-0.9050279329608939
-0.3016759776536314
0.8379888268156424
0.776536312849162
-0.8044692737430168
0.05027932960893877
-0.9497206703910615
-0.5418994413407822
0.3016759776536313
0.05586592178770955
-0.2960893854748604
-0.7988826815642458
0.14525139664804465
0.3072625698324023
0.6871508379888269
0.8882681564245809
-0.6871508379888269
0.06145251396648033
-0.2905027932960894
0.4134078212290502
0.5139664804469273
-0.9888268156424581
0.15083798882681565
0.15642458100558665
-0.7932960893854749
0.6927374301675977
-0.2849162011173184
-0.8994413407821229
0.782122905027933
-0.6815642458100559
-0.6759776536312849
0.8435754189944134
-0.6703910614525139
0.16201117318435765
-0.27932960893854764
-0.7877094972067039
-0.5363128491620113
-0.27374301675977664
-1.0
0.4189944134078214
0.3128491620111731
-0.4189944134078212
0.16759776536312865
-0.782122905027933
-0.776536312849162
0.17318435754189943
-0.9441340782122905
0.4245810055865922
0.8491620111731844
-0.9385474860335196
0.8938547486033519
-0.5307262569832403
0.3184357541899443
0.6983240223463689
-0.16759776536312854
-0.5251396648044693
0.8547486033519553
-0.26815642458100564
-0.16201117318435765
-0.4134078212290504
0.787709497206704
-0.15642458100558665
-0.6648044692737431
0.7039106145251397
-0.6592178770949721
-0.26256983240223464
0.17877094972067042
-0.770949720670391
0.5195530726256983
-0.6536312849162011
-0.4078212290502794
-0.15083798882681565
0.3240223463687151
0.4301675977653632
0.3296089385474861
-0.4022346368715084
0.7094972067039105
-0.14525139664804476
-0.6480446927374302
0.5251396648044693
0.8994413407821229
0.7932960893854748
-0.994413407821229
0.18435754189944142
0.06703910614525155
0.7988826815642458
-0.13966480446927387
-0.3966480446927374
-0.3910614525139666
-0.6424581005586593
0.07262569832402233
0.5307262569832403
0.4357541899441342
0.7150837988826817
0.988826815642458
-0.13407821229050287
0.9608938547486032
0.5363128491620113
0.541899441340782
0.1899441340782122
0.1955307262569832
0.9050279329608939
-0.6368715083798884
0.3351955307262571
-0.8938547486033519
0.9664804469273744
-0.12849162011173187
-0.5195530726256984
0.44134078212290495
0.2011173184357542
-0.5139664804469275
-0.12290502793296088
-0.9329608938547486
-0.1173184357541901
0.2067039106145252
0.7206703910614525
-0.3854748603351956
0.9720670391061452
0.7262569832402235
0.2122905027932962
-0.7653631284916201
0.547486033519553
0.07821229050279332
-0.7597765363128492
0.44692737430167595
0.8044692737430168
-0.5083798882681565
-0.6312849162011174
-0.6256983240223464
-0.9273743016759777
-0.6201117318435754
0.45251396648044695
0.9106145251396649
0.977653631284916
0.8100558659217878
-0.25698324022346364
0.553072625698324
0.8156424581005586
0.8212290502793296
-0.1117318435754191
-0.5027932960893855
-0.1061452513966481
-0.4972067039106146
-0.3798882681564246
0.558659217877095
0.5642458100558658
-0.3743016759776536
-0.25139664804469286
-0.6145251396648046
0.08379888268156432
0.34078212290502785
0.3463687150837991
0.5698324022346368
0.0893854748603351
-0.888268156424581
-0.24581005586592186
0.21787709497206698
-0.1005586592178771
-0.6089385474860336
-0.7541899441340782
0.5754189944134078
-0.8826815642458101
-0.36871508379888274
0.5810055865921788
-0.4916201117318436
0.22346368715083798
-0.4860335195530727
0.5865921787709498
0.45810055865921795
0.9944134078212292
0.5921787709497206
0.5977653631284916
0.22905027932960897
-0.8770949720670391
0.8603351955307263
0.46368715083798895
-0.4804469273743017
0.09497206703910632
-0.7486033519553073
-0.6033519553072626
0.6033519553072626
-0.09497206703910621
0.6089385474860334
0.23463687150837997
-0.24022346368715086
0.7318435754189945
-0.08938547486033532
-0.7430167597765364
0.6145251396648046
0.6201117318435754
0.9832402234636872
-0.7374301675977654
-0.08379888268156432
0.8659217877094971
0.1005586592178771
-0.07821229050279332
-0.9217877094972067
-0.23463687150837986
0.9162011173184357
0.7374301675977653
-0.4748603351955307
0.4692737430167597
-0.07262569832402233
0.7430167597765365
EIGENVECTOR_RANK
0.8324022346368716
0.4245810055865922
0.6424581005586594
0.027932960893854775
0.7597765363128492
-0.9329608938547486
0.3184357541899443
-0.7932960893854749
-0.7988826815642458
0.44134078212290495
0.3016759776536313
-0.6871508379888269
0.07262569832402233
-0.7206703910614526
-0.9273743016759777
0.547486033519553
0.005586592178770999
0.5251396648044693
-0.3743016759776536
-0.4301675977653632
-0.05027932960893855
1.0
-0.7262569832402235
0.4301675977653632
-0.9217877094972067
0.7094972067039105
0.1117318435754191
-0.1117318435754191
-0.36871508379888274
-0.06703910614525155
0.4078212290502794
0.5810055865921788
0.977653631284916
0.5027932960893855
0.3296089385474861
0.4692737430167597
-0.23463687150837986
-0.6815642458100559
-0.6145251396648046
-0.3240223463687152
0.2122905027932962
-0.26815642458100564
-0.34078212290502796
0.25698324022346375
-0.34636871508379896
0.770949720670391
0.1229050279329611
-0.8212290502793296
0.8994413407821229
0.7988826815642458
0.15083798882681565
-0.27374301675977664
-0.011173184357541999
-0.8435754189944134
-0.5027932960893855
0.5363128491620113
-0.8100558659217877
-0.3016759776536314
0.9050279329608939
0.13407821229050287
-0.3072625698324023
-0.8044692737430168
0.09497206703910632
0.9329608938547485
-0.5363128491620113
-0.7039106145251397
0.9553072625698324
0.2960893854748603
-0.17877094972067042
0.2905027932960895
-0.46927374301675984
-0.5921787709497207
-0.3798882681564246
0.3966480446927374
0.3575418994413406
-0.9385474860335196
0.17318435754189943
-0.6983240223463687
-0.5251396648044693
-0.07262569832402233
0.1899441340782122
-0.8547486033519553
-0.6256983240223464
0.6927374301675977
0.16201117318435765
-0.9720670391061452
-0.8379888268156425
0.7150837988826817
0.11731843575418988
-0.7541899441340782
0.7541899441340782
0.07821229050279332
0.06703910614525155
-0.3296089385474861
0.3072625698324023
-0.4748603351955307
-0.4860335195530727
0.5977653631284916
-0.12849162011173187
0.782122905027933
-0.8715083798882681
-0.9832402234636871
-0.994413407821229
-0.770949720670391
-0.15083798882681565
-0.3854748603351956
-0.27932960893854764
0.9162011173184357
-0.005586592178770999
-0.9106145251396648
0.23463687150837997
-0.22905027932960909
0.0893854748603351
0.4189944134078214
-0.7094972067039107
0.08379888268156432
-0.888268156424581
-0.5307262569832403
-0.1173184357541901
0.988826815642458
0.776536312849162
-0.8324022346368716
0.04469273743016755
0.022346368715083997
-0.25139664804469286
0.558659217877095
0.9217877094972067
-0.2178770949720671
0.4357541899441342
0.7430167597765365
0.3240223463687151
0.8715083798882681
0.6201117318435754
0.5754189944134078
0.7039106145251397
-0.8770949720670391
0.24581005586592175
-0.6536312849162011
0.3687150837988826
-0.04469273743016766
-0.16759776536312854
0.6871508379888269
0.5307262569832403
0.45251396648044695
-0.13407821229050287
0.34078212290502785
-0.6927374301675978
-0.36312849162011185
-0.2011173184357543
0.3854748603351954
0.17877094972067042
-0.09497206703910621
0.6648044692737429
0.2011173184357542
-0.9553072625698324
-0.9050279329608939
-0.1899441340782123
0.9664804469273744
0.22346368715083798
-0.8156424581005587
0.03351955307262555
-0.8994413407821229
-0.2849162011173184
0.5865921787709498
-0.24581005586592186
-0.5418994413407822
-0.46368715083798895
-0.5083798882681565
0.4748603351955307
-0.25698324022346364
-0.06145251396648055
-0.9608938547486033
0.5921787709497206
0.44692737430167595
0.21787709497206698
0.9106145251396649
-0.553072625698324
-0.6312849162011174
-0.7653631284916201
-0.4078212290502794
0.6368715083798882
-0.4972067039106146
0.5195530726256983
0.2067039106145252
-0.027932960893854775
0.26256983240223475
0.9497206703910615
0.06145251396648033
-0.5139664804469275
0.76536312849162
-0.8938547486033519
0.8100558659217878
0.5642458100558658
-1.0
0.011173184357541999
-0.5865921787709498
-0.2234636871508381
-0.7597765363128492
-0.776536312849162
-0.15642458100558665
-0.26256983240223464
-0.5977653631284916
0.8659217877094971
0.9720670391061452
-0.4189944134078212
0.6815642458100557
0.7486033519553073
-0.5698324022346369
0.6536312849162011
0.4916201117318437
0.12849162011173187
0.35195530726256985
-0.4357541899441342
-0.4804469273743017
-0.2960893854748604
0.18435754189944142
0.8603351955307263
-0.9888268156424581
0.16759776536312865
-0.7150837988826816
0.13966480446927387
0.5698324022346368
-1.1102230246251565e-16
-0.2067039106145252
-0.8826815642458101
0.8212290502793296
0.36312849162011185
-0.6648044692737431
-0.7318435754189945
-0.558659217877095
-0.6424581005586593
0.24022346368715075
-0.6089385474860336
-0.12290502793296088
-0.14525139664804476
0.6703910614525141
0.9441340782122905
-0.7374301675977654
0.8547486033519553
0.2793296089385475
-0.13966480446927387
0.05586592178770955
-0.8491620111731844
-0.6480446927374302
-0.1005586592178771
-0.03910614525139677
0.8435754189944134
0.2737430167597765
0.8938547486033519
0.016759776536312776
0.8156424581005586
-0.033519553072625774
0.8826815642458101
0.1955307262569832
0.8379888268156424
0.7374301675977653
0.2681564245810055
-0.8603351955307262
-0.2122905027932961
-0.782122905027933
-0.016759776536312887
-0.45810055865921795
0.7206703910614525
-0.17318435754189954
0.05027932960893877
0.03910614525139677
0.3463687150837991
-0.9664804469273743
0.7262569832402235
-0.44692737430167595
0.3798882681564246
-0.5754189944134078
0.5139664804469273
0.6480446927374302
-0.05586592178770955
-0.8268156424581006
-0.1955307262569833
0.14525139664804465
-0.9776536312849162
0.8770949720670391
0.3351955307262571
-0.6759776536312849
-0.35754189944134085
-0.35195530726256985
-0.4245810055865922
-0.45251396648044695
0.22905027932960897
0.9608938547486032
-0.022346368715083886
0.6592178770949721
-0.08938547486033532
0.9273743016759777
-0.1061452513966481
-0.24022346368715086
-0.5195530726256984
-0.3351955307262571
0.787709497206704
-0.9497206703910615
-0.5810055865921788
0.9385474860335197
-0.7486033519553073
-0.5642458100558659
0.6983240223463689
-0.4916201117318436
0.4804469273743017
-0.6368715083798884
0.4134078212290502
0.6089385474860334
0.8491620111731844
0.2849162011173185
0.6312849162011174
-0.6703910614525139
-0.2905027932960894
-0.6033519553072626
-0.3910614525139666
0.8882681564245809
-0.08379888268156432
-0.9441340782122905
0.4860335195530727
-0.4022346368715084
0.1061452513966481
-0.3128491620111732
0.3910614525139666
0.6759776536312849
0.9944134078212292
0.553072625698324
-0.07821229050279332
0.7318435754189945
0.7932960893854748
0.45810055865921795
-0.7430167597765364
0.8044692737430168
0.5083798882681565
-0.44134078212290506
-0.6592178770949721
0.3128491620111731
0.4972067039106145
-0.16201117318435765
0.15642458100558665
0.1005586592178771
0.6256983240223464
-0.3184357541899442
-0.4134078212290504
-0.7877094972067039
0.25139664804469275
0.541899441340782
-0.9162011173184358
-0.18435754189944142
0.4022346368715084
0.46368715083798895
-0.3966480446927374
-0.8659217877094972
-0.547486033519553
0.9832402234636872
0.6145251396648046
-0.6201117318435754
0.6033519553072626
0.8268156424581006
0.37430167597765385
CENT_RANK
0.11731843575418988
0.6592178770949721
0.23463687150837997
0.8324022346368716
-0.06145251396648055
-0.9553072625698324
0.05586592178770955
-0.23463687150837986
0.4916201117318437
0.2960893854748603
-0.2234636871508381
-0.6145251396648046
0.8715083798882681
0.2793296089385475
-0.9217877094972067
0.6145251396648046
0.5810055865921788
0.6927374301675977
0.9608938547486032
-0.1955307262569833
-0.7541899441340782
0.6424581005586594
-0.08938547486033532
0.011173184357541999
-0.5083798882681565
0.2122905027932962
-0.8603351955307262
0.3575418994413406
0.24022346368715075
0.005586592178770999
0.8100558659217878
-0.6536312849162011
-0.2067039106145252
0.6368715083798882
0.16759776536312865
0.2905027932960895
0.37430167597765385
0.3687150837988826
-0.6759776536312849
0.3966480446927374
0.4189944134078214
-0.6983240223463687
0.4134078212290502
0.05027932960893877
-0.26256983240223464
0.7150837988826817
-0.9050279329608939
0.12849162011173187
-0.16759776536312854
0.7541899441340782
-0.27932960893854764
0.7374301675977653
-0.5754189944134078
-0.6592178770949721
0.36312849162011185
0.21787709497206698
-0.4972067039106146
-0.016759776536312887
0.7039106145251397
0.787709497206704
0.4692737430167597
0.6480446927374302
-0.45810055865921795
0.18435754189944142
0.3351955307262571
0.016759776536312776
0.1955307262569832
-0.7374301675977654
-0.4357541899441342
0.3910614525139666
0.3296089385474861
0.4357541899441342
0.558659217877095
0.1061452513966481
-0.3854748603351956
-0.6815642458100559
-0.6871508379888269
-0.1005586592178771
0.06703910614525155
0.3016759776536313
-0.7318435754189945
-0.7877094972067039
0.3463687150837991
0.34078212290502785
0.45251396648044695
-0.6033519553072626
-0.8044692737430168
0.2849162011173185
-0.9608938547486033
0.04469273743016755
0.9553072625698324
-0.3128491620111732
0.5251396648044693
-0.033519553072625774
-0.6480446927374302
-0.8994413407821229
-0.3743016759776536
0.2737430167597765
0.6871508379888269
-0.776536312849162
-0.5977653631284916
-0.7653631284916201
-0.8770949720670391
-0.3184357541899442
-0.26815642458100564
-0.8826815642458101
0.6983240223463689
0.4022346368715084
0.9106145251396649
-0.9497206703910615
-0.8379888268156425
0.17877094972067042
0.6033519553072626
-0.3910614525139666
-0.6089385474860336
0.988826815642458
-0.7597765363128492
-1.1102230246251565e-16
0.5698324022346368
-0.3016759776536314
0.3854748603351954
-0.8324022346368716
0.7932960893854748
0.5195530726256983
-0.6201117318435754
-0.6927374301675978
0.4804469273743017
0.8938547486033519
0.8379888268156424
0.4245810055865922
0.17318435754189943
-0.022346368715083886
-0.13966480446927387
-0.03910614525139677
0.22346368715083798
-0.547486033519553
-0.27374301675977664
-0.1117318435754191
0.553072625698324
0.5363128491620113
-0.5698324022346369
0.027932960893854775
0.5977653631284916
-0.15642458100558665
-0.15083798882681565
-0.45251396648044695
-0.4022346368715084
0.8659217877094971
-0.4748603351955307
0.25698324022346375
0.5921787709497206
-0.13407821229050287
0.1117318435754191
0.7206703910614525
-0.7988826815642458
-0.8659217877094972
0.770949720670391
-0.4245810055865922
0.8491620111731844
-0.5307262569832403
-0.011173184357541999
-0.6368715083798884
-0.8100558659217877
0.0893854748603351
0.7094972067039105
0.7430167597765365
-0.9385474860335196
0.5642458100558658
0.22905027932960897
0.4078212290502794
0.45810055865921795
-0.7932960893854749
0.9273743016759777
-0.35195530726256985
-0.2960893854748604
-0.05586592178770955
-0.994413407821229
-0.17877094972067042
-0.16201117318435765
-0.9329608938547486
-0.22905027932960909
0.8044692737430168
-0.8547486033519553
0.7988826815642458
-0.8715083798882681
-0.7486033519553073
0.5307262569832403
-0.8212290502793296
0.44692737430167595
0.6312849162011174
-0.9106145251396648
0.06145251396648033
0.9497206703910615
-1.0
-0.027932960893854775
0.46368715083798895
0.2011173184357542
0.4748603351955307
-0.1173184357541901
0.15642458100558665
-0.7150837988826816
0.8826815642458101
0.7597765363128492
-0.4189944134078212
-0.9776536312849162
-0.34078212290502796
0.7318435754189945
0.7262569832402235
-0.4078212290502794
0.6703910614525141
0.14525139664804465
0.9329608938547485
-0.44692737430167595
0.13966480446927387
-0.6424581005586593
0.9720670391061452
-0.24581005586592186
-0.770949720670391
-0.36871508379888274
-0.17318435754189954
0.44134078212290495
0.3128491620111731
-0.9888268156424581
-0.46927374301675984
-0.8156424581005587
-0.5865921787709498
0.8603351955307263
0.07262569832402233
0.09497206703910632
0.8770949720670391
0.07821229050279332
0.5865921787709498
-0.2011173184357543
0.5754189944134078
-0.35754189944134085
0.8268156424581006
-0.18435754189944142
-0.2905027932960894
0.547486033519553
0.6759776536312849
-0.25139664804469286
-0.06703910614525155
0.3072625698324023
0.5083798882681565
-0.5921787709497207
0.541899441340782
0.3184357541899443
-0.2122905027932961
0.1899441340782122
0.76536312849162
-0.3296089385474861
0.2681564245810055
0.9217877094972067
0.776536312849162
-0.2178770949720671
0.6256983240223464
0.08379888268156432
-0.8491620111731844
0.4972067039106145
-0.9162011173184358
0.26256983240223475
-0.24022346368715086
-0.34636871508379896
-0.4301675977653632
0.9832402234636872
-0.9273743016759777
-0.4804469273743017
-0.9832402234636871
0.9385474860335197
0.1005586592178771
0.24581005586592175
-0.5642458100558659
0.6536312849162011
-0.6648044692737431
0.2067039106145252
-0.8268156424581006
-0.46368715083798895
0.8156424581005586
-0.7262569832402235
0.9944134078212292
-0.07821229050279332
-0.5139664804469275
-0.005586592178770999
-0.25698324022346364
-0.9720670391061452
0.8547486033519553
0.5139664804469273
-0.5027932960893855
0.8994413407821229
-0.09497206703910621
-0.7094972067039107
-0.5251396648044693
-0.2849162011173184
0.8435754189944134
-0.08379888268156432
0.25139664804469275
-0.07262569832402233
-0.553072625698324
-0.558659217877095
-0.6312849162011174
0.13407821229050287
0.03910614525139677
0.3798882681564246
-0.6256983240223464
-0.4134078212290504
0.03351955307262555
0.9664804469273744
0.1229050279329611
-0.5418994413407822
0.9050279329608939
0.15083798882681565
0.4860335195530727
0.7486033519553073
-0.7039106145251397
-0.9664804469273743
-0.7206703910614526
-0.9441340782122905
-0.5363128491620113
0.8882681564245809
-0.8938547486033519
-0.12849162011173187
0.3240223463687151
0.9441340782122905
0.4301675977653632
-0.04469273743016766
0.6201117318435754
0.6815642458100557
1.0
-0.05027932960893855
-0.3240223463687152
0.022346368715083997
0.6648044692737429
0.782122905027933
-0.3351955307262571
-0.4916201117318436
-0.14525139664804476
-0.782122905027933
0.5027932960893855
-0.44134078212290506
-0.8435754189944134
-0.1899441340782123
0.35195530726256985
-0.3966480446927374
-0.1061452513966481
0.9162011173184357
0.977653631284916
-0.888268156424581
0.6089385474860334
0.8212290502793296
-0.5195530726256984
-0.4860335195530727
-0.3072625698324023
0.16201117318435765
-0.36312849162011185
-0.3798882681564246
-0.6703910614525139
-0.7430167597765364
-0.5810055865921788
-0.12290502793296088
RANK
193
176
222
267
204
284
314
88
5
109
316
166
179
265
14
259
190
46
95
319
346
105
102
184
155
26
182
257
339
110
121
275
187
224
162
86
154
171
81
336
99
217
101
116
20
185
356
67
80
278
315
200
290
313
41
125
76
75
38
355
273
53
31
94
214
161
299
303
124
11
114
85
100
244
225
357
52
140
271
298
297
135
308
317
159
291
349
281
24
287
56
334
350
266
148
223
276
62
145
212
338
68
263
157
203
304
208
146
342
113
74
354
96
218
353
234
173
262
205
333
250
329
103
91
351
119
174
237
292
50
136
104
44
283
240
216
261
7
180
10
254
247
32
232
19
340
236
177
219
48
178
143
144
335
132
151
320
358
198
137
343
77
289
22
294
280
296
241
4
175
328
324
133
93
194
131
57
160
282
117
29
23
65
330
141
305
301
89
43
6
191
78
227
230
256
163
228
269
73
152
0
307
47
300
213
210
310
199
352
34
130
111
63
248
66
196
274
25
55
134
168
2
28
270
295
149
260
251
97
13
87
35
9
79
242
221
246
321
70
64
83
82
341
27
54
37
36
302
120
69
39
107
169
42
40
129
323
71
220
188
84
170
195
60
197
126
311
8
258
337
243
286
123
92
186
139
245
238
138
72
167
118
233
16
231
150
142
112
347
15
325
255
189
33
21
61
272
1
331
209
239
326
98
17
106
58
164
45
153
207
206
51
165
312
49
202
249
156
253
332
59
122
183
181
30
277
348
235
3
128
293
158
285
226
147
12
229
201
318
127
288
309
108
344
252
172
211
268
322
192
90
18
306
215
345
264
115
279
327
