DEGREE
0.1020408163265305
0.18367346938775508
-0.22448979591836737
0.3877551020408163
-0.10204081632653061
0.510204081632653
0.5918367346938775
-0.34693877551020413
0.1020408163265305
0.3877551020408163
0.30612244897959173
0.22448979591836737
-0.061224489795918324
0.346938775510204
-0.020408163265306145
0.18367346938775508
-0.020408163265306145
-0.34693877551020413
0.4285714285714286
-0.1428571428571429
0.7142857142857142
-0.22448979591836737
0.061224489795918435
-0.020408163265306145
0.020408163265306145
0.26530612244897966
0.3877551020408163
0.9183673469387754
-0.4285714285714286
0.020408163265306145
-0.8367346938775511
0.30612244897959173
0.5918367346938775
0.1428571428571428
-0.4285714285714286
0.346938775510204
0.18367346938775508
0.7551020408163265
-0.8367346938775511
0.5510204081632653
0.26530612244897966
0.1428571428571428
0.4285714285714286
0.1020408163265305
0.9183673469387754
0.510204081632653
0.3877551020408163
0.346938775510204
0.22448979591836737
0.020408163265306145
-0.4285714285714286
0.6734693877551021
0.6326530612244898
0.020408163265306145
-0.30612244897959184
0.346938775510204
0.5510204081632653
-0.34693877551020413
-0.3877551020408163
0.22448979591836737
-0.1428571428571429
0.26530612244897966
0.510204081632653
-0.5510204081632653
0.020408163265306145
0.4693877551020409
0.5918367346938775
-0.10204081632653061
0.346938775510204
0.1428571428571428
0.3877551020408163
0.22448979591836737
-0.4693877551020408
-0.4693877551020408
-0.18367346938775508
0.346938775510204
0.020408163265306145
0.5510204081632653
0.1428571428571428
0.30612244897959173
0.4285714285714286
0.22448979591836737
0.1020408163265305
-0.5510204081632653
-0.5918367346938775
0.18367346938775508
0.3877551020408163
-0.4285714285714286
0.4285714285714286
0.26530612244897966
-0.5510204081632653
0.6734693877551021
0.020408163265306145
0.18367346938775508
0.510204081632653
0.1020408163265305
-0.1428571428571429
0.30612244897959173
0.4693877551020409
0.510204081632653
0.18367346938775508
0.26530612244897966
0.26530612244897966
0.6326530612244898
-0.4285714285714286
-0.9183673469387755
-0.34693877551020413
0.3877551020408163
0.1020408163265305
0.30612244897959173
-0.8775510204081632
-0.34693877551020413
0.346938775510204
-0.9183673469387755
0.8367346938775511
-0.22448979591836737
-0.6734693877551021
-1.0
0.1020408163265305
0.30612244897959173
0.4285714285714286
0.7142857142857142
0.4693877551020409
0.346938775510204
-0.26530612244897955
0.4285714285714286
-0.9591836734693877
0.346938775510204
0.510204081632653
0.3877551020408163
0.1428571428571428
0.9183673469387754
0.4285714285714286
0.510204081632653
0.18367346938775508
0.7959183673469388
0.020408163265306145
0.8775510204081634
-0.061224489795918324
0.6734693877551021
0.5510204081632653
0.9183673469387754
0.18367346938775508
-0.7551020408163265
0.1020408163265305
0.020408163265306145
-0.22448979591836737
0.1428571428571428
0.4693877551020409
0.1020408163265305
0.26530612244897966
0.5510204081632653
0.8775510204081634
0.7959183673469388
0.30612244897959173
0.1428571428571428
0.26530612244897966
0.18367346938775508
0.3877551020408163
0.3877551020408163
0.6734693877551021
0.346938775510204
-0.26530612244897955
-0.061224489795918324
0.1428571428571428
0.3877551020408163
0.1428571428571428
0.5510204081632653
0.30612244897959173
0.5918367346938775
0.346938775510204
0.30612244897959173
0.6734693877551021
0.18367346938775508
0.020408163265306145
0.5510204081632653
0.22448979591836737
0.18367346938775508
-0.4285714285714286
0.5918367346938775
-0.22448979591836737
-0.5918367346938775
0.22448979591836737
0.4693877551020409
0.4693877551020409
0.4285714285714286
0.061224489795918435
0.1428571428571428
0.5510204081632653
0.26530612244897966
0.18367346938775508
-0.4693877551020408
0.061224489795918435
-0.061224489795918324
-0.34693877551020413
0.4285714285714286
0.18367346938775508
0.510204081632653
-0.5102040816326531
0.4693877551020409
0.7142857142857142
0.346938775510204
0.26530612244897966
0.1020408163265305
0.6734693877551021
0.1428571428571428
-0.1428571428571429
0.346938775510204
0.020408163265306145
0.18367346938775508
-0.4693877551020408
0.26530612244897966
-0.30612244897959184
-0.10204081632653061
0.26530612244897966
0.3877551020408163
0.1428571428571428
0.4285714285714286
0.22448979591836737
-0.020408163265306145
-0.5102040816326531
0.22448979591836737
0.26530612244897966
0.346938775510204
0.510204081632653
0.061224489795918435
-0.18367346938775508
-0.30612244897959184
0.061224489795918435
0.7551020408163265
0.18367346938775508
0.22448979591836737
0.30612244897959173
0.8367346938775511
-0.7142857142857143
-0.5918367346938775
1.0
0.9591836734693877
0.26530612244897966
-0.8367346938775511
0.22448979591836737
-0.30612244897959184
0.061224489795918435
0.22448979591836737
-0.34693877551020413
0.7959183673469388
0.3877551020408163
0.1428571428571428
0.1428571428571428
0.4285714285714286
-0.10204081632653061
0.061224489795918435
0.510204081632653
0.9591836734693877
0.061224489795918435
0.5510204081632653
-0.1428571428571429
0.5510204081632653
0.1428571428571428
-0.10204081632653061
0.18367346938775508
0.1428571428571428
0.3877551020408163
-0.020408163265306145
0.061224489795918435
-0.30612244897959184
0.5510204081632653
0.26530612244897966
-0.5510204081632653
0.346938775510204
-0.22448979591836737
0.4285714285714286
0.510204081632653
-0.7142857142857143
0.7142857142857142
0.22448979591836737
0.1428571428571428
-0.020408163265306145
-0.020408163265306145
0.510204081632653
0.1428571428571428
0.5510204081632653
-0.34693877551020413
0.4285714285714286
0.510204081632653
0.1428571428571428
0.30612244897959173
-0.3877551020408163
-0.1428571428571429
0.1020408163265305
0.346938775510204
-0.18367346938775508
-0.10204081632653061
-0.4285714285714286
-0.34693877551020413
-0.6734693877551021
0.18367346938775508
0.3877551020408163
0.22448979591836737
0.4285714285714286
0.1020408163265305
0.510204081632653
0.020408163265306145
0.22448979591836737
-0.1428571428571429
0.510204081632653
-0.7551020408163265
0.7959183673469388
0.5918367346938775
-0.7551020408163265
0.5510204081632653
0.7959183673469388
0.061224489795918435
0.1020408163265305
0.346938775510204
0.7959183673469388
-0.8367346938775511
-0.020408163265306145
0.26530612244897966
-0.10204081632653061
0.1428571428571428
0.020408163265306145
0.18367346938775508
0.4285714285714286
0.26530612244897966
-0.6734693877551021
-0.26530612244897955
0.22448979591836737
0.1020408163265305
0.510204081632653
0.3877551020408163
0.346938775510204
0.1020408163265305
0.3877551020408163
-0.1428571428571429
-0.3877551020408163
-0.4285714285714286
0.346938775510204
0.22448979591836737
0.061224489795918435
0.7142857142857142
0.6734693877551021
0.3877551020408163
0.9183673469387754
0.7959183673469388
0.26530612244897966
0.3877551020408163
0.4285714285714286
0.22448979591836737
0.7142857142857142
0.26530612244897966
0.020408163265306145
0.18367346938775508
-0.7959183673469388
0.6734693877551021
-0.34693877551020413
-0.30612244897959184
0.5918367346938775
0.7959183673469388
-0.18367346938775508
0.5918367346938775
0.26530612244897966
0.30612244897959173
-0.7551020408163265
0.3877551020408163
0.346938775510204
-0.10204081632653061
0.3877551020408163
0.061224489795918435
0.4693877551020409
0.1428571428571428
0.346938775510204
0.5510204081632653
0.18367346938775508
0.30612244897959173
0.5918367346938775
0.020408163265306145
0.3877551020408163
0.22448979591836737
0.1020408163265305
-0.020408163265306145
0.26530612244897966
-0.5510204081632653
-0.34693877551020413
-0.5102040816326531
-0.26530612244897955
-0.7551020408163265
-0.34693877551020413
0.346938775510204
-0.5102040816326531
0.346938775510204
-0.6326530612244898
-0.30612244897959184
0.18367346938775508
0.18367346938775508
0.346938775510204
0.22448979591836737
0.510204081632653
0.020408163265306145
-0.4693877551020408
0.1428571428571428
0.1020408163265305
0.18367346938775508
0.061224489795918435
0.30612244897959173
0.6734693877551021
-0.30612244897959184
-0.10204081632653061
0.510204081632653
0.510204081632653
0.4285714285714286
0.1428571428571428
0.18367346938775508
0.346938775510204
0.7959183673469388
0.18367346938775508
0.061224489795918435
-0.7142857142857143
0.510204081632653
-0.8775510204081632
-0.5510204081632653
0.3877551020408163
0.18367346938775508
0.18367346938775508
0.8775510204081634
0.4285714285714286
0.30612244897959173
0.3877551020408163
-0.020408163265306145
0.5510204081632653
1.0
0.020408163265306145
-0.18367346938775508
0.4285714285714286
0.061224489795918435
-0.4285714285714286
0.5918367346938775
0.26530612244897966
0.18367346938775508
0.26530612244897966
0.30612244897959173
0.7551020408163265
-0.30612244897959184
0.26530612244897966
0.1428571428571428
-0.18367346938775508
0.7142857142857142
-0.34693877551020413
0.7142857142857142
0.4285714285714286
-0.34693877551020413
0.061224489795918435
0.5510204081632653
-0.5102040816326531
0.26530612244897966
0.18367346938775508
-0.10204081632653061
-0.10204081632653061
-0.061224489795918324
-0.061224489795918324
-0.5510204081632653
0.4285714285714286
0.061224489795918435
0.4693877551020409
-0.30612244897959184
0.30612244897959173
0.346938775510204
EIGENVECTOR
-0.970947740888894
-0.8887795126321884
-0.9907249473769416
-0.64832910278688
-0.32497762804856556
-0.9294065291078961
-0.8515569651713059
-0.9909486698605819
-0.947280577269278
-0.9758506001428592
-0.9271915299703877
-0.8720191247470777
-0.950930791051906
0.4434850440055895
-0.9856174209982103
-0.929008406112677
-0.9533047558808043
-0.9618655692013085
-0.9458323137496869
-0.9877495045162143
-0.962408807762015
-0.964368159842775
-0.4739966053288319
-0.7514170518987942
-0.9303669670776611
-0.8548984459197589
-0.7878224132013253
0.9561643148082362
-0.5852877345324909
-0.6643778185657525
-0.9925556421893301
-0.8424080464200523
-0.9528322302130036
-0.970585151717717
-0.49394808470793694
-0.9321773790261549
-0.9825965359636517
0.7347364032786006
-0.8243626327046576
-0.9162393608620217
-0.7446795668151538
-0.7604601753086573
-0.7321973490515173
-0.6316490582800518
-0.9605920477868845
-0.8021191533117538
-0.043621488022753674
-0.9102128465287314
-0.9068341525307042
-0.45251499789795535
-0.9907778396907186
0.7699870936319873
-0.9615440140971863
-0.8553874688564409
-0.9491744291951406
-0.6033293367610827
-0.8831462814541521
-0.8846777848200597
-0.932907739931206
-0.969065200875351
-0.41639941311208384
-0.4639838109535501
0.3332383278877087
-0.9970691461032667
-0.3873830897061975
0.32133573485828437
-0.9665536105344175
-0.9650144896591987
0.40525506116059584
-0.9389695362149383
0.3985947121885931
-0.6381378458482434
-0.9884092030459176
-0.9726686026272379
-0.4651571096242041
-0.9219673206656116
-0.8743951912979456
-0.9376341007567954
-0.9699550158540149
-0.9215194001926619
0.2781869694978598
-0.8627185520408438
-0.8645445218802219
-0.9804425022706457
-0.9856809465933256
-0.9683754758247534
-0.589545847719693
-0.9457242084551591
-0.9585621175809372
-0.9307835243679605
-0.9877234458976313
0.3500220623001449
-0.94686180541104
-0.9182627831988067
0.14710351584597947
-0.6028793386357698
-0.3352666431862572
-0.9077756829413558
-0.8308190865071654
-0.8490368638755718
-0.9259857609966067
-0.9140838780053143
-0.8498828790557184
0.7036514759705113
-0.6027194017968399
-0.997870865341303
-0.9785797723671255
-0.8807426878017085
-0.8561455746829576
-0.6093583836203829
-0.9952805635329759
-0.7131180456849362
-0.9122084860752533
-0.9916378528959763
0.8039000453913783
-0.9602357872140983
-0.8339236698612316
-1.0
-0.9453423584072225
-0.9093004239686475
-0.8625410859263479
-0.9582899551953049
-0.9182746811089402
-0.7498330873134589
-0.9658885700727897
0.039236288006007314
-0.9985721273344155
-0.759099905196969
-0.9052913233170916
-0.925720007258859
-0.9264505337209431
0.6945801872920727
-0.8452186863749515
-0.8463429327073886
-0.9189294132619097
0.8372281774026569
-0.857904706710168
0.8239144670425118
0.004615435747692409
-0.9630518518268514
-0.8358358518337303
0.8036556940919477
-0.5266768285482593
-0.985669029039673
-0.41690722471454433
-0.9650126878303015
-0.46976196700914663
-0.773209630663692
-0.7095949813085434
-0.6909818503856314
-0.5570965940433539
-0.9446204427101994
0.6064299614979434
0.47499152201503425
-0.9003066750033384
-0.03730881305173295
-0.9288286344889343
-0.8510854423819072
-0.9237140658866633
-0.9199969574898372
0.39938756314226276
-0.8769937718307987
-0.9669838777044475
-0.9314300260337247
-0.8801559546962097
-0.20226539955746237
-0.17383136893954487
0.2549346378253774
-0.8321205417393016
-0.9641915081506238
0.0613109542121868
-0.7235537279666108
0.48788129383838075
-0.6273699170432547
-0.7216063836012367
-0.9328428682049192
-0.9148100741348272
-0.816195104442499
-0.9045669857326863
-0.9559418418335999
-0.4265666369176897
-0.9856809465933256
-0.9125648657534091
-0.8999450605703782
-0.8962790773032152
0.24937089122577172
-0.5441408517197015
-0.9457709990590472
0.44794118311807707
-0.7324583020254485
-0.9106939870450927
-0.9945464657698205
-0.278403665228792
-0.9510681521429363
-0.8905221298139773
-0.8908730224233133
-0.7184115017906716
-0.9436099346617187
-0.9792851814329923
-0.9689555362552311
0.609303334306802
-0.9138294611314222
-0.9007534736782304
-0.860045572451767
0.6520033038144206
-0.9159003534077852
-0.3980277325637728
-0.8843750608721844
-0.9510848708540299
-0.8163316963938331
-0.9919217229795343
-0.7324583020254485
-0.9844546117369557
-0.9570363291074415
-0.44720611800674603
-0.8910715715713451
-0.13923780144100206
0.17309808713440633
-0.9529723660750979
-0.953048159264782
-0.9894343576053308
-0.9370768323591104
-0.8498828790557184
-0.8746957316239092
0.18852249960696854
-0.9421597315677045
-0.24611185578953376
-0.9677777976491643
-0.2853880499972984
-0.9580391926292872
-0.7902930487956282
-0.29701618950873987
-0.9134526849327702
0.911103323927621
-0.991853389165631
-0.9788533331048284
0.9611749717348159
0.8829440209205854
-0.3352768151290545
-0.9949140220677131
-0.9359904478062022
-0.9793141727337116
-0.29975815294701635
-0.9337348652562026
-0.9914144980575587
0.4115494418710437
-0.8789251602960235
-0.8424862685586626
-0.9643681495501746
-0.8978312883192681
-0.9876473161692879
-0.9490849087642859
-0.8914615814398911
0.9213102517268386
-0.8235026375230913
0.3980900413892241
-0.9878530913111941
-0.88748403281859
-0.15646472718431625
-0.8980724781049011
-0.4083643566635985
-0.8507879606657102
-0.951610186331369
-0.8638473716367743
-0.5365295941016558
-0.49078908677208
-0.9064169612278155
-0.7260294142594206
-0.9925737631848177
0.012666383030201622
-0.9872030916984837
-0.8448914689975964
-0.8957405556873221
-0.9881090572259073
0.6487736943455613
-0.7506037256973963
-0.39339642086629567
-0.9853138542070448
-0.2535195486209536
-0.9622617947484946
-0.9589212416804355
-0.7733875347157289
-0.48142255772203235
-0.9462024431012579
-0.7561988996247846
-0.9509126133501999
-0.9581970793562072
-0.939736550984342
-0.4163994131120834
-0.6033838984932949
-0.919979375092341
-0.9825700722090787
-0.9585999504050571
-0.9839894890842806
-0.9440926855316112
-0.9591833582491894
-0.8161951044424988
-0.845353485878916
-0.7965954508137558
-0.8908730224233133
-0.7256705985139658
-0.8996078819914881
-0.7496296540350225
-0.9223743154256808
-0.9625610419195406
-0.8990589239988385
-0.790377139208678
0.8806758297044177
-0.9270706741655264
-0.7743060459482787
-0.9162310832895474
0.5110659489909364
-0.9487400883426861
-0.3536690481638718
-0.9644836553164161
0.6869137003246266
-0.9925556421893301
-0.8591267238067377
-0.9159921125915016
-0.9560453640191873
-0.8643753498430458
-0.944238554796991
-0.9056660810675041
-0.7658330524996919
-0.9725224774444059
-0.9875214496312181
-0.23771120528191303
-0.9068341525307043
-0.970947740888894
-0.9459350540700521
-0.7792288672048677
-0.7367013067005853
-0.8341493903134851
0.21672422041897854
-0.9899344906734485
-0.504984397936298
-0.991789812353649
-0.9788938214889198
-0.94782025067883
-0.5002334751350535
0.6431715706045715
0.400514152998396
0.37009052437352974
0.5902948111137152
0.8428498148946528
-0.9170805073406655
-0.9039305609302672
0.12525666188428763
-0.8974524270891759
0.6478672499202058
-0.9774736858496618
-0.7137064111456695
-0.6060982649599315
-0.9909555421642495
0.704698018474025
-0.4969392324159271
-0.9701826683938314
-0.926145929008615
0.6593484853851592
-0.3774101291524323
0.4888892284216868
-0.9633969342461808
-0.9522823947982519
-0.9890401579576806
-0.9242863702681966
-0.9589818375442597
-0.8331308135321336
0.14947319018237426
-0.42503274273350156
-0.6798281964265277
-0.7887313970207718
-0.9160245980510073
-0.9140672065943682
-0.8591271350800009
-0.9290871825049414
0.5123555800781776
-0.15390340174454586
-0.8861993441757102
-0.8867710168910953
-0.9380886987212886
-0.9546340419800716
-0.11886080314020675
-0.983366265295875
-0.9932697467402798
-0.9959447180106611
-0.5243036056156385
-0.8071503869899617
-0.9909486698605822
-0.8276476923398844
-0.6083332953994645
-0.9784277310140826
-0.44669195170351417
-0.9708366635609669
-0.9408121918501966
-0.5975110706195406
-0.9312556448325386
-0.48364740898796865
-0.886999256729732
-0.9533337796883673
-0.8604188954286881
-0.9203765505804613
-0.9797796788368691
-0.4440707900778579
-0.7603843972733022
-0.8050823068667546
0.3912467019253705
-0.9695424549801661
-0.32540537698030425
-0.9152472817775388
-0.6999469786851832
-0.8988031379160302
-0.9717317086949412
-0.8999095225942811
-0.9008250215955375
0.8608379987343664
-0.7665761399605981
-0.8385657669555017
-0.9871908998739923
-0.8771974912902665
-0.9952805635329758
-0.9798524457711406
-0.38132618424102427
-0.2888605449070164
-0.5665067509715782
0.8882127910084108
-0.8369785614771323
-0.0561912339629127
-0.8926136092511994
-0.25786354379204846
-0.8293396344486554
1.0
-0.5850992321926037
-0.9621053011485965
-0.8826065176184027
-0.7848159830676544
-0.9934709791516879
-0.90746188931875
-0.9796580345300838
-0.9206134648334756
-0.9407985574447958
-0.8527069223629379
0.8544813062068122
-0.9730312873377117
-0.8557233876405601
-0.9590699589334896
-0.9631947305245744
0.6487736943455618
-0.6770434236571304
0.5228956757925907
-0.9473728278319703
-0.8800377224223402
-0.9768810154989659
-0.767877428422182
-0.9964438751939971
-0.9113710359851572
-0.9323389778550961
-0.9876473161692878
-0.3810561749439615
-0.8944306534940372
-0.7835370648750587
-0.9335713304123507
-0.732948845577191
-0.9490849087642859
-0.8832464078152239
-0.9725696352596649
-0.9115796703358897
-0.9065133952006094
CENT
-0.8381671604597374
-0.4291904537567983
-0.9953703713699015
-0.3195774187360667
-0.978083835168098
0.08773842039663671
-0.5680922399367092
-0.9829690614837542
-0.9026690822113955
-0.8289672710960424
-0.8410476505105385
-0.10909607495606011
-0.49062278021927686
-0.8713935203720417
-0.9641798927667024
-0.8913641059718923
-0.9064287709838188
-0.9752076136154757
-0.7073157318189467
-0.9729392609549349
-0.735628923916348
-0.9649841534447587
-0.4598965793577091
-0.656588775538208
-0.7245756612691264
0.15093635773438918
0.33564357713807524
-0.8036011591783211
-0.9934812614848857
-0.7905489184206134
-0.9473536757703755
-0.7111755361621508
-0.6876462472664313
-0.727315525813095
-0.9758340277660834
-0.8511171815735101
-0.9683741996972628
-0.37916635052521597
-0.9998214261573457
-0.713991140914356
-0.6239296295370504
-0.9273075106923897
-0.710568746387876
-0.24519816675197736
-0.5543399250271461
-0.6269473581400726
-0.29045760037108925
-0.7551659901679302
-0.7849832002161568
-0.7451516780551133
-0.9030119568254488
-0.8778279793404333
-0.8735734137714528
-0.9260462338201214
-0.9712263290994785
-0.6282510989797199
-0.35336027552422133
-0.9880406592473855
-0.9941973860661487
-0.8412911969255705
-0.9798955352006182
-0.6058874764801836
-0.5109890512318865
-0.9988716630387691
-0.6704777133566124
-0.29448319559432
-0.8812916477767418
-0.5782327115569013
-0.8681537111184696
-0.9030337411857876
-0.8355989213214965
0.268261746119028
-0.8594659256287113
-0.9268233905711771
-0.9472593513272599
-0.698526613316278
-0.7258463286981599
-0.39703697000247806
-0.8306187797650121
-0.8519993909360115
-0.6472389700895393
-0.2516703994747226
-0.8817648813451542
-0.9944369571941657
-0.9932515254774346
-0.6615527109113162
-0.3593390160479669
-0.9925301202911583
-0.8446104154866827
-0.7972176204068843
-0.9780829224900047
-0.5640510710836919
-0.9403659683389443
-0.7805329414357957
-0.022816651480713435
-0.3983503840468552
-0.8920767832200539
-0.32351350470009255
-0.18702289546695172
-0.19980994608430347
-0.680451951834969
-0.5088281240622112
-0.24908889872465734
-0.8870697929616488
-0.9337998488895096
-0.8238974993616637
-0.9803878511988107
-0.6405682872014036
-0.28878350918389095
-0.6991870642542944
-0.9876654298795142
-0.7513049431977499
-0.5146652810526084
-0.9998684364190069
-0.6651709083562773
-0.97111629078344
-0.9892419973329465
-1.0
-0.9610898677180624
-0.8074235435783004
-0.15300513967476392
-0.6820718223720703
-0.6060607391711502
-0.3601505348993659
-0.9805170939924553
-0.5412502011668983
-0.9997621475779117
0.11256304804617345
-0.5758190325353482
-0.8981309672523464
-0.7553819023687862
-0.29383353164591963
-0.4733028145738074
0.445748851849749
-0.5212965769344604
-0.7563827741773885
-0.8606582822338296
-0.6596916487380794
-0.9568146630214743
-0.7756058672163549
-0.2023636574637835
-0.5991367758302946
-0.6637543822649555
-0.9979737407345234
-0.7331706488687026
-0.6594753089531036
-0.7917599887455029
-0.9397155848410075
-0.7325498515585629
-0.3907754772776689
-0.6266072017676165
-0.5029032997482932
-0.7506651211908149
0.04743693339080757
-0.3001122171417222
-0.884104496004315
-0.667937768132755
-0.7613653938947205
-0.608070788284324
-0.6408655333245877
-0.6897946045220407
-0.2532353177403822
-0.974561253142469
-0.8093217458681854
-0.22180269229946603
-0.2703012831907645
-0.9095805389044065
0.10950214919392498
-0.30899959736355087
-0.802317460973889
-0.8044087602230566
-0.09375560333320532
-0.4667409834044852
-0.15198770770013326
-0.3461024544431315
-0.3123133757284262
-0.6704062073249246
-0.8006449246352325
-0.9683741608175345
-0.7642229043462914
-0.959644616498008
-0.9932515254774346
-0.6457140246303391
-0.7189641837632951
-0.5847443206415815
-0.7548133319037865
-0.5427279477898435
-0.8683200333705567
-0.9203858421316968
-0.8810910988419535
-0.8342721737173868
-0.990082352858244
-0.874575845979887
-0.9512709584446841
-0.9569420967282761
-0.7236028936818891
-0.8612239445757522
-0.5079002956157334
-0.9914585784890863
-0.7517299006467555
-0.6698147468468201
-0.5741158082307858
-0.6973800136633183
-0.864389894379578
-0.8378206831110037
-0.6773667259570607
-0.9408271633793843
-0.48808141378477277
-0.9048537676451941
-0.2423185983147247
-0.8966517659592551
-0.8810910988419535
-0.9487663877586432
-0.6825279672430473
-0.3732285187625257
-0.37110987186930056
-0.9468605979069599
-0.9192818101575978
-0.3080527175254324
-0.4334160814297813
-0.9215842439808027
-0.8268008230033046
-0.24908889872465734
-0.45921919507528575
-0.6743549798187656
-0.8757913572761685
-0.8223629681894307
-0.811087547655072
-0.5400295976316161
-0.5882416865321318
-0.3977278286648488
-0.19961474373578914
-0.8462717139840874
-0.8265209204794737
-0.9257329254222554
-0.9156987752269198
-0.6410697078395653
-0.6733941255366791
-0.30034664685970247
-0.9873820791559437
-0.4458569386698277
-0.9747932540464983
-0.15087485616466345
-0.7381275377045314
-0.9898432873709779
-0.731697426797334
-0.7300927039415066
-0.80648695774927
-0.6598624484234314
-0.4247849142315927
-0.9904287895249164
-0.9072284064619207
-0.4771045096437858
-0.5185758850441509
-0.8709654745595728
-0.4151427281140502
-0.9671773729431759
-0.4526136526033191
-0.8611190295328394
-0.9503454937714131
-0.25924520739141566
-0.5209873243040166
-0.6845208104169427
-0.8907709023315571
-0.7067406796655311
-0.7860752183301097
-0.5901956618800454
0.16812350426964406
-0.9411092063479476
-0.5451990565006247
-0.9320920787206575
-0.5886267984289418
-0.6446865901135839
-0.9259162899651558
-0.5703225754380751
-0.9072024255521141
-0.25923243681787767
-0.971800572028896
-0.968157997326371
-0.6275327161229292
-0.569671895738388
-0.6321314996372783
-0.9864684273357321
-0.0701622622745196
-0.3857946116818032
-0.8162906475021399
-0.760512044476009
-0.9825097107999661
-0.9798955352006182
-0.1396923851779277
-0.71461358016564
-0.9622902419952729
-0.7047607911158237
-0.8024399576406445
-0.9833995699434771
-0.9577769490933389
-0.8006449246352325
-0.5567611984813281
-0.5810763480166754
-0.7236028936818891
-0.7560995000832585
-0.6182593447010314
-0.2817000166713849
-0.8234725982325689
-0.9738072237250938
-0.3541110995468877
-0.999214061709215
-0.865159419418379
-0.21760872076135274
-0.9996731208917513
-0.6707461089136708
-0.4526505743982139
-0.891890535409056
-0.6349387659517822
-0.7877064780206671
-0.6671635841896826
-0.9473536757703755
-0.931208301557327
-0.8343209680053661
-0.9775207264119105
-0.23757087726510495
-0.9046863173044468
-0.8857022699757734
0.4137620891262388
-0.7963543272555803
-0.9955381298360252
-0.9106070963522338
-0.7849832002161568
-0.8381671604597374
-0.6962353877753159
0.08469615520336449
-0.591637582242537
-0.9172446876782165
-0.6832376855997877
-0.9880661674012744
-0.9648700546239694
-0.9592038971019083
-0.926603424302736
-0.8329707424271735
-0.7416529839948467
-0.4359170143376715
-0.07781747750291002
-0.5777893199308233
-0.7198296872920502
-0.7877018241325604
-0.7241158958815357
-0.6902695844870896
-0.030563562404775313
-0.1277768466654552
-0.7758700152570147
-0.7564243498779738
-0.31684280471293025
0.2078278136742584
-0.9966532048365891
-0.8333748879236245
-0.988985312489317
-0.9374209806613868
0.2525030750461852
-0.7107472525756251
-0.9841188897074077
-0.9080625235988955
-0.5160271059822454
-0.723063297882871
-0.9984386020451225
-0.3042691739607932
-0.7876233614692227
-0.5400885744120612
-0.8115788868593904
-0.36131131929328075
-0.6250442486393719
-0.8226223444200084
-0.8016078000208251
-0.6903275775603688
-0.5287114549343221
-0.525156036900388
-0.5870436941483317
-0.9101379762028607
-0.5503586674156649
-0.6611138597389885
-0.7786159908157864
-0.9551364241600213
-0.408753487776236
-0.9876093505666453
-0.9972229120429426
-0.9985776345359388
-0.9545461807813928
-0.9740662774169314
-0.9829690614837542
-0.6012799016604252
-0.9845855843422535
-0.9329944817399258
-0.9929742351616505
-0.7281475331711991
-0.5646784581565512
0.20291529838514744
-0.8399471531078067
-0.6300454775423219
-0.042902272709877676
-0.9482810341048011
-0.9741778880780019
-0.7484838870309202
-0.9603129282837721
-0.6367860392015432
-0.8993370728282355
-0.542659449600714
-0.7282410072387474
-0.9611166568454711
-0.9765434848366567
-0.8104017966382736
-0.6743364478834255
-0.7672806466751545
-0.8034510238056168
-0.8438369076963013
-0.8063848842759573
-0.7930687303120212
-0.07801424363778742
-0.2877023245521073
-0.9979757856398668
-0.6511270734320712
-0.9876654298795142
-0.9954077445240952
1.0
-0.005794351306519285
-0.7134615273045283
-0.6818440045121217
-0.22758035647676378
-0.6066651650026931
-0.3424823613007839
-0.9664357680725352
-0.3024969694733206
-0.6940074793612895
-0.5796593582796673
-0.9639068321160956
-0.6326592811040288
-0.6131316325169079
-0.9874056965165914
-0.6813154530294082
-0.9369543354883858
-0.35064853537166996
-0.8432118717083339
-0.2152769052505754
-0.8551621112263015
-0.9686579690056416
-0.4392072650528752
-0.7026616186147426
-0.9095284737863778
-0.5703225754380751
-0.91490583367975
-0.8143189969063506
-0.6978237356866897
-0.9594276980760588
-0.9222057578846075
-0.6690557730618709
-0.9985431778333481
-0.48484727241191883
-0.7957023245296728
-0.9904287895249164
-0.9299568829996855
-0.9381259175007542
-0.820181649878543
-0.984291291426649
-0.8076462077861172
-0.9072284064619207
-0.3816622931649596
-0.6372726982456547
-0.17714863380982693
-0.2593588128671739
DEGREE_RANK
-0.296137339055794
-0.12017167381974247
-0.6437768240343347
0.3819742489270386
-0.5579399141630901
0.6137339055793991
0.7682403433476395
-0.7639484978540773
-0.2918454935622318
0.3862660944206009
0.19742489270386265
0.0042918454935623185
-0.5107296137339056
0.27038626609442074
-0.4849785407725322
-0.11587982832618027
-0.48068669527897
-0.759656652360515
0.484978540772532
-0.592274678111588
0.8583690987124464
-0.6394849785407726
-0.36909871244635195
-0.4763948497854078
-0.4420600858369099
0.09012875536480691
0.3905579399141632
0.9656652360515021
-0.8154506437768241
-0.4377682403433476
-0.9742489270386266
0.20171673819742497
0.7725321888412018
-0.22317596566523612
-0.8111587982832618
0.27467811158798283
-0.11158798283261806
0.8927038626609443
-0.9699570815450643
0.6995708154506437
0.09442060085836923
-0.2188841201716738
0.4892703862660943
-0.28755364806866957
0.9699570815450644
0.6180257510729614
0.3948497854077253
0.27896995708154493
0.008583690987124637
-0.4334763948497855
-0.8068669527896996
0.8197424892703862
0.8111587982832618
-0.4291845493562232
-0.703862660944206
0.28326180257510725
0.703862660944206
-0.7553648068669528
-0.776824034334764
0.012875536480686511
-0.5879828326180256
0.09871244635193133
0.6223175965665237
-0.8884120171673819
-0.424892703862661
0.5751072961373389
0.7768240343347641
-0.5536480686695279
0.28755364806866957
-0.2145922746781117
0.3991416309012874
0.01716738197424883
-0.8369098712446352
-0.8326180257510729
-0.6180257510729613
0.29184549356223166
-0.4206008583690988
0.7081545064377683
-0.2103004291845494
0.20600858369098707
0.49356223175965663
0.02145922746781115
-0.28326180257510736
-0.8841201716738197
-0.9012875536480687
-0.10729613733905585
0.4034334763948497
-0.8025751072961373
0.49785407725321895
0.10300429184549342
-0.8798283261802575
0.8240343347639485
-0.41630901287553657
-0.10300429184549353
0.6266094420600858
-0.27896995708154504
-0.5836909871244635
0.2103004291845494
0.5793991416309012
0.6309012875536482
-0.09871244635193133
0.10729613733905574
0.11158798283261806
0.8154506437768241
-0.7982832618025751
-0.9914163090128756
-0.7510729613733905
0.40772532188841204
-0.27467811158798294
0.2145922746781117
-0.9828326180257511
-0.7467811158798283
0.296137339055794
-0.9871244635193133
0.944206008583691
-0.6351931330472103
-0.9184549356223176
-1.0
-0.2703862660944206
0.21888412017167402
0.502145922746781
0.8626609442060087
0.5836909871244635
0.3004291845493563
-0.6609442060085837
0.5064377682403434
-0.9957081545064378
0.3047210300429186
0.6351931330472103
0.41201716738197436
-0.20600858369098718
0.9742489270386265
0.5107296137339057
0.6394849785407726
-0.09442060085836912
0.9055793991416308
-0.41201716738197425
0.9527896995708156
-0.5064377682403434
0.8283261802575108
0.7124463519313304
0.9785407725321889
-0.09012875536480691
-0.9527896995708155
-0.2660944206008584
-0.40772532188841204
-0.630901287553648
-0.20171673819742486
0.5879828326180256
-0.2618025751072961
0.11587982832618016
0.7167381974248928
0.9570815450643775
0.9098712446351931
0.2231759656652359
-0.19742489270386265
0.12017167381974247
-0.0858369098712446
0.41630901287553645
0.4206008583690988
0.8326180257510731
0.3090128755364805
-0.6566523605150214
-0.502145922746781
-0.19313304721030045
0.4248927038626611
-0.18884120171673813
0.7210300429184548
0.22746781115879822
0.781115879828326
0.3133047210300428
0.23175965665236054
0.8369098712446352
-0.0815450643776825
-0.40343347639484983
0.7253218884120172
0.025751072961373467
-0.07725321888412018
-0.7939914163090129
0.7854077253218883
-0.6266094420600858
-0.8969957081545065
0.030042918454935563
0.592274678111588
0.5965665236051503
0.5150214592274678
-0.36480686695278963
-0.18454935622317603
0.7296137339055793
0.1244635193133048
-0.07296137339055797
-0.8283261802575107
-0.36051502145922754
-0.49785407725321884
-0.7424892703862661
0.5193133047210299
-0.06866952789699565
0.6437768240343347
-0.8583690987124464
0.6008583690987126
0.866952789699571
0.31759656652360513
0.1287553648068671
-0.257510729613734
0.8412017167381973
-0.1802575107296137
-0.5793991416309012
0.32188841201716745
-0.3991416309012875
-0.06437768240343356
-0.8240343347639485
0.133047210300429
-0.6995708154506437
-0.5493562231759657
0.1373390557939913
0.4291845493562232
-0.1759656652360515
0.5236051502145922
0.03433476394849788
-0.4721030042918455
-0.8540772532188842
0.0386266094420602
0.14163090128755362
0.32618025751072954
0.648068669527897
-0.3562231759656652
-0.6137339055793991
-0.6952789699570815
-0.351931330472103
0.8969957081545064
-0.06008583690987124
0.0429184549356223
0.23605150214592285
0.9484978540772533
-0.9313304721030043
-0.8927038626609443
0.9957081545064377
0.9871244635193133
0.14592274678111594
-0.9656652360515021
0.04721030042918439
-0.6909871244635193
-0.3476394849785408
0.05150214592274671
-0.7381974248927039
0.9141630901287554
0.4334763948497853
-0.1716738197424892
-0.1673819742489271
0.5278969957081545
-0.5450643776824033
-0.3433476394849786
0.6523605150214593
0.9914163090128754
-0.3390557939914163
0.7339055793991416
-0.575107296137339
0.7381974248927039
-0.16309012875536477
-0.5407725321888412
-0.05579399141630903
-0.15879828326180256
0.4377682403433476
-0.4678111587982833
-0.33476394849785407
-0.686695278969957
0.7424892703862662
0.15021459227467804
-0.8755364806866953
0.33047210300429186
-0.6223175965665235
0.5321888412017168
0.6566523605150216
-0.927038626609442
0.8712446351931329
0.05579399141630903
-0.15450643776824036
-0.46351931330472107
-0.45922746781115886
0.6609442060085837
-0.15021459227467815
0.7467811158798283
-0.7339055793991416
0.5364806866952789
0.6652360515021458
-0.14592274678111583
0.24034334763948495
-0.7725321888412018
-0.5708154506437768
-0.2532188841201717
0.3347639484978542
-0.6094420600858369
-0.5364806866952789
-0.7896995708154506
-0.7296137339055794
-0.9141630901287554
-0.05150214592274682
0.4420600858369099
0.06008583690987135
0.5407725321888412
-0.24892703862660948
0.6695278969957081
-0.3948497854077253
0.06437768240343344
-0.5665236051502145
0.6738197424892705
-0.9484978540772532
0.9184549356223177
0.7896995708154506
-0.944206008583691
0.7510729613733904
0.9227467811158798
-0.33047210300429186
-0.24463519313304727
0.3390557939914163
0.9270386266094419
-0.9613733905579399
-0.45493562231759654
0.15450643776824036
-0.5321888412017167
-0.14163090128755373
-0.3905579399141631
-0.047210300429184615
0.5450643776824033
0.15879828326180268
-0.9098712446351931
-0.6523605150214592
0.06866952789699576
-0.24034334763948506
0.6781115879828326
0.44635193133047224
0.3433476394849784
-0.23605150214592274
0.45064377682403434
-0.5622317596566524
-0.7682403433476395
-0.7854077253218884
0.3476394849785407
0.07296137339055786
-0.32618025751072965
0.8755364806866952
0.8454935622317596
0.45493562231759643
0.9828326180257512
0.9313304721030042
0.16309012875536477
0.45922746781115875
0.5493562231759657
0.07725321888412018
0.8798283261802575
0.16738197424892687
-0.3862660944206009
-0.0429184549356223
-0.9570815450643777
0.849785407725322
-0.7253218884120172
-0.6824034334763949
0.7939914163090129
0.9356223175965666
-0.6051502145922747
0.798283261802575
0.1716738197424892
0.24463519313304727
-0.9399141630901288
0.46351931330472107
0.351931330472103
-0.5278969957081545
0.46781115879828317
-0.32188841201716734
0.6051502145922747
-0.13733905579399142
0.35622317596566533
0.7553648068669527
-0.0386266094420602
0.24892703862660936
0.8025751072961373
-0.3819742489270386
0.4721030042918455
0.08154506437768227
-0.23175965665236054
-0.45064377682403445
0.1759656652360515
-0.8712446351931331
-0.7210300429184548
-0.8497854077253219
-0.648068669527897
-0.9356223175965666
-0.7167381974248928
0.3605150214592274
-0.8454935622317596
0.36480686695278974
-0.9055793991416309
-0.6781115879828326
-0.03433476394849788
-0.030042918454935674
0.36909871244635184
0.0858369098712446
0.6824034334763949
-0.3776824034334765
-0.8197424892703863
-0.1330472103004292
-0.22746781115879833
-0.025751072961373356
-0.31759656652360524
0.2532188841201717
0.8540772532188841
-0.6738197424892703
-0.5236051502145922
0.6866952789699572
0.6909871244635193
0.5536480686695278
-0.1287553648068669
-0.02145922746781126
0.37339055793991416
0.9399141630901287
-0.01716738197424894
-0.3133047210300429
-0.9227467811158798
0.6952789699570814
-0.9785407725321889
-0.8669527896995708
0.4763948497854078
-0.012875536480686733
-0.008583690987124526
0.9613733905579398
0.5579399141630901
0.2575107296137338
0.4806866952789701
-0.44635193133047213
0.759656652360515
1.0
-0.37339055793991416
-0.6008583690987124
0.5622317596566524
-0.3090128755364807
-0.7811158798283262
0.8068669527896997
0.18025751072961382
-0.0042918454935623185
0.18454935622317592
0.2618025751072961
0.9012875536480687
-0.6695278969957081
0.18884120171673824
-0.1244635193133048
-0.5965665236051502
0.8841201716738198
-0.7124463519313304
0.8884120171673819
0.5665236051502147
-0.7081545064377682
-0.3047210300429184
0.7639484978540771
-0.8412017167381974
0.19313304721030033
0.0
-0.5193133047210301
-0.5150214592274678
-0.49356223175965674
-0.4892703862660944
-0.8626609442060086
0.5708154506437768
-0.3004291845493563
0.6094420600858368
-0.6652360515021458
0.2660944206008584
0.37768240343347625
EIGENVECTOR_RANK
-0.7167381974248928
-0.01716738197424894
-0.8969957081545065
0.4334763948497853
0.6566523605150216
-0.32188841201716734
0.1287553648068671
-0.9055793991416309
-0.45493562231759654
-0.7424892703862661
-0.3047210300429184
0.06008583690987135
-0.4892703862660944
0.8412017167381973
-0.8240343347639485
-0.3133047210300429
-0.5236051502145922
-0.6008583690987124
-0.4377682403433476
-0.8669527896995708
-0.6137339055793991
-0.6437768240343347
0.5536480686695278
0.3347639484978542
-0.32618025751072965
0.12017167381974247
0.27467811158798283
0.9914163090128754
0.4892703862660943
0.4291845493562232
-0.9399141630901288
0.1759656652360515
-0.5107296137339056
-0.703862660944206
0.5364806866952789
-0.3433476394849786
-0.8025751072961373
0.9313304721030042
0.2231759656652359
-0.22317596566523612
0.351931330472103
0.31759656652360513
0.37339055793991416
0.4420600858369099
-0.592274678111588
0.2532188841201717
0.7296137339055793
-0.15450643776824036
-0.13733905579399142
0.5708154506437768
-0.9012875536480687
0.9356223175965666
-0.5965665236051502
0.11587982832618016
-0.48068669527897
0.46781115879828317
0.01716738197424883
0.0042918454935623185
-0.3562231759656652
-0.686695278969957
0.6008583690987126
0.5665236051502147
0.798283261802575
-0.9871244635193133
0.6223175965665237
0.7939914163090129
-0.6652360515021458
-0.6566523605150214
0.8326180257510731
-0.3862660944206009
0.8197424892703862
0.4377682403433476
-0.8798283261802575
-0.7339055793991416
0.5622317596566524
-0.2660944206008584
0.05579399141630903
-0.3776824034334765
-0.6952789699570815
-0.2618025751072961
0.7896995708154506
0.07725321888412018
0.06437768240343344
-0.7939914163090129
-0.8326180257510729
-0.6781115879828326
0.484978540772532
-0.4291845493562232
-0.5622317596566524
-0.33047210300429186
-0.8626609442060086
0.8025751072961373
-0.45064377682403445
-0.23175965665236054
0.759656652360515
0.4721030042918455
0.648068669527897
-0.14592274678111583
0.2103004291845494
0.15021459227467804
-0.28755364806866957
-0.19313304721030045
0.14592274678111594
0.9227467811158798
0.4763948497854078
-0.9914163090128756
-0.759656652360515
0.025751072961373467
0.10729613733905574
0.45064377682403434
-0.9699570815450643
0.4034334763948497
-0.1716738197424892
-0.9227467811158798
0.944206008583691
-0.5879828326180256
0.19742489270386265
-1.0
-0.424892703862661
-0.15021459227467815
0.08154506437768227
-0.5579399141630901
-0.23605150214592274
0.3433476394849784
-0.6609442060085837
0.7467811158798283
-0.9957081545064378
0.32618025751072954
-0.11587982832618027
-0.28326180257510736
-0.296137339055794
0.9184549356223177
0.16309012875536477
0.15450643776824036
-0.24034334763948506
0.9527896995708156
0.10300429184549342
0.9484978540772533
0.7381974248927039
-0.6223175965665235
0.18884120171673824
0.9399141630901287
0.5150214592274678
-0.8283261802575107
0.5965665236051503
-0.6523605150214592
0.5579399141630901
0.3004291845493563
0.40772532188841204
0.41630901287553645
0.502145922746781
-0.4206008583690988
0.8798283261802575
0.849785407725322
-0.09442060085836912
0.7339055793991416
-0.3090128755364807
0.133047210300429
-0.27467811158798294
-0.24892703862660948
0.8240343347639485
0.04721030042918439
-0.6695278969957081
-0.3390557939914163
0.030042918454935563
0.6995708154506437
0.703862660944206
0.7854077253218883
0.20600858369098707
-0.6351931330472103
0.7510729613733904
0.3862660944206009
0.8540772532188841
0.44635193133047224
0.3905579399141632
-0.351931330472103
-0.19742489270386265
0.24034334763948495
-0.11158798283261806
-0.5364806866952789
0.5879828326180256
-0.8369098712446352
-0.1759656652360515
-0.09012875536480691
-0.05579399141630903
0.781115879828326
0.5064377682403434
-0.4334763948497855
0.8454935622317596
0.36480686695278974
-0.15879828326180256
-0.9613733905579399
0.6781115879828326
-0.49356223175965674
-0.02145922746781126
-0.030042918454935674
0.3948497854077253
-0.40772532188841204
-0.7725321888412018
-0.6824034334763949
0.8841201716738198
-0.18454935622317603
-0.09871244635193133
0.09012875536480691
0.9055793991416308
-0.20600858369098718
0.6137339055793991
0.008583690987124637
-0.49785407725321884
0.23175965665236054
-0.9356223175965666
0.36909871244635184
-0.8154506437768241
-0.5450643776824033
0.5751072961373389
-0.03433476394849788
0.7167381974248928
0.7682403433476395
-0.5150214592274678
-0.5193133047210301
-0.8884120171673819
-0.37339055793991416
0.14163090128755362
0.05150214592274671
0.7725321888412018
-0.40343347639484983
0.6909871244635193
-0.6738197424892703
0.6738197424892705
-0.5493562231759657
0.2660944206008584
0.6652360515021458
-0.1802575107296137
0.9828326180257512
-0.9313304721030043
-0.7639484978540773
0.9957081545064377
0.9742489270386265
0.6437768240343347
-0.9656652360515021
-0.36909871244635195
-0.776824034334764
0.6609442060085837
-0.36480686695278963
-0.9184549356223176
0.8369098712446352
0.0386266094420602
0.1716738197424892
-0.6394849785407726
-0.06437768240343356
-0.8583690987124464
-0.4721030042918455
-0.0386266094420602
0.9871244635193133
0.22746781115879822
0.8154506437768241
-0.8712446351931331
-0.012875536480686733
0.7081545064377683
-0.06866952789699565
0.6094420600858368
0.1373390557939913
-0.502145922746781
0.07296137339055786
0.5107296137339057
0.5407725321888412
-0.1244635193133048
0.37768240343347625
-0.9484978540772532
0.7424892703862662
-0.8454935622317596
0.16738197424892687
-0.05150214592274682
-0.8755364806866953
0.9012875536480687
0.3390557939914163
0.6180257510729614
-0.8197424892703863
0.6866952789699572
-0.6094420600858369
-0.5708154506437768
0.296137339055794
0.5493562231759657
-0.44635193133047213
0.33047210300429186
-0.4849785407725322
-0.5536480686695279
-0.3905579399141631
0.6051502145922747
0.46351931330472107
-0.24463519313304727
-0.7982832618025751
-0.5665236051502145
-0.8111587982832618
-0.41201716738197425
-0.5836909871244635
0.23605150214592285
0.15879828326180268
0.2575107296137338
-0.025751072961373356
0.3819742489270386
-0.0815450643776825
0.3476394849785407
-0.2703862660944206
-0.6180257510729613
-0.07725321888412018
0.2618025751072961
0.9699570815450644
-0.3004291845493563
0.29184549356223166
-0.2188841201716738
0.8626609442060087
-0.4678111587982833
0.6394849785407726
-0.648068669527897
0.9141630901287554
-0.944206008583691
0.09871244635193133
-0.2103004291845494
-0.5407725321888412
0.06866952789699576
-0.41630901287553657
-0.12017167381974247
0.3133047210300428
-0.7253218884120172
-0.8497854077253219
0.6952789699570814
-0.1330472103004292
-0.7124463519313304
-0.4420600858369099
0.28755364806866957
0.35622317596566533
0.19313304721030033
0.7768240343347641
-0.8927038626609443
0.5236051502145922
-0.927038626609442
-0.7682403433476395
-0.46351931330472107
0.5278969957081545
0.8884120171673819
0.8283261802575108
0.8068669527896997
0.8755364806866952
0.9570815450643775
-0.22746781115879833
-0.10729613733905585
0.7553648068669527
-0.06008583690987124
0.8927038626609443
-0.7510729613733905
0.3991416309012874
0.45922746781115875
-0.9141630901287554
0.9270386266094419
0.5321888412017168
-0.6995708154506437
-0.2918454935622318
0.9098712446351931
0.6351931330472103
0.8583690987124464
-0.630901287553648
-0.5064377682403434
-0.8841201716738197
-0.27896995708154504
-0.575107296137339
0.20171673819742497
0.7639484978540771
0.592274678111588
0.4206008583690988
0.27038626609442074
-0.2145922746781117
-0.18884120171673813
0.09442060085836923
-0.31759656652360524
0.866952789699571
0.7124463519313304
0.0
-0.0042918454935623185
-0.3819742489270386
-0.5321888412017167
0.7210300429184548
-0.8068669527896996
-0.9527896995708155
-0.9785407725321889
0.5193133047210299
0.24463519313304727
-0.9098712446351931
0.21888412017167402
0.45493562231759643
-0.7553648068669528
0.5793991416309012
-0.7081545064377682
-0.3991416309012875
0.4806866952789701
-0.33476394849785407
0.5450643776824033
-0.008583690987124526
-0.5278969957081545
0.0858369098712446
-0.2532188841201717
-0.7854077253218884
0.5836909871244635
0.32188841201716745
0.24892703862660936
0.8111587982832618
-0.6909871244635193
0.6523605150214593
-0.20171673819742486
0.41201716738197436
-0.07296137339055797
-0.7210300429184548
-0.0858369098712446
-0.10300429184549353
0.9656652360515021
0.3090128755364805
0.18025751072961382
-0.8412017167381974
0.0429184549356223
-0.9742489270386266
-0.7896995708154506
0.6266094420600858
0.6695278969957081
0.49785407725321895
0.9785407725321889
0.18454935622317592
0.7253218884120172
-0.0429184549356223
0.6824034334763949
0.2145922746781117
1.0
0.49356223175965663
-0.6051502145922747
0.02145922746781115
0.27896995708154493
-0.9570815450643777
-0.14163090128755373
-0.7811158798283262
-0.257510729613734
-0.3948497854077253
0.1244635193133048
0.9613733905579398
-0.7381974248927039
0.11158798283261806
-0.5793991416309012
-0.6266094420600858
0.8969957081545064
0.4248927038626611
0.8712446351931329
-0.45922746781115886
0.03433476394849788
-0.7467811158798283
0.3047210300429186
-0.9828326180257511
-0.16309012875536477
-0.3476394849785408
-0.8540772532188842
0.6309012875536482
-0.047210300429184615
0.28326180257510725
-0.36051502145922754
0.3605150214592274
-0.4763948497854078
0.012875536480686511
-0.7296137339055794
-0.1673819742489271
-0.1287553648068669
CENT_RANK
-0.2618025751072961
0.6351931330472103
-0.9313304721030043
0.7296137339055793
-0.7854077253218884
0.9484978540772533
0.4763948497854078
-0.8154506437768241
-0.4291845493562232
-0.22317596566523612
-0.2703862660944206
0.9012875536480687
0.5751072961373389
-0.3476394849785408
-0.686695278969957
-0.40343347639484983
-0.45064377682403445
-0.7639484978540773
0.1244635193133048
-0.7381974248927039
0.030042918454935563
-0.6952789699570815
0.6008583690987126
0.29184549356223166
0.06866952789699576
0.9613733905579398
0.9871244635193133
-0.14163090128755373
-0.9184549356223176
-0.09012875536480691
-0.6094420600858369
0.11158798283261806
0.18025751072961382
0.06008583690987135
-0.7682403433476395
-0.296137339055794
-0.7167381974248928
0.6781115879828326
-0.9914163090128756
0.10300429184549342
0.37339055793991416
-0.5407725321888412
0.12017167381974247
0.8283261802575108
0.49356223175965663
0.3605150214592274
0.7768240343347641
-0.008583690987124526
-0.06866952789699565
0.01716738197424883
-0.4334763948497855
-0.36480686695278963
-0.351931330472103
-0.5278969957081545
-0.7296137339055794
0.351931330472103
0.7081545064377683
-0.8626609442060086
-0.9227467811158798
-0.27467811158798294
-0.7939914163090129
0.3991416309012874
0.5579399141630901
-0.9742489270386266
0.23605150214592285
0.7682403433476395
-0.3776824034334765
0.44635193133047224
-0.33476394849785407
-0.4377682403433476
-0.24892703862660948
0.9828326180257512
-0.3090128755364807
-0.5364806866952789
-0.6008583690987124
0.14592274678111594
0.06437768240343344
0.6609442060085837
-0.22746781115879833
-0.3004291845493563
0.3004291845493563
0.8154506437768241
-0.3819742489270386
-0.927038626609442
-0.9141630901287554
0.27038626609442074
0.6995708154506437
-0.9012875536480687
-0.28755364806866957
-0.11158798283261806
-0.7811158798283262
0.484978540772532
-0.5836909871244635
-0.06008583690987124
0.9313304721030042
0.6523605150214593
-0.41201716738197425
0.7253218884120172
0.8712446351931329
0.8626609442060087
0.2103004291845494
0.5622317596566524
0.8197424892703862
-0.3948497854077253
-0.5622317596566524
-0.2103004291845494
-0.7982832618025751
0.32188841201716745
0.781115879828326
0.14163090128755362
-0.8583690987124464
0.0042918454935623185
0.5536480686695278
-0.9957081545064378
0.2618025751072961
-0.7253218884120172
-0.8755364806866953
-1.0
-0.6695278969957081
-0.15879828326180256
0.8798283261802575
0.19742489270386265
0.3948497854077253
0.6952789699570814
-0.8025751072961373
0.5150214592274678
-0.9871244635193133
0.9570815450643775
0.45493562231759643
-0.4206008583690988
-0.012875536480686733
0.7725321888412018
0.592274678111588
0.9957081545064377
0.5364806866952789
-0.02145922746781126
-0.3133047210300429
0.28326180257510725
-0.6394849785407726
-0.047210300429184615
0.8583690987124464
0.40772532188841204
0.2660944206008584
-0.9527896995708155
0.03433476394849788
0.28755364806866957
-0.09442060085836912
-0.5793991416309012
0.0386266094420602
0.6652360515021458
0.36480686695278974
0.5708154506437768
0.008583690987124637
0.9399141630901287
0.7639484978540771
-0.3862660944206009
0.2532188841201717
-0.03433476394849788
0.3862660944206009
0.31759656652360513
0.1759656652360515
0.8111587982832618
-0.7553648068669528
-0.1673819742489271
0.8454935622317596
0.7939914163090129
-0.4763948497854078
0.9527896995708156
0.7424892703862662
-0.1287553648068669
-0.14592274678111583
0.9055793991416308
0.5965665236051503
0.8841201716738198
0.7167381974248928
0.7381974248927039
0.24034334763948495
-0.12017167381974247
-0.7124463519313304
-0.0386266094420602
-0.6609442060085837
-0.9098712446351931
0.3047210300429186
0.09442060085836923
0.4334763948497853
-0.0042918454935623185
0.5064377682403434
-0.3390557939914163
-0.5064377682403434
-0.37339055793991416
-0.24034334763948506
-0.8841201716738197
-0.3562231759656652
-0.6266094420600858
-0.6437768240343347
0.07725321888412018
-0.32188841201716734
0.5665236051502147
-0.8969957081545065
0.0
0.24463519313304727
0.45922746781115875
0.15450643776824036
-0.32618025751072965
-0.2532188841201717
0.2145922746781117
-0.5879828326180256
0.5793991416309012
-0.44635193133047213
0.8326180257510731
-0.41630901287553657
-0.36909871244635195
-0.6180257510729613
0.19313304721030033
0.6824034334763949
0.6866952789699572
-0.5965665236051502
-0.502145922746781
0.7467811158798283
0.6309012875536482
-0.5107296137339056
-0.2188841201716738
0.8240343347639485
0.6051502145922747
0.21888412017167402
-0.36051502145922754
-0.19742489270386265
-0.1759656652360515
0.5236051502145922
0.4248927038626611
0.6566523605150216
0.866952789699571
-0.2918454935622318
-0.2145922746781117
-0.5193133047210301
-0.49356223175965674
0.3133047210300428
0.22746781115879822
0.759656652360515
-0.8412017167381974
0.6180257510729614
-0.759656652360515
0.8884120171673819
0.025751072961373467
-0.8798283261802575
0.0429184549356223
0.04721030042918439
-0.15450643776824036
0.27896995708154493
0.6394849785407726
-0.8927038626609443
-0.46351931330472107
0.5879828326180256
0.5450643776824033
-0.3433476394849786
0.6437768240343347
-0.703862660944206
0.6137339055793991
-0.31759656652360524
-0.6223175965665235
0.8025751072961373
0.5407725321888412
0.18454935622317592
-0.3991416309012875
0.1287553648068671
-0.07296137339055797
0.41630901287553645
0.9656652360515021
-0.592274678111588
0.502145922746781
-0.5536480686695279
0.4206008583690988
0.3090128755364805
-0.5236051502145922
0.46351931330472107
-0.45493562231759654
0.8068669527896997
-0.7339055793991416
-0.7081545064377682
0.35622317596566533
0.4721030042918455
0.3433476394849784
-0.8369098712446352
0.9184549356223177
0.6695278969957081
-0.18884120171673813
-0.030042918454935674
-0.8068669527896996
-0.7896995708154506
0.8927038626609443
0.09871244635193133
-0.6781115879828326
0.133047210300429
-0.1330472103004292
-0.8197424892703863
-0.648068669527897
-0.11587982832618027
0.4892703862660943
0.4377682403433476
0.08154506437768227
-0.01716738197424894
0.37768240343347625
0.7896995708154506
-0.20600858369098718
-0.7424892703862661
0.703862660944206
-0.9785407725321889
-0.33047210300429186
0.849785407725322
-0.9828326180257511
0.23175965665236054
0.6094420600858368
-0.40772532188841204
0.3347639484978542
-0.0858369098712446
0.2575107296137338
-0.6051502145922747
-0.5493562231759657
-0.24463519313304727
-0.776824034334764
0.8369098712446352
-0.4420600858369099
-0.3905579399141631
0.9914163090128754
-0.10729613733905585
-0.9399141630901288
-0.4849785407725322
-0.06437768240343356
-0.257510729613734
0.15879828326180268
0.944206008583691
0.41201716738197436
-0.49785407725321884
0.18884120171673824
-0.8669527896995708
-0.6909871244635193
-0.6523605150214592
-0.5321888412017167
-0.23175965665236054
0.02145922746781115
0.6266094420600858
0.9141630901287554
0.45064377682403434
0.09012875536480691
-0.0815450643776825
0.07296137339055786
0.1716738197424892
0.9270386266094419
0.8969957081545064
-0.05150214592274682
-0.025751072961373356
0.7339055793991416
0.9742489270386265
-0.944206008583691
-0.23605150214592274
-0.8712446351931331
-0.5708154506437768
0.9785407725321889
0.11587982832618016
-0.8240343347639485
-0.4678111587982833
0.5493562231759657
0.0858369098712446
-0.9613733905579399
0.7510729613733904
-0.07725321888412018
0.5193133047210299
-0.1802575107296137
0.6909871244635193
0.36909871244635184
-0.20171673819742486
-0.1244635193133048
0.16738197424892687
0.5278969957081545
0.5321888412017168
0.4291845493562232
-0.48068669527897
0.49785407725321895
0.27467811158798283
-0.05579399141630903
-0.6351931330472103
0.648068669527897
-0.8497854077253219
-0.9484978540772532
-0.9699570815450643
-0.630901287553648
-0.7467811158798283
-0.8111587982832618
0.4034334763948497
-0.8326180257510729
-0.5579399141630901
-0.9055793991416309
0.05579399141630903
0.4806866952789701
0.9699570815450644
-0.2660944206008584
0.3476394849785407
0.9227467811158798
-0.6137339055793991
-0.7510729613733905
0.012875536480686511
-0.6652360515021458
0.33047210300429186
-0.424892703862661
0.5107296137339057
0.05150214592274671
-0.6738197424892703
-0.7725321888412018
-0.1716738197424892
0.2231759656652359
-0.0429184549356223
-0.13733905579399142
-0.28326180257510736
-0.15021459227467815
-0.09871244635193133
0.9098712446351931
0.7854077253218883
-0.9570815450643777
0.296137339055794
-0.8540772532188842
-0.9356223175965666
1.0
0.9356223175965666
0.10729613733905574
0.20171673819742497
0.8412017167381973
0.3905579399141632
0.7210300429184548
-0.6995708154506437
0.7553648068669527
0.16309012875536477
0.4420600858369099
-0.6824034334763949
0.3390557939914163
0.3819742489270386
-0.8454935622317596
0.20600858369098707
-0.5665236051502145
0.7124463519313304
-0.27896995708154504
0.8540772532188841
-0.3047210300429184
-0.7210300429184548
0.6223175965665237
0.1373390557939913
-0.4721030042918455
0.46781115879828317
-0.4892703862660944
-0.18454935622317603
0.15021459227467804
-0.6566523605150214
-0.5150214592274678
0.24892703862660936
-0.9656652360515021
0.5836909871244635
-0.10300429184549353
-0.8884120171673819
-0.5450643776824033
-0.575107296137339
-0.19313304721030045
-0.8283261802575107
-0.16309012875536477
-0.45922746781115886
0.6738197424892705
0.32618025751072954
0.8755364806866952
0.798283261802575
RANK
117
113
38
126
309
306
63
384
453
363
417
143
383
353
325
420
2
83
58
28
84
181
391
87
198
250
456
191
244
116
355
334
57
110
419
382
435
239
282
389
460
359
294
7
387
287
124
106
60
288
4
90
319
407
34
17
241
162
399
386
304
19
277
54
115
442
36
178
278
256
428
21
335
14
432
291
406
118
401
180
450
336
295
194
138
380
385
193
259
212
398
30
316
74
216
268
206
92
147
458
356
437
104
390
270
317
457
41
73
337
53
273
234
451
220
188
217
332
235
447
326
376
166
445
360
251
462
275
16
208
321
69
50
8
403
129
210
96
312
15
263
103
322
155
82
66
189
211
51
225
192
52
13
254
187
68
307
203
196
258
136
72
441
79
35
232
88
412
439
59
10
395
0
328
204
70
318
190
354
338
78
9
221
233
105
303
370
226
459
285
448
367
227
408
163
461
119
247
413
170
27
411
293
169
371
177
296
89
324
455
414
146
29
314
344
365
265
48
327
93
379
349
139
410
179
157
286
350
135
300
130
47
185
199
111
152
400
49
339
243
20
144
148
245
246
405
392
33
76
24
345
195
299
362
343
183
290
39
423
31
358
42
18
264
292
444
109
75
449
202
329
430
372
346
160
32
262
333
213
121
424
436
100
205
224
409
237
310
64
176
200
452
156
315
114
142
85
378
248
137
145
23
418
80
182
272
236
159
107
464
402
313
433
281
396
55
279
45
150
369
40
301
434
158
426
122
61
388
141
331
266
271
229
375
184
298
431
67
342
128
201
274
446
280
6
393
91
297
44
377
269
186
404
125
366
228
373
374
134
261
253
361
112
62
101
197
151
12
207
454
252
132
172
22
223
311
257
240
443
340
219
1
249
255
381
95
230
77
149
284
463
37
214
215
368
123
86
305
56
438
174
427
97
3
351
175
168
218
364
429
238
154
65
131
46
108
416
302
165
466
260
276
161
81
102
222
43
209
320
425
164
308
440
140
99
231
98
465
120
173
242
289
348
11
171
415
341
283
397
347
94
422
153
330
5
167
127
25
267
394
352
357
71
26
323
133
421
