DEGREE
-0.41666666666666663
-0.6666666666666667
0.25
0.16666666666666674
-0.08333333333333337
0.5833333333333333
-0.33333333333333337
0.9166666666666667
0.0
0.16666666666666674
-0.41666666666666663
0.75
0.25
-0.16666666666666663
-0.41666666666666663
0.5
1.0
-0.08333333333333337
-0.16666666666666663
-0.41666666666666663
0.5833333333333333
-0.41666666666666663
-0.8333333333333334
-0.16666666666666663
0.41666666666666674
0.5
-0.6666666666666667
0.16666666666666674
0.33333333333333326
-0.16666666666666663
0.25
-0.5833333333333333
0.33333333333333326
0.33333333333333326
-0.16666666666666663
0.41666666666666674
0.33333333333333326
0.75
-0.33333333333333337
-0.33333333333333337
0.16666666666666674
-0.16666666666666663
-0.33333333333333337
0.33333333333333326
0.33333333333333326
-0.25
0.75
0.16666666666666674
0.16666666666666674
0.41666666666666674
0.0
-0.08333333333333337
-0.08333333333333337
-0.5833333333333333
-0.41666666666666663
-0.16666666666666663
0.0
0.5
0.0
-0.75
-0.33333333333333337
-0.33333333333333337
0.5833333333333333
-0.41666666666666663
0.33333333333333326
-0.41666666666666663
-0.33333333333333337
-0.08333333333333337
-0.33333333333333337
-0.33333333333333337
0.25
0.0
0.41666666666666674
0.16666666666666674
-0.41666666666666663
0.16666666666666674
-0.33333333333333337
-0.33333333333333337
-0.33333333333333337
0.25
0.25
-0.33333333333333337
0.5
0.41666666666666674
0.0
0.08333333333333326
0.08333333333333326
-0.08333333333333337
-0.33333333333333337
-0.41666666666666663
0.08333333333333326
0.16666666666666674
-0.08333333333333337
0.0
-0.75
-0.5833333333333333
0.0
0.5833333333333333
0.33333333333333326
0.0
0.08333333333333326
-0.75
0.33333333333333326
0.6666666666666667
0.5833333333333333
-0.6666666666666667
0.6666666666666667
0.5
-0.16666666666666663
-0.25
0.25
-0.5833333333333333
0.25
-0.33333333333333337
-0.16666666666666663
0.41666666666666674
0.08333333333333326
-0.16666666666666663
0.16666666666666674
0.0
-0.6666666666666667
0.5
-0.16666666666666663
0.41666666666666674
0.33333333333333326
0.0
0.08333333333333326
0.41666666666666674
0.33333333333333326
0.0
0.08333333333333326
0.25
-0.33333333333333337
-0.25
0.33333333333333326
0.16666666666666674
0.5
0.5833333333333333
0.0
0.0
-0.41666666666666663
-0.08333333333333337
-1.0
-0.25
0.25
0.16666666666666674
0.25
0.08333333333333326
-0.5
0.16666666666666674
0.33333333333333326
0.25
0.0
0.16666666666666674
0.16666666666666674
0.33333333333333326
0.33333333333333326
0.6666666666666667
-0.16666666666666663
0.08333333333333326
0.5833333333333333
-0.08333333333333337
-0.16666666666666663
-0.08333333333333337
-0.16666666666666663
0.16666666666666674
-0.16666666666666663
-0.33333333333333337
0.25
-0.08333333333333337
0.25
0.16666666666666674
-0.08333333333333337
0.16666666666666674
-0.6666666666666667
-0.6666666666666667
-0.41666666666666663
0.25
0.08333333333333326
0.16666666666666674
0.33333333333333326
-0.25
-0.41666666666666663
0.6666666666666667
-0.08333333333333337
-0.5833333333333333
0.16666666666666674
0.08333333333333326
-0.16666666666666663
0.25
0.5833333333333333
-0.41666666666666663
0.6666666666666667
-0.25
-0.08333333333333337
0.08333333333333326
0.6666666666666667
-0.08333333333333337
-0.5
-0.75
0.33333333333333326
-0.08333333333333337
0.16666666666666674
0.41666666666666674
-0.41666666666666663
0.8333333333333333
0.5
0.33333333333333326
-0.6666666666666667
0.0
-0.41666666666666663
0.41666666666666674
-0.5
-0.33333333333333337
-0.25
-0.41666666666666663
0.0
0.25
-0.16666666666666663
0.25
0.16666666666666674
0.25
EIGENVECTOR
-0.9987594217608214
-0.9812712550518436
0.22624308790204695
-0.5502207860931292
-0.7373612977378097
0.31190931584161796
-0.9985132390718773
1.0
-0.6549041582436124
-0.861717921399248
-0.9945586174672231
0.6253340943685748
-0.9576979856964292
-0.9210408560553373
-0.994558617467223
-0.266989154279751
0.9024386997428395
-0.8618991955937696
-0.8962075868292205
-0.9312926725868187
0.6885145099325771
-0.9815486578091825
-1.0
-0.9849512767469868
0.42236649936190584
0.11646089151464145
-0.849345025853345
-0.815474697391345
0.4799812013889859
-0.9959685573236366
-0.2505290287490046
-0.9770119917748322
0.34713740737871723
-0.004437816569679787
-0.9959685573236369
-0.4461614529990804
-0.3775365809543315
0.15740722338628954
-0.9841466229461947
-0.8934010427029045
-0.3023115440237142
-0.9007425368337114
-0.7607440789621082
-0.7696943669424126
0.5086593354708524
-0.9813785349699476
0.22318659096869542
-0.9166538186570985
-0.846240042226577
0.4843551771177237
-0.05754959296831885
-0.9912868151483658
-0.06507486696074927
-0.9909493167652309
-0.9991433968036877
-0.9975329312147507
-0.8356268784789498
-0.7762735805662874
-0.4860901334947345
-0.9431845057053175
-0.8303280785484406
-0.9963230840990523
0.7326513844703972
-0.999494444514746
-0.5666565188434459
-0.9668203975587478
-0.9920391868126914
-0.779230419305443
-0.760744078962108
-0.985841886975991
-0.5699662328660998
0.17660648601889206
-0.85194380734878
-0.8632343500392641
-0.9922549638682163
0.171576196343318
-0.999532638460606
-0.9802588598016317
-0.9963230840990523
-0.42037647501477426
-0.9511877474364868
-0.9984600472504113
0.44158832293508254
-0.510117211770069
-0.8356268784789498
0.2763899625077424
-0.5837083911459043
-0.8526500942364136
-0.9939836633158474
-0.24865577380709913
-0.6079380719711788
-0.6441290466976399
-0.9945671045304303
-0.9916486936351429
-0.9996453602949923
-0.9745387874889729
-0.6414256770239546
0.09622236096150605
-0.8966365444847079
-0.9858954043683408
-0.49712479651857344
-0.8622516702674969
0.3232607689363489
0.6066780277394603
0.14554342866934555
-0.9622785265179652
-0.6162176720168044
0.3825336051372319
-0.9347851276523889
-0.7785974904095
-0.6530612330822663
-0.9996616961644117
-0.5055276110006213
-0.704753673698872
-0.915681427975408
0.2709518717629733
-0.9226719374256293
-0.5273152379677027
-0.479284833577698
0.018758297890933306
-0.9942822436098391
-0.6946377047074662
-0.7518105661917465
0.5075269155639062
-0.7783002728237057
-0.471957523522994
-0.9220593987632403
-0.3763301586056994
-0.4902893453485142
-0.8795755716037602
0.024794778971237497
-0.4198176857955487
-0.896424217914142
-0.8344921570681813
-0.9470714388190257
-0.5580729079251929
-0.7085301058867303
-0.8553129318781171
-0.9453656136751927
-0.8579102850234565
-0.9545190793486684
-0.987622884774136
-0.9944130736241745
-0.3007324879182257
-0.12956275573366483
-0.7247002123478502
-0.7677446265248771
-0.803136277290558
-0.986726780981472
-0.5337874414906101
-0.7877843453893656
-0.49309497416101955
-0.9882899444847923
-0.45393756309458266
-0.6330275211908118
-0.5716260114703957
-0.7301753972061551
-0.8143453932611698
-0.9961944845882773
-0.86760137621784
-0.05824052569467508
-0.5873406599117892
-0.9947265097151612
-0.9657468535377556
-0.9959590428170219
-0.9194063118305532
-0.9959685573236366
-0.9989062961052081
-0.81536213969666
-0.8506709727286825
-0.7786190837471326
-0.9194063118305534
-0.9818963689068629
0.189635808105447
-0.9744163118412839
-0.9984241282241124
-0.9802601442105014
-0.8112830258786741
-0.01749695404427709
-0.9312936491836438
0.07060791913485565
-0.7538622705793431
-0.9853273694549303
0.7295055978025278
-0.8008416753851268
-0.9995664366613507
0.1420472485775015
-0.9517299535064512
-0.9900437197056603
-0.4576415329347686
-0.720172532730204
-0.97814410045042
0.7454660184917807
-0.9853546720570573
-0.9653198293216245
-0.9906328206902615
0.657531316331355
-0.9977963506995967
-0.9786096392817194
-0.8998002126111608
-0.8028629355879378
-0.9115205546162688
-0.7173727725410084
0.37389227183316187
-0.9920641217286998
0.7512801465553669
-0.8426398746923423
0.04362824068544491
-0.9920532644701697
-0.5738016912030054
-0.9595614141218783
-0.7162101800052262
-0.997089750783949
-0.9994585154355702
-0.9144040072192308
-0.8773301611781321
0.19534400655452466
-0.9026516893422457
-0.9955313328149658
-0.7998082988445856
-0.8073850160408972
-0.7262507172829298
CENT
-0.8052765688783587
-0.9748885969999741
-0.9325210294796151
-0.9678246880915178
-0.35064559488041214
0.27607509656951845
-0.8470178327533708
0.0787647155984621
-0.9849836030595649
-0.18907370418766223
-0.8916790701104959
-0.611193203525872
-0.2619141809890927
-0.44341024777987725
-0.8916790701104959
-0.656095788211764
-0.18784598905311378
-0.9698822648568441
-0.7403122443221919
0.5628174929961482
-0.8304307674137792
-0.9593263131786748
-0.9992553501986313
-0.45532713000197644
-0.768146843563041
-0.4591319506387417
-0.7079796480717617
-0.6795147578891667
-0.857709962198046
-0.9950314153382247
0.07850418908383316
-0.36776005465537087
-0.811809387339142
-0.699024852226779
-0.9950314153382247
0.15727000000289637
-0.3857196040841959
-0.32990818016353496
-0.7121759251572128
-0.9865651883043246
-0.49306640994060347
-0.5511377387117851
-1.0
-0.476150588175569
-0.8902755021803557
0.3296374846496266
-0.08951531638502896
-0.7603364327026542
-0.7590273632127047
-0.20688325527889717
-0.8490511224511749
-0.7365294632649422
-0.9892883268388626
-0.9986108432998528
-0.957408058379775
-0.5606275334938524
-0.9630235026615721
-0.537901537115455
-0.905766220237372
-0.9858818055673839
-0.19944487740901906
-0.990814239022195
-0.6793598151400577
-0.9924289782051364
0.029763932735554333
0.18838943182899692
-0.8290758308849808
-0.6714115677159618
-1.0
0.08607671397794991
0.15630897161812918
-0.9755126855226353
0.48924524100619937
-0.4423620475340688
-0.8689026188246324
-0.9524436882621782
-0.9049383578939885
-0.9566536753130118
-0.990814239022195
-0.8401644694331591
-0.22651721200680264
-0.7663633958489777
-0.7591756098653907
-0.4013097795057674
-0.9630235026615721
-0.9467717302963607
-0.9652113709351597
-0.3469529542424663
-0.5862998219618191
-0.9964289192936872
-0.9809608093220479
-0.35980314063859287
-0.8953619211230552
0.03095658037522475
-0.988993487800419
-0.9158844100158544
-0.9833922060160953
-0.3351074582075313
-0.4426195594734693
-0.20758498705432848
-0.7170447634135676
-1.0
-0.7557689268249024
-0.7102863580592943
-0.5681007060060105
-0.9511301129054694
-0.323494809280914
-0.10277143803403066
-0.776700155092109
-0.07513437041724158
-0.6662807782047868
-0.9997649426695004
-0.7160591631394055
-0.8984350045045754
-0.20585585600081413
-0.2907141838480034
-0.8455580944965785
0.2781062703567745
-0.3741072993288298
-0.9749410772375371
-0.5948845580936029
-0.44119085184021933
0.5440883882482415
-0.8201280593173117
-0.5242484457275371
0.4883759706723019
-0.8876954271660948
-0.45457928146844984
-0.6358884600414547
-0.05116056596993945
-0.9235190262199695
-0.5641649432390319
-0.46208886903984436
-0.442908991225734
0.62986337700415
-0.9607206555097958
-0.7156032904907794
-0.14631862649126504
-0.6082667469424567
-0.30938217099871823
-0.3837985039878157
-0.6106184373929522
-0.9554344213898762
-0.937310851407069
-0.27507573951187936
-0.7277780474855599
-0.16446972700946394
-0.008266849709051005
-0.9878367404059804
-0.1408927904909758
-0.4489392243243714
-0.9375885629315037
-0.5527455409876029
-0.4388534060029695
-0.5354937519529641
-0.09377375634058283
-0.8220217250127761
-0.20913601241225332
-0.46788775772790214
-0.8157789819524726
-0.4668042394810856
-0.6039016758643068
-0.9420474431270958
-0.7575705664683003
-0.987462391663246
-0.8006204904098245
-0.9950314153382247
-0.8992823985638663
-0.7173767483314876
-0.944238163518146
-0.6643609325094693
-0.8006204904098245
-0.5525941704444461
-0.1826472955906595
-0.9966510161090799
-0.9563570632340566
-0.6220045962302325
-0.4235341902661105
-0.7447000358888246
-0.2176497002431106
0.2145793883215552
-0.9987216525700089
-0.09531096862592514
-0.26280189731312154
1.0
-0.9707871322933395
-0.9526811694269941
-0.5998633815654331
-0.7591282111390208
-0.6916411012899423
0.2274047248639186
-0.9235108469076151
-0.7807368180098782
-0.8109770454482295
-0.829427577275297
-0.5132637117314401
-0.5761102533762662
-0.4964046708018993
-0.974757944466646
-0.9506663519426741
-0.6901757802244494
-0.28966127847465195
-0.6081936237930794
-0.4907432640703465
-0.9093116209275787
-0.30971519531614167
-0.48678415185041113
0.31548392298113326
-0.9993235572377847
0.2909371013822817
-0.761510511729502
-0.7743157407302229
-0.9991506842214718
-0.9483825042605605
-0.41232485607842595
-0.4683015541246176
-0.959304448513737
-0.5390085054515483
-0.3888292339185414
-0.8908154293754186
-0.7622538056388667
-0.26027199963057424
DEGREE_RANK
-0.8099547511312217
-0.9457013574660633
0.3303167420814479
0.13122171945701355
-0.27601809954751133
0.8280542986425339
-0.6561085972850679
0.9909502262443439
-0.13122171945701366
0.14027149321266985
-0.8009049773755657
0.9547511312217194
0.3393665158371042
-0.4298642533936652
-0.7918552036199095
0.755656108597285
1.0
-0.26696832579185525
-0.4208144796380091
-0.7828054298642534
0.8371040723981902
-0.7737556561085973
-0.9909502262443439
-0.4117647058823529
0.6651583710407241
0.7647058823529411
-0.9366515837104072
0.14932126696832593
0.502262443438914
-0.40271493212669685
0.3484162895927603
-0.8823529411764706
0.5113122171945703
0.5203619909502262
-0.39366515837104077
0.6742081447963801
0.5294117647058822
0.9638009049773755
-0.6470588235294118
-0.6380090497737556
0.15837104072398178
-0.3846153846153847
-0.6289592760180995
0.5384615384615385
0.5475113122171946
-0.49321266968325794
0.9728506787330318
0.16742081447963808
0.17647058823529416
0.6832579185520362
-0.12217194570135759
-0.2579185520361992
-0.248868778280543
-0.8733031674208145
-0.7647058823529411
-0.3755656108597285
-0.1131221719457014
0.7737556561085974
-0.10407239819004532
-0.9819004524886877
-0.6199095022624435
-0.6108597285067874
0.8461538461538463
-0.755656108597285
0.5565610859728507
-0.746606334841629
-0.6018099547511313
-0.23981900452488703
-0.5927601809954752
-0.583710407239819
0.35746606334841635
-0.09502262443438914
0.6923076923076923
0.18552036199095023
-0.7375565610859729
0.1945701357466063
-0.5746606334841629
-0.5656108597285068
-0.5565610859728507
0.36651583710407243
0.3755656108597285
-0.5475113122171946
0.7828054298642535
0.7013574660633484
-0.08597285067873306
0.02262443438914019
0.03167420814479649
-0.23076923076923084
-0.5384615384615385
-0.7285067873303168
0.040723981900452566
0.2036199095022626
-0.22171945701357476
-0.07692307692307698
-0.9728506787330317
-0.8642533936651584
-0.0678733031674209
0.8552036199095021
0.5656108597285068
-0.05882352941176472
0.04977375565610864
-0.9638009049773756
0.5746606334841631
0.9004524886877827
0.8642533936651584
-0.9276018099547512
0.909502262443439
0.7918552036199094
-0.36651583710407243
-0.48416289592760187
0.3846153846153846
-0.8552036199095023
0.39366515837104066
-0.5294117647058824
-0.35746606334841635
0.7104072398190047
0.05882352941176472
-0.34841628959276016
0.21266968325791868
-0.04977375565610864
-0.9185520361990951
0.8009049773755657
-0.3393665158371042
0.7194570135746605
0.5837104072398189
-0.040723981900452566
0.0678733031674208
0.7285067873303168
0.592760180995475
-0.03167420814479638
0.0769230769230771
0.40271493212669696
-0.5203619909502263
-0.4751131221719457
0.6018099547511313
0.22171945701357454
0.8099547511312217
0.8733031674208145
-0.022624434389140413
-0.013574660633484226
-0.7194570135746607
-0.21266968325791857
-1.0
-0.4660633484162896
0.41176470588235303
0.23076923076923084
0.4208144796380089
0.08597285067873295
-0.8371040723981901
0.23981900452488691
0.6108597285067874
0.4298642533936652
-0.004524886877828149
0.2488687782805432
0.25791855203619907
0.6199095022624435
0.6289592760180995
0.9185520361990949
-0.330316742081448
0.09502262443438925
0.8823529411764708
-0.2036199095022625
-0.32126696832579194
-0.1945701357466063
-0.31221719457013575
0.26696832579185514
-0.30316742081447967
-0.5113122171945702
0.43891402714932126
-0.18552036199095034
0.44796380090497756
0.27601809954751144
-0.17647058823529416
0.2850678733031673
-0.9095022624434389
-0.9004524886877828
-0.7104072398190046
0.4570135746606334
0.10407239819004532
0.2941176470588236
0.6380090497737556
-0.4570135746606335
-0.7013574660633485
0.9276018099547512
-0.16742081447963808
-0.8461538461538461
0.30316742081447967
0.1131221719457014
-0.2941176470588236
0.4660633484162897
0.8914027149321266
-0.6923076923076923
0.9366515837104072
-0.44796380090497745
-0.1583710407239819
0.12217194570135748
0.9457013574660635
-0.14932126696832582
-0.8280542986425339
-0.9547511312217194
0.6470588235294119
-0.14027149321266974
0.31221719457013597
0.7375565610859729
-0.6832579185520362
0.9819004524886878
0.8190045248868778
0.6561085972850678
-0.8914027149321267
0.004524886877827816
-0.6742081447963801
0.746606334841629
-0.8190045248868778
-0.5022624434389141
-0.4389140271493214
-0.6651583710407241
0.013574660633484337
0.4751131221719458
-0.2850678733031675
0.48416289592760164
0.3212669683257918
0.49321266968325794
EIGENVECTOR_RANK
-0.9185520361990951
-0.5294117647058824
0.7918552036199094
0.40271493212669696
0.18552036199095023
0.8190045248868778
-0.9095022624434389
1.0
0.27601809954751144
-0.12217194570135759
-0.755656108597285
0.9276018099547512
-0.4117647058823529
-0.30316742081447967
-0.7647058823529411
0.5837104072398189
0.9909502262443439
-0.13122171945701366
-0.1945701357466063
-0.330316742081448
0.9457013574660635
-0.5475113122171946
-1.0
-0.5746606334841629
0.8642533936651584
0.7104072398190047
-0.0678733031674209
-0.004524886877828149
0.8823529411764708
-0.8099547511312217
0.592760180995475
-0.48416289592760187
0.8371040723981902
0.6561085972850678
-0.8190045248868778
0.5203619909502262
0.5475113122171946
0.7375565610859729
-0.5656108597285068
-0.18552036199095034
0.5656108597285068
-0.23076923076923084
0.15837104072398178
0.13122171945701355
0.909502262443439
-0.5384615384615385
0.7828054298642535
-0.27601809954751133
-0.05882352941176472
0.8914027149321266
0.6380090497737556
-0.6742081447963801
0.6199095022624435
-0.6651583710407241
-0.9366515837104072
-0.8733031674208145
-0.040723981900452566
0.12217194570135748
0.4751131221719458
-0.35746606334841635
-0.013574660633484226
-0.8461538461538461
0.9638009049773755
-0.9547511312217194
0.3846153846153846
-0.4570135746606335
-0.6923076923076923
0.08597285067873295
0.14932126696832593
-0.6018099547511313
0.3755656108597285
0.755656108597285
-0.08597285067873306
-0.14932126696832582
-0.7194570135746607
0.746606334841629
-0.9638009049773756
-0.5113122171945702
-0.8552036199095023
0.5294117647058822
-0.3846153846153847
-0.9004524886877828
0.8733031674208145
0.4298642533936652
-0.03167420814479638
0.8099547511312217
0.3484162895927603
-0.09502262443438914
-0.7285067873303168
0.6018099547511313
0.3303167420814479
0.2941176470588236
-0.7737556561085973
-0.6832579185520362
-0.9819004524886877
-0.4751131221719457
0.30316742081447967
0.7013574660633484
-0.21266968325791857
-0.6108597285067874
0.44796380090497756
-0.14027149321266974
0.8280542986425339
0.9185520361990949
0.7285067873303168
-0.4298642533936652
0.3212669683257918
0.8552036199095021
-0.34841628959276016
0.10407239819004532
0.2850678733031673
-0.9909502262443439
0.43891402714932126
0.25791855203619907
-0.26696832579185525
0.8009049773755657
-0.32126696832579194
0.4208144796380089
0.48416289592760164
0.6651583710407241
-0.7375565610859729
0.26696832579185514
0.17647058823529416
0.9004524886877827
0.1131221719457014
0.49321266968325794
-0.31221719457013575
0.5565610859728507
0.4660633484162897
-0.17647058823529416
0.6742081447963801
0.5384615384615385
-0.2036199095022625
-0.022624434389140413
-0.3755656108597285
0.39366515837104066
0.2488687782805432
-0.10407239819004532
-0.36651583710407243
-0.1131221719457014
-0.40271493212669685
-0.6289592760180995
-0.746606334841629
0.5746606334841631
0.6108597285067874
0.21266968325791868
0.14027149321266985
0.040723981900452566
-0.6199095022624435
0.41176470588235303
0.0769230769230771
0.4570135746606334
-0.6380090497737556
0.5113122171945703
0.31221719457013597
0.36651583710407243
0.1945701357466063
0.013574660633484337
-0.8371040723981901
-0.1583710407239819
0.6289592760180995
0.3393665158371042
-0.7828054298642534
-0.44796380090497745
-0.8009049773755657
-0.2850678733031675
-0.8280542986425339
-0.9276018099547512
0.004524886877827816
-0.07692307692307698
0.09502262443438925
-0.2941176470588236
-0.5565610859728507
0.7647058823529411
-0.4660633484162896
-0.8914027149321267
-0.5203619909502263
0.02262443438914019
0.6470588235294119
-0.3393665158371042
0.6923076923076923
0.16742081447963808
-0.583710407239819
0.9547511312217194
0.05882352941176472
-0.9728506787330317
0.7194570135746605
-0.39366515837104077
-0.6470588235294118
0.502262443438914
0.22171945701357454
-0.49321266968325794
0.9728506787330318
-0.5927601809954752
-0.4389140271493214
-0.6561085972850679
0.9366515837104072
-0.8823529411764706
-0.5022624434389141
-0.22171945701357476
0.04977375565610864
-0.248868778280543
0.23076923076923084
0.8461538461538463
-0.7104072398190046
0.9819004524886878
-0.04977375565610864
0.6832579185520362
-0.7013574660633485
0.35746606334841635
-0.4208144796380091
0.23981900452488691
-0.8642533936651584
-0.9457013574660633
-0.2579185520361992
-0.16742081447963808
0.7737556561085974
-0.23981900452488703
-0.7918552036199095
0.0678733031674208
0.03167420814479649
0.2036199095022626
CENT_RANK
-0.2579185520361992
-0.746606334841629
-0.5203619909502263
-0.7104072398190046
0.5203619909502262
0.909502262443439
-0.35746606334841635
0.8461538461538463
-0.7918552036199095
0.7013574660633484
-0.4298642533936652
0.08597285067873295
0.6199095022624435
0.3846153846153846
-0.4208144796380091
0.05882352941176472
0.7104072398190047
-0.7194570135746607
-0.10407239819004532
0.9819004524886878
-0.330316742081448
-0.6651583710407241
-0.9547511312217194
0.35746606334841635
-0.2036199095022625
0.3484162895927603
-0.022624434389140413
0.013574660633484337
-0.3755656108597285
-0.9004524886877828
0.8371040723981902
0.502262443438914
-0.27601809954751133
-0.013574660633484226
-0.8914027149321267
0.8733031674208145
0.4751131221719458
0.5475113122171946
-0.040723981900452566
-0.8099547511312217
0.27601809954751144
0.21266968325791868
-1.0
0.30316742081447967
-0.40271493212669685
0.9457013574660635
0.7828054298642535
-0.16742081447963808
-0.14027149321266974
0.6742081447963801
-0.36651583710407243
-0.09502262443438914
-0.8461538461538461
-0.9276018099547512
-0.6470588235294118
0.18552036199095023
-0.6923076923076923
0.23076923076923084
-0.4751131221719457
-0.8009049773755657
0.6923076923076923
-0.8642533936651584
0.02262443438914019
-0.8733031674208145
0.8190045248868778
0.8823529411764708
-0.31221719457013575
0.03167420814479649
-0.9909502262443439
0.8552036199095021
0.8642533936651584
-0.7647058823529411
0.9638009049773755
0.41176470588235303
-0.3846153846153847
-0.6018099547511313
-0.4660633484162896
-0.6380090497737556
-0.8552036199095023
-0.3393665158371042
0.6380090497737556
-0.1945701357466063
-0.1583710407239819
0.4570135746606334
-0.6832579185520362
-0.5656108597285068
-0.7013574660633485
0.5294117647058822
0.14932126696832593
-0.9095022624434389
-0.7737556561085973
0.5113122171945703
-0.4389140271493214
0.8280542986425339
-0.8371040723981901
-0.49321266968325794
-0.7828054298642534
0.5384615384615385
0.40271493212669696
0.6651583710407241
-0.0678733031674209
-0.9819004524886877
-0.12217194570135759
-0.03167420814479638
0.16742081447963808
-0.5927601809954752
0.5565610859728507
0.755656108597285
-0.22171945701357476
0.7918552036199094
0.040723981900452566
-0.9728506787330317
-0.05882352941176472
-0.44796380090497745
0.6832579185520362
0.5837104072398189
-0.34841628959276016
0.9185520361990949
0.49321266968325794
-0.755656108597285
0.14027149321266985
0.4208144796380089
0.9728506787330318
-0.2941176470588236
0.2488687782805432
0.9547511312217194
-0.39366515837104077
0.36651583710407243
0.0678733031674208
0.8009049773755657
-0.5113122171945702
0.17647058823529416
0.3393665158371042
0.39366515837104066
0.9909502262443439
-0.6742081447963801
-0.04977375565610864
0.7375565610859729
0.10407239819004532
0.5746606334841631
0.48416289592760164
0.09502262443438925
-0.6199095022624435
-0.5294117647058824
0.6018099547511313
-0.08597285067873306
0.7285067873303168
0.8099547511312217
-0.8280542986425339
0.746606334841629
0.3755656108597285
-0.5384615384615385
0.1945701357466063
0.4298642533936652
0.23981900452488691
0.7737556561085974
-0.30316742081447967
0.6561085972850678
0.3212669683257918
-0.2850678733031675
0.3303167420814479
0.12217194570135748
-0.5475113122171946
-0.13122171945701366
-0.8190045248868778
-0.248868778280543
-0.8823529411764706
-0.4570135746606335
-0.07692307692307698
-0.5565610859728507
0.04977375565610864
-0.23981900452488703
0.2036199095022626
0.7194570135746605
-0.9185520361990951
-0.6289592760180995
0.0769230769230771
0.43891402714932126
-0.1131221719457014
0.6470588235294119
0.8914027149321266
-0.9366515837104072
0.7647058823529411
0.6108597285067874
1.0
-0.7285067873303168
-0.6108597285067874
0.13122171945701355
-0.14932126696832582
-0.004524886877828149
0.9004524886877827
-0.5022624434389141
-0.23076923076923084
-0.26696832579185525
-0.32126696832579194
0.25791855203619907
0.15837104072398178
0.26696832579185514
-0.7375565610859729
-0.583710407239819
0.004524886877827816
0.592760180995475
0.1131221719457014
0.2850678733031673
-0.48416289592760187
0.5656108597285068
0.2941176470588236
0.9366515837104072
-0.9638009049773756
0.9276018099547512
-0.17647058823529416
-0.21266968325791857
-0.9457013574660633
-0.5746606334841629
0.44796380090497756
0.31221719457013597
-0.6561085972850679
0.22171945701357454
0.4660633484162897
-0.4117647058823529
-0.18552036199095034
0.6289592760180995
RANK
42
68
101
111
208
22
212
181
53
174
89
29
34
166
63
61
78
52
94
148
164
39
59
8
96
90
71
119
1
198
185
17
3
86
56
84
135
21
216
54
77
175
142
186
75
105
199
213
85
169
162
151
143
2
130
191
95
204
58
76
167
113
92
10
14
219
44
126
74
28
50
6
116
79
20
194
66
156
123
159
32
193
0
165
171
192
108
211
24
81
220
210
47
82
188
48
163
102
178
18
51
145
168
100
112
136
38
103
26
33
189
200
27
62
67
110
170
15
128
176
11
141
138
202
161
187
120
88
196
104
131
55
152
172
41
217
57
154
124
195
197
40
203
206
43
215
158
160
132
25
23
127
150
13
133
98
73
121
153
177
214
83
218
36
140
118
31
91
4
87
97
37
106
205
139
115
201
144
183
12
221
80
179
157
99
49
114
60
9
16
173
146
137
149
107
182
155
46
109
129
147
64
93
30
7
69
70
35
65
180
190
5
117
209
207
45
125
72
122
19
134
184
