DEGREE
0.11111111111111116
-0.33333333333333337
0.33333333333333326
-0.33333333333333337
0.03703703703703698
0.2592592592592593
0.18518518518518512
-0.2592592592592593
0.2592592592592593
-0.40740740740740744
0.33333333333333326
0.11111111111111116
-0.5555555555555556
-0.2592592592592593
-0.7037037037037037
0.7037037037037037
-0.5555555555555556
-0.4814814814814815
0.2592592592592593
-0.18518518518518523
-0.18518518518518523
-0.18518518518518523
0.5555555555555556
0.11111111111111116
-0.03703703703703709
0.11111111111111116
-0.33333333333333337
0.18518518518518512
0.03703703703703698
-0.2592592592592593
-0.11111111111111116
0.11111111111111116
-0.2592592592592593
0.18518518518518512
0.40740740740740744
0.03703703703703698
-0.18518518518518523
0.2592592592592593
0.4814814814814814
0.8518518518518519
-0.11111111111111116
-0.33333333333333337
0.7037037037037037
0.6296296296296295
-0.18518518518518523
0.40740740740740744
-0.11111111111111116
0.6296296296296295
-0.9259259259259259
-0.33333333333333337
0.6296296296296295
0.5555555555555556
-0.11111111111111116
0.8518518518518519
0.7037037037037037
0.11111111111111116
0.6296296296296295
0.03703703703703698
-0.18518518518518523
0.33333333333333326
0.5555555555555556
0.4814814814814814
-0.11111111111111116
-0.40740740740740744
-0.33333333333333337
0.18518518518518512
-0.11111111111111116
-0.2592592592592593
0.4814814814814814
0.03703703703703698
-0.03703703703703709
0.4814814814814814
0.2592592592592593
-0.8518518518518519
-0.7777777777777778
0.5555555555555556
0.7777777777777777
-0.2592592592592593
0.6296296296296295
0.40740740740740744
-0.2592592592592593
-0.40740740740740744
-0.5555555555555556
0.11111111111111116
0.33333333333333326
0.2592592592592593
0.33333333333333326
0.5555555555555556
-0.03703703703703709
0.03703703703703698
-0.03703703703703709
-0.5555555555555556
0.33333333333333326
0.5555555555555556
0.03703703703703698
0.33333333333333326
-0.18518518518518523
-0.18518518518518523
0.2592592592592593
0.4814814814814814
0.7037037037037037
0.4814814814814814
0.6296296296296295
0.5555555555555556
-0.7777777777777778
1.0
-0.33333333333333337
0.11111111111111116
-0.5555555555555556
0.33333333333333326
-0.11111111111111116
-0.33333333333333337
0.2592592592592593
-0.40740740740740744
-0.11111111111111116
0.2592592592592593
0.8518518518518519
-0.7777777777777778
0.18518518518518512
0.03703703703703698
0.40740740740740744
0.18518518518518512
0.33333333333333326
0.33333333333333326
0.40740740740740744
-0.33333333333333337
-0.11111111111111116
-0.2592592592592593
0.2592592592592593
-0.40740740740740744
0.2592592592592593
-0.11111111111111116
0.18518518518518512
-0.18518518518518523
0.03703703703703698
0.2592592592592593
-0.2592592592592593
-0.2592592592592593
-0.6296296296296297
0.4814814814814814
-0.6296296296296297
0.2592592592592593
0.11111111111111116
0.33333333333333326
0.2592592592592593
0.33333333333333326
-0.18518518518518523
-0.40740740740740744
-0.2592592592592593
0.18518518518518512
-0.7777777777777778
-0.2592592592592593
0.18518518518518512
-0.5555555555555556
0.6296296296296295
0.33333333333333326
0.2592592592592593
-0.9259259259259259
0.2592592592592593
-0.33333333333333337
0.4814814814814814
-0.40740740740740744
0.5555555555555556
0.6296296296296295
0.4814814814814814
0.33333333333333326
0.7037037037037037
-0.33333333333333337
0.18518518518518512
-1.0
0.6296296296296295
0.40740740740740744
0.11111111111111116
-0.03703703703703709
0.11111111111111116
-0.33333333333333337
0.33333333333333326
0.40740740740740744
-0.18518518518518523
-0.33333333333333337
0.11111111111111116
-0.8518518518518519
0.11111111111111116
0.03703703703703698
0.33333333333333326
0.2592592592592593
0.18518518518518512
-0.18518518518518523
-0.03703703703703709
0.5555555555555556
0.4814814814814814
0.4814814814814814
0.03703703703703698
-0.33333333333333337
0.40740740740740744
-0.7037037037037037
0.6296296296296295
-0.9259259259259259
0.33333333333333326
0.11111111111111116
0.40740740740740744
0.11111111111111116
-0.11111111111111116
0.7777777777777777
0.11111111111111116
0.40740740740740744
0.33333333333333326
0.40740740740740744
-0.03703703703703709
0.4814814814814814
-0.33333333333333337
-0.9259259259259259
-0.03703703703703709
EIGENVECTOR
-0.6185061206230782
-0.9048019724179471
-0.6176127766440302
-0.7279182388124427
-0.4950529968626064
-0.47876908456973577
-0.7787209674355333
-0.7821416742614582
-0.34549456886726815
-0.6693704809722377
-0.3351216314728529
-0.6185061206230782
-0.9951355538486515
-0.9182973499576526
-0.9612753747057398
0.7843252133816834
-0.9085337068329509
-0.9192819434950823
-0.7303586778432101
-0.8995813903238611
-0.827252333680357
-0.9771982370114699
-0.3387731451942356
-0.11185514667592766
-0.8662098700325296
-0.8388154945360295
-0.7837636951971113
-0.1211056954316303
-0.9130533402082469
-0.7798465355075437
-0.7262807880778996
-0.8200968796676784
-0.8427833905415504
-0.7332977467949617
-0.7114239389768633
-0.8408893247281735
-0.9787273285321735
-0.5461853569523164
0.26145966409830423
0.8896879056876679
-0.8839645419450289
-0.9148806494513889
-0.37753435643944966
0.562232872494892
-0.809231311316854
-0.7423475621676431
-0.8477140328827036
0.7162454093370367
-0.9884465657345008
-0.7528412659415775
0.7713414524986675
0.2901146787360622
-0.8703268486889871
0.8151260859025162
0.8178655736923759
-0.6520163523330688
-0.23179825882948069
-0.8313471445038839
-0.7345058115948508
-0.30196447416521377
0.48405263713581825
-0.466383483312117
-0.5981322527657453
-0.8161276515578684
-0.9127172390955002
-0.2709713496558548
-0.8519981388493632
-0.9095142212994284
-0.2098653961287018
-0.6687658202821227
-0.72244860071513
-0.7077538004811379
-0.6528338800614912
-0.9729437810494291
-0.7826928748391575
0.6178643514316673
0.7372704150206797
-0.7000884049813996
-0.7239004172660077
-0.36521383600966284
-0.9356261943519488
-0.9148374619356111
-0.7487024772214877
-0.7137140619968494
-0.6511451732103668
-0.7878903231873846
-0.007686446073362108
0.48405263713581825
-0.7864229776285195
-0.6484103291114522
-0.5199614554434444
-0.9973123463130478
-0.0847516061723953
-0.31613354766109236
-0.5437737938063759
-0.7737814705569139
-0.9787273285321734
-0.9832571438919261
0.22392125731698886
0.3371575007072789
0.7843252133816847
-0.12227521878586045
0.7309914958735417
0.1792825898844137
-0.8500413308013217
1.0
-0.8404062694439464
-0.824751680628007
-0.9357419963922096
0.2806601994739786
-0.8028296223681115
-0.5117750440048812
-0.6928560615153161
-0.6479366325048066
-0.9194296540176409
-0.7448763588432257
0.7734592777009179
-0.9800774710963606
-0.6671899408031421
-0.13319279623339364
-0.3737390083903219
-0.6541684715891642
-0.9111152933789263
0.44940554588947434
-0.7190040653173434
-0.9855580290359514
-0.8740625169340139
-0.979310644597314
-0.5315955816520329
-0.7646321582565357
-0.6635040689411573
-0.4910614501776712
0.0854167769721712
-0.9715287120831753
-0.8193608571803721
-0.005567325188494565
-0.9131286638606021
-0.9065679409893486
-0.9560462775437024
0.3064933044005018
-0.9600619180464067
-0.6677501473646081
-0.7217863378430093
-0.5965748527659864
-0.6184527596063281
-0.12816315494066577
-0.9260467630649944
-0.8463962650533481
-0.8889297777211351
-0.6211930422382372
-0.9577170288957307
-0.8339739069441765
-0.06796448807804845
-0.9231149996603718
0.6526379051190321
-0.6068425754253026
0.08969560437425583
-0.9851523387767039
0.08742964349286986
-0.8581017572680881
-0.08492512446497968
-0.9926482133678428
0.24880175738647536
0.5770422258438803
-0.5557250698327733
-0.27270952024097284
0.48720853955199006
-0.991141446551336
0.3403853544759532
-0.9850653479356787
-0.39975800886813906
-0.21556122094520147
-0.6067482040122488
-0.9120600891207001
-0.5169515085362247
-0.8276580423947179
-0.19885813927855178
0.3469870037573908
-0.3880901538271625
-0.9889592022683198
-0.9054890803023303
-0.9729437810494291
-0.6067482040122488
-0.812033153887345
-0.6176127766440302
-0.07150271734271019
-0.48076264585598627
-0.8729541251405807
-0.8662098700325296
-0.49375550351996433
0.20732597552541998
-0.3483265635457513
-0.2766314020677494
-0.815284381284056
-0.5783456835848715
-0.9580806315298824
0.47214366307590017
-1.0
-0.7186771510759551
-0.8535418602527249
-0.5400212215680343
-0.831445020515992
-0.8028296223681115
0.8503947302790824
-0.18369883105881335
-0.4355987887585052
-0.7773833473487175
0.08670069080790332
-0.868324139796157
-0.5818684804118637
-0.9855580290359514
-0.9851523387767038
-0.5906323189244591
CENT
-0.40398754890627964
-0.8295282859999423
-0.6881571813877904
-0.5627103140494987
-0.43234741787418995
0.6028001169875652
-0.911962822223949
-0.7547862945842865
0.004758681749263971
-0.8872594083719848
0.3651321277281163
-0.40398754890627964
-0.9756623751589321
-0.9639164204634638
-0.39535974437123433
-0.544593877807318
-0.9992498797593159
-0.9047218551918248
-0.7774729556363456
-0.7886041576840594
-0.9778987451262694
-0.9513021446996988
-0.47528596007218193
-0.6032037939778738
-0.8854650573138511
-0.6243543097850696
-0.4622560040894005
-0.6465371507963393
-0.5780277987258734
-0.9408018361161408
-0.4934993954541713
-0.7870461961089267
-0.9973246462589473
-0.7489574450642069
-0.2668133218095011
-0.6705856536338726
-0.9622179846708114
-0.3442576805663746
0.5958921152499133
-0.43873615460719795
-0.7672210240544338
-0.9664159201123832
-0.18026214698991472
-0.6790516604504931
-0.9867779132834369
0.2201519894563866
-0.6117984910079246
-0.34231972802200583
-0.9988294818055575
-0.0027295147791918106
-0.652243549470219
1.0
-0.9319980516993023
-0.08519898727170838
-0.43380572302057874
-0.878089621513079
-0.2675752673471372
-0.8450506356603165
-0.12458158054165835
-0.34691634492939616
-0.3470129209398729
-0.6353645602264733
-0.9657536678088127
-0.954360786440718
-0.952709044598358
-0.7679448999591688
-0.8134831977280488
-0.8629604473630625
-0.5066023134177242
-0.9367744411366558
-0.3514250876556837
-0.6263427070646457
-0.42415739098899796
-0.9973212933188285
-0.9257867794361964
-0.7736552857052652
-0.27087871122973817
-0.7382727521582741
-0.4679985478621215
-0.798188759201411
-0.8456302342134807
-0.7947962025460434
-0.9983318990281169
-0.47368526446398385
-0.46540074579889956
-0.6939774575219371
-0.5758219481796663
-0.3470129209398729
-0.9732780001740561
-0.046733008548891175
-0.7389003277887207
-0.9992248546806902
-0.05363222155268288
-0.46122864624942295
-0.18317149485712925
-0.7363249812876101
-0.9622179846708114
-0.9574873133931564
-0.6271568409841248
-0.5181308577101122
-0.544593877807318
0.5623521914030913
-0.42811354361560505
0.8424522049170085
-0.9547968428639902
0.6098305323573592
-0.9101559193983151
-0.855112740599633
-0.9670714897287706
-0.8514894759409534
-0.9826725939657691
-0.8010354530015481
-0.7666060363292964
-0.8974638987864132
-0.6777602971692421
-0.6806767728797454
0.07346584677000689
-0.9984040586678303
0.17171285093694677
-0.1558284752583613
-0.6726088864929318
-0.4926023737668891
0.7902307526555972
-0.5397989332824786
-0.7236210168133086
-0.986126517648915
-0.9309372683980865
-0.9703918244429476
-0.3897732399173428
-0.6749755609213263
-0.6321011997886254
-0.7005616212402017
-0.2720285499709971
-0.8172306986732176
-0.7366956988747331
-0.6115786537455443
-0.9528141866689631
-0.8968673079700206
-0.9494010345151537
-0.16106501353406344
-0.9840998500604636
-0.6923373780999387
-0.7371027625237259
-0.2823934097733991
-0.8311267791812247
-0.19184030344368508
-0.8222331341551871
-0.8647332316573864
-0.9063289487175642
-0.6719256091467535
-0.8907283227332813
-0.9931053245615562
-0.551096922771233
-0.9095664375577762
-0.7150350432210414
-0.5526968347263237
-0.8173313962681519
-1.0
0.07068343165103275
-0.998244210194711
0.07453681780431287
-0.9726952979447608
0.5166859693307526
-0.48322435731517344
-0.6921694949475883
-0.14185701284955832
-0.42177252841238866
-0.9703940015406745
-0.8626812781958623
-0.984551983770952
-0.03733520727865869
-0.09147772107850582
-0.9348106873934707
-0.7515332159442822
-0.9220919375050939
-0.988632528751102
-0.379628063335674
-0.4117240699979884
-0.937205946054431
-0.9861728028109225
-0.35362610478594514
-0.9973212933188285
-0.9348106873934707
-0.6028891579387923
-0.6881571813877904
-0.1969945634270478
-0.907668442946408
-0.9741855119097439
-0.8854650573138511
-0.06017306531968891
0.2552712739515821
-0.7410286580965977
-0.04914059358362888
-0.4980887492212176
-0.6645202217582946
-0.9865310328259088
-0.16557470562114907
-0.999248243503586
-0.7154215133166895
-0.7527586704497505
-0.10464202107272769
-0.5469977967816004
-0.9826725939657691
-0.5831217259567536
-0.7698940588598567
-0.7133297401461123
-0.5227635822364383
-0.4606303548058407
-0.7893215393689919
0.14950615091105068
-0.986126517648915
-1.0
-0.5798086980985822
DEGREE_RANK
-0.07547169811320764
-0.7264150943396226
0.3396226415094341
-0.7169811320754718
-0.17924528301886788
0.179245283018868
0.07547169811320753
-0.5849056603773586
0.18867924528301883
-0.7924528301886793
0.34905660377358494
-0.0660377358490567
-0.8584905660377359
-0.5754716981132075
-0.8962264150943396
0.9056603773584906
-0.8490566037735849
-0.8018867924528301
0.19811320754716988
-0.4716981132075473
-0.46226415094339635
-0.4528301886792453
0.7264150943396228
-0.05660377358490565
-0.2547169811320755
-0.04716981132075482
-0.7075471698113207
0.08490566037735858
-0.16981132075471705
-0.5660377358490567
-0.3584905660377359
-0.037735849056603876
-0.5566037735849056
0.09433962264150964
0.509433962264151
-0.1603773584905661
-0.44339622641509435
0.2075471698113207
0.6132075471698113
0.9716981132075473
-0.34905660377358494
-0.6981132075471699
0.9150943396226414
0.8113207547169812
-0.4339622641509434
0.5188679245283019
-0.339622641509434
0.8207547169811322
-0.9905660377358491
-0.6886792452830188
0.8301886792452831
0.7358490566037736
-0.33018867924528306
0.9811320754716981
0.9245283018867925
-0.028301886792452935
0.8396226415094339
-0.15094339622641517
-0.4245283018867926
0.358490566037736
0.7452830188679245
0.6226415094339621
-0.3207547169811321
-0.7830188679245282
-0.679245283018868
0.10377358490566047
-0.3113207547169812
-0.5471698113207548
0.6320754716981132
-0.14150943396226423
-0.24528301886792458
0.6415094339622642
0.21698113207547176
-0.9528301886792453
-0.9339622641509434
0.7547169811320755
0.9528301886792452
-0.5377358490566038
0.8490566037735849
0.5283018867924529
-0.5283018867924529
-0.7735849056603774
-0.839622641509434
-0.018867924528301883
0.3679245283018868
0.2264150943396226
0.37735849056603765
0.7641509433962264
-0.23584905660377364
-0.1320754716981133
-0.2264150943396227
-0.8301886792452831
0.3867924528301887
0.7735849056603774
-0.12264150943396235
0.39622641509433953
-0.41509433962264153
-0.4056603773584906
0.23584905660377342
0.6509433962264153
0.9339622641509433
0.6603773584905661
0.8584905660377358
0.7830188679245282
-0.9245283018867925
1.0
-0.6698113207547169
-0.009433962264150941
-0.8207547169811321
0.4056603773584906
-0.30188679245283034
-0.6603773584905661
0.2452830188679247
-0.7641509433962264
-0.2924528301886793
0.2547169811320755
0.9905660377358492
-0.9150943396226415
0.1132075471698113
-0.1132075471698114
0.5377358490566038
0.12264150943396235
0.41509433962264164
0.42452830188679247
0.5471698113207546
-0.6509433962264152
-0.28301886792452835
-0.5188679245283019
0.2641509433962266
-0.7547169811320755
0.2735849056603774
-0.2735849056603774
0.13207547169811318
-0.39622641509433965
-0.10377358490566047
0.28301886792452824
-0.5094339622641509
-0.5
-0.8773584905660378
0.6698113207547169
-0.8679245283018868
0.2924528301886793
0.0
0.4339622641509435
0.3018867924528301
0.44339622641509435
-0.3867924528301888
-0.7452830188679245
-0.49056603773584906
0.14150943396226423
-0.9056603773584906
-0.4811320754716981
0.15094339622641506
-0.8113207547169812
0.8679245283018868
0.4528301886792452
0.3113207547169812
-0.9811320754716981
0.3207547169811322
-0.6415094339622642
0.679245283018868
-0.7358490566037736
0.7924528301886791
0.8773584905660377
0.6886792452830188
0.46226415094339623
0.9433962264150944
-0.6320754716981133
0.1603773584905661
-1.0
0.8867924528301887
0.5566037735849056
0.009433962264151052
-0.21698113207547176
0.018867924528301883
-0.6226415094339623
0.47169811320754707
0.5660377358490567
-0.37735849056603776
-0.6132075471698114
0.028301886792452935
-0.9433962264150944
0.037735849056603765
-0.09433962264150941
0.48113207547169834
0.33018867924528306
0.16981132075471717
-0.3679245283018868
-0.20754716981132082
0.8018867924528303
0.6981132075471699
0.7075471698113207
-0.08490566037735858
-0.6037735849056605
0.5754716981132075
-0.8867924528301887
0.8962264150943398
-0.9716981132075472
0.49056603773584917
0.04716981132075482
0.5849056603773586
0.05660377358490565
-0.26415094339622647
0.9622641509433962
0.06603773584905648
0.5943396226415094
0.5
0.6037735849056605
-0.19811320754716988
0.7169811320754715
-0.5943396226415094
-0.9622641509433962
-0.18867924528301894
EIGENVECTOR_RANK
0.12264150943396235
-0.5849056603773586
0.15094339622641506
-0.10377358490566047
0.3207547169811322
0.358490566037736
-0.20754716981132082
-0.2264150943396227
0.44339622641509435
0.009433962264151052
0.46226415094339623
0.13207547169811318
-0.9811320754716981
-0.6981132075471699
-0.8018867924528301
0.9528301886792452
-0.6132075471698114
-0.7075471698113207
-0.1132075471698114
-0.5754716981132075
-0.3584905660377359
-0.839622641509434
0.4528301886792452
0.6037735849056605
-0.5094339622641509
-0.4056603773584906
-0.24528301886792458
0.5943396226415094
-0.6603773584905661
-0.21698113207547176
-0.09433962264150941
-0.339622641509434
-0.4339622641509434
-0.12264150943396235
-0.028301886792452935
-0.4245283018867926
-0.8490566037735849
0.2547169811320755
0.7452830188679245
0.9905660377358492
-0.5566037735849056
-0.6886792452830188
0.4056603773584906
0.8584905660377358
-0.2924528301886793
-0.14150943396226423
-0.4528301886792453
0.8962264150943398
-0.9433962264150944
-0.16981132075471705
0.9245283018867925
0.7641509433962264
-0.5283018867924529
0.9622641509433962
0.9716981132075473
0.07547169811320753
0.5188679245283019
-0.37735849056603776
-0.1320754716981133
0.48113207547169834
0.8301886792452831
0.3679245283018868
0.19811320754716988
-0.3207547169811321
-0.6509433962264152
0.509433962264151
-0.4716981132075473
-0.6226415094339623
0.5377358490566038
0.018867924528301883
-0.07547169811320764
-0.018867924528301883
0.06603773584905648
-0.8301886792452831
-0.23584905660377364
0.8773584905660377
0.9150943396226414
-0.009433962264150941
-0.08490566037735858
0.42452830188679247
-0.7452830188679245
-0.679245283018868
-0.1603773584905661
-0.037735849056603876
0.08490566037735858
-0.26415094339622647
0.6509433962264153
0.8396226415094339
-0.2547169811320755
0.09433962264150964
0.2924528301886793
-0.9905660377358491
0.6226415094339621
0.47169811320754707
0.2641509433962266
-0.18867924528301894
-0.8584905660377359
-0.8867924528301887
0.7264150943396228
0.7830188679245282
0.9433962264150944
0.5849056603773586
0.9056603773584906
0.7075471698113207
-0.46226415094339635
1.0
-0.41509433962264153
-0.34905660377358494
-0.7547169811320755
0.7547169811320755
-0.2735849056603774
0.3113207547169812
0.0
0.10377358490566047
-0.7169811320754718
-0.15094339622641517
0.9339622641509433
-0.8773584905660378
0.037735849056603765
0.5660377358490567
0.41509433962264164
0.05660377358490565
-0.6320754716981133
0.8113207547169812
-0.05660377358490565
-0.9245283018867925
-0.5471698113207548
-0.8679245283018868
0.28301886792452824
-0.17924528301886788
0.04716981132075482
0.3396226415094341
0.6698113207547169
-0.8113207547169812
-0.33018867924528306
0.6603773584905661
-0.6698113207547169
-0.6037735849056605
-0.7641509433962264
0.7735849056603774
-0.7924528301886793
0.028301886792452935
-0.0660377358490567
0.2075471698113207
0.14150943396226423
0.5754716981132075
-0.7358490566037736
-0.44339622641509435
-0.5660377358490567
0.1132075471698113
-0.7735849056603774
-0.39622641509433965
0.6415094339622642
-0.7264150943396226
0.8867924528301887
0.16981132075471717
0.6981132075471699
-0.9056603773584906
0.6886792452830188
-0.49056603773584906
0.6132075471698113
-0.9716981132075472
0.7358490566037736
0.8679245283018868
0.2452830188679247
0.5
0.8490566037735849
-0.9622641509433962
0.7924528301886791
-0.8962264150943396
0.3867924528301887
0.5283018867924529
0.18867924528301883
-0.6415094339622642
0.3018867924528301
-0.3679245283018868
0.5471698113207546
0.8018867924528303
0.39622641509433953
-0.9528301886792453
-0.5943396226415094
-0.8207547169811321
0.179245283018868
-0.30188679245283034
0.1603773584905661
0.6320754716981132
0.34905660377358494
-0.5377358490566038
-0.5
0.33018867924528306
0.7169811320754715
0.4339622641509435
0.49056603773584917
-0.3113207547169812
0.23584905660377342
-0.7830188679245282
0.8207547169811322
-1.0
-0.04716981132075482
-0.4811320754716981
0.2735849056603774
-0.3867924528301888
-0.28301886792452835
0.9811320754716981
0.5566037735849056
0.37735849056603765
-0.19811320754716988
0.679245283018868
-0.5188679245283019
0.2264150943396226
-0.9339622641509434
-0.9150943396226415
0.21698113207547176
CENT_RANK
0.5188679245283019
-0.3113207547169812
0.018867924528301883
0.2547169811320755
0.47169811320754707
0.9622641509433962
-0.5094339622641509
-0.15094339622641517
0.8490566037735849
-0.4245283018867926
0.9245283018867925
0.5283018867924529
-0.7735849056603774
-0.6886792452830188
0.5377358490566038
0.2924528301886793
-0.9811320754716981
-0.46226415094339635
-0.20754716981132082
-0.2264150943396227
-0.7830188679245282
-0.6132075471698114
0.3867924528301887
0.19811320754716988
-0.41509433962264153
0.16981132075471717
0.42452830188679247
0.12264150943396235
0.23584905660377342
-0.5943396226415094
0.358490566037736
-0.21698113207547176
-0.9150943396226415
-0.12264150943396235
0.6698113207547169
0.09433962264150964
-0.679245283018868
0.6132075471698113
0.9528301886792452
0.4528301886792452
-0.16981132075471705
-0.7075471698113207
0.7075471698113207
0.04716981132075482
-0.8679245283018868
0.9056603773584906
0.179245283018868
0.6226415094339621
-0.9528301886792453
0.8396226415094339
0.1132075471698113
1.0
-0.5471698113207548
0.7830188679245282
0.46226415094339623
-0.39622641509433965
0.6603773584905661
-0.33018867924528306
0.7547169811320755
0.6037735849056605
0.5849056603773586
0.13207547169811318
-0.6981132075471699
-0.6415094339622642
-0.6226415094339623
-0.17924528301886788
-0.2735849056603774
-0.37735849056603776
0.3396226415094341
-0.5754716981132075
0.5754716981132075
0.1603773584905661
0.49056603773584917
-0.9056603773584906
-0.5283018867924529
-0.19811320754716988
0.6509433962264153
-0.09433962264150941
0.4056603773584906
-0.2547169811320755
-0.339622641509434
-0.24528301886792458
-0.9339622641509434
0.39622641509433953
0.41509433962264164
-0.009433962264150941
0.2452830188679247
0.5943396226415094
-0.7547169811320755
0.8207547169811322
-0.10377358490566047
-0.9622641509433962
0.8018867924528303
0.4339622641509435
0.6981132075471699
-0.0660377358490567
-0.6698113207547169
-0.6603773584905661
0.15094339622641506
0.33018867924528306
0.3018867924528301
0.9433962264150944
0.48113207547169834
0.9905660377358492
-0.6509433962264152
0.9716981132075473
-0.5
-0.3584905660377359
-0.7169811320754718
-0.34905660377358494
-0.8018867924528301
-0.26415094339622647
-0.1603773584905661
-0.4528301886792453
0.05660377358490565
0.037735849056603765
0.8679245283018868
-0.9433962264150944
0.8962264150943398
0.7358490566037736
0.07547169811320753
0.3679245283018868
0.9811320754716981
0.3113207547169812
-0.05660377358490565
-0.839622641509434
-0.5377358490566038
-0.7264150943396226
0.5471698113207546
0.06603773584905648
0.14150943396226423
-0.018867924528301883
0.6415094339622642
-0.28301886792452835
-0.07547169811320764
0.18867924528301883
-0.6320754716981133
-0.44339622641509435
-0.6037735849056605
0.7264150943396228
-0.8113207547169812
0.0
-0.08490566037735858
0.6320754716981132
-0.3207547169811321
0.6886792452830188
-0.30188679245283034
-0.3867924528301888
-0.4716981132075473
0.08490566037735858
-0.4339622641509434
-0.8867924528301887
0.2735849056603774
-0.49056603773584906
-0.037735849056603876
0.2641509433962266
-0.2924528301886793
-1.0
0.8584905660377358
-0.9245283018867925
0.8773584905660377
-0.7452830188679245
0.9339622641509433
0.37735849056603765
0.009433962264151052
0.7452830188679245
0.5
-0.7358490566037736
-0.3679245283018868
-0.8207547169811321
0.8301886792452831
0.7735849056603774
-0.5660377358490567
-0.1320754716981133
-0.5188679245283019
-0.8773584905660378
0.5566037735849056
0.509433962264151
-0.5849056603773586
-0.8490566037735849
0.5660377358490567
-0.8962264150943396
-0.5566037735849056
0.2075471698113207
0.028301886792452935
0.679245283018868
-0.4811320754716981
-0.7641509433962264
-0.4056603773584906
0.7924528301886791
0.9150943396226414
-0.1132075471698114
0.8113207547169812
0.34905660377358494
0.10377358490566047
-0.8584905660377359
0.7169811320754715
-0.9716981132075472
-0.04716981132075482
-0.14150943396226423
0.7641509433962264
0.28301886792452824
-0.7924528301886793
0.21698113207547176
-0.18867924528301894
-0.028301886792452935
0.3207547169811322
0.44339622641509435
-0.23584905660377364
0.8867924528301887
-0.8301886792452831
-0.9905660377358491
0.2264150943396226
RANK
157
211
16
197
91
48
117
82
159
32
73
181
151
175
44
195
179
125
210
169
140
110
202
20
12
187
88
161
167
127
108
41
62
13
36
96
97
104
63
136
64
21
138
29
178
69
172
182
52
126
74
174
6
106
153
186
148
17
113
137
150
9
24
188
55
147
67
168
107
109
80
57
144
1
146
156
133
66
111
79
81
208
19
31
18
75
204
65
40
112
7
199
173
33
191
90
77
142
134
95
124
198
154
205
131
85
141
164
2
184
115
43
114
129
120
149
35
194
50
27
61
130
98
71
25
46
135
23
183
203
212
28
86
3
155
152
201
15
100
123
206
99
68
193
30
121
163
22
83
78
84
26
93
207
39
54
4
102
72
166
177
0
11
14
128
176
180
70
60
87
59
37
47
143
132
76
56
34
185
145
94
42
196
139
119
165
58
200
171
53
189
92
192
89
170
49
8
158
116
160
209
118
45
190
10
162
101
38
5
105
122
103
51
