DEGREE
0.5555555555555556
-0.4444444444444444
0.5555555555555556
0.11111111111111116
-0.2222222222222222
-0.2222222222222222
0.5555555555555556
0.22222222222222232
-0.5555555555555556
0.33333333333333326
0.22222222222222232
0.6666666666666667
0.7777777777777777
-0.5555555555555556
-0.6666666666666667
-0.33333333333333337
-0.11111111111111116
-0.4444444444444444
0.22222222222222232
-0.5555555555555556
0.33333333333333326
0.22222222222222232
-0.11111111111111116
-0.7777777777777778
0.11111111111111116
-0.4444444444444444
0.11111111111111116
0.11111111111111116
-0.2222222222222222
-0.4444444444444444
0.33333333333333326
-0.11111111111111116
0.5555555555555556
-0.4444444444444444
0.11111111111111116
-0.4444444444444444
0.0
0.11111111111111116
-0.11111111111111116
0.4444444444444444
-0.4444444444444444
0.6666666666666667
-0.7777777777777778
1.0
-0.5555555555555556
0.0
-0.11111111111111116
0.4444444444444444
0.4444444444444444
0.22222222222222232
0.0
0.11111111111111116
-0.33333333333333337
-0.7777777777777778
-0.5555555555555556
-0.5555555555555556
-0.11111111111111116
0.0
0.11111111111111116
0.7777777777777777
-0.6666666666666667
-0.5555555555555556
-0.5555555555555556
-0.33333333333333337
0.22222222222222232
-0.4444444444444444
0.5555555555555556
-0.11111111111111116
0.11111111111111116
0.11111111111111116
-0.4444444444444444
0.4444444444444444
-0.11111111111111116
-0.4444444444444444
-0.2222222222222222
0.11111111111111116
-0.33333333333333337
0.0
-0.4444444444444444
-0.5555555555555556
0.7777777777777777
0.0
-0.33333333333333337
0.5555555555555556
0.33333333333333326
0.22222222222222232
0.5555555555555556
-1.0
0.0
-0.2222222222222222
-0.4444444444444444
0.0
0.11111111111111116
0.22222222222222232
0.7777777777777777
0.4444444444444444
0.22222222222222232
-0.5555555555555556
-0.2222222222222222
0.22222222222222232
0.33333333333333326
-0.33333333333333337
-0.4444444444444444
-0.4444444444444444
1.0
-0.4444444444444444
0.22222222222222232
-0.11111111111111116
0.4444444444444444
-0.7777777777777778
0.8888888888888888
-0.2222222222222222
0.8888888888888888
-0.7777777777777778
0.5555555555555556
-0.2222222222222222
-0.33333333333333337
-0.5555555555555556
0.22222222222222232
0.6666666666666667
-1.0
0.4444444444444444
-0.8888888888888888
0.4444444444444444
-0.2222222222222222
-0.11111111111111116
-0.2222222222222222
0.4444444444444444
-0.5555555555555556
0.22222222222222232
-0.2222222222222222
-0.2222222222222222
-0.5555555555555556
0.7777777777777777
0.5555555555555556
-0.4444444444444444
0.5555555555555556
0.4444444444444444
0.6666666666666667
0.11111111111111116
0.5555555555555556
0.7777777777777777
0.4444444444444444
-0.2222222222222222
0.11111111111111116
0.4444444444444444
0.0
0.7777777777777777
0.22222222222222232
0.33333333333333326
-0.6666666666666667
0.4444444444444444
0.7777777777777777
-0.6666666666666667
0.0
0.5555555555555556
0.11111111111111116
0.11111111111111116
0.4444444444444444
-0.5555555555555556
0.22222222222222232
0.4444444444444444
-0.5555555555555556
0.6666666666666667
-0.2222222222222222
0.22222222222222232
-0.2222222222222222
0.11111111111111116
-0.11111111111111116
0.33333333333333326
-0.11111111111111116
0.22222222222222232
-0.2222222222222222
-0.33333333333333337
-0.11111111111111116
0.0
0.11111111111111116
-0.2222222222222222
-0.33333333333333337
0.5555555555555556
-0.5555555555555556
-0.4444444444444444
0.5555555555555556
0.0
0.22222222222222232
-0.2222222222222222
0.6666666666666667
0.22222222222222232
0.8888888888888888
-0.33333333333333337
0.8888888888888888
-0.4444444444444444
-0.2222222222222222
-0.8888888888888888
-0.2222222222222222
-0.4444444444444444
-0.4444444444444444
-0.4444444444444444
0.11111111111111116
0.33333333333333326
-0.8888888888888888
-0.33333333333333337
-0.7777777777777778
-0.4444444444444444
-0.6666666666666667
-0.5555555555555556
-0.2222222222222222
0.7777777777777777
-0.33333333333333337
0.22222222222222232
0.5555555555555556
0.5555555555555556
0.5555555555555556
0.6666666666666667
0.5555555555555556
-0.11111111111111116
0.4444444444444444
0.33333333333333326
0.22222222222222232
-0.11111111111111116
-0.2222222222222222
0.11111111111111116
-0.11111111111111116
0.5555555555555556
0.22222222222222232
0.6666666666666667
-0.11111111111111116
0.7777777777777777
0.6666666666666667
0.22222222222222232
0.0
0.33333333333333326
0.22222222222222232
-0.11111111111111116
-0.4444444444444444
-0.2222222222222222
EIGENVECTOR
0.8361770809269757
-0.9662042426926132
-0.9981140741361563
-0.4160538374137652
-0.9957855915620313
-0.7369615976145819
-0.9946546601912745
-0.9981778335754736
-0.9238100796874472
-0.9934044322067263
-0.9980849786233845
-0.6326255184092988
-0.9984527126383786
-0.9997917226598073
-0.9824176771908143
-0.9999577629694029
-0.16681636837121716
-0.9999253249193378
-0.9998973083035552
-0.9999962485499548
-0.9970653879553663
-0.9998447043144896
-0.9999112670370008
-0.7813775438909603
-0.6726259657042117
-0.879110648551928
-0.1095380762817234
-0.9998788232324434
-0.9961239066791333
-0.9993061767199145
0.4282450925264587
-0.999893153154533
-0.9981701587352956
-0.9944209608126259
-0.9999832120539732
-0.9808904809844499
-0.5456198198617872
-0.9989937722210345
-0.9998604061699397
-0.9978590838893887
-0.9999945852304277
-0.9955542578677034
-0.9974943524993903
-0.9983722060418143
-0.9988988682579214
-0.9982963417575677
-0.9998577832403911
-0.7098025208851585
-0.9988060312609216
-0.999959101990066
-0.9950448432126239
-0.9999598432275543
-0.999731199879877
-0.9999865161463887
-0.9999943706871854
-0.9999804199895139
-0.8821500571137643
-0.9999739592043074
-0.999879685798887
0.7739971929414897
-0.9999989051251004
-0.9944686016794326
-0.9999978525648612
-0.9999654446079224
0.01973592710080263
-0.999967391525464
-0.9984112953181346
-0.9994051209833702
-0.70408861833212
-0.9976881416416079
-0.9999271305213125
-0.9986897780872807
-0.7896860388208743
-0.9998312022411773
-0.19261174941230663
-0.8657650183569578
-0.9999654446079225
-0.9995825772135706
-0.9995111922471025
-0.999228383812576
-0.6149893436776794
-0.9997774531098809
-0.9992219873241767
-0.9978431384791117
-0.9986935690064233
-0.7562346907726465
0.6345600474270432
-0.9992695500137312
-0.8827045201689663
-0.9999798075527924
-0.9999516866848086
-0.6192472655310659
-0.999907075903618
-0.8089608187544438
-0.9986843214637704
0.5590016105866977
-0.999872101631066
-0.998674596822817
-0.9999788700323005
-0.9936788152967827
-0.9987002170745743
-0.9975651796359515
-0.9772914476052065
-0.9583237233889669
0.9567560125964432
-0.9987445119361423
-0.9997419762855653
-0.9080145922038868
-0.9970661856168919
-0.9998678765031037
0.9098076877263495
-0.9721236974032577
1.0
-0.9999865161463886
-0.9983906470743696
-0.9996464208924187
-0.6888895684347401
-0.9776888777053871
-0.9940270938032807
-0.6803868313179666
-0.9957917126871793
-0.9932132054618601
-0.9999999999999999
-0.7769812774873643
-0.9991015751398217
-0.9999114354567611
-0.9998880227688658
-0.7463682534193136
-0.9999883443634365
-0.9999687355405023
-0.9988460727168715
-0.9587872027064465
-0.9999496399678334
0.8089336661700135
-0.9977031615114863
-0.999426158478035
-0.9938743413354273
-0.9940690721627948
-0.6769272814308701
-0.9998841347541608
0.8361770809269757
-0.9984439241140721
-0.9970444022917495
-0.7217857091740352
-0.9980219586675113
-0.9984617130547528
-0.9992736662411645
-0.9976386536617659
-0.9988429112790806
-0.9934044322067261
-0.9599603659901632
-0.9978821866172676
0.9409569633243791
-0.7071920738414066
-0.996676310662007
-0.6722992711810742
-0.9992297997713876
-0.9997037474978818
-0.9947844354702285
-0.9931018458343275
-0.10982794615138647
-0.9987163102149049
-0.9999908017498178
0.8911303949688754
-0.9994652287087389
-0.9978980897426791
-0.8516736580213391
-0.9762604584907285
-0.9997575893419687
-0.7012253766727049
-0.9999827079756458
-0.9936788152967826
-0.9999851168250384
-0.9957619353807193
-0.9968587321087392
-0.9998070853747055
-0.999247993530628
-0.9996015841408963
-0.9994433498472896
-0.7142241720747518
-0.9995383317220465
-0.9995301560223511
-0.9982809730362406
-0.9993395308176427
0.22224012529988557
-0.9994652287087388
0.7562372899619665
-0.9994285557632736
-0.6732622689939166
-0.9999400215830958
-0.6384622739147684
-0.9519933942875547
-0.9998802789502682
-1.0
-0.8855235429296844
-0.6193582000236569
-0.9788696388872079
-0.9999967580789052
-0.9993222953129377
-0.9999201845845558
-0.9999911465180756
-0.9770298809677502
-0.9999783819314114
-0.9995362809118054
-0.9995518563691312
-0.9991909987636874
-0.5303737710292654
-0.9927000181644552
-0.9999642617142466
-0.9999687355405023
0.5267979094999256
0.8361770809269755
-0.9981701587352956
-0.9984531858501525
-0.6960392905815416
-0.999805370900097
-0.998411692096222
-0.9936971936241954
-0.9988362632109297
-0.9999734029665769
-0.997403393070438
-0.9992155809634083
-0.9101790181407848
0.8361770809269757
-0.25532610828625624
-0.9988135333737436
-0.9994550833944724
-0.6467463717402794
-0.99715906245731
-0.997692058488426
-0.9999691774142901
-0.7536369090408748
-0.9988362632109297
-0.5664312502917903
-0.9999271305213125
-0.995006796624846
CENT
-0.9781571781586234
-0.6352535190054052
-0.8486290215437988
-0.4600553823394805
-0.723495492213311
-0.9795004389249136
-0.4805893870583584
-0.7568189544957993
-0.9420899564049982
-0.8534273974566038
-0.8618102925413738
-0.6239189557092322
-0.7079935022827857
-0.9928960636534389
-0.42081321308508135
-0.9120044881469036
-0.9482095634157317
-0.9168078207688632
-0.7642201867644322
-0.9513037048029754
-0.6034957154253775
-0.5863266173725017
-0.8335957478415383
-0.9447684296929394
-0.8341910945965358
-1.0
-0.800038258011653
-0.9036122904958604
-0.30081950149841963
-0.945395383398902
-0.4629522098236585
-0.9264521421182028
-0.8438546441067276
-0.9153333800341285
-0.7318905200238143
0.478054221799739
-0.7259273853669617
-0.8998282573777937
-0.9025624318696398
-0.7834779415376858
-0.9049461097640518
-0.28202162633117855
-0.6416223059098657
-0.7969386121906048
-0.27657630487438134
-0.9994466003987645
-0.9350740906544666
-0.9715084079836354
-0.4375151941880453
-0.9308134975648814
0.24171326727898435
-0.9672286591521797
-0.8282762380086611
-0.9998451011640108
-0.8394163727530551
-0.9101232180945626
-0.9888814530399664
-0.9731696661508132
-0.5323377775635582
-0.8547520144801127
-0.9369409957408857
-0.950391919612834
-0.8912507386385601
-0.9808049871787715
-0.8475349422192494
-0.892668577076748
-0.7981179274315715
-0.8091505843453923
-0.895110137261092
-0.5391041889958743
-0.9594068996331271
-0.40701319569919636
-0.7073395157856608
-0.4778097888660693
-0.9753375603524282
-0.9007209309621591
-0.9808049871787715
-0.6645625199383667
-0.9640387615408779
-0.9662130824319525
-0.5700551837496606
-0.7561316526561376
-0.7403097151447224
-0.057136661237121134
-0.8057744895287736
-0.9903518966223287
-0.8489415903458973
-1.0
-0.44390444057412615
-0.9906650058780783
-0.98123998555784
-0.859717529745486
-0.9052619805512712
0.5726215336712683
-0.9254435407160891
-0.24800601266542543
-0.8726968129431658
-0.7152739569072012
-0.7508225842714549
-0.8947118823770088
-0.8377690124468546
-0.21683999058393078
-0.9378796824395397
-0.9644407416461335
-0.5296569845853947
-0.912190798499071
-0.19699814051800013
-0.9406801300824689
-0.2979481979391233
-1.0
-0.6304450341396142
-0.7768863084367559
-0.6610746703732917
-0.9998451011640108
-0.8295326539734552
-0.9086029894423511
-0.9697777306460584
-0.7792849878428809
-0.8500204393624514
-0.9612905154010776
-1.0
-0.4191733461096202
-1.0
-0.8824735245005041
-0.3770156090821565
-0.9473526479137775
-0.756333769093412
-0.8798606068300048
-1.0
-0.9364532869032924
-0.7464943674056693
-0.6238626014683902
-0.3559160165153318
-0.6980922890419659
0.3191071597623689
-0.46843034970280284
-0.14726790060538453
-0.15529833402225635
-0.89224394725699
-0.9214663471026072
-0.9781571781586234
-0.788952000824952
-0.17468010321193395
-0.9583309470775487
-0.9337555524954749
-0.5690848467545829
-0.9942668550977847
-0.27483535357403976
-0.887986752438785
-0.8534273974566038
-1.0
-0.6373853591883181
-0.9086653891199306
0.8853377303333965
-0.6491844382521008
-0.9804075133399499
-0.7647954886614672
-0.6255919368460983
-0.4250694548628914
-0.8867397900846932
-0.805025937185633
-0.3972834239320905
-0.9002788650468369
-0.9499606534108074
-0.999941912936504
-0.5726136598397567
-0.9972167052439049
1.0
-0.6504016514192068
-0.9592731660450156
-0.8741391861799617
-0.8947118823770088
-0.8045794590443781
-0.8337106704048622
-0.9205912923991874
-0.6947923900453312
-0.9815613322333722
-0.6987569039463486
-0.6756516524227563
-0.9663142387055906
-0.9766827763008824
-0.9701798803852434
-0.8841070339457029
-0.9894231737800134
-0.6410341284455547
-0.999941912936504
-0.8783470746411217
-0.7302658051806712
-0.7918531971364352
-0.6032593873042597
-0.7811426311205073
-0.8412991621076078
-0.7757272563973512
-1.0
-0.7222768509267373
-0.8452796708485051
-0.525894532530659
-0.8458812030275555
-0.35783735228460234
-0.24091235529772903
-1.0
-0.8732758627652353
-0.999047954502681
-0.5392177428336061
-0.8030762749019618
0.6647543616186333
-0.9389427068556259
0.03165812977553606
-0.6948468968803079
-0.9364532869032924
-0.7706877288654806
-0.9781571781586234
-0.8438546441067276
-0.5473959295720837
-0.965663644939451
-0.8735551981598972
-0.9369471923923804
-0.7015800327154238
-0.890078823991095
-0.8307883243063736
-0.09920829847479051
-0.975122000527923
-0.8904951562473691
-0.9781571781586234
-0.4734541725321102
-0.9156203871788473
-0.9870656069067562
-0.8341063825802364
0.033867623723151
-0.8593348185946297
-0.9820007033786191
-0.9874542277183977
-0.890078823991095
-0.9182854333654562
-0.9594068996331271
-0.3368230599441975
DEGREE_RANK
0.6340425531914895
-0.7191489361702128
0.6425531914893619
0.0382978723404257
-0.4212765957446808
-0.41276595744680855
0.651063829787234
0.20851063829787253
-0.8638297872340426
0.41276595744680855
0.21702127659574466
0.795744680851064
0.8723404255319147
-0.8553191489361702
-0.9063829787234042
-0.5234042553191489
-0.225531914893617
-0.7106382978723405
0.225531914893617
-0.8468085106382979
0.4212765957446809
0.23404255319148937
-0.21702127659574466
-0.9574468085106382
0.04680851063829805
-0.7021276595744681
0.05531914893617018
0.06382978723404253
-0.4042553191489362
-0.6936170212765957
0.42978723404255326
-0.2085106382978723
0.6595744680851063
-0.6851063829787234
0.07234042553191489
-0.676595744680851
-0.07234042553191489
0.08085106382978724
-0.20000000000000007
0.49787234042553186
-0.6680851063829787
0.8042553191489363
-0.948936170212766
0.9914893617021276
-0.8382978723404255
-0.06382978723404253
-0.1914893617021276
0.5063829787234042
0.5148936170212766
0.24255319148936172
-0.05531914893617018
0.08936170212765959
-0.5148936170212766
-0.9404255319148936
-0.8297872340425532
-0.8212765957446808
-0.18297872340425525
-0.04680851063829783
0.09787234042553195
0.8808510638297873
-0.8978723404255319
-0.8127659574468085
-0.8042553191489361
-0.5063829787234042
0.25106382978723407
-0.6595744680851063
0.6680851063829787
-0.174468085106383
0.1063829787234043
0.11489361702127643
-0.651063829787234
0.5234042553191489
-0.16595744680851066
-0.6425531914893616
-0.39574468085106373
0.123404255319149
-0.49787234042553197
-0.03829787234042559
-0.6340425531914893
-0.7957446808510639
0.8893617021276596
-0.029787234042553234
-0.4893617021276596
0.676595744680851
0.4382978723404254
0.2595744680851064
0.6851063829787234
-1.0
-0.02127659574468077
-0.3872340425531915
-0.625531914893617
-0.012765957446808529
0.13191489361702136
0.2680851063829788
0.897872340425532
0.5319148936170213
0.2765957446808509
-0.7872340425531915
-0.37872340425531914
0.28510638297872326
0.44680851063829774
-0.48085106382978715
-0.6170212765957446
-0.6085106382978723
1.0
-0.6
0.29361702127659584
-0.1574468085106383
0.5404255319148938
-0.9319148936170213
0.9574468085106382
-0.3702127659574468
0.9659574468085108
-0.9234042553191489
0.6936170212765957
-0.36170212765957455
-0.4723404255319149
-0.7787234042553192
0.3021276595744682
0.8127659574468085
-0.9914893617021276
0.548936170212766
-0.9829787234042553
0.5574468085106383
-0.3531914893617021
-0.14893617021276584
-0.34468085106382973
0.5659574468085107
-0.7702127659574468
0.31063829787234054
-0.3361702127659575
-0.32765957446808514
-0.7617021276595745
0.9063829787234043
0.7021276595744681
-0.5914893617021276
0.7106382978723405
0.574468085106383
0.8212765957446808
0.1404255319148937
0.7191489361702128
0.9148936170212767
0.5829787234042554
-0.3191489361702128
0.14893617021276606
0.5914893617021277
-0.004255319148936176
0.9234042553191488
0.3191489361702129
0.4553191489361701
-0.8893617021276596
0.5999999999999999
0.9319148936170212
-0.8808510638297873
0.004255319148936065
0.7276595744680852
0.15744680851063841
0.16595744680851054
0.6085106382978722
-0.7531914893617022
0.327659574468085
0.6170212765957446
-0.7446808510638298
0.8297872340425532
-0.31063829787234043
0.3361702127659574
-0.3021276595744681
0.1744680851063829
-0.1404255319148936
0.46382978723404267
-0.13191489361702124
0.34468085106382973
-0.2936170212765957
-0.46382978723404256
-0.12340425531914889
0.012765957446808418
0.18297872340425525
-0.28510638297872337
-0.4553191489361702
0.7361702127659575
-0.7361702127659575
-0.5829787234042554
0.7446808510638299
0.02127659574468077
0.3531914893617021
-0.27659574468085113
0.8382978723404255
0.36170212765957444
0.9744680851063829
-0.44680851063829785
0.9829787234042553
-0.5744680851063829
-0.26808510638297867
-0.9744680851063829
-0.2595744680851063
-0.5659574468085107
-0.5574468085106383
-0.548936170212766
0.1914893617021276
0.472340425531915
-0.9659574468085106
-0.4382978723404255
-0.9148936170212766
-0.5404255319148936
-0.8723404255319149
-0.7276595744680852
-0.25106382978723407
0.9404255319148935
-0.42978723404255315
0.3702127659574468
0.7531914893617022
0.7617021276595743
0.7702127659574467
0.8468085106382979
0.778723404255319
-0.11489361702127665
0.6255319148936171
0.4808510638297874
0.37872340425531914
-0.10638297872340419
-0.24255319148936172
0.19999999999999996
-0.09787234042553183
0.7872340425531914
0.3872340425531915
0.8553191489361702
-0.08936170212765959
0.9489361702127659
0.8638297872340426
0.39574468085106385
0.029787234042553123
0.4893617021276595
0.4042553191489362
-0.08085106382978724
-0.5319148936170213
-0.23404255319148926
EIGENVECTOR_RANK
0.9574468085106382
0.42978723404255326
0.004255319148936065
0.8042553191489363
0.1914893617021276
0.6085106382978722
0.24255319148936172
-0.02127659574468077
0.472340425531915
0.3191489361702129
0.012765957446808418
0.7446808510638299
-0.08936170212765959
-0.5148936170212766
0.36170212765957444
-0.7361702127659575
0.8297872340425532
-0.6851063829787234
-0.6425531914893616
-0.9574468085106382
0.1404255319148937
-0.548936170212766
-0.6595744680851063
0.5659574468085107
0.7106382978723405
0.5234042553191489
0.8468085106382979
-0.5914893617021276
0.1744680851063829
-0.3191489361702128
0.8723404255319147
-0.6340425531914893
-0.004255319148936176
0.2595744680851064
-0.8808510638297873
0.3702127659574468
0.7872340425531914
-0.23404255319148926
-0.5659574468085107
0.04680851063829805
-0.948936170212766
0.20851063829787253
0.1063829787234043
-0.04680851063829783
-0.225531914893617
-0.03829787234042559
-0.5574468085106383
0.6340425531914895
-0.174468085106383
-0.7446808510638298
0.21702127659574466
-0.7531914893617022
-0.48085106382978715
-0.9063829787234042
-0.9404255319148936
-0.8638297872340426
0.5148936170212766
-0.8297872340425532
-0.6
0.9148936170212767
-0.9829787234042553
0.25106382978723407
-0.9744680851063829
-0.7702127659574468
0.8553191489361702
-0.7872340425531915
-0.06382978723404253
-0.34468085106382973
0.651063829787234
0.08085106382978724
-0.6936170212765957
-0.13191489361702124
0.5574468085106383
-0.5404255319148936
0.8212765957446808
0.5319148936170213
-0.7787234042553192
-0.44680851063829785
-0.4042553191489362
-0.27659574468085113
0.7702127659574467
-0.5063829787234042
-0.26808510638297867
0.05531914893617018
-0.1404255319148936
0.5829787234042554
0.897872340425532
-0.3021276595744681
0.5063829787234042
-0.8553191489361702
-0.7276595744680852
0.7617021276595743
-0.651063829787234
0.548936170212766
-0.12340425531914889
0.8893617021276596
-0.5829787234042554
-0.11489361702127665
-0.8468085106382979
0.3021276595744682
-0.14893617021276584
0.09787234042553195
0.39574468085106385
0.4553191489361701
0.9914893617021276
-0.16595744680851066
-0.4893617021276596
0.4893617021276595
0.13191489361702136
-0.5744680851063829
0.9744680851063829
0.4212765957446809
1.0
-0.8978723404255319
-0.05531914893617018
-0.46382978723404256
0.676595744680851
0.3872340425531915
0.2765957446808509
0.6851063829787234
0.18297872340425525
0.3361702127659574
-1.0
0.574468085106383
-0.24255319148936172
-0.6680851063829787
-0.625531914893617
0.5999999999999999
-0.9148936170212766
-0.8042553191489361
-0.21702127659574466
0.44680851063829774
-0.7191489361702128
0.9234042553191488
0.06382978723404253
-0.3531914893617021
0.28510638297872326
0.2680851063829788
0.6936170212765957
-0.6170212765957446
0.9319148936170212
-0.08085106382978724
0.14893617021276606
0.6170212765957446
0.02127659574468077
-0.10638297872340419
-0.31063829787234043
0.08936170212765959
-0.2085106382978723
0.327659574468085
0.4382978723404254
0.0382978723404257
0.9829787234042553
0.6425531914893619
0.16595744680851054
0.7191489361702128
-0.28510638297872337
-0.4723404255319149
0.23404255319148937
0.34468085106382973
0.8382978723404255
-0.1574468085106383
-0.9234042553191489
0.9659574468085108
-0.3872340425531915
0.029787234042553123
0.5404255319148938
0.41276595744680855
-0.49787234042553197
0.6595744680851063
-0.8723404255319149
0.31063829787234054
-0.8893617021276596
0.19999999999999996
0.15744680851063841
-0.5319148936170213
-0.2936170212765957
-0.4553191489361702
-0.3702127659574468
0.6255319148936171
-0.42978723404255315
-0.41276595744680855
-0.029787234042553234
-0.3361702127659575
0.8638297872340426
-0.39574468085106373
0.9063829787234043
-0.36170212765957455
0.7021276595744681
-0.7106382978723405
0.7361702127659575
0.46382978723404267
-0.6085106382978723
-0.9914893617021276
0.49787234042553186
0.7531914893617022
0.37872340425531914
-0.9659574468085106
-0.32765957446808514
-0.676595744680851
-0.9319148936170213
0.4042553191489362
-0.8382978723404255
-0.4212765957446808
-0.4382978723404255
-0.25106382978723407
0.795744680851064
0.3531914893617021
-0.7617021276595745
-0.7957446808510639
0.8808510638297873
0.9404255319148935
-0.012765957446808529
-0.09787234042553183
0.6680851063829787
-0.5234042553191489
-0.07234042553191489
0.29361702127659584
-0.1914893617021276
-0.8212765957446808
0.11489361702127643
-0.2595744680851063
0.4808510638297874
0.9489361702127659
0.8127659574468085
-0.18297872340425525
-0.37872340425531914
0.7276595744680852
0.123404255319149
0.07234042553191489
-0.8127659574468085
0.5914893617021277
-0.20000000000000007
0.778723404255319
-0.7021276595744681
0.225531914893617
CENT_RANK
-0.7361702127659575
0.5234042553191489
0.004255319148936065
0.7106382978723405
0.3702127659574468
-0.7446808510638298
0.6680851063829787
0.29361702127659584
-0.4893617021276596
-0.029787234042553234
-0.06382978723404253
0.548936170212766
0.39574468085106385
-0.8553191489361702
0.7446808510638299
-0.3191489361702128
-0.5234042553191489
-0.3531914893617021
0.28510638297872326
-0.548936170212766
0.5659574468085107
0.5829787234042554
0.1063829787234043
-0.49787234042553197
0.08085106382978724
-1.0
0.18297872340425525
-0.26808510638297867
0.8127659574468085
-0.5063829787234042
0.7021276595744681
-0.39574468085106373
0.0382978723404257
-0.3361702127659575
0.34468085106382973
0.9659574468085108
0.36170212765957444
-0.23404255319148926
-0.2595744680851063
0.225531914893617
-0.27659574468085113
0.8297872340425532
0.49787234042553186
0.19999999999999996
0.8382978723404255
-0.8893617021276596
-0.4212765957446808
-0.6680851063829787
0.7276595744680852
-0.4042553191489362
0.9489361702127659
-0.6425531914893616
0.13191489361702136
-0.9063829787234042
0.06382978723404253
-0.31063829787234043
-0.8212765957446808
-0.676595744680851
0.6425531914893619
-0.03829787234042559
-0.44680851063829785
-0.5404255319148936
-0.18297872340425525
-0.7702127659574468
0.012765957446808418
-0.20000000000000007
0.1914893617021276
0.1404255319148937
-0.225531914893617
0.6340425531914895
-0.5829787234042554
0.7617021276595743
0.4042553191489362
0.676595744680851
-0.6936170212765957
-0.25106382978723407
-0.7617021276595745
0.46382978723404267
-0.6
-0.625531914893617
0.5999999999999999
0.31063829787234054
0.3361702127659574
0.9234042553191488
0.14893617021276606
-0.8382978723404255
-0.004255319148936176
-0.9914893617021276
0.7191489361702128
-0.8468085106382979
-0.7787234042553192
-0.05531914893617018
-0.28510638297872337
0.9744680851063829
-0.3872340425531915
0.8553191489361702
-0.07234042553191489
0.3872340425531915
0.3191489361702129
-0.21702127659574466
0.07234042553191489
0.8723404255319147
-0.46382978723404256
-0.6085106382978723
0.651063829787234
-0.32765957446808514
0.8808510638297873
-0.48085106382978715
0.8212765957446808
-0.9829787234042553
0.5319148936170213
0.25106382978723407
0.472340425531915
-0.8978723404255319
0.123404255319149
-0.2936170212765957
-0.651063829787234
0.24255319148936172
-0.012765957446808529
-0.5914893617021276
-0.9744680851063829
0.7531914893617022
-0.9659574468085106
-0.12340425531914889
0.778723404255319
-0.5148936170212766
0.3021276595744682
-0.11489361702127665
-0.9574468085106382
-0.4382978723404255
0.327659574468085
0.5574468085106383
0.795744680851064
0.42978723404255326
0.9574468085106382
0.6936170212765957
0.9063829787234043
0.897872340425532
-0.1914893617021276
-0.37872340425531914
-0.7276595744680852
0.21702127659574466
0.8893617021276596
-0.5574468085106383
-0.41276595744680855
0.6085106382978722
-0.8638297872340426
0.8468085106382979
-0.14893617021276584
-0.02127659574468077
-0.948936170212766
0.5148936170212766
-0.3021276595744681
0.9914893617021276
0.4893617021276595
-0.7531914893617022
0.2765957446808509
0.5404255319148938
0.7361702127659575
-0.1404255319148936
0.15744680851063841
0.7702127659574467
-0.24255319148936172
-0.5319148936170213
-0.9234042553191489
0.5914893617021277
-0.8723404255319149
1.0
0.4808510638297874
-0.5659574468085107
-0.09787234042553183
-0.2085106382978723
0.16595744680851054
0.09787234042553195
-0.3702127659574468
0.44680851063829774
-0.7872340425531915
0.4212765957446809
0.4553191489361701
-0.6340425531914893
-0.7021276595744681
-0.6595744680851063
-0.13191489361702124
-0.8297872340425532
0.5063829787234042
-0.9148936170212766
-0.10638297872340419
0.3531914893617021
0.20851063829787253
0.574468085106383
0.23404255319148937
0.05531914893617018
0.2595744680851064
-0.9404255319148936
0.37872340425531914
0.029787234042553123
0.6595744680851063
0.02127659574468077
0.7872340425531914
0.8638297872340426
-0.9319148936170213
-0.08085106382978724
-0.8808510638297873
0.6255319148936171
0.1744680851063829
0.9829787234042553
-0.4723404255319149
0.9319148936170212
0.4382978723404254
-0.42978723404255315
0.2680851063829788
-0.7191489361702128
0.04680851063829805
0.6170212765957446
-0.6170212765957446
-0.08936170212765959
-0.4553191489361702
0.41276595744680855
-0.16595744680851066
0.11489361702127643
0.9148936170212767
-0.6851063829787234
-0.174468085106383
-0.7106382978723405
0.6851063829787234
-0.34468085106382973
-0.8042553191489361
0.08936170212765959
0.9404255319148935
-0.04680851063829783
-0.7957446808510639
-0.8127659574468085
-0.1574468085106383
-0.36170212765957455
-0.5744680851063829
0.8042553191489363
RANK
25
87
109
120
122
128
150
193
200
164
185
53
113
45
202
166
146
13
89
85
183
56
231
226
230
176
90
63
76
155
5
0
140
211
223
180
74
221
57
47
181
116
51
179
79
214
103
78
119
70
234
169
143
19
61
163
16
125
29
23
8
107
206
102
216
60
129
209
46
144
49
31
94
139
174
233
17
225
33
105
15
55
152
115
92
40
27
38
75
162
37
68
99
171
65
138
62
222
218
232
148
159
182
123
127
186
170
215
201
96
10
91
229
59
9
149
118
86
2
64
197
195
32
212
191
54
100
24
227
173
22
219
114
52
67
84
160
172
204
26
66
43
188
141
39
190
117
111
192
210
156
18
7
126
81
98
130
82
34
187
36
4
194
97
12
72
217
177
133
208
175
178
77
112
168
154
42
184
151
1
110
157
11
131
20
189
21
165
80
145
213
203
69
58
104
196
6
73
224
135
30
3
88
48
158
14
121
71
161
124
198
132
235
28
108
41
44
147
95
199
101
106
142
137
136
220
83
207
228
50
134
35
93
205
153
167
