DEGREE
-0.8333333333333334
0.0
0.33333333333333326
-1.0
0.33333333333333326
0.0
-0.8333333333333334
-0.16666666666666663
0.16666666666666674
-0.6666666666666667
-1.0
-0.33333333333333337
0.33333333333333326
-0.5
0.0
-0.5
0.33333333333333326
0.16666666666666674
-0.33333333333333337
-1.0
0.33333333333333326
0.5
-0.5
0.5
-0.16666666666666663
-0.16666666666666663
0.5
0.16666666666666674
0.5
0.16666666666666674
-0.8333333333333334
-0.33333333333333337
-0.6666666666666667
0.8333333333333333
-0.16666666666666663
-0.16666666666666663
0.0
-0.5
-0.8333333333333334
0.5
0.16666666666666674
1.0
-0.16666666666666663
0.16666666666666674
0.16666666666666674
0.0
0.16666666666666674
-0.33333333333333337
0.8333333333333333
-0.16666666666666663
0.0
-0.33333333333333337
0.16666666666666674
0.33333333333333326
-0.33333333333333337
-0.8333333333333334
0.8333333333333333
-0.6666666666666667
0.0
0.0
-0.33333333333333337
-0.6666666666666667
-0.5
-0.16666666666666663
-0.16666666666666663
0.0
-0.16666666666666663
0.16666666666666674
0.6666666666666667
-0.6666666666666667
-0.6666666666666667
0.0
-0.33333333333333337
0.16666666666666674
-0.5
0.16666666666666674
-0.5
-0.16666666666666663
-0.5
1.0
0.33333333333333326
0.5
-0.5
-0.16666666666666663
-1.0
-0.5
0.5
0.33333333333333326
-0.8333333333333334
-0.5
-0.8333333333333334
-0.33333333333333337
-0.5
-1.0
0.16666666666666674
0.16666666666666674
-0.16666666666666663
0.16666666666666674
0.6666666666666667
0.33333333333333326
-0.16666666666666663
0.0
-0.16666666666666663
-0.5
-0.6666666666666667
-0.8333333333333334
0.0
-0.16666666666666663
0.0
-0.33333333333333337
0.6666666666666667
-0.5
-0.33333333333333337
0.0
0.33333333333333326
-0.16666666666666663
0.33333333333333326
0.16666666666666674
0.0
0.16666666666666674
-0.5
EIGENVECTOR
-0.987511443493892
-0.8899385628543856
-0.9990075198040016
-0.9959621636993408
0.3810377710224382
-0.4394138907241265
-0.9979097549947094
-0.9951077226078907
-0.4661697676581028
-0.9994415541488045
-0.9994679014473414
-0.9772807085209636
-0.6036835488169893
-0.9997458867774389
-0.9920876471611277
-0.9942159923892939
-0.2769443477261355
0.12392921314195782
-0.7235304257583954
-0.9999533637516919
-0.9980777407497049
0.48430731008477146
-0.6542318347708211
0.37888370820602635
-0.9325082573458038
-0.9997158082777768
0.5448231450754739
-0.9979903317577339
-0.46054623196216626
-0.984895445094973
-0.99454319385852
-0.9834675411169392
-0.9903824949370056
-0.9985404748760522
-0.8247854593040995
-0.9038449606201179
-0.9860876201749539
-0.999231555603929
-0.999860609718356
0.5749356832330894
-0.9992812830970128
1.0
-0.9706017568527768
-0.8383195245317927
0.2989513526724028
-0.9991242825252915
-0.9423479764955767
-0.9997245362582716
0.6879122118770935
-0.9484379843854321
-0.9313162944673895
-0.9998767827345207
-0.8075705711872958
-0.4823681690853334
-0.8126644705651498
-0.9999651021773172
0.8378860554881771
-0.9994601389568769
-0.8064649540748285
-0.22148993079620016
-0.9416139065591371
-0.9613470129832172
-0.999467543397351
-0.5378064029335289
-0.9497434309809183
-0.9729301393507152
-0.8535334336634014
-0.5608042919862215
-0.2647530763522411
-0.98302403934419
-0.9810111249006971
-0.8797110172926665
-0.8237862469686716
-0.1761019215322991
-0.9980584558090146
-0.9988419006974445
-0.9565965679228746
-0.7708043482889627
-0.8611314391466178
0.9471667541070461
-0.998875423348223
0.4631400707403668
-0.9975866510161181
-0.9985134545901602
-1.0
-0.9999330288736415
0.34634857424043863
-0.9331911734018351
-0.9999186403446203
-0.9970478831262332
-0.9999651021773175
-0.9984752358857191
-0.9947280157745944
-0.9994548524593961
-0.9624562089526872
-0.9990615011168594
-0.999715808277777
-0.9964628020669974
-0.46244153620626427
-0.9990935770211421
-0.9608774191407125
-0.9217035982871647
-0.9938026204130392
-0.9946672176676326
-0.9969378753530415
-0.9988559374336369
-0.9950980539120671
-0.982212192157033
-0.9991230359837892
-0.9653377548619566
-0.998268113207651
-0.9994675433973508
-0.9998767827345209
-0.9501460972392346
-0.5513583165374265
-0.9994640984232664
-0.07160269743761072
-0.9624562089526876
-0.06048056337089125
-0.9848954450949727
-0.9679178214784795
CENT
-1.0
-0.3757883299324589
-0.9935477591608335
-1.0
-0.822841790696464
0.10254560318918826
-1.0
-0.8741428302075482
-0.4598971513278324
-0.6951413836480684
-1.0
-0.997789274884521
-0.18928203548281863
-0.8362688896550363
-0.8347581552967378
-0.919720201362321
-0.8352845827316431
-0.8684362050528504
-1.0
-1.0
-0.7929622908317031
-0.6834551303212614
-0.2274067581376773
-0.7674526720296989
-0.9826914245037269
-0.8126448201977575
-0.747835523622485
-0.9179158955224316
-0.9279204290161431
-0.8253951160360904
-0.9004917601167302
-0.9990156040751864
-1.0
-0.9634309863340638
-0.08883820570271772
-0.6100772040217667
-0.8748451823270911
-0.983718539604501
-0.9653142628860448
-0.7767185430018072
-0.8996555564202321
-0.6969316645508682
-0.7024310908435899
-0.5598280632965351
-0.9246481634623028
-0.6468888997557853
-0.945696133350465
-0.7153677718696909
-0.5540749307626778
-0.7745970214789561
-0.9224282291161883
-0.8655082969934745
-0.7484494259612111
-0.9523469374104154
-0.852910258000863
-1.0
-0.6530351673960386
-0.8026559276264564
-0.8693621553957256
-0.7675083554126647
-0.8119439714296446
-0.9004917601167302
-0.993159199589686
-0.7653689931424055
-0.9476501748064082
-0.7777398418467429
-0.8356201448296832
-0.9852559536410314
-0.044640770450516065
-0.7907054689709315
-0.6989260227984517
-0.858690772961305
-0.7234933546003719
-0.6662079271891342
-0.4873980484707511
-0.9968217019674229
-0.2477853674471414
-0.8539296225898171
1.0
-0.4783147115835752
-0.9895917865448572
-0.7988744242071895
-0.8505401561507331
-0.86908975147977
-1.0
-1.0
-0.6782286935615197
-0.9300949349999255
-0.9975112985223272
-0.961216916105777
-1.0
-0.954132421635741
-0.44793475694954366
-1.0
-0.9190137112933481
-0.9930102970606671
-0.8126448201977575
-0.11968838055466957
-0.31274909930343553
-0.9213128831912328
-0.6076334316344603
-0.9129198885983751
-0.9691912775516364
-0.8645268740644247
-0.9882513380642022
-1.0
-0.6079605635334733
0.7805227631332339
-0.9340343235191957
-0.9357252793197152
-0.7727291694399171
-0.993159199589686
-0.8655082969934745
-0.9440857846659733
-0.9004466328027888
-0.9743119118537443
-0.16724276835244445
-0.9190137112933481
0.3967220337711528
-0.8253951160360904
-0.9393342363025718
DEGREE_RANK
-0.9166666666666666
0.050000000000000044
0.5833333333333335
-1.0
0.6000000000000001
0.06666666666666665
-0.9
-0.2333333333333334
0.30000000000000004
-0.7833333333333333
-0.9833333333333333
-0.41666666666666663
0.6166666666666667
-0.6666666666666667
0.08333333333333326
-0.65
0.6333333333333335
0.31666666666666665
-0.4
-0.9666666666666667
0.6500000000000001
0.7666666666666668
-0.6333333333333333
0.7833333333333334
-0.21666666666666656
-0.19999999999999996
0.8
0.33333333333333326
0.8166666666666667
0.34999999999999987
-0.8833333333333333
-0.3833333333333334
-0.7666666666666666
0.9333333333333333
-0.18333333333333335
-0.16666666666666674
0.10000000000000009
-0.6166666666666667
-0.8666666666666667
0.8333333333333335
0.3666666666666667
0.9833333333333334
-0.1499999999999999
0.3833333333333333
0.3999999999999999
0.1166666666666667
0.4166666666666665
-0.3666666666666668
0.95
-0.1333333333333333
0.1333333333333333
-0.35
0.43333333333333335
0.6666666666666667
-0.33333333333333337
-0.85
0.9666666666666668
-0.75
0.1499999999999999
0.16666666666666674
-0.31666666666666676
-0.7333333333333334
-0.6
-0.1166666666666667
-0.10000000000000009
0.18333333333333335
-0.08333333333333326
0.44999999999999996
0.8833333333333333
-0.7166666666666667
-0.7
0.19999999999999996
-0.30000000000000016
0.46666666666666656
-0.5833333333333333
0.48333333333333317
-0.5666666666666667
-0.06666666666666665
-0.55
1.0
0.6833333333333333
0.8500000000000001
-0.5333333333333333
-0.050000000000000044
-0.95
-0.5166666666666666
0.8666666666666667
0.7000000000000002
-0.8333333333333334
-0.5
-0.8166666666666667
-0.2833333333333333
-0.4833333333333333
-0.9333333333333333
0.5000000000000002
0.5166666666666668
-0.03333333333333344
0.5333333333333334
0.9000000000000001
0.7166666666666668
-0.016666666666666607
0.21666666666666656
0.0
-0.4666666666666667
-0.6833333333333333
-0.8
0.2333333333333334
0.016666666666666607
0.25
-0.2666666666666667
0.9166666666666667
-0.45000000000000007
-0.2500000000000001
0.2666666666666666
0.7333333333333334
0.03333333333333344
0.75
0.55
0.2833333333333332
0.5666666666666669
-0.43333333333333346
EIGENVECTOR_RANK
-0.1333333333333333
0.33333333333333326
-0.5666666666666667
-0.30000000000000016
0.8666666666666667
0.6833333333333333
-0.3833333333333334
-0.2833333333333333
0.6333333333333335
-0.6833333333333333
-0.7833333333333333
0.0
0.55
-0.85
-0.16666666666666674
-0.19999999999999996
0.7000000000000002
0.8
0.5166666666666668
-0.95
-0.43333333333333346
0.9000000000000001
0.5333333333333334
0.8500000000000001
0.2666666666666666
-0.8
0.9166666666666667
-0.4
0.6666666666666667
-0.10000000000000009
-0.21666666666666656
-0.06666666666666665
-0.1499999999999999
-0.5
0.4166666666666665
0.31666666666666665
-0.1166666666666667
-0.65
-0.8666666666666667
0.9333333333333333
-0.6666666666666667
1.0
0.03333333333333344
0.3999999999999999
0.8166666666666667
-0.6333333333333333
0.21666666666666656
-0.8333333333333334
0.95
0.19999999999999996
0.2833333333333332
-0.9
0.46666666666666656
0.6166666666666667
0.44999999999999996
-0.9666666666666667
0.9666666666666668
-0.7166666666666667
0.48333333333333317
0.7333333333333334
0.2333333333333334
0.1166666666666667
-0.7666666666666666
0.6000000000000001
0.18333333333333335
0.016666666666666607
0.3833333333333333
0.5666666666666669
0.7166666666666668
-0.050000000000000044
-0.016666666666666607
0.34999999999999987
0.43333333333333335
0.75
-0.41666666666666663
-0.5166666666666666
0.1499999999999999
0.5000000000000002
0.3666666666666667
0.9833333333333334
-0.55
0.8833333333333333
-0.3666666666666668
-0.4833333333333333
-1.0
-0.9333333333333333
0.8333333333333335
0.25
-0.9166666666666666
-0.35
-0.9833333333333333
-0.4666666666666667
-0.2500000000000001
-0.7
0.10000000000000009
-0.5833333333333333
-0.8166666666666667
-0.31666666666666676
0.6500000000000001
-0.6
0.1333333333333333
0.30000000000000004
-0.18333333333333335
-0.2333333333333334
-0.33333333333333337
-0.5333333333333333
-0.2666666666666667
-0.03333333333333344
-0.6166666666666667
0.06666666666666665
-0.45000000000000007
-0.75
-0.8833333333333333
0.16666666666666674
0.5833333333333335
-0.7333333333333334
0.7666666666666668
0.08333333333333326
0.7833333333333334
-0.08333333333333326
0.050000000000000044
CENT_RANK
-1.0
0.8
-0.7166666666666667
-0.9833333333333333
0.18333333333333335
0.95
-0.9666666666666667
-0.10000000000000009
0.7666666666666668
0.55
-0.95
-0.7666666666666666
0.8666666666666667
0.08333333333333326
0.1333333333333333
-0.2666666666666667
0.1166666666666667
-0.050000000000000044
-0.9333333333333333
-0.9166666666666666
0.2833333333333332
0.5666666666666669
0.8500000000000001
0.3999999999999999
-0.5833333333333333
0.19999999999999996
0.44999999999999996
-0.21666666666666656
-0.33333333333333337
0.1499999999999999
-0.18333333333333335
-0.7833333333333333
-0.9
-0.5166666666666666
0.9166666666666667
0.6500000000000001
-0.1166666666666667
-0.6
-0.5333333333333333
0.33333333333333326
-0.1333333333333333
0.5333333333333334
0.5000000000000002
0.7000000000000002
-0.31666666666666676
0.6333333333333335
-0.43333333333333346
0.48333333333333317
0.7166666666666668
0.34999999999999987
-0.30000000000000016
-0.03333333333333344
0.43333333333333335
-0.4666666666666667
0.050000000000000044
-0.8833333333333333
0.6166666666666667
0.25
-0.08333333333333326
0.3833333333333333
0.2333333333333334
-0.16666666666666674
-0.7
0.4166666666666665
-0.45000000000000007
0.31666666666666665
0.10000000000000009
-0.6166666666666667
0.9333333333333333
0.30000000000000004
0.5166666666666668
0.016666666666666607
0.46666666666666656
0.6000000000000001
0.7333333333333334
-0.7333333333333334
0.8333333333333335
0.03333333333333344
1.0
0.75
-0.65
0.2666666666666666
0.06666666666666665
-0.06666666666666665
-0.8666666666666667
-0.85
0.5833333333333335
-0.35
-0.75
-0.5
-0.8333333333333334
-0.4833333333333333
0.7833333333333334
-0.8166666666666667
-0.2500000000000001
-0.6666666666666667
0.21666666666666656
0.9000000000000001
0.8166666666666667
-0.2833333333333333
0.6833333333333333
-0.19999999999999996
-0.55
0.0
-0.6333333333333333
-0.8
0.6666666666666667
0.9833333333333334
-0.3666666666666668
-0.3833333333333334
0.3666666666666667
-0.6833333333333333
-0.016666666666666607
-0.41666666666666663
-0.1499999999999999
-0.5666666666666667
0.8833333333333333
-0.2333333333333334
0.9666666666666668
0.16666666666666674
-0.4
RANK
0
3
6
10
18
19
32
55
84
85
90
93
105
31
11
88
75
2
62
111
95
80
104
67
37
24
115
102
38
33
89
91
53
64
46
113
120
109
108
87
28
44
50
99
15
94
117
27
101
30
61
114
40
36
7
58
83
17
51
112
103
71
77
54
82
13
66
16
14
29
119
4
25
96
60
57
81
20
69
65
39
49
110
59
23
63
52
26
72
47
42
70
41
9
21
86
73
56
45
35
106
100
43
48
74
79
8
92
1
98
76
22
12
116
97
34
68
5
118
107
78
