DEGREE
0.41666666666666674
-0.08333333333333337
0.6666666666666667
0.25
0.5416666666666667
0.375
0.625
0.29166666666666674
0.5
-0.16666666666666663
-0.5416666666666667
0.7083333333333333
0.5416666666666667
0.6666666666666667
0.375
0.125
-0.20833333333333337
-0.08333333333333337
-0.16666666666666663
0.625
0.20833333333333326
-0.625
0.875
0.25
-1.0
0.75
0.41666666666666674
0.45833333333333326
0.6666666666666667
0.8333333333333333
0.5
0.16666666666666674
0.7083333333333333
-0.41666666666666663
0.7916666666666667
-0.25
0.29166666666666674
0.6666666666666667
0.5833333333333333
0.04166666666666674
0.8333333333333333
0.6666666666666667
-0.5
-0.625
0.33333333333333326
0.75
0.5833333333333333
0.0
0.5833333333333333
0.625
0.5833333333333333
0.75
-0.5833333333333333
0.04166666666666674
0.9166666666666667
-0.04166666666666663
0.5
-0.20833333333333337
0.75
-0.29166666666666663
0.25
-0.20833333333333337
0.41666666666666674
0.625
0.08333333333333326
0.29166666666666674
0.5833333333333333
0.25
-0.33333333333333337
-0.29166666666666663
0.625
0.25
0.16666666666666674
-0.29166666666666663
-0.16666666666666663
-0.375
0.5833333333333333
0.25
0.6666666666666667
0.41666666666666674
0.08333333333333326
-0.45833333333333337
0.41666666666666674
-0.29166666666666663
0.25
0.125
-0.375
0.45833333333333326
0.5416666666666667
0.25
-0.20833333333333337
-0.9166666666666666
-0.125
0.5833333333333333
0.625
0.5416666666666667
0.5
0.29166666666666674
0.33333333333333326
0.16666666666666674
0.5416666666666667
0.33333333333333326
0.375
-0.375
0.16666666666666674
0.29166666666666674
-0.20833333333333337
0.5416666666666667
0.0
0.33333333333333326
0.5833333333333333
-0.625
0.375
0.5416666666666667
0.20833333333333326
-0.08333333333333337
0.33333333333333326
0.5833333333333333
0.33333333333333326
0.20833333333333326
-0.25
0.625
-0.04166666666666663
0.7083333333333333
-0.08333333333333337
0.0
0.25
0.41666666666666674
0.5
0.41666666666666674
-0.5
0.125
-0.04166666666666663
0.7083333333333333
0.25
0.41666666666666674
0.9583333333333333
-0.08333333333333337
0.08333333333333326
-0.29166666666666663
0.33333333333333326
0.08333333333333326
0.7083333333333333
0.29166666666666674
-0.75
0.125
-0.16666666666666663
0.7083333333333333
-0.5416666666666667
0.7083333333333333
0.75
0.41666666666666674
0.29166666666666674
0.45833333333333326
-0.45833333333333337
0.375
-0.125
0.875
0.45833333333333326
0.20833333333333326
0.625
0.7083333333333333
0.5833333333333333
-0.16666666666666663
0.7083333333333333
0.375
0.41666666666666674
-0.6666666666666667
-0.33333333333333337
0.33333333333333326
-0.33333333333333337
0.20833333333333326
0.5
-0.75
0.25
0.6666666666666667
0.08333333333333326
0.5
0.5
0.04166666666666674
0.6666666666666667
0.41666666666666674
0.125
-0.08333333333333337
-0.16666666666666663
0.29166666666666674
-0.08333333333333337
-0.20833333333333337
-0.125
-0.375
0.7916666666666667
0.29166666666666674
0.45833333333333326
0.7916666666666667
0.875
-0.33333333333333337
0.45833333333333326
-0.375
0.5833333333333333
-0.375
0.04166666666666674
0.5
0.25
-0.5
0.7916666666666667
0.20833333333333326
0.625
0.5
0.375
0.625
0.5416666666666667
-0.33333333333333337
0.375
-0.20833333333333337
0.5416666666666667
0.33333333333333326
0.20833333333333326
0.125
0.9166666666666667
0.04166666666666674
0.25
-0.125
0.9583333333333333
0.04166666666666674
0.04166666666666674
-0.25
0.5
0.41666666666666674
-0.125
0.16666666666666674
0.0
0.41666666666666674
0.0
0.75
0.5
0.375
-0.625
0.7083333333333333
0.7083333333333333
0.16666666666666674
0.625
0.25
-0.25
0.25
0.45833333333333326
-0.125
0.5416666666666667
-0.125
0.625
0.9166666666666667
0.41666666666666674
-0.29166666666666663
0.625
0.75
0.7083333333333333
0.16666666666666674
0.5833333333333333
0.375
0.45833333333333326
0.5
0.375
0.7916666666666667
-0.08333333333333337
0.33333333333333326
0.29166666666666674
-0.5
0.6666666666666667
0.41666666666666674
-0.45833333333333337
0.5416666666666667
0.41666666666666674
0.04166666666666674
-0.5416666666666667
0.0
0.45833333333333326
1.0
0.16666666666666674
0.5
-0.16666666666666663
0.75
0.45833333333333326
-0.20833333333333337
0.41666666666666674
0.75
-0.25
-0.125
0.25
0.16666666666666674
0.5
-0.04166666666666663
0.375
0.41666666666666674
0.04166666666666674
-0.08333333333333337
-0.7916666666666666
-0.20833333333333337
0.5416666666666667
0.45833333333333326
0.0
0.20833333333333326
-0.5833333333333333
-0.16666666666666663
0.125
0.125
-0.33333333333333337
-0.16666666666666663
0.33333333333333326
-0.16666666666666663
0.20833333333333326
0.41666666666666674
0.20833333333333326
0.16666666666666674
-0.25
-0.6666666666666667
0.5833333333333333
0.375
0.08333333333333326
-0.33333333333333337
0.20833333333333326
0.41666666666666674
0.6666666666666667
0.125
0.625
0.45833333333333326
-0.04166666666666663
0.625
0.45833333333333326
0.5833333333333333
-0.20833333333333337
0.45833333333333326
-0.16666666666666663
0.375
0.5
-0.29166666666666663
-0.08333333333333337
0.75
0.875
0.20833333333333326
-0.08333333333333337
0.20833333333333326
0.5
0.04166666666666674
0.7083333333333333
0.7916666666666667
0.04166666666666674
0.5416666666666667
0.29166666666666674
0.5
0.875
0.625
0.7916666666666667
0.125
-0.5416666666666667
0.33333333333333326
-0.16666666666666663
0.41666666666666674
0.7083333333333333
0.25
0.5833333333333333
0.6666666666666667
-0.125
0.41666666666666674
0.33333333333333326
-0.20833333333333337
0.16666666666666674
0.08333333333333326
0.08333333333333326
0.7083333333333333
0.9583333333333333
0.8333333333333333
0.41666666666666674
0.375
0.29166666666666674
0.41666666666666674
0.5833333333333333
0.20833333333333326
0.08333333333333326
0.41666666666666674
0.625
0.20833333333333326
0.08333333333333326
0.20833333333333326
-0.125
0.9166666666666667
0.08333333333333326
0.25
-0.04166666666666663
-0.04166666666666663
-0.33333333333333337
0.33333333333333326
0.6666666666666667
-0.9166666666666666
0.75
0.75
-0.375
0.5
0.375
0.7916666666666667
0.45833333333333326
0.5416666666666667
0.5416666666666667
0.375
0.5833333333333333
0.9166666666666667
-0.29166666666666663
-0.45833333333333337
0.7916666666666667
0.7083333333333333
-0.41666666666666663
0.375
0.33333333333333326
0.6666666666666667
-0.25
0.33333333333333326
-0.29166666666666663
0.5416666666666667
0.33333333333333326
0.08333333333333326
0.25
0.7916666666666667
-0.33333333333333337
0.5833333333333333
0.04166666666666674
-0.16666666666666663
0.41666666666666674
0.7916666666666667
0.45833333333333326
0.375
0.45833333333333326
0.08333333333333326
0.5833333333333333
0.7916666666666667
0.29166666666666674
0.45833333333333326
0.7083333333333333
0.375
0.29166666666666674
0.41666666666666674
-0.33333333333333337
0.04166666666666674
0.5416666666666667
0.9166666666666667
-0.45833333333333337
0.41666666666666674
0.33333333333333326
0.33333333333333326
0.5
0.125
0.08333333333333326
0.16666666666666674
0.25
0.16666666666666674
0.41666666666666674
0.5
0.75
-0.04166666666666663
0.20833333333333326
0.625
0.45833333333333326
-0.5416666666666667
0.5
0.375
-0.08333333333333337
0.5
0.8333333333333333
0.5833333333333333
0.8333333333333333
0.5416666666666667
-0.125
-0.25
-0.08333333333333337
0.29166666666666674
0.5833333333333333
-0.29166666666666663
0.7083333333333333
0.41666666666666674
0.6666666666666667
0.33333333333333326
0.6666666666666667
-0.33333333333333337
-0.16666666666666663
0.41666666666666674
EIGENVECTOR
-0.3087400427768955
-0.5654856700784623
0.5462496137658484
-0.32415062972547826
-0.7947689269793327
-0.15181954595904967
-0.5510114659565317
-0.75359790363173
-0.47197725522059275
-0.9246587035202383
-0.9702879600501945
-0.6005312806008307
0.41551755507658306
-0.6285701034210842
-0.3042638947230979
-0.4783205531297251
-0.7759616349143184
-0.9466430698113216
-0.650071165477734
0.09443434926629579
-0.17145671288633968
-0.9744758409003794
0.822705506458107
-0.21423864059166564
-1.0
0.029139990560135942
-0.43487400301750745
0.14602428688227542
0.6322437713075058
0.09696311346559061
-0.7778262766847569
-0.4717489994252504
-0.5717206913155576
-0.7554295076814308
-0.030472763358251442
-0.6535444912457044
-0.8264485164719265
-0.024006122416912468
0.09048621389537526
-0.6285325536840249
0.3114401318759701
-0.6786573057504046
-0.9795870991601241
-0.7338472623241684
0.16022971112787254
-0.025260957472973078
0.08901061547454447
-0.8224797010654922
-0.12517186259886615
0.36721785928040096
-0.1811493976962416
0.024719055409721413
-0.9578719293320129
-0.9318762332600309
1.0
-0.41044343900812763
-0.06940180830441411
-0.6555183078457519
0.5156239269756948
-0.7268968074753707
-0.44077833649349085
-0.6531073284374727
-0.310629446326693
0.11442395802329663
-0.6240982249401121
-0.46176560958157076
-0.3723135308075016
-0.8577968519475805
-0.7555946649446064
-0.9343657714922412
-0.42637736412003624
-0.020533435101174335
-0.7842473102481277
-0.7123936833384719
-0.5928038577210204
-0.8212818356331681
-0.6089206383945973
-0.1935615845008647
0.2695108755727411
-0.8013341958715341
-0.9393448470187268
-0.9525612668891039
-0.8607796049338892
-0.7551422027411647
-0.8997884705549196
-0.9083894918239861
-0.6207523137755189
0.2997365235235805
-0.10619009634871557
-0.474416525698768
-0.7109120719807709
-0.996586311969295
-0.9585239891998308
0.6764938967280982
-0.24550535201560586
0.03739102071633127
-0.23587961527145862
-0.6767598425609049
-0.7880789256007199
-0.4503875718957132
0.4225919869097512
-0.307073605731897
-0.06982940220150291
-0.7371690011783094
-0.16879145681989594
0.16555666948515757
-0.7109120719807709
-0.7188658014874613
-0.5357343053299115
-0.7671872870418742
0.5974615160893137
-0.8282062251439076
-0.8063906933395821
0.16072998719741705
-0.9277177664682578
-0.6245116074117754
-0.6376846617061209
-0.5808809978619931
-0.7412583941863049
-0.29547440325086205
-0.9079911104510341
0.45642203768436507
-0.8655603592970479
-0.5750849059136124
-0.912961864510282
-0.9488333695126878
-0.6945850253278876
-0.5915502121524105
-0.055496892964916
-0.7805836951350305
-0.7853178670164169
-0.22254042664824147
-0.5614322429724876
-0.6697237301062369
-0.13786228094401975
-0.5520022437898469
0.9666926926953305
-0.9106405407504226
-0.9190184445761361
-0.9295073905343628
-0.10615354481495021
-0.8563735817869024
0.7499282266187912
-0.7608798706208215
-0.8652816046714137
-0.4658039335539611
-0.884550598252913
0.5135606781771045
-0.9487071820762809
0.18509645569316602
-0.055662031237498355
-0.4612138352594467
-0.2779840434373705
0.550499118564741
-0.6753452614556129
-0.6944726000090413
-0.8562393958727481
0.7538356388555822
-0.5950388505616412
-0.9265993100182504
0.19093315082448648
-0.5957516518914288
-0.4541998794597085
-0.9590206136835483
-0.01435670969561853
-0.7447349954244895
0.5230489986391005
-0.9645099554341592
-0.7557478348159307
-0.3575460794737312
-0.9576486989583252
-0.6450657597311873
0.6563275386727969
-0.9864735725110699
-0.15471997204562482
0.48560302094393837
-0.5821480346475265
0.5285194425561004
0.20643458544927085
-0.8636625931277373
0.24433855040265184
-0.8459581219907144
-0.8221737696181223
-0.506863757683205
-0.5265583804076532
-0.9090740946836474
-0.42532328826878785
-0.5791297279869289
-0.504922112745173
-0.972678813333755
0.20873513985633063
-0.8001000987747754
-0.2912085336798268
0.16523731586125567
0.9559899501072189
-0.7111595953440928
0.24003937335899383
-0.9325710360062842
0.26512461256040787
-0.7633983927038729
-0.4803217211482338
0.2073763152371937
-0.5483278180701623
-0.6906082323064067
-0.0584544145909931
-0.45817233375544253
-0.2581103685410068
-0.23202757176868483
-0.3849248861032276
0.12730566197011428
-0.29687086165185705
-0.9080069971711948
-0.7415597046808063
-0.6543039030856049
-0.3152240844903841
-0.33773524004420463
-0.7866301888256686
-0.6507401065817965
0.7625750701099427
-0.6285325536840245
-0.19343814888367006
-0.5034989285346623
0.8932791311633599
-0.5043575135213474
-0.44115012278184496
-0.6557518617706454
-0.7041500395120299
0.10252478247393637
-0.9583306845338083
-0.341108788679393
-0.8653208091934375
-0.6095933025553542
-0.5652797430345143
0.5128368468407176
0.20916258520834585
0.16013473148056745
-0.8654268023908513
0.5699827526527392
0.4862136380349229
-0.4286261426882392
0.5217965355653096
-0.8750878453548461
-0.7030903899644727
-0.5413954412525783
-0.2506017658919534
-0.5654680884407102
0.09089050760036632
-0.95271867215155
-0.06662786649644581
0.04296998580723965
0.18244421177787085
-0.609537683033126
-0.6023734015632929
-0.6706282950661437
0.2816577506410254
-0.8651131337041399
0.10316113060074583
-0.6070870616656936
-0.46641840505830057
-0.2279379836608859
-0.30082253578964324
0.12802568852606755
-0.9552878872398869
-0.876389070293402
0.1423531548557686
-0.979587099160124
-0.18506233620253398
-0.7441042606767867
-0.9772203914236663
0.4517530481764458
-0.012598064977081713
-0.41217742908438204
-0.981841699983016
-0.8788522217510037
-0.7398843704111151
0.9167880655028431
-0.5576596141246375
-0.47197725522059253
-0.6894738312818305
0.05889242910811965
-0.454757993361271
-0.6649634723421443
-0.6626830378124337
0.21821535202462417
-0.9268588680698036
-0.9316087248616112
-0.5696418506034231
-0.8715065349117738
0.028562721126580648
-0.6074769055620526
-0.6304252293295434
-0.38225433229387695
-0.4109728101946306
-0.9207525744805714
-0.903253895653522
-0.6959293192292428
0.09789425770224547
-0.7352464729305284
-0.5695199267674862
-0.31511039518415984
-0.9684523604690756
-0.6264113003743361
-0.8709093670991549
-0.7662126909004849
-0.8964292964017626
-0.6849843569870164
-0.8382288100821736
-0.5920160539646034
-0.4859769408493537
-0.3822543322938772
-0.5583806475610326
-0.549101487956712
-0.9565180846836289
-0.964509955434159
-0.5904461552707974
0.08670590694824054
-0.32320648200255175
-0.5854544520206094
-0.47436895539392776
-0.3380972438608356
-0.6367189245996852
-0.8789345666314672
0.17447106423147862
-0.5685189484160948
-0.8294288052826925
-0.11140946986835898
0.132237833986516
-0.08287894490953285
-0.8693541282404562
-0.7137444293995763
-0.610519842666627
-0.4341954559518483
0.07194823531381855
-0.6981721452815708
-0.4474301000616304
0.015655885783813828
0.9361156556999868
-0.833001607703129
-0.5022944662996177
-0.17145671288633946
-0.7134024531995111
-0.4625010493287284
0.8121607608349282
0.004398453780267042
-0.9103317548963774
-0.6961893304375903
-0.8530327434229023
0.16824606247481055
0.08791201215863942
0.3716344311515365
-0.2739231619695801
-0.5102065453417544
-0.8031368333880222
-0.775240321541368
-0.4890814447413827
-0.17602640045019868
0.5597922135005462
-0.2295444650289279
0.6891228983537705
0.7163519717050646
-0.9585239891998311
-0.7152678374715588
-0.6071432024200667
-0.6645043013139077
-0.4844741028873064
-0.8563735817869017
-0.46756958710102425
0.03813967291430265
0.9516863656704164
0.8183438730300816
-0.012531222434145617
-0.4430036593615957
-0.6196651444182149
-0.017400234600259634
-0.1790650447566784
-0.7845233643395174
-0.5597595070034616
-0.39221651826855153
-0.6536107325714298
-0.39257861316807907
-0.7318117181722378
-0.39223327290109977
-0.9319365298185969
0.9952429123546587
-0.5812738114684302
-0.17629512424004268
-0.9330913585658174
-0.5492778907463989
-0.7413533596257641
-0.24351559421625546
0.5275837272174055
-0.9949608110780925
0.5937427939053119
0.7991358067439489
-0.8094990439568537
-0.3498112520528064
-0.6640011577865319
0.21437583770338486
-0.5983432188835475
-0.1743263816401901
0.6855173054773178
-0.7696018997620061
-0.6690098077417961
0.9907764769307097
-0.6947024517827073
-0.6983022961895862
0.06662264598375
0.14727625095578278
-0.7314918844497276
-0.2191988174975471
-0.4047205886905336
0.6471121202537897
-0.6735732213332615
-0.4178632989519796
-0.9158963165843281
-0.3536597011000384
-0.6293913935244762
-0.16740262960056818
-0.6227855017966684
0.3248992877347112
-0.6114477031054191
-0.4541998794597085
-0.8204038593510365
-0.6902962583125613
-0.7330079274156092
0.91363672336807
-0.6460962405829513
0.10869936243876088
0.04016682067160704
-0.5492021082676618
-0.6801006590693193
0.6141467079126275
-0.40007439473357387
0.19060446820624066
0.5578639459916401
-0.25625774084497843
0.3644213365818709
0.289851921605224
-0.9576486989583255
-0.2589265412914903
-0.1377331145811398
0.023413885117094413
-0.894546754193961
-0.049219963626017216
-0.15212129365726867
-0.45226303208775476
0.4740113226027909
-0.5202336570284959
-0.4045150496175547
-0.6064415510337617
-0.7498921965485164
-0.4243455720331907
-0.6112378137860406
-0.10995200443436548
-0.06316489418622007
-0.5652898858930757
-0.7800510411240676
0.3210655951423742
-0.3617317837124189
-0.8225668133969444
0.2894493328711265
-0.7225614251199435
-0.9431736755298119
-0.22711930103444478
0.22162869146873265
0.4414096647617958
0.9111144487169773
-0.7263242062171913
-0.5540732081630959
-0.6740505314083686
-0.597049479468086
-0.5660132833361132
0.29167487663251745
-0.6604815925377676
-0.04022680288821645
-0.16565059067391752
0.3315018156002756
-0.6807594009246387
0.29435980272521456
-0.9591712051693021
-0.6902962583125611
-0.39275466558340255
CENT
-0.44905377645105515
-0.9425159729435193
-0.24299444332977072
-0.30362638477598736
-0.16361051031846718
-0.5850330578838185
0.10551499831719413
-0.6374072366924368
-0.74512628789589
-0.9455505094711204
-0.9480441505935893
-0.4875144869875717
0.14550641761966698
-0.5777829622831356
-0.33168215837653814
-0.9077213189428994
-0.738421407599372
-0.9393041679177077
-0.9906207666691872
-0.13789215838349755
-0.8513850721513383
-0.9520898978639205
-0.3033947927690588
-0.681981754305548
-1.0
-0.6485001672403846
-0.34420976325721186
-0.4045858134194258
-0.6124921468951
-0.5664088488110504
-0.31872368557185726
-0.9477439650333659
-0.35325646109942865
-0.9974456115618627
-0.5080469587826769
-0.8903089677460313
-0.6202007130947997
-0.42813514985270573
-0.6710812430740533
-0.9248132561769535
0.19927519866676957
-0.5590842117811612
-0.9985588969289432
-0.9426519721874065
-0.5513741082543682
-0.6770567187155949
-0.52669552504164
-0.9439283842175757
-0.7316753167372545
-0.27191264009641436
-0.6201810588230368
-0.6730055595139655
-0.9841900410539863
-0.946706350040785
-0.20126666953849692
-0.9245809576899255
-0.5045729503105959
-0.955029346691898
-0.5293578636364897
-0.9677902896115826
-0.7849430985453941
-0.9524105865178237
-0.3095780516197081
-0.4810847585441702
0.1218706356787771
-0.5264598444534743
0.32515355950782365
-0.6722036858190217
-0.9937220829528006
-0.9313704654344979
-0.09691346452707772
-0.7304454178449105
-0.3711399127519013
-0.9872550168983886
-0.9844657012049244
-0.7888171491545088
-0.4316701986118363
-0.765008955720636
-0.6396734948594157
-0.1287767103522418
-0.9456657778389681
-0.9568242865668075
-0.5392609558338102
-0.8756863062696267
-0.7468346399586023
-0.6486607138493443
-0.9874055046706555
-0.005548559424645938
-0.8778296191559292
-0.8973197023417222
-0.9533172310689114
-0.9991848731098035
-0.9883310031145238
-0.37125352041091986
-0.5807714526218638
-0.46683276863857914
-0.44746069693708224
-0.39416967229551114
-0.594731662821818
-0.6965500972723401
-0.5310971511616219
-0.6367231033235308
-0.7816605482027892
-0.9692667875997911
-0.48064862180701984
0.9555605807979508
-0.9533172310689114
-0.6233807215789171
-0.8796990214602944
-0.5420471035913162
-0.15688925843582457
-0.9995063099402492
-0.7026884857993071
-0.4158399889512462
-0.9166897216013136
-0.9066722853770702
-0.09141005112290224
-0.5887100896347441
-0.6154741272495241
0.5302909086234251
-0.7973297599290388
-0.32418325219423194
-0.7853413459361163
-0.42810846565284233
-0.8627238055576014
-0.9771816716559235
-0.6302346306423734
-0.47822577836105284
-0.2947095473330349
-0.46147858567852584
-0.9985512763587134
0.8002013737501035
-0.9189127957044978
-0.4041688372049742
-0.8329107928074866
-0.5078804005372269
-0.2781211867793131
-0.7754535105448109
-0.9522358771515798
-0.562182906349013
0.16459411459596618
-0.7266199141318685
0.09369909396644083
-0.5543859082512999
-0.9999523587999193
-0.9536838811890503
-0.798491097418044
-0.6505785400298428
-0.9345357147294685
-0.4833373604992296
-0.4528381447532803
-0.3046757492257436
-0.9152228087282691
-0.568172094107438
-0.8130744396483957
-0.14838387915259899
-0.918517426405296
-0.42710827718780087
-0.05771598065864769
-0.8716330846558425
-0.6172123191496041
-0.5018846387218338
-0.5056774057722384
-0.9908021154501705
-0.5791576873954843
-0.820029467647617
-0.41540987936667917
-0.9893878512682394
-0.9940095312468527
-0.8474752225789579
-0.9432765555264533
-0.40533268798166533
-0.6113669053794457
-0.9943716407703038
-0.6452755730123696
-0.17563722480617583
-0.8710680103702637
-0.4157392516843619
-0.43951970030331355
-0.8690204405740813
-0.5883914990901291
-0.31442547981821056
-0.68636509994077
-0.9732997276579112
-0.9148589582509731
-0.6401041680673905
-0.9092479586256126
-0.8923051288055103
-0.692347806146401
-0.996979625610011
-0.6403349131096685
-0.6968804594215963
0.41389808967348607
-0.15385371359892452
-0.18756598416184256
-0.9674343315975638
0.1219613564420392
-0.9411677993645087
-0.19323494399540075
-0.9952342639173881
0.0508506754672422
0.36343390616371885
-0.7155055610608422
-0.9368990861994597
-0.3912074313351569
-0.7923217797328908
0.16349061224914174
-0.6748010171351956
-0.8724212676280565
-0.3508817201983069
-0.6986830019162817
-0.9077642390666509
-0.751840125527827
-0.95533337953427
-0.7249920305269308
-0.5471648923873558
-0.8680441849032553
-0.5262816470478915
-0.28957310493993715
-0.9248132561769535
-0.6448112583931795
-0.8996170492724188
-0.18698254576677853
-0.8943231222536254
-0.9490701634245916
-0.9656424945171985
-0.8140415815286888
-0.3349599660681952
-0.9882380054109573
-0.8970642852959422
-0.9094392663250357
-0.6359482615913004
-0.9796936731961445
0.4003649908055389
-0.535601949404743
0.13945317149977132
-0.9491939324281111
0.19347260222513318
-0.18905828809253
-0.6644456920302453
-0.25847690123378597
-0.5150560558755418
-0.9784797379468648
-0.024494146895285396
-0.2977557880627256
-0.9521246586530209
-0.5475440241344917
-0.9784715562231828
-0.6054950735597853
0.004278585672016222
-0.33677047032815033
-0.9105370280023527
-0.1017916180048627
-0.3689268504584695
-0.47558456126679527
-0.7943006715056614
-0.14050772045263604
-0.07273301697025614
-0.7607954883148916
-0.7206564261280528
-0.8598128721083653
-0.34014195179877205
-0.9852503337798972
-0.5557342764942548
1.0
-0.9985588969289432
-0.58617725553579
-0.6082042221356296
-0.9983135075908396
-0.22396604771445183
-0.4950530152736916
-0.9362109493278059
-0.9990260065131013
-0.8029920927059495
-0.42486983834955294
-0.29339926014745976
0.17268648126273045
-0.74512628789589
-0.9854655078743835
-0.6150747547181699
-0.775680053774551
-0.9168269649572804
0.18247801793849505
-0.14320434691966422
-0.974397695803728
-0.975420521118481
-0.5463785252501934
-0.8181219907138347
-0.1053971400554421
-0.9521593682707928
-0.44355159229810626
-0.8458569951641915
0.018660538911638325
-0.9393313764596395
-0.9996425756160756
-0.9659247859141251
-0.3686840057463864
-0.6628967074150853
-0.9553382693077056
-0.6004777173818028
-0.8879784913817985
-0.9424781587428711
-0.7531719067839139
-0.8118529255378535
-0.9374010170226266
-0.9615629904034223
-0.5268118724396162
-0.957825919182702
-0.7612554422367
-0.8458569951641915
-0.294380208605854
-0.7505348667061543
-0.9204760336717905
-0.9893878512682394
-0.2609715210335277
-0.5076331102759675
-0.8630300604162683
-0.9890178807109967
-0.9553941626444539
-0.44718528679401526
0.011416938484826167
-0.8523162365957797
-0.00969539335768732
-0.49380710326817956
-0.7516282075355238
-0.3607142857464669
-0.2928551171144229
-0.1085386791237467
-0.9285414280032656
-0.20654825025800994
-0.9573121286115018
-0.7169218675845155
-0.6863102053370722
-0.9623950285732765
-0.9308890646170194
-0.6288062802681689
-0.3458452318623225
-0.7700814369803137
-0.8951575845463793
-0.8513850721513383
-0.7455062876632828
-0.7832985510558801
-0.21504998661121733
-0.352847288505319
-0.860485008050121
-0.7346466383928196
-0.7129667974483106
-0.2111537196264418
-0.5862640384827363
-0.5950181443054066
0.4152684395394164
0.8291859641027668
-0.9988220237170846
-0.5595777772011854
-0.7594384429083029
-0.6400063446468849
-0.23136797697906275
0.008074502398812466
-0.4338350443386506
-0.38246932706235715
-0.9883310031145238
-0.10747271561247373
-0.7889191979579194
-0.9628177268757693
-0.8262613319169507
-0.7266199141318685
-0.11025937317360979
-0.5480174019369469
-0.16640205128051433
-0.32302155039084257
0.49743321712436095
-0.5749177253718266
-0.6094113168006265
-0.6941443630036088
-0.7391107657748615
-0.7477487346901115
0.8694478359332423
-0.775955970286659
-0.08479142691283381
-0.9086341532713086
-0.2546673936415552
-0.8228588801249872
-0.8255254735067078
0.1486938582760322
-0.8389500712595279
-0.7460216152342807
-0.9519641572109923
-0.7119219973660473
-0.9872227370589245
-0.9389507307407382
-0.4259288715010784
-0.9989124396437336
-0.576399105474303
0.16593431763539535
-0.7649539994260728
-0.25309966683801954
-0.07519629222801494
-0.3812292937843911
-0.05841756369497575
-0.8025949110271698
-0.65919653852228
-0.461337393119175
-0.27559579832547465
-0.2591426441389407
-0.9665411449167177
-0.9596764087226819
-0.6750728982836856
-0.21703043831272206
-0.9041220491740377
-0.22355368371586593
-0.876542430793898
-0.554507910095803
-0.9664761576392285
-0.881655550826689
-0.9253829377266184
-0.5591543421028674
0.21471565669459713
-0.8026484818931408
0.4039814569293443
-0.0758720969792851
-0.9831954141833164
-0.5056774057722384
-0.7926601787633767
-0.792951185589522
-0.7285951178696521
-0.5692538719964915
-0.3003089622809132
-0.4902706320977982
-0.7530965672466482
-0.9321173878328347
-0.4933237308573104
-0.3818590291077102
-0.8724560564484503
0.2624049976182754
-0.32427095370524517
-0.7972121299179514
-0.45131849915864153
-0.7452831013021395
-0.9432765555264533
0.7585750422103386
-0.8935281582870455
0.21904384473797966
-0.9096530095324477
-0.13341605204400497
-0.4645089858531921
0.2550726472772491
-0.45561956997967856
-0.2174133065021404
-0.9168090800216298
-0.8996479114795245
-0.7724580960318681
-0.8602655708976807
-0.37757948170900957
-0.5575390586199531
-0.5255644424512885
-0.09613630888349789
-0.9055039300093424
-0.6524090082217742
-0.847248248667146
-0.9958549373704424
0.24751049739842834
-0.6089775208625728
-0.9081408764973599
-0.31110295510447206
-0.4855895314357094
-0.39237907673616246
-0.17216545732596378
-0.3760264215889384
-0.9134624550795801
-0.9553120830009171
-0.9484899864080729
0.35722246370810096
-0.464105539733751
-0.94230557201508
-0.6952480622231874
-0.6244179134267922
-0.42814057498447033
-0.2532143471994429
-0.4508001684437942
-0.677644134262263
-0.792951185589522
-0.8015684687029909
DEGREE_RANK
0.13929313929313913
-0.5758835758835759
0.6798336798336799
-0.17671517671517678
0.4428274428274428
0.05197505197505192
0.6049896049896051
-0.0935550935550935
0.34719334719334727
-0.6798336798336798
-0.9417879417879418
0.7422037422037422
0.44698544698544684
0.683991683991684
0.05613305613305619
-0.34719334719334716
-0.7255717255717256
-0.5717255717255717
-0.6756756756756757
0.6091476091476091
-0.24740124740124736
-0.9667359667359667
0.9417879417879418
-0.1725571725571725
-1.0
0.817047817047817
0.1434511434511434
0.26819126819126815
0.6881496881496882
0.9209979209979211
0.35135135135135154
-0.3014553014553015
0.7463617463617465
-0.8835758835758836
0.8711018711018712
-0.7588357588357588
-0.08939708939708946
0.6923076923076923
0.5176715176715176
-0.45945945945945954
0.9251559251559252
0.6964656964656963
-0.920997920997921
-0.9625779625779626
-0.03118503118503113
0.8212058212058211
0.5218295218295217
-0.48856548856548865
0.525987525987526
0.6133056133056134
0.53014553014553
0.8253638253638254
-0.9501039501039501
-0.45530145530145527
0.9625779625779625
-0.5218295218295218
0.3555093555093556
-0.7214137214137214
0.8295218295218294
-0.8004158004158004
-0.16839916839916835
-0.7172557172557172
0.14760914760914745
0.6174636174636174
-0.4054054054054054
-0.0852390852390853
0.5343035343035345
-0.1642411642411642
-0.8461538461538461
-0.7962577962577962
0.6216216216216217
-0.16008316008316004
-0.29729729729729726
-0.7920997920997921
-0.6715176715176715
-0.8752598752598753
0.5384615384615385
-0.15592515592515588
0.7006237006237006
0.15176715176715172
-0.4012474012474012
-0.9043659043659044
0.155925155925156
-0.7879417879417879
-0.15176715176715183
-0.343035343035343
-0.8711018711018711
0.2723492723492722
0.4511434511434511
-0.14760914760914767
-0.7130977130977131
-0.9958419958419958
-0.6216216216216217
0.5426195426195426
0.6257796257796258
0.45530145530145516
0.35966735966735963
-0.08108108108108114
-0.027027027027027084
-0.2931392931392931
0.45945945945945943
-0.022869022869022926
0.06029106029106024
-0.8669438669438669
-0.28898128898128894
-0.07692307692307687
-0.7089397089397089
0.4636174636174635
-0.4844074844074844
-0.018711018711018768
0.5467775467775469
-0.9584199584199584
0.06444906444906451
0.46777546777546797
-0.2432432432432433
-0.5675675675675675
-0.014553014553014498
0.5509355509355509
-0.01039501039501034
-0.23908523908523915
-0.7546777546777547
0.62993762993763
-0.5176715176715176
0.7505197505197505
-0.5634095634095634
-0.4802494802494802
-0.14345114345114351
0.16008316008316026
0.3638253638253639
0.1642411642411643
-0.9168399168399168
-0.33887733887733884
-0.5135135135135136
0.7546777546777546
-0.13929313929313925
0.16839916839916858
0.9875259875259876
-0.5592515592515592
-0.39708939708939717
-0.7837837837837838
-0.006237006237006182
-0.3929313929313929
0.7588357588357588
-0.07276507276507271
-0.9833679833679834
-0.3347193347193348
-0.6673596673596673
0.7629937629937629
-0.9376299376299376
0.7671517671517671
0.8336798336798337
0.17255717255717262
-0.06860706860706856
0.27650727650727647
-0.9002079002079002
0.06860706860706856
-0.6174636174636174
0.9459459459459458
0.28066528066528074
-0.23492723492723488
0.6340956340956341
0.7713097713097712
0.5550935550935552
-0.6632016632016632
0.7754677754677755
0.07276507276507282
0.17671517671517667
-0.975051975051975
-0.841995841995842
-0.0020790020790020236
-0.8378378378378378
-0.23076923076923073
0.36798336798336795
-0.9792099792099792
-0.1351351351351351
0.7047817047817047
-0.38877338877338874
0.3721413721413722
0.37629937629937626
-0.4511434511434511
0.7089397089397089
0.18087318087318094
-0.3305613305613305
-0.5550935550935551
-0.659043659043659
-0.0644490644490644
-0.5509355509355509
-0.7047817047817048
-0.6133056133056133
-0.8627858627858628
0.8752598752598753
-0.06029106029106035
0.284823284823285
0.8794178794178793
0.9501039501039501
-0.8336798336798337
0.28898128898128905
-0.8586278586278586
0.5592515592515592
-0.8544698544698545
-0.44698544698544695
0.38045738045738053
-0.13097713097713093
-0.9126819126819127
0.8835758835758836
-0.22661122661122657
0.6382536382536381
0.3846153846153846
0.07692307692307687
0.6424116424116424
0.471933471933472
-0.8295218295218295
0.08108108108108092
-0.7006237006237006
0.4760914760914763
0.0020790020790020236
-0.2224532224532224
-0.32640332640332637
0.9667359667359667
-0.4428274428274428
-0.12681912681912677
-0.6091476091476091
0.9916839916839917
-0.43866943866943864
-0.4345114345114345
-0.7505197505197505
0.38877338877338863
0.18503118503118499
-0.6049896049896051
-0.2848232848232848
-0.47609147609147606
0.18918918918918926
-0.4719334719334719
0.8378378378378377
0.3929313929313929
0.08523908523908519
-0.9542619542619543
0.7796257796257795
0.783783783783784
-0.2806652806652806
0.6465696465696464
-0.12266112266112272
-0.7463617463617463
-0.11850311850311857
0.2931392931392931
-0.6008316008316008
0.48024948024948033
-0.5966735966735967
0.6507276507276507
0.970893970893971
0.1933471933471933
-0.7796257796257796
0.6548856548856548
0.841995841995842
0.787941787941788
-0.2765072765072766
0.5634095634095635
0.08939708939708924
0.29729729729729737
0.39708939708939694
0.09355509355509373
0.8877338877338876
-0.5467775467775468
0.006237006237006293
-0.05613305613305619
-0.9085239085239085
0.713097713097713
0.19750519750519757
-0.896049896049896
0.4844074844074844
0.20166320166320162
-0.43035343035343043
-0.9334719334719335
-0.46777546777546775
0.3014553014553014
1.0
-0.2723492723492724
0.4012474012474012
-0.6548856548856549
0.8461538461538463
0.3056133056133057
-0.6964656964656964
0.20582120582120567
0.8503118503118503
-0.7422037422037422
-0.5925155925155925
-0.11434511434511441
-0.26819126819126815
0.4054054054054055
-0.5093555093555093
0.09771309771309777
0.20997920997920994
-0.4261954261954263
-0.5426195426195426
-0.9875259875259875
-0.6923076923076923
0.48856548856548865
0.30977130977130973
-0.4636174636174636
-0.21829521829521825
-0.9459459459459459
-0.6507276507276507
-0.3222453222453222
-0.31808731808731805
-0.8253638253638254
-0.6465696465696466
0.01039501039501034
-0.6424116424116424
-0.2141372141372142
0.21413721413721398
-0.20997920997921005
-0.264033264033264
-0.738045738045738
-0.9708939708939709
0.5675675675675675
0.10187110187110204
-0.3846153846153846
-0.8212058212058212
-0.2058212058212059
0.21829521829521847
0.7172557172557172
-0.3139293139293139
0.6590436590436592
0.313929313929314
-0.5051975051975052
0.6632016632016633
0.31808731808731805
0.5717255717255716
-0.6881496881496881
0.3222453222453223
-0.6382536382536383
0.10602910602910609
0.40956340956340975
-0.7754677754677755
-0.5384615384615384
0.8544698544698546
0.9542619542619541
-0.20166320166320162
-0.5343035343035343
-0.19750519750519746
0.4137214137214138
-0.422037422037422
0.7920997920997921
0.8918918918918919
-0.41787941787941785
0.4927234927234927
-0.05197505197505203
0.41787941787941785
0.9584199584199584
0.6673596673596673
0.8960498960498959
-0.30977130977130973
-0.9293139293139293
0.01455301455301461
-0.6340956340956341
0.22245322245322252
0.7962577962577964
-0.11018711018711014
0.5758835758835759
0.7214137214137215
-0.5883575883575883
0.2266112266112268
0.018711018711018657
-0.683991683991684
-0.25987525987525983
-0.3804573804573804
-0.37629937629937626
0.8004158004158004
0.995841995841996
0.9293139293139294
0.23076923076923084
0.11018711018711014
-0.047817047817047764
0.23492723492723488
0.5800415800415799
-0.1933471933471933
-0.3721413721413721
0.23908523908523915
0.6715176715176716
-0.18918918918918914
-0.36798336798336806
-0.18503118503118499
-0.5841995841995842
0.975051975051975
-0.3638253638253639
-0.10602910602910598
-0.501039501039501
-0.49688149688149685
-0.817047817047817
0.022869022869022704
0.7255717255717256
-0.9916839916839917
0.8586278586278586
0.8627858627858629
-0.8503118503118503
0.4220374220374221
0.11434511434511441
0.9002079002079002
0.32640332640332637
0.49688149688149696
0.501039501039501
0.11850311850311845
0.5841995841995842
0.9792099792099793
-0.7713097713097713
-0.8918918918918919
0.9043659043659042
0.8045738045738047
-0.8794178794178794
0.12266112266112272
0.027027027027026973
0.7297297297297298
-0.7338877338877339
0.031185031185031242
-0.7671517671517671
0.5051975051975053
0.03534303534303551
-0.35966735966735963
-0.10187110187110182
0.9085239085239085
-0.8128898128898129
0.5883575883575882
-0.4137214137214137
-0.6299376299376299
0.2432432432432432
0.9126819126819128
0.3305613305613304
0.12681912681912677
0.3347193347193347
-0.3555093555093555
0.5925155925155925
0.9168399168399168
-0.043659043659043606
0.33887733887733873
0.8087318087318087
0.13097713097713104
-0.03950103950103945
0.24740124740124747
-0.8087318087318087
-0.40956340956340953
0.5093555093555093
0.9833679833679834
-0.8877338877338877
0.2515592515592515
0.03950103950103956
0.04365904365904383
0.42619542619542616
-0.3056133056133057
-0.3513513513513513
-0.2557172557172557
-0.09771309771309766
-0.2515592515592515
0.2557172557172558
0.43035343035343043
0.8669438669438669
-0.4927234927234927
-0.18087318087318094
0.6756756756756757
0.3430353430353432
-0.9251559251559252
0.4345114345114345
0.1351351351351351
-0.5301455301455302
0.43866943866943875
0.9334719334719335
0.5966735966735968
0.9376299376299377
0.5135135135135134
-0.58004158004158
-0.7297297297297297
-0.525987525987526
-0.03534303534303529
0.6008316008316008
-0.762993762993763
0.812889812889813
0.25987525987525983
0.7338877338877339
0.047817047817047875
0.7380457380457381
-0.8045738045738046
-0.6257796257796258
0.2640332640332639
EIGENVECTOR_RANK
0.2640332640332639
-0.0852390852390853
0.8669438669438669
0.2432432432432432
-0.6174636174636174
0.4220374220374221
-0.043659043659043606
-0.5343035343035343
0.047817047817047875
-0.8295218295218295
-0.9584199584199584
-0.16839916839916835
0.8045738045738047
-0.2515592515592515
0.2723492723492722
0.03534303534303551
-0.58004158004158
-0.8835758835758836
-0.2806652806652806
0.6049896049896051
0.39708939708939694
-0.9667359667359667
0.9542619542619541
0.3555093555093556
-1.0
0.5509355509355509
0.12681912681912677
0.6507276507276507
0.9002079002079002
0.6091476091476091
-0.5841995841995842
0.05613305613305619
-0.10602910602910598
-0.5426195426195426
0.49688149688149696
-0.2931392931392931
-0.6632016632016632
0.5051975051975053
0.5966735966735968
-0.2432432432432433
0.7754677754677755
-0.3638253638253639
-0.9792099792099792
-0.4927234927234927
0.6632016632016633
0.501039501039501
0.5925155925155925
-0.6548856548856549
0.4345114345114345
0.7962577962577964
0.3721413721413722
0.5426195426195426
-0.920997920997921
-0.8544698544698545
1.0
0.1642411642411643
0.4636174636174635
-0.3056133056133057
0.8461538461538463
-0.47609147609147606
0.12266112266112272
-0.28898128898128894
0.25987525987525983
0.62993762993763
-0.23076923076923073
0.07692307692307687
0.20997920997920994
-0.7047817047817048
-0.5467775467775468
-0.8711018711018711
0.13929313929313913
0.5093555093555093
-0.5966735966735967
-0.44698544698544695
-0.14760914760914767
-0.6465696465696466
-0.1933471933471933
0.35966735966735963
0.7463617463617465
-0.6257796257796258
-0.8752598752598753
-0.896049896049896
-0.7089397089397089
-0.5384615384615384
-0.7796257796257796
-0.7962577962577962
-0.2224532224532224
0.7713097713097712
0.44698544698544684
0.03950103950103956
-0.4345114345114345
-0.9958419958419958
-0.9293139293139293
0.9126819126819128
0.31808731808731805
0.5550935550935552
0.32640332640332637
-0.35966735966735963
-0.6133056133056133
0.10602910602910609
0.8087318087318087
0.26819126819126815
0.45945945945945943
-0.501039501039501
0.4012474012474012
0.6756756756756757
-0.43866943866943864
-0.4636174636174636
-0.018711018711018768
-0.5675675675675675
0.8918918918918919
-0.6673596673596673
-0.6340956340956341
0.6673596673596673
-0.841995841995842
-0.23492723492723488
-0.26819126819126815
-0.11850311850311857
-0.5093555093555093
0.284823284823285
-0.7879417879417879
0.8212058212058211
-0.7338877338877339
-0.11018711018711014
-0.8128898128898129
-0.8918918918918919
-0.4012474012474012
-0.13929313929313925
0.4844074844074844
-0.5925155925155925
-0.6049896049896051
0.34719334719334727
-0.06860706860706856
-0.33887733887733884
0.42619542619542616
-0.047817047817047764
0.9875259875259876
-0.8087318087318087
-0.8212058212058212
-0.8461538461538461
0.4511434511434511
-0.7006237006237006
0.9293139293139294
-0.5550935550935551
-0.7214137214137214
0.06860706860706856
-0.7671517671517671
0.841995841995842
-0.8877338877338877
0.6923076923076923
0.48024948024948033
0.08108108108108092
0.2931392931392931
0.8711018711018712
-0.3555093555093555
-0.39708939708939717
-0.6923076923076923
0.9334719334719335
-0.15176715176715183
-0.8336798336798337
0.7006237006237006
-0.15592515592515588
0.09355509355509373
-0.9376299376299376
0.5176715176715176
-0.525987525987526
0.8544698544698546
-0.9459459459459459
-0.5509355509355509
0.21829521829521847
-0.9126819126819127
-0.2723492723492724
0.9085239085239085
-0.9875259875259875
0.4137214137214138
0.8295218295218294
-0.12681912681912677
0.8627858627858629
0.7047817047817047
-0.7130977130977131
0.7380457380457381
-0.683991683991684
-0.6507276507276507
-0.0020790020790020236
-0.014553014553014498
-0.8004158004158004
0.1434511434511434
-0.11434511434511441
0.0020790020790020236
-0.9625779625779626
0.713097713097713
-0.6216216216216217
0.28898128898128905
0.6715176715176716
0.9833679833679834
-0.4428274428274428
0.7338877338877339
-0.8627858627858628
0.7422037422037422
-0.5592515592515592
0.031185031185031242
0.7089397089397089
-0.027027027027027084
-0.3929313929313929
0.4760914760914763
0.08523908523908519
0.3056133056133057
0.3305613305613304
0.19750519750519757
0.6340956340956341
0.28066528066528074
-0.7920997920997921
-0.5176715176715176
-0.3014553014553015
0.2515592515592515
0.23908523908523915
-0.6091476091476091
-0.2848232848232848
0.9376299376299377
-0.24740124740124736
0.3638253638253639
0.01039501039501034
0.9584199584199584
0.006237006237006293
0.11850311850311845
-0.30977130977130973
-0.43035343035343043
0.6174636174636174
-0.9251559251559252
0.23076923076923084
-0.7255717255717256
-0.20166320166320162
-0.07276507276507271
0.8378378378378377
0.7172557172557172
0.6590436590436592
-0.7297297297297297
0.8835758835758836
0.8336798336798337
0.1351351351351351
0.8503118503118503
-0.7505197505197505
-0.4261954261954263
-0.022869022869022926
0.313929313929314
-0.08108108108108114
0.6008316008316008
-0.9002079002079002
0.46777546777546797
0.5675675675675675
0.6881496881496882
-0.19750519750519746
-0.1725571725571725
-0.343035343035343
0.7505197505197505
-0.7172557172557172
0.6216216216216217
-0.18087318087318094
0.06444906444906451
0.33887733887733873
0.27650727650727647
0.6382536382536381
-0.9043659043659044
-0.7546777546777547
0.6465696465696464
-0.975051975051975
0.36798336798336795
-0.5218295218295218
-0.9708939708939709
0.817047817047817
0.5218295218295217
0.155925155925156
-0.9833679833679834
-0.7588357588357588
-0.5051975051975052
0.970893970893971
-0.05613305613305619
0.05197505197505192
-0.3804573804573804
0.5717255717255716
0.08939708939708924
-0.3305613305613305
-0.31808731808731805
0.7255717255717256
-0.8378378378378378
-0.8503118503118503
-0.10187110187110182
-0.7463617463617463
0.5467775467775469
-0.18918918918918914
-0.25987525987525983
0.20582120582120567
0.16008316008316026
-0.8253638253638254
-0.7837837837837838
-0.40956340956340953
0.6133056133056134
-0.49688149688149685
-0.09771309771309766
0.2557172557172558
-0.9542619542619543
-0.23908523908523915
-0.7422037422037422
-0.5634095634095634
-0.7754677754677755
-0.37629937629937626
-0.6798336798336798
-0.14345114345114351
0.022869022869022704
0.20166320166320162
-0.06029106029106035
-0.03118503118503113
-0.9085239085239085
-0.9501039501039501
-0.1351351351351351
0.5841995841995842
0.24740124740124747
-0.13097713097713093
0.04365904365904383
0.23492723492723488
-0.264033264033264
-0.762993762993763
0.683991683991684
-0.0935550935550935
-0.6715176715176715
0.43866943866943875
0.6424116424116424
0.45530145530145516
-0.738045738045738
-0.45530145530145527
-0.2058212058212059
0.13097713097713104
0.5800415800415799
-0.41787941787941785
0.11018711018711014
0.5343035343035345
0.975051975051975
-0.6756756756756757
0.01455301455301461
0.3929313929313929
-0.4511434511434511
0.07276507276507282
0.9459459459459458
0.53014553014553
-0.8045738045738046
-0.4137214137214137
-0.6881496881496881
0.6798336798336799
0.5883575883575882
0.8004158004158004
0.29729729729729737
-0.006237006237006182
-0.6299376299376299
-0.5758835758835759
0.018711018711018657
0.3846153846153846
0.8794178794178793
0.3347193347193347
0.9209979209979211
0.9251559251559252
-0.9334719334719335
-0.45945945945945954
-0.18503118503118499
-0.32640332640332637
0.027027027027026973
-0.6964656964656964
0.06029106029106024
0.5592515592515592
0.9792099792099793
0.9501039501039501
0.525987525987526
0.11434511434511441
-0.21829521829521825
0.5135135135135134
0.37629937629937626
-0.6008316008316008
-0.0644490644490644
0.1933471933471933
-0.29729729729729726
0.18503118503118499
-0.4844074844074844
0.18918918918918926
-0.8586278586278586
0.995841995841996
-0.12266112266112272
0.38045738045738053
-0.8669438669438669
-0.03950103950103945
-0.5135135135135136
0.3222453222453223
0.8586278586278586
-0.9916839916839917
0.8877338877338876
0.9417879417879418
-0.6382536382536383
0.2266112266112268
-0.3222453222453222
0.7214137214137215
-0.1642411642411642
0.38877338877338863
0.9168399168399168
-0.5717255717255717
-0.3347193347193348
0.9916839916839917
-0.4054054054054054
-0.422037422037422
0.5758835758835759
0.6548856548856548
-0.4802494802494802
0.35135135135135154
0.16839916839916858
0.9043659043659042
-0.34719334719334716
0.15176715176715172
-0.817047817047817
0.22245322245322252
-0.2557172557172557
0.4054054054054055
-0.22661122661122657
0.783783783783784
-0.2141372141372142
0.09771309771309777
-0.6424116424116424
-0.3846153846153846
-0.48856548856548865
0.9667359667359667
-0.2765072765072766
0.6257796257796258
0.5634095634095635
-0.03534303534303529
-0.36798336798336806
0.8960498960498959
0.17671517671517667
0.6964656964656963
0.8752598752598753
0.30977130977130973
0.7920997920997921
0.7588357588357588
-0.9168399168399168
0.3014553014553014
0.43035343035343043
0.5384615384615385
-0.7713097713097713
0.48856548856548865
0.41787941787941785
0.10187110187110204
0.8253638253638254
-0.01039501039501034
0.17255717255717262
-0.17671517671517678
-0.5301455301455302
0.14760914760914745
-0.20997920997921005
0.4428274428274428
0.471933471933472
-0.07692307692307687
-0.5883575883575883
0.7796257796257795
0.21413721413721398
-0.659043659043659
0.7546777546777546
-0.46777546777546775
-0.8794178794178794
0.3430353430353432
0.7297297297297298
0.812889812889813
0.9625779625779625
-0.4719334719334719
-0.05197505197505203
-0.3513513513513513
-0.16008316008316004
-0.08939708939708946
0.7629937629937629
-0.3139293139293139
0.4927234927234927
0.40956340956340975
0.787941787941788
-0.3721413721413721
0.7671517671517671
-0.9417879417879418
-0.38877338877338874
0.18087318087318094
CENT_RANK
0.3846153846153846
-0.659043659043659
0.6632016632016633
0.5883575883575882
0.7338877338877339
0.1351351351351351
0.8669438669438669
0.031185031185031242
-0.16008316008316004
-0.6798336798336798
-0.6964656964656964
0.31808731808731805
0.8835758835758836
0.14760914760914745
0.5509355509355509
-0.5135135135135136
-0.14760914760914767
-0.6382536382536383
-0.9168399168399168
0.7588357588357588
-0.3846153846153846
-0.7172557172557172
0.5925155925155925
-0.05613305613305619
-1.0
0.0020790020790020236
0.5343035343035345
0.45530145530145516
0.08108108108108092
0.16839916839916858
0.5675675675675675
-0.6923076923076923
0.5176715176715176
-0.9501039501039501
0.2723492723492722
-0.4636174636174636
0.06029106029106024
0.41787941787941785
-0.027027027027027084
-0.5925155925155925
0.9168399168399168
0.18503118503118499
-0.9667359667359667
-0.6632016632016632
0.20582120582120567
-0.047817047817047764
0.2515592515592515
-0.6756756756756757
-0.13929313929313925
0.6340956340956341
0.06444906444906451
-0.03534303534303529
-0.8627858627858628
-0.6881496881496881
0.7006237006237006
-0.5841995841995842
0.2931392931392931
-0.7505197505197505
0.2432432432432432
-0.8212058212058212
-0.2557172557172557
-0.7338877338877339
0.5800415800415799
0.3305613305613304
0.8711018711018712
0.2557172557172558
0.9417879417879418
-0.03118503118503113
-0.9251559251559252
-0.6091476091476091
0.7920997920997921
-0.1351351351351351
0.501039501039501
-0.8835758835758836
-0.8669438669438669
-0.264033264033264
0.40956340956340975
-0.2224532224532224
0.027027027027026973
0.7671517671517671
-0.683991683991684
-0.7713097713097713
0.23076923076923084
-0.43866943866943864
-0.17671517671517678
-0.0020790020790020236
-0.8877338877338877
0.8378378378378377
-0.44698544698544695
-0.48856548856548865
-0.7422037422037422
-0.9833679833679834
-0.9002079002079002
0.49688149688149696
0.13929313929313913
0.34719334719334727
0.38877338877338863
0.4636174636174635
0.11434511434511441
-0.08108108108108114
0.23908523908523915
0.03534303534303551
-0.24740124740124736
-0.8253638253638254
0.3347193347193347
0.995841995841996
-0.738045738045738
0.05613305613305619
-0.4511434511434511
0.2266112266112268
0.7380457380457381
-0.9875259875259875
-0.0935550935550935
0.43866943866943875
-0.5592515592515592
-0.5093555093555093
0.8004158004158004
0.11850311850311845
0.07276507276507282
0.975051975051975
-0.29729729729729726
0.5592515592515592
-0.25987525987525983
0.4220374220374221
-0.4054054054054054
-0.841995841995842
0.04365904365904383
0.33887733887733873
0.6049896049896051
0.35966735966735963
-0.9584199584199584
0.9833679833679834
-0.5758835758835759
0.45945945945945943
-0.3555093555093555
0.27650727650727647
0.6257796257796258
-0.23492723492723488
-0.7297297297297297
0.17255717255717262
0.8960498960498959
-0.12681912681912677
0.8627858627858629
0.20166320166320162
-0.9958419958419958
-0.7463617463617463
-0.3014553014553015
-0.006237006237006182
-0.6174636174636174
0.32640332640332637
0.3721413721413722
0.5841995841995842
-0.5550935550935551
0.1642411642411643
-0.32640332640332637
0.7463617463617465
-0.5717255717255717
0.42619542619542616
0.8253638253638254
-0.4261954261954263
0.06860706860706856
0.29729729729729737
0.284823284823285
-0.920997920997921
0.1434511434511434
-0.33887733887733884
0.44698544698544684
-0.9126819126819127
-0.9293139293139293
-0.37629937629937626
-0.6715176715176715
0.4511434511434511
0.08523908523908519
-0.9334719334719335
0.006237006237006293
0.7214137214137215
-0.422037422037422
0.4428274428274428
0.4012474012474012
-0.41787941787941785
0.12266112266112272
0.5717255717255716
-0.0644490644490644
-0.8295218295218295
-0.5509355509355509
0.018711018711018657
-0.5301455301455302
-0.46777546777546775
-0.06860706860706856
-0.9459459459459459
0.01455301455301461
-0.0852390852390853
0.9625779625779625
0.7422037422037422
0.713097713097713
-0.817047817047817
0.8752598752598753
-0.6465696465696466
0.7047817047817047
-0.9376299376299376
0.8586278586278586
0.9501039501039501
-0.10602910602910598
-0.6257796257796258
0.471933471933472
-0.2723492723492724
0.8918918918918919
-0.03950103950103945
-0.43035343035343043
0.525987525987526
-0.08939708939708946
-0.5176715176715176
-0.1933471933471933
-0.7588357588357588
-0.11850311850311857
0.21829521829521847
-0.4137214137214137
0.25987525987525983
0.6216216216216217
-0.5883575883575883
0.01039501039501034
-0.4927234927234927
0.7172557172557172
-0.47609147609147606
-0.7047817047817048
-0.8004158004158004
-0.3305613305613305
0.5467775467775469
-0.8918918918918919
-0.4844074844074844
-0.5343035343035343
0.03950103950103956
-0.8544698544698545
0.9542619542619541
0.23492723492723488
0.8794178794178793
-0.7089397089397089
0.9126819126819128
0.7089397089397089
-0.022869022869022926
0.6465696465696464
0.26819126819126815
-0.8503118503118503
0.8295218295218294
0.6008316008316008
-0.7214137214137214
0.21413721413721398
-0.8461538461538461
0.10187110187110204
0.841995841995842
0.5426195426195426
-0.5426195426195426
0.787941787941788
0.5051975051975053
0.3430353430353432
-0.28898128898128894
0.7546777546777546
0.817047817047817
-0.20997920997921005
-0.11434511434511441
-0.3929313929313929
0.5384615384615385
-0.8711018711018711
0.1933471933471933
1.0
-0.9625779625779626
0.13097713097713104
0.09771309771309777
-0.9542619542619543
0.6715176715176716
0.3014553014553014
-0.6216216216216217
-0.9792099792099792
-0.31808731808731805
0.4345114345114345
0.6133056133056134
0.9043659043659042
-0.15592515592515588
-0.8752598752598753
0.07692307692307687
-0.23908523908523915
-0.5675675675675675
0.9085239085239085
0.7505197505197505
-0.8336798336798337
-0.8378378378378378
0.22245322245322252
-0.3347193347193348
0.783783783783784
-0.7255717255717256
0.39708939708939694
-0.36798336798336806
0.8544698544698546
-0.6424116424116424
-0.9916839916839917
-0.8045738045738046
0.5093555093555093
-0.018711018711018768
-0.762993762993763
0.10602910602910609
-0.45945945945945954
-0.6548856548856549
-0.20166320166320162
-0.3222453222453222
-0.6299376299376299
-0.7879417879417879
0.24740124740124747
-0.7796257796257796
-0.2141372141372142
-0.3638253638253639
0.6091476091476091
-0.18503118503118499
-0.58004158004158
-0.9085239085239085
0.6382536382536381
0.28066528066528074
-0.40956340956340953
-0.9043659043659044
-0.7671517671517671
0.3929313929313929
0.8503118503118503
-0.38877338877338874
0.8336798336798337
0.3056133056133057
-0.18918918918918914
0.5135135135135134
0.6174636174636174
0.7754677754677755
-0.6008316008316008
0.6964656964656963
-0.7754677754677755
-0.11018711018711014
-0.06029106029106035
-0.7920997920997921
-0.6049896049896051
0.047817047817047875
0.53014553014553
-0.22661122661122657
-0.4802494802494802
-0.3804573804573804
-0.16839916839916835
-0.2515592515592515
0.6881496881496882
0.5218295218295217
-0.4012474012474012
-0.14345114345114351
-0.10187110187110182
0.6923076923076923
0.12681912681912677
0.11018711018711014
0.9667359667359667
0.9875259875259876
-0.9708939708939709
0.17671517671517667
-0.2058212058212059
0.022869022869022704
0.6673596673596673
0.8461538461538463
0.4054054054054055
0.4760914760914763
-0.896049896049896
0.7796257796257795
-0.26819126819126815
-0.7962577962577962
-0.3513513513513513
-0.12266112266112272
0.7713097713097712
0.20997920997920994
0.7297297297297298
0.5634095634095635
0.970893970893971
0.155925155925156
0.08939708939708924
-0.07276507276507271
-0.15176715176715183
-0.18087318087318094
0.9916839916839917
-0.2432432432432433
0.8045738045738047
-0.525987525987526
0.6507276507276507
-0.343035343035343
-0.34719334719334716
0.8877338877338876
-0.35966735966735963
-0.1725571725571725
-0.7130977130977131
-0.09771309771309766
-0.8794178794178794
-0.6340956340956341
0.43035343035343043
-0.975051975051975
0.15176715176715172
0.9002079002079002
-0.21829521829521825
0.6590436590436592
0.812889812889813
0.4844074844074844
0.8212058212058211
-0.30977130977130973
-0.014553014553014498
0.3638253638253639
0.62993762993763
0.6424116424116424
-0.8128898128898129
-0.7837837837837838
-0.043659043659043606
0.683991683991684
-0.501039501039501
0.6756756756756757
-0.4428274428274428
0.19750519750519757
-0.8087318087318087
-0.45530145530145527
-0.5966735966735967
0.18087318087318094
0.9209979209979211
-0.3139293139293139
0.9584199584199584
0.8087318087318087
-0.8586278586278586
0.28898128898128905
-0.2765072765072766
-0.2848232848232848
-0.13097713097713093
0.16008316008316026
0.5966735966735968
0.313929313929314
-0.19750519750519746
-0.6133056133056133
0.30977130977130973
0.48024948024948033
-0.4345114345114345
0.9376299376299377
0.5550935550935552
-0.2931392931392931
0.37629937629937626
-0.1642411642411642
-0.6673596673596673
0.9792099792099793
-0.4719334719334719
0.9251559251559252
-0.5384615384615384
0.7629937629937629
0.35135135135135154
0.9334719334719335
0.36798336798336795
0.6798336798336799
-0.5634095634095634
-0.49688149688149685
-0.23076923076923073
-0.39708939708939717
0.48856548856548865
0.18918918918918926
0.2640332640332639
0.7962577962577964
-0.5051975051975052
-0.01039501039501034
-0.3721413721413721
-0.9417879417879418
0.9293139293139294
0.09355509355509373
-0.5218295218295218
0.5758835758835759
0.3222453222453223
0.46777546777546797
0.7255717255717256
0.4927234927234927
-0.5467775467775468
-0.7546777546777547
-0.7006237006237006
0.9459459459459458
0.3555093555093556
-0.6507276507276507
-0.07692307692307687
0.05197505197505192
0.4137214137214138
0.6548856548856548
0.38045738045738053
-0.05197505197505203
-0.2806652806652806
-0.3056133056133057
RANK
24
144
294
111
91
272
391
352
42
265
130
268
33
189
459
199
173
168
68
163
18
167
313
317
92
360
228
86
73
388
278
262
74
52
420
232
242
247
125
285
284
183
103
59
195
404
412
295
225
363
333
305
405
307
330
81
318
298
213
469
57
145
90
106
61
138
289
245
21
386
236
224
470
10
31
53
80
9
47
170
438
43
1
301
473
197
293
17
389
304
203
271
148
429
69
334
328
414
39
219
55
312
132
156
281
448
114
152
184
468
251
442
230
186
379
462
211
15
115
456
408
449
221
89
229
338
223
440
187
35
300
413
108
88
410
83
432
208
159
176
179
216
316
124
344
451
260
321
20
339
169
458
291
309
384
134
364
382
381
165
287
226
154
303
273
417
399
481
146
120
435
255
423
480
422
205
362
75
122
60
341
102
377
280
137
450
337
77
394
308
258
354
302
428
212
324
311
375
84
385
340
437
8
277
374
16
345
48
71
424
141
365
214
259
331
202
346
387
112
210
191
99
474
373
188
182
332
23
479
45
406
207
51
67
38
239
297
400
457
147
85
25
174
220
190
185
355
78
7
101
231
126
335
475
107
36
50
160
118
279
28
172
372
461
267
248
299
349
98
117
180
348
266
5
94
164
13
392
371
425
153
29
139
353
415
41
453
263
411
143
44
367
246
215
286
109
82
234
100
58
306
46
65
217
454
241
34
135
315
162
421
56
161
270
323
430
427
11
464
149
63
104
127
254
95
444
472
129
401
446
150
436
478
0
96
319
290
178
358
76
476
37
123
157
390
274
113
177
166
171
27
133
97
465
204
359
431
397
452
467
93
72
253
296
325
32
343
209
336
26
261
250
227
14
434
121
369
30
181
463
62
151
3
22
426
244
128
310
275
326
218
136
402
49
314
403
240
380
477
395
2
356
269
409
447
407
342
347
329
54
198
238
194
222
175
466
368
4
110
193
155
283
256
19
443
79
366
327
361
288
252
70
455
116
378
419
396
257
398
158
243
322
87
249
357
320
292
200
142
6
64
196
235
12
383
206
140
393
276
282
237
40
416
441
460
445
433
66
471
201
233
418
192
350
370
119
439
131
351
376
105
264
