DEGREE
0.0
-0.19999999999999996
-1.0
0.19999999999999996
0.0
0.19999999999999996
0.3999999999999999
-0.19999999999999996
0.0
-0.4
0.19999999999999996
-0.4
-0.8
0.6000000000000001
-0.8
0.19999999999999996
0.0
-0.19999999999999996
0.19999999999999996
-0.19999999999999996
-0.19999999999999996
-0.4
-0.4
-0.19999999999999996
0.19999999999999996
-0.4
0.3999999999999999
0.3999999999999999
0.0
0.3999999999999999
0.6000000000000001
-0.19999999999999996
-0.6
0.6000000000000001
-0.19999999999999996
0.6000000000000001
-0.8
0.19999999999999996
-0.4
-0.6
-0.19999999999999996
-0.6
-0.6
0.6000000000000001
0.3999999999999999
0.3999999999999999
0.19999999999999996
0.19999999999999996
-0.4
-0.19999999999999996
-0.19999999999999996
-1.0
-0.19999999999999996
-0.19999999999999996
-0.6
0.3999999999999999
0.3999999999999999
-0.19999999999999996
-0.4
-0.4
0.19999999999999996
0.3999999999999999
-0.6
0.19999999999999996
0.19999999999999996
0.6000000000000001
0.19999999999999996
0.0
0.0
-0.8
0.19999999999999996
0.19999999999999996
0.19999999999999996
0.3999999999999999
0.0
-0.4
-0.19999999999999996
-0.6
0.0
-0.19999999999999996
0.3999999999999999
0.19999999999999996
-0.19999999999999996
-0.4
0.0
0.6000000000000001
0.19999999999999996
-0.19999999999999996
0.19999999999999996
0.8
0.3999999999999999
0.3999999999999999
1.0
-0.6
0.19999999999999996
0.0
0.3999999999999999
0.3999999999999999
1.0
0.19999999999999996
-0.19999999999999996
-1.0
-0.19999999999999996
-0.8
0.3999999999999999
-0.8
-0.19999999999999996
-0.19999999999999996
0.19999999999999996
-0.6
0.3999999999999999
-0.19999999999999996
-0.6
0.0
0.3999999999999999
0.0
0.19999999999999996
-0.19999999999999996
-0.6
-0.19999999999999996
-0.4
0.19999999999999996
-0.4
0.3999999999999999
-0.19999999999999996
-0.19999999999999996
-0.4
0.0
0.19999999999999996
0.6000000000000001
0.3999999999999999
0.3999999999999999
0.3999999999999999
0.0
0.19999999999999996
0.6000000000000001
0.0
-1.0
-0.6
0.0
0.0
-0.4
0.0
-0.19999999999999996
0.19999999999999996
-1.0
0.19999999999999996
0.19999999999999996
-0.4
0.3999999999999999
0.0
-0.19999999999999996
-0.8
-0.8
-0.4
0.0
0.19999999999999996
-0.8
0.3999999999999999
0.19999999999999996
-0.4
-0.4
-0.6
0.6000000000000001
0.0
0.0
EIGENVECTOR
-0.9949940792704824
-0.9999468139642487
-0.9836736945468503
-0.9990380543168412
-0.9999991480389738
-0.9950803632071384
-0.9999953430663701
-0.9915866715041862
-0.9999992517850378
-0.9997268714392025
-0.9954365040534453
-0.9999999999999999
-0.9999999999999997
-0.8217297330799385
-0.9987305170789306
-0.9999596219831125
-0.9999991480389739
-0.999386562455382
-0.9567228583000443
-0.9999961791627172
-0.9999481598297116
-0.9999995395882891
-0.9999974799837182
-0.9977796508409109
-0.9999993735157695
-0.9995302642634004
-0.9984947240370117
-0.999991749819507
-0.9996612877032441
-0.9964768888569845
-0.999990174160887
-0.9993353959807555
-0.9999999999999998
-0.9999929704590127
-0.9999575446108507
-0.9999928006020797
-0.9999989701789999
-0.9567228583000442
-0.9999843815540397
-0.9999978909528184
-0.9999708200426936
-0.9999931272224648
-0.999403113830823
0.7937716551703735
-0.9903581705132272
-0.9999946764510572
-0.9979607139971651
-0.999943333109964
-0.9999999999999999
-0.9999984986629945
-0.999992966476442
-0.9997247022545608
-0.8100400515058604
-0.9999840635808572
-0.9999931272224645
-0.8683240266783739
-0.9999908198958408
0.039493683386417455
-0.9999985144334943
-0.9999968360534972
-0.9999631068748538
0.4366221345246222
-0.999987632375427
-0.9999981128629094
-0.9597202882665608
-0.9999902902430039
0.4594915703270932
-0.9999897641036074
-0.9841145884099611
-0.9998773900841977
-0.9982020578510953
-0.9999924050592321
-0.9903431397626947
-0.8452681256710155
-0.9999993994045893
-0.9999968360534975
-0.23590468123792352
-0.9999999999999999
-0.9997578213182701
-0.9999993136532246
0.5937152830744556
-0.9999437267081701
-0.9063765675613283
-0.9999982525587786
0.0002357913510131482
0.7239150153378888
-0.9999925767464625
-0.9998585850053011
-0.9999949091025324
-0.9999874559021334
-0.9950542744351258
-0.9999632421447069
0.9999999999999998
-0.9999931272224646
-0.9972168923785
-0.8878506266771751
-0.8320574440329037
-0.9999760836307946
1.0
-0.9814217997825344
-0.9999583147857538
-0.875982271914694
-0.9999209905724775
-0.9999999999999999
-0.9970923498741865
-0.9999999729814606
-0.999985441984227
-0.9993498308839672
-0.9999437267081701
-0.999999834419211
-0.9999917498195072
-0.9999918009762471
-0.9999957301616411
-0.9988709892452012
-0.8393125098434049
-0.9999911031696048
-0.9928170780493533
-0.9999981526760066
-0.9992302430505854
-0.9999839492975522
-0.9978100192590176
-0.9977742548784034
-0.9999969580433239
-0.9999929271348088
-0.9999995186392531
-0.996746417707532
-0.9999997653109988
-0.9999509062483218
-0.999956688119751
-0.8217297330799384
-0.9999979518388591
-0.9999938716967945
-0.9942724915875389
-0.9999011701759228
-0.7866182430451459
-0.9999905956424945
-0.9999994908863005
-0.9999999403168064
-0.9999998091068723
-0.9968440859633307
-0.9999928412738159
-0.9931467058113715
-0.9999941462417847
-0.999997476682522
0.45949157032709365
-0.9579577401437337
-0.9999994083498281
-0.980264907909067
-1.0
-0.9999986769265584
-0.9786739071450954
-0.9995405627945354
-0.9999999729814608
-0.9536197178960346
-0.6609180501307712
-0.9999897031225058
0.0661613018595626
-0.9999999999999999
-0.99419278498964
-0.7746658514627653
-0.999746533867195
-0.9999855552093952
-0.9999971174889667
0.7937716551703744
-0.9999963511547797
-0.9910439805830482
CENT
-0.9200588058505907
-0.8879642975533856
-1.0
0.6144742857800047
-0.9877934619987488
-0.6363577578037976
-0.944455658491839
-0.5183229962703386
-0.993562463745188
-0.017485462184691825
-0.45433740048485727
-0.9998154300479882
-1.0
-0.9065597039849533
-0.8596348672906912
-0.05788339411878651
-0.9877934619987488
-0.7929069775443627
-0.5925412360731146
-0.9826456934657943
-0.6404175430006355
-1.0
-0.988734650150948
-0.9136212624584718
-0.968530823181986
-0.2863267683300008
-0.03752625688329059
-0.9149304577783907
0.03447081730879731
-0.5560309921997797
-0.9769406882271594
-0.6976811775734073
-1.0
-0.8155363142736232
-0.2610725524416634
-0.8146403750214722
-1.0
-0.5925412360731146
-0.9656910421646466
-1.0
-0.749358973713623
-1.0
-0.8334612393744698
-0.9945868269788536
-0.6421611745664264
-0.99807158005321
-0.6813837121132095
-0.7272150217117628
-0.9998154300479882
-0.8998223400069111
-0.5307625633528409
-1.0
1.0
-0.830752331158946
-1.0
-0.9130998523440383
-0.9883229190476761
-0.9817429555801649
-0.7376219480040078
-1.0
-0.5336294332800802
-0.7784642022183555
-0.7082259300792069
-0.47725966355534477
0.6085722718000324
-0.5858037285154831
-0.9960106523229447
-0.8560565935140168
-0.8547616590388454
-1.0
-0.8310025939308604
-0.8934337481785409
-0.4675255021682033
-0.9532521664996749
-0.9982927279438908
-1.0
-0.03654485049833889
-1.0
-0.36839221591570614
-0.9939890159753804
-0.9518395471883843
-0.716634806002659
-1.0
-0.9332278107008398
-0.9130833728840373
-0.9803766984830108
-0.699899083856003
-0.3367866548869497
-0.9993174272292896
-0.19753461995065957
-0.5316416494868614
-0.6612066056632979
-0.3759162579760573
-1.0
-0.6651547952977164
-0.9998892580287929
-0.9397915238446799
-0.4565823410567559
-0.3759162579760573
-0.2529713642084903
-0.7441860465116279
-1.0
0.8276116648209673
-1.0
-0.4068785172123719
-1.0
-0.5737172388335167
-0.7936707625338217
-0.716634806002659
-1.0
-0.9149304577783907
-0.6920505334557174
-0.9963666086589674
-0.5284940307133528
-0.9599775439891719
-0.720888425730262
-0.8588274178756083
-0.7299943336309105
-0.7651317315968595
-0.39981219750810437
-1.0
0.47536901990005176
-0.8744257989943702
-0.9377509499902956
-0.911046511627907
-0.9572538160650473
-0.9996308600959763
-0.5890757523166654
-0.8577694419496702
-0.9065597039849533
-0.8051304110011069
-0.9364850818754252
0.04546618902853039
0.012348493595240484
-0.6171331452477626
-0.6439280417183029
-0.9312411010915993
-1.0
-0.8283499446290143
-0.08824068655155659
-0.9648278365546674
-0.8671876232734455
-0.9361629888177264
-0.9153969307591973
-0.9960106523229447
-1.0
-0.9285780203554289
-0.8837871822952665
-0.9998154300479882
-0.9236066039112061
-0.9634887227930228
0.03524439379761812
-1.0
-1.0
-0.7768549280177192
0.0010714343624274036
0.6740824236671445
-1.0
-0.44984466191581174
-0.5728400921091956
-0.14858605642770062
-0.4020856404577321
-0.8812379180728499
-0.9945868269788536
-0.9687780070674084
-0.4000862439479256
DEGREE_RANK
-0.09090909090909105
-0.4424242424242424
-1.0
0.18787878787878776
-0.07878787878787885
0.20000000000000018
0.5636363636363635
-0.4303030303030304
-0.06666666666666676
-0.6727272727272727
0.21212121212121215
-0.6606060606060606
-0.9393939393939394
0.8545454545454545
-0.9272727272727272
0.22424242424242413
-0.054545454545454675
-0.4181818181818182
0.23636363636363655
-0.4060606060606061
-0.39393939393939403
-0.6484848484848484
-0.6363636363636364
-0.38181818181818183
0.24848484848484853
-0.6242424242424243
0.5757575757575759
0.5878787878787879
-0.042424242424242475
0.5999999999999999
0.8666666666666665
-0.36969696969696986
-0.8303030303030303
0.8787878787878789
-0.35757575757575766
0.8909090909090909
-0.9151515151515152
0.2606060606060605
-0.6121212121212121
-0.8181818181818181
-0.34545454545454546
-0.8060606060606061
-0.793939393939394
0.9030303030303028
0.6121212121212123
0.6242424242424243
0.2727272727272727
0.2848484848484849
-0.6000000000000001
-0.3333333333333335
-0.3212121212121213
-0.9878787878787879
-0.3090909090909091
-0.2969696969696971
-0.7818181818181819
0.6363636363636362
0.6484848484848487
-0.2848484848484849
-0.5878787878787879
-0.5757575757575757
0.2969696969696969
0.6606060606060606
-0.7696969696969698
0.3090909090909091
0.3212121212121213
0.9151515151515153
0.33333333333333326
-0.030303030303030387
-0.0181818181818183
-0.9030303030303031
0.34545454545454546
0.35757575757575766
0.36969696969696964
0.6727272727272726
-0.0060606060606061
-0.5636363636363637
-0.2727272727272727
-0.7575757575757576
0.006060606060605878
-0.26060606060606073
0.684848484848485
0.38181818181818183
-0.24848484848484853
-0.5515151515151515
0.0181818181818183
0.9272727272727272
0.39393939393939403
-0.23636363636363644
0.406060606060606
0.9757575757575756
0.696969696969697
0.709090909090909
0.987878787878788
-0.7454545454545454
0.4181818181818182
0.030303030303030276
0.7212121212121214
0.7333333333333334
1.0
0.4303030303030304
-0.22424242424242435
-0.9757575757575757
-0.21212121212121215
-0.8909090909090909
0.7454545454545454
-0.8787878787878788
-0.20000000000000007
-0.18787878787878798
0.4424242424242424
-0.7333333333333334
0.7575757575757576
-0.17575757575757578
-0.7212121212121212
0.042424242424242475
0.7696969696969698
0.054545454545454675
0.4545454545454546
-0.1636363636363637
-0.709090909090909
-0.1515151515151516
-0.5393939393939393
0.4666666666666668
-0.5272727272727273
0.7818181818181817
-0.1393939393939394
-0.12727272727272743
-0.5151515151515151
0.06666666666666665
0.47878787878787876
0.9393939393939392
0.793939393939394
0.8060606060606061
0.8181818181818181
0.07878787878787885
0.49090909090909096
0.9515151515151516
0.09090909090909105
-0.9636363636363636
-0.696969696969697
0.10303030303030303
0.11515151515151523
-0.503030303030303
0.12727272727272743
-0.11515151515151523
0.5030303030303032
-0.9515151515151515
0.5151515151515151
0.5272727272727271
-0.49090909090909096
0.8303030303030303
0.1393939393939394
-0.10303030303030303
-0.8666666666666667
-0.8545454545454545
-0.47878787878787876
0.1515151515151516
0.5393939393939395
-0.8424242424242425
0.8424242424242425
0.5515151515151515
-0.4666666666666668
-0.4545454545454546
-0.6848484848484848
0.9636363636363636
0.1636363636363638
0.17575757575757578
EIGENVECTOR_RANK
0.4666666666666668
0.0181818181818183
0.5878787878787879
0.2606060606060605
-0.7333333333333334
0.4424242424242424
-0.49090909090909096
0.5272727272727271
-0.7454545454545454
0.1393939393939394
0.4303030303030304
-0.9151515151515152
-1.0
0.793939393939394
0.2848484848484849
-0.054545454545454675
-0.7212121212121212
0.21212121212121215
0.6606060606060606
-0.5151515151515151
0.006060606060605878
-0.8303030303030303
-0.6000000000000001
0.34545454545454546
-0.7696969696969698
0.18787878787878776
0.2969696969696969
-0.2848484848484849
0.1636363636363638
0.4181818181818182
-0.22424242424242435
0.23636363636363655
-0.9636363636363636
-0.39393939393939403
-0.030303030303030387
-0.34545454545454546
-0.709090909090909
0.6727272727272726
-0.1393939393939394
-0.6121212121212121
-0.09090909090909105
-0.4060606060606061
0.20000000000000018
0.9757575757575756
0.5515151515151515
-0.4666666666666668
0.3212121212121213
0.054545454545454675
-0.9515151515151515
-0.6727272727272727
-0.38181818181818183
0.1515151515151516
0.8060606060606061
-0.12727272727272743
-0.4181818181818182
0.7333333333333334
-0.26060606060606073
0.8787878787878789
-0.6848484848484848
-0.5393939393939393
-0.06666666666666676
0.9030303030303028
-0.18787878787878798
-0.6363636363636364
0.6363636363636362
-0.23636363636363644
0.9151515151515153
-0.21212121212121215
0.5757575757575759
0.09090909090909105
0.3090909090909091
-0.3212121212121213
0.5636363636363635
0.7454545454545454
-0.7818181818181819
-0.5515151515151515
0.8545454545454545
-0.9393939393939394
0.11515151515151523
-0.7575757575757576
0.9393939393939392
0.042424242424242475
0.696969696969697
-0.6606060606060606
0.8666666666666665
0.9515151515151516
-0.3333333333333335
0.10303030303030303
-0.47878787878787876
-0.17575757575757578
0.4545454545454546
-0.07878787878787885
0.987878787878788
-0.4303030303030304
0.36969696969696964
0.709090909090909
0.7696969696969698
-0.10303030303030303
1.0
0.5999999999999999
-0.042424242424242475
0.7212121212121214
0.06666666666666665
-0.9878787878787879
0.38181818181818183
-0.8909090909090909
-0.1515151515151516
0.22424242424242413
0.030303030303030276
-0.8666666666666667
-0.2969696969696971
-0.3090909090909091
-0.503030303030303
0.2727272727272727
0.7575757575757576
-0.2727272727272727
0.5151515151515151
-0.6484848484848484
0.24848484848484853
-0.11515151515151523
0.33333333333333326
0.35757575757575766
-0.5636363636363637
-0.36969696969696986
-0.8181818181818181
0.406060606060606
-0.8424242424242425
-0.0060606060606061
-0.0181818181818183
0.7818181818181817
-0.6242424242424243
-0.4424242424242424
0.47878787878787876
0.07878787878787885
0.8181818181818181
-0.24848484848484853
-0.8060606060606061
-0.8787878787878788
-0.8545454545454545
0.39393939393939403
-0.35757575757575766
0.5030303030303032
-0.4545454545454546
-0.5878787878787879
0.9272727272727272
0.6484848484848487
-0.793939393939394
0.6121212121212123
-0.9272727272727272
-0.696969696969697
0.6242424242424243
0.17575757575757578
-0.9030303030303031
0.684848484848485
0.8424242424242425
-0.20000000000000007
0.8909090909090909
-0.9757575757575757
0.49090909090909096
0.8303030303030303
0.12727272727272743
-0.1636363636363637
-0.5757575757575757
0.9636363636363636
-0.5272727272727273
0.5393939393939395
CENT_RANK
-0.20000000000000007
-0.054545454545454675
-1.0
0.9636363636363636
-0.49090909090909096
0.4303030303030304
-0.3090909090909091
0.5878787878787879
-0.5272727272727273
0.8666666666666665
0.6363636363636362
-0.6848484848484848
-0.9878787878787879
-0.10303030303030303
0.006060606060605878
0.8303030303030303
-0.47878787878787876
0.1636363636363638
0.4545454545454546
-0.4666666666666668
0.4181818181818182
-0.9757575757575757
-0.5151515151515151
-0.1515151515151516
-0.4060606060606061
0.7575757575757576
0.8424242424242425
-0.17575757575757578
0.9030303030303028
0.5272727272727271
-0.4303030303030304
0.33333333333333326
-0.9636363636363636
0.11515151515151523
0.7696969696969698
0.12727272727272743
-0.9515151515151515
0.4666666666666668
-0.39393939393939403
-0.9393939393939394
0.21212121212121215
-0.9272727272727272
0.06666666666666665
-0.5636363636363637
0.406060606060606
-0.6121212121212121
0.35757575757575766
0.2606060606060605
-0.6727272727272727
-0.07878787878787885
0.5636363636363635
-0.9151515151515152
1.0
0.09090909090909105
-0.9030303030303031
-0.1393939393939394
-0.503030303030303
-0.4545454545454546
0.23636363636363655
-0.8909090909090909
0.5393939393939395
0.17575757575757578
0.3090909090909091
0.5999999999999999
0.9515151515151516
0.49090909090909096
-0.5878787878787879
0.042424242424242475
0.054545454545454675
-0.8787878787878788
0.07878787878787885
-0.06666666666666676
0.6121212121212123
-0.3333333333333335
-0.6242424242424243
-0.8666666666666667
0.8545454545454545
-0.8545454545454545
0.7333333333333334
-0.5393939393939393
-0.3212121212121213
0.2848484848484849
-0.8424242424242425
-0.24848484848484853
-0.12727272727272743
-0.4424242424242424
0.3212121212121213
0.7454545454545454
-0.6363636363636364
0.793939393939394
0.5515151515151515
0.38181818181818183
0.709090909090909
-0.8303030303030303
0.36969696969696964
-0.696969696969697
-0.2969696969696971
0.6242424242424243
0.7212121212121214
0.7818181818181817
0.22424242424242413
-0.8181818181818181
0.987878787878788
-0.8060606060606061
0.6606060606060606
-0.793939393939394
0.5030303030303032
0.1515151515151516
0.2969696969696969
-0.7818181818181819
-0.1636363636363637
0.34545454545454546
-0.6000000000000001
0.5757575757575759
-0.35757575757575766
0.2727272727272727
0.0181818181818183
0.24848484848484853
0.20000000000000018
0.696969696969697
-0.7696969696969698
0.9393939393939392
-0.0181818181818183
-0.2848484848484849
-0.11515151515151523
-0.34545454545454546
-0.6484848484848484
0.47878787878787876
0.030303030303030276
-0.09090909090909105
0.1393939393939394
-0.2727272727272727
0.9272727272727272
0.8909090909090909
0.4424242424242424
0.39393939393939403
-0.23636363636363644
-0.7575757575757576
0.10303030303030303
0.8181818181818181
-0.38181818181818183
-0.0060606060606061
-0.26060606060606073
-0.18787878787878798
-0.5757575757575757
-0.7454545454545454
-0.22424242424242435
-0.042424242424242475
-0.6606060606060606
-0.21212121212121215
-0.36969696969696986
0.9151515151515153
-0.7333333333333334
-0.7212121212121212
0.18787878787878776
0.8787878787878789
0.9757575757575756
-0.709090909090909
0.6484848484848487
0.5151515151515151
0.8060606060606061
0.6727272727272726
-0.030303030303030387
-0.5515151515151515
-0.4181818181818182
0.684848484848485
RANK
2
12
21
32
36
39
41
51
54
59
69
75
77
82
93
101
103
105
109
120
137
145
152
153
157
95
11
48
148
126
88
74
45
112
66
144
43
163
79
8
22
56
4
16
19
57
85
30
164
24
38
140
150
114
125
73
80
6
96
123
131
142
83
136
146
149
0
143
27
110
23
55
84
124
13
129
49
71
1
147
162
122
141
14
116
128
67
68
42
70
53
138
33
35
130
107
17
61
154
118
40
100
58
117
47
115
81
108
62
86
31
111
46
94
91
135
44
20
5
134
18
37
127
65
106
159
29
60
90
50
113
7
63
72
97
10
158
104
161
165
119
92
98
78
87
25
34
99
89
160
139
15
26
76
9
155
133
28
151
132
121
64
3
156
102
52
