DEGREE
0.4285714285714286
-0.1428571428571429
-0.4285714285714286
0.4285714285714286
-0.6190476190476191
-0.1428571428571429
0.23809523809523814
0.33333333333333326
-0.04761904761904767
0.1428571428571428
-0.04761904761904767
-0.6190476190476191
-0.23809523809523814
-0.04761904761904767
-0.33333333333333337
0.04761904761904767
0.1428571428571428
0.23809523809523814
-0.04761904761904767
1.0
0.23809523809523814
0.7142857142857142
0.6190476190476191
0.1428571428571428
-0.4285714285714286
-0.5238095238095238
-0.8095238095238095
-0.04761904761904767
-0.23809523809523814
0.6190476190476191
-0.4285714285714286
0.33333333333333326
0.33333333333333326
0.23809523809523814
-0.6190476190476191
-0.04761904761904767
0.04761904761904767
0.04761904761904767
0.1428571428571428
-0.1428571428571429
0.4285714285714286
-0.6190476190476191
-0.8095238095238095
0.7142857142857142
0.23809523809523814
-0.1428571428571429
-0.33333333333333337
0.7142857142857142
-0.4285714285714286
-0.33333333333333337
-0.04761904761904767
-0.7142857142857143
0.1428571428571428
0.04761904761904767
0.8095238095238095
0.33333333333333326
-0.6190476190476191
0.23809523809523814
0.04761904761904767
0.5238095238095237
0.04761904761904767
0.33333333333333326
-0.04761904761904767
0.6190476190476191
-0.6190476190476191
0.1428571428571428
-0.8095238095238095
-0.8095238095238095
-0.5238095238095238
0.1428571428571428
0.4285714285714286
0.5238095238095237
0.5238095238095237
0.1428571428571428
0.04761904761904767
0.23809523809523814
-0.23809523809523814
0.6190476190476191
0.23809523809523814
-0.04761904761904767
0.5238095238095237
0.04761904761904767
-0.5238095238095238
-0.1428571428571429
-0.1428571428571429
0.4285714285714286
0.4285714285714286
0.4285714285714286
0.04761904761904767
0.9047619047619047
0.7142857142857142
0.33333333333333326
0.04761904761904767
-0.23809523809523814
0.6190476190476191
0.33333333333333326
-0.23809523809523814
0.1428571428571428
-0.4285714285714286
-0.5238095238095238
0.5238095238095237
-0.1428571428571429
0.04761904761904767
-0.1428571428571429
0.1428571428571428
0.1428571428571428
0.7142857142857142
-0.4285714285714286
0.04761904761904767
-0.9047619047619048
-0.23809523809523814
0.23809523809523814
0.5238095238095237
0.7142857142857142
0.33333333333333326
-0.1428571428571429
-0.5238095238095238
0.04761904761904767
0.23809523809523814
0.1428571428571428
-0.04761904761904767
-0.1428571428571429
0.33333333333333326
0.33333333333333326
-0.7142857142857143
0.23809523809523814
0.04761904761904767
0.1428571428571428
0.5238095238095237
-0.1428571428571429
0.04761904761904767
0.6190476190476191
0.4285714285714286
-0.1428571428571429
0.1428571428571428
0.04761904761904767
0.7142857142857142
0.8095238095238095
-0.23809523809523814
-0.4285714285714286
-0.5238095238095238
-0.4285714285714286
0.23809523809523814
-0.5238095238095238
0.5238095238095237
0.1428571428571428
0.04761904761904767
0.5238095238095237
0.04761904761904767
0.23809523809523814
0.4285714285714286
-0.23809523809523814
0.4285714285714286
0.33333333333333326
0.23809523809523814
-0.6190476190476191
0.6190476190476191
-0.33333333333333337
-0.23809523809523814
0.04761904761904767
-0.9047619047619048
0.4285714285714286
-0.23809523809523814
-0.23809523809523814
0.04761904761904767
0.5238095238095237
0.33333333333333326
0.1428571428571428
0.23809523809523814
0.04761904761904767
0.04761904761904767
0.23809523809523814
0.4285714285714286
-0.1428571428571429
0.23809523809523814
-0.1428571428571429
-0.6190476190476191
-0.33333333333333337
-0.23809523809523814
-0.23809523809523814
0.1428571428571428
0.4285714285714286
0.9047619047619047
-0.04761904761904767
-0.33333333333333337
-0.5238095238095238
0.4285714285714286
0.5238095238095237
0.23809523809523814
-0.1428571428571429
0.04761904761904767
0.23809523809523814
-0.1428571428571429
0.04761904761904767
0.4285714285714286
-0.1428571428571429
-0.5238095238095238
0.6190476190476191
0.5238095238095237
0.33333333333333326
-0.33333333333333337
-0.4285714285714286
-0.4285714285714286
-0.1428571428571429
0.9047619047619047
0.4285714285714286
0.33333333333333326
-0.04761904761904767
0.1428571428571428
-0.5238095238095238
-0.04761904761904767
0.23809523809523814
0.4285714285714286
-0.04761904761904767
-0.23809523809523814
-0.33333333333333337
-0.1428571428571429
-0.33333333333333337
0.6190476190476191
-0.33333333333333337
0.23809523809523814
-0.1428571428571429
0.23809523809523814
0.6190476190476191
0.33333333333333326
-0.1428571428571429
0.1428571428571428
-0.23809523809523814
-0.04761904761904767
-0.23809523809523814
0.33333333333333326
-0.04761904761904767
0.8095238095238095
-0.5238095238095238
-0.1428571428571429
0.1428571428571428
-0.6190476190476191
0.5238095238095237
-0.23809523809523814
0.7142857142857142
0.4285714285714286
-0.04761904761904767
0.6190476190476191
0.5238095238095237
-0.23809523809523814
0.04761904761904767
0.4285714285714286
0.4285714285714286
-0.23809523809523814
-0.4285714285714286
0.23809523809523814
0.4285714285714286
0.4285714285714286
-0.1428571428571429
0.5238095238095237
0.1428571428571428
0.23809523809523814
0.04761904761904767
0.23809523809523814
-0.8095238095238095
0.04761904761904767
-0.7142857142857143
-0.4285714285714286
0.4285714285714286
-0.04761904761904767
0.5238095238095237
-0.04761904761904767
0.04761904761904767
0.04761904761904767
0.23809523809523814
0.33333333333333326
0.04761904761904767
-0.23809523809523814
-0.33333333333333337
-0.1428571428571429
0.1428571428571428
0.04761904761904767
0.33333333333333326
0.5238095238095237
-0.1428571428571429
0.1428571428571428
0.33333333333333326
-0.7142857142857143
0.33333333333333326
0.5238095238095237
0.7142857142857142
0.1428571428571428
-0.04761904761904767
0.33333333333333326
-0.1428571428571429
0.1428571428571428
-0.23809523809523814
-0.04761904761904767
-0.04761904761904767
0.7142857142857142
0.23809523809523814
0.04761904761904767
1.0
-0.1428571428571429
0.5238095238095237
0.33333333333333326
0.33333333333333326
-0.5238095238095238
-0.4285714285714286
-0.4285714285714286
-0.33333333333333337
0.04761904761904767
0.1428571428571428
-0.4285714285714286
-0.1428571428571429
0.1428571428571428
0.1428571428571428
-0.23809523809523814
0.6190476190476191
0.5238095238095237
-0.23809523809523814
-0.1428571428571429
-0.23809523809523814
-0.1428571428571429
0.5238095238095237
0.7142857142857142
-0.04761904761904767
0.04761904761904767
0.5238095238095237
0.6190476190476191
0.33333333333333326
-0.7142857142857143
0.5238095238095237
-0.6190476190476191
0.23809523809523814
0.7142857142857142
0.5238095238095237
-1.0
-0.1428571428571429
0.4285714285714286
0.04761904761904767
0.04761904761904767
0.4285714285714286
-0.04761904761904767
0.4285714285714286
-0.5238095238095238
-0.04761904761904767
-0.1428571428571429
0.7142857142857142
0.04761904761904767
-0.23809523809523814
-0.33333333333333337
-0.04761904761904767
0.23809523809523814
-0.04761904761904767
0.33333333333333326
0.23809523809523814
0.23809523809523814
0.04761904761904767
0.1428571428571428
-0.23809523809523814
-0.5238095238095238
-0.9047619047619048
-0.8095238095238095
0.33333333333333326
0.23809523809523814
-0.7142857142857143
-0.33333333333333337
-0.23809523809523814
0.6190476190476191
0.04761904761904767
0.6190476190476191
0.33333333333333326
0.8095238095238095
0.4285714285714286
-0.4285714285714286
-0.04761904761904767
0.1428571428571428
-0.5238095238095238
0.4285714285714286
0.04761904761904767
-0.7142857142857143
-0.8095238095238095
-0.1428571428571429
0.7142857142857142
0.04761904761904767
0.1428571428571428
0.6190476190476191
-0.4285714285714286
-0.7142857142857143
-0.1428571428571429
-0.5238095238095238
0.23809523809523814
0.23809523809523814
0.1428571428571428
-0.33333333333333337
0.04761904761904767
0.6190476190476191
-0.04761904761904767
0.9047619047619047
0.7142857142857142
-0.23809523809523814
0.5238095238095237
0.7142857142857142
0.23809523809523814
-0.1428571428571429
-0.4285714285714286
0.5238095238095237
-0.04761904761904767
-0.1428571428571429
0.33333333333333326
0.5238095238095237
-0.23809523809523814
0.04761904761904767
-0.04761904761904767
-0.33333333333333337
-0.5238095238095238
0.33333333333333326
0.04761904761904767
0.4285714285714286
-0.7142857142857143
-0.23809523809523814
0.33333333333333326
-0.8095238095238095
0.04761904761904767
0.33333333333333326
0.5238095238095237
0.6190476190476191
-0.23809523809523814
-0.33333333333333337
-0.04761904761904767
0.04761904761904767
-0.7142857142857143
-0.1428571428571429
-0.6190476190476191
-0.4285714285714286
0.23809523809523814
-0.23809523809523814
0.33333333333333326
0.6190476190476191
0.5238095238095237
-0.23809523809523814
-0.5238095238095238
0.4285714285714286
-0.1428571428571429
-0.23809523809523814
-0.1428571428571429
0.1428571428571428
0.33333333333333326
0.04761904761904767
0.4285714285714286
-0.5238095238095238
-0.7142857142857143
-0.8095238095238095
0.23809523809523814
-0.1428571428571429
0.6190476190476191
-0.4285714285714286
-0.4285714285714286
-0.6190476190476191
-0.33333333333333337
0.33333333333333326
-0.04761904761904767
0.6190476190476191
EIGENVECTOR
-0.9990687627742629
-0.8178699481145744
-0.988988312633633
-0.43902727298808353
-0.9643717411363694
-0.9980144693724664
-0.33340463089269223
-0.8928522779577109
-0.9571842665196898
-0.9290810442723179
-0.9873103539794027
-0.9708005972185869
-0.9903863035185849
-0.9155655038091681
-0.9997987668746598
-0.9809283386277418
-0.9987760807696827
-0.782392043877881
-0.999803150262358
0.9446476125781442
-0.9180977510360877
-0.14843623539553397
0.6830925468904743
-0.7368417412231352
-0.9642562551938979
-0.9961264518159112
-0.9987975676190689
-0.9999890441442785
-0.9997152021426258
-0.18740778140724368
-0.8779959675994985
-0.6156955959055386
-0.7734634293034374
-0.6175987135603931
-0.9842437230037089
-0.9522710204676351
-0.9809283386277418
-0.8084946097856665
-0.9993741924720443
-0.9779159113877562
-0.9623140569893887
-0.994064652228812
-0.9950505796876773
0.5950418258715489
-0.30898880532907425
-0.9020649117442189
-0.9923444149555313
-0.9636009443123172
-0.9816146368233915
-0.9999931600091332
-0.9959494909968842
-0.9999960500028423
-0.9890134419255124
-0.24948516318138358
0.9022494145244597
-0.497548762689475
-0.9915203495916589
-0.6507458954285326
-0.995323773004997
0.09292605463601222
-0.9729133106933009
-0.9444214238010364
-0.9888905018636116
0.17380310835831936
-0.9999870096888609
-0.9012264460870119
-0.9998080397094943
-0.9999870840230167
-0.9999653018190882
-0.9993720548720048
-0.9631012980255349
-0.47659675875923524
-0.3750342528665209
-0.9013864373912918
-0.7681194301051274
-0.4476149296793248
-0.9700775822721617
-0.4682694872435872
-0.8924931527956754
-0.9854679083911363
-0.7702740390602918
-0.9862872684735834
-0.9999890521382884
-0.999945263044229
-0.8387529802693839
-0.998828923439194
-0.386887446856952
-0.912833873802379
-0.9991594911348362
1.0
-0.9648452268124789
-0.4305999856663725
-0.6947034470051539
-0.9987594861115812
-0.3202866604817486
-0.934882222396131
-0.9996640620464688
-0.9709820401169043
-0.9986871928462344
-0.9999967750695713
-0.9687744115067517
-0.9739219890559133
-0.6000020471155398
-0.9779592591952019
-0.8344029135091128
-0.34964726251720835
-0.42401380636622676
-0.9999963499634351
-0.2068979674764615
-0.9994818359485738
-0.9946136329053129
-0.9695215814254562
-0.8870572423851615
0.6460876370482951
-0.15970923463864883
-0.5043976772201878
-0.9999179759803726
-0.9997629213695
-0.7328668491881327
-0.16456854792905684
-0.9766135141925234
-0.9999399949311986
-0.9472440625763441
-0.03075374102481443
-0.9985763895201691
-0.7406308570500182
-0.9909964298150986
-0.20499526839826177
-0.9988969486706085
-0.9950333491751262
-0.9802908637374179
-0.03883646484269376
-0.10086692324576829
-0.6751795040482049
-0.8495275618058082
-0.9955727045327786
-0.8507942724928035
0.7399179095701909
-0.9981764212203911
-0.9999169620642155
-0.9982636157839219
-0.9051314267776427
-0.9710570992976385
-0.9912742167031996
-0.8318350404441417
-0.9771035347273013
-0.9653677357339451
-0.962286179576505
-0.983126583113158
-0.9891225813618656
-0.6407257754060365
-0.7187932916253617
-0.5254944346116498
-0.7888755205064917
-0.08427199490325421
-0.999967973259335
-0.5236233790669016
-0.9997789340040043
-0.9998810314651312
-0.8631150509274284
-0.9994448963634864
0.3227763712331526
-0.9654930029391927
-0.9990993165007035
-0.9793267796579279
-0.27250628248710085
-0.9749249619858054
-0.701198697739922
-0.9993327068453565
-0.9588867773761496
-0.8124714304105161
-0.4103454302515158
-0.4215589753430332
-0.9605953267917656
-0.8656722105203732
-0.9997638820076922
-0.9934194014852582
-0.7341848464073264
-0.9973161429332008
-0.9955497331253602
-0.9477523196474053
-0.9944308988016075
-0.44901619476931387
-0.9997149259443582
-0.9911461411571745
-0.9952169799135151
-0.48527598778459247
-0.998981587116849
-0.8106170863799373
-0.9973409661985315
-0.6855245068797213
0.08706217283276096
-0.8387529802693838
-0.9994351191818128
-0.9980560365780377
-0.9914265564479849
-0.9990136786285743
-0.2166486840100853
0.06396005610807354
-0.7028433624000158
-0.99464874932915
-0.9512694838594269
-0.9977236696111229
-0.7557157913737933
0.8408997868344967
-0.31484128859646054
-0.9014988752078285
-0.7644285405931077
-0.575749774342032
-0.9976237147201548
-0.9899186096797731
-0.4523138531244376
-0.4153889297575053
-0.9775124655672908
-0.9651517839457021
-0.9996828361249235
-0.9994835034606404
-0.9934074949208357
-0.2682958211145059
-0.9912302803346537
-0.9753196024542534
-0.9960822378324696
-0.08427199490325421
-0.45565090644793504
-0.9923491097690991
-0.6810670413886686
-0.6799376345321411
-0.6247299247515923
-0.9374918328684052
-0.8269933557469016
-0.9085738196713959
-0.88876868375118
0.5513882301169915
-0.9996263909266542
-0.9572736742556733
-0.32780286341548925
-0.9952919526566341
-0.9990958419452035
-0.9866290676736765
0.8614232477741803
-0.8470212362222802
-0.9991113312900582
-0.20605110062085863
0.6421905563973762
-0.965151783945702
-0.9987808672419157
-0.537690618895911
-0.9682280737088458
-0.9996989078405759
-0.9998949506809697
-0.505730748646626
-0.8560118344643954
-0.22250152635685627
-0.999576584850059
0.35196819140158486
-0.7488839571682782
-0.7340574072390937
-0.959017250756693
-0.998486883221214
-0.970795721136469
-0.9246467376113732
-0.998650230029414
-0.9987998889295239
-0.7069360042221468
-0.9964603646709009
-0.9653556241645693
-0.858992937289236
-0.971118479013135
-0.9870855782036603
-0.9994078534102427
-0.8929872390993359
-0.8647386177146754
-0.9979873079665857
-0.5611480752309894
-0.9982833112326843
-0.9846747495618045
-0.9999805528434966
-0.7176565850291727
-0.43654441760732643
-0.9914265564479852
-0.6763904359568942
-0.642182684305376
-0.9972818856359772
-0.9085738196713962
-0.39274230629809703
0.8782503470542822
-0.9997070286068435
-0.9991113312900585
-0.8863769976121753
-0.852831804523674
-0.9326399171885351
-0.9947763559498951
-0.9978366439603531
-0.9155655038091682
-0.9592409822128694
-0.5709468740394907
-0.9714847098942037
-0.33850343852424714
-0.9282607885013845
0.4786431839979943
0.243438849950129
-0.9718645675382299
-0.9648300762205345
-0.9999169620642154
-0.9999307388996158
-0.9997109545349642
-0.8601394145041882
-0.9992184004987023
-0.9997226975195969
-0.9996674803215218
-0.9842863391170654
-0.9470733350687711
-0.9999902946942563
0.13029448916928343
-0.3750342528665209
-0.9632648299686078
-0.8400007871008496
-0.9997706640522409
-0.9898416986089694
-0.16252968298974035
-0.4061497451472409
-0.9999488995972624
-0.756759704562683
-0.9988636442879192
0.38159390146317484
-0.7748351401223281
-0.9999530706925257
0.25864570312074897
-0.9995155014073422
-0.9156348201941678
-0.9518385375956945
-0.9675877229243143
-1.0
-0.5750141632568044
-0.08982104879782726
-0.8915700982801679
-0.9979228745358676
-0.97138107013436
-0.9998391985143978
-0.5576072798646552
-0.8831144553390684
-0.3903194720300066
-0.9886007825896053
-0.3855951799228633
-0.9944709987237431
-0.999512836810126
-0.9685425551227871
-0.9947214892045544
-0.8445194084129324
-0.6005451352689422
-0.9915934257439712
-0.6475348175070443
-0.959029666987418
-0.9743381943974532
-0.9992034888583093
-0.9847104364117131
-0.983276275766065
-0.9999898923989502
-0.9999805855766428
-0.9870294662153617
-0.9719241294334537
-0.9972818856359773
-0.8861217476334748
-0.9916269142810475
-0.8267517675845102
-0.9999805528434969
0.3490324358558494
-0.8461751212073484
0.8116236621719453
-0.10086692324576785
-0.9986871928462344
-0.9999890441442784
-0.9481219826973856
-0.9907266305170195
-0.7413891841425985
-0.7540107489425505
-0.9945805282613619
-0.9993166194722288
-0.7334991229570522
0.8013098906699752
-0.9977907653411965
-0.9122149092923459
-0.2683971261774175
-0.9027341009429979
-0.9975799857439203
-0.9998185006464795
-0.9997295715668113
-0.7554066010639311
-0.636976018134398
-0.9139637236359002
-0.9993262023473409
-0.9810805771908415
-0.9990925940338203
-0.9791475353560698
-0.9554248260172797
-0.3196805591449594
-0.9866290676736766
0.6834502771415909
-0.3793993714938775
-0.8325535543662282
-0.9737153641948669
-0.9999945893862948
-0.5688997626199166
-0.9987239770049348
-0.9392365505396129
-0.9910306031279776
-0.2839059657210976
-0.999869150726977
-0.991796400360755
-0.9274968233174966
-0.993635829736689
-0.999330542117981
-0.22391980162482028
-0.9995579640150131
-0.2927491862615482
-0.9481238753851791
-0.9998594683518123
-0.98868611034223
-0.9999486716538871
-0.8849999453952235
-0.8120685620335784
-0.5310569987785201
-0.9648820761961623
-0.9754095698884929
-0.9999935534184551
-0.9571842665196897
-0.971777611447461
-0.9481238753851792
-0.9996143878171391
-0.9956490044087922
-0.9816146368233916
-0.9213915898696904
-0.874890004721512
-0.6227129730063036
-0.21401589102893614
0.478643183997995
-0.9967472566224778
-0.9997943800704006
-0.3077831559001247
-0.9874583206516376
-0.9899651793123542
-0.9886007825896054
-0.9927433498744439
-0.9332398044428208
-0.9995264290837437
-0.09543901792987652
-0.9985583027979937
-0.9986047427715895
-0.9987975676190689
-0.972028540246387
-0.9700486605609011
-0.999048600540256
-0.8779959675994986
-0.9997808792238462
-0.9999867550774708
-0.992054452380024
-0.9696542577287818
-0.9714607943318397
0.17380310835831936
CENT
-0.9350458635259247
-0.6622381136184672
-0.8002853689684081
-0.5692466463017872
-0.9998307199196559
-0.8160807072513064
-0.8931949797671327
-0.8561970229629295
-0.5371820443671291
-0.7181348093630802
-0.8774738583251749
-0.7964575438005378
-0.9383948496091531
-0.9942575153867628
-0.7247683912447536
-0.7489586044177752
-0.948633698429482
-0.7276128652320402
-0.8208715876387632
-0.713829070051786
-0.5055501947416359
-0.4157405055329221
-0.8556135425205424
-0.9629787897961494
-0.9002717095590854
-0.8742530261367436
-1.0
-0.920772048119254
-0.7464058323212106
-0.6410814327882364
-0.9506768744484851
-0.5834925880850581
-0.8431127755717785
-0.9026736119065152
-0.999716054354101
-0.9590878027853955
-0.7489586044177752
-0.6738670080327276
-0.9691613376238808
-0.48349142189987526
-0.8622414703742276
-0.8074256639264181
-0.5708862119048819
-0.6379899994686857
-0.9083858374724277
-0.9548538987260906
-0.9926482809577347
-0.963921100490444
-0.8902223105390332
-0.9968701506406797
-0.7979700765239492
-0.9990421721857629
-0.3405511570405544
0.43737902570846887
-0.6466773861112547
-0.8005695547600391
-0.9815890789406783
-0.9242706472284076
-0.7280789600829458
-0.5954727118517251
-0.9296065185210315
-0.3309299260485292
-0.8181027097286823
-0.6489934618363465
-0.9941852893022185
-0.9302500813846033
-0.8804247248529591
-0.981775896107303
-0.9631838464507133
-0.9706469744153992
-0.969177331763441
-0.65359621758754
-0.7261744461836324
-0.8559981865715709
-0.6770236622516616
-0.8187890078437755
-0.9778491165828104
-0.7994199956191808
-0.9457196116045186
-0.02009137713083442
0.08186964628168081
-0.7077202211877022
-0.9944960592732711
-0.6025986058517472
-0.9178521182700489
-0.8896920167619538
-0.9139221924742469
-0.5651883781800529
-0.7876247127280531
-0.7507420426917223
-0.9008560059435419
-0.9330618173988673
-0.14575056967298383
-0.8560730402871134
-0.680441248355884
-0.8823881425629508
-0.9229581868799969
-0.44848524757102937
-0.9620021053743233
-1.0
-0.894901931670512
-0.7618706747948881
-0.686165166935593
-0.34039731114111127
-0.9535525810546224
-0.9372071819032046
-0.8240656443254532
-0.9968794149353518
-0.7943530100764289
-0.9997140905339431
-0.5513669443212676
-0.2152947871409191
-0.7298186184356013
-0.6121084729141065
-0.8898304636908129
-0.8202362464902284
-0.9504445588885617
-0.7757478112465731
-0.2939299757167918
-0.9572605687807259
-0.6047103619935401
-0.7352569321718152
-0.7220582256061376
-0.804359294871659
-0.9380089122015492
-0.8799186078080575
-0.15624975437229194
-0.9604150753003167
-0.6748531247742002
-0.8267695312071232
-0.9309895948961472
-0.35601618924790857
-0.3876806082829184
-0.9650412778586575
-0.8365328922156368
-0.717917503885758
-0.7284546630543076
-0.8834584201161051
-0.7948764730387133
-0.9993372701156075
-0.9398362600289598
-0.9822676780747601
-0.38867477486796287
-0.6228081518651022
-0.7308066254731791
-0.9663858741141192
-0.7479832387819503
-0.8245936624535292
-0.6922317777033519
-0.6670935059109948
-0.14539400513212097
-0.9826500422358145
-0.865338190874286
-0.6975924845318089
-0.7827288027859572
-0.9630635961176746
-0.8919885907002931
-0.8195845381150813
-0.8859745440444364
0.050392714838515706
-0.9940187603565199
-0.7830482614642578
-0.7316398085956961
-0.9482674800980819
-0.9053606047457932
-0.5763061229812441
-0.9083279755269537
-0.4082855991477663
-0.9635867229749552
-0.66252216783093
-0.8177699106079064
-0.9022110114421797
-0.4092929569776961
-0.9633842264530524
-0.8548042295712143
-0.8688854541260362
-0.9785333061946949
-0.977292663481962
-0.8719328321819497
-0.8649576572233445
-0.8870947478617437
0.034699025878397904
1.0
-0.6483181704716343
-0.8207841511288656
-0.9345474518453709
-0.6651136366408616
-0.6499927991812176
-0.8737186228222632
-0.7462551207793049
-0.6939137639752944
-0.9001676394168827
-0.9178521182700489
-0.972152351887191
-0.4812294315446348
-0.8559530016337626
-0.37331818777219605
-0.5574468484176567
-0.5097170591348705
-0.890068674464575
-0.8236337648038565
-0.874594135311282
-0.9596546804616323
-0.8983147312800951
-0.4299252362760382
-0.4430321362483528
-0.6649615201271113
-0.9559880381757271
-0.8166856528814302
-0.9660556650674572
-0.8753334260098217
-0.8903941034626038
-0.8018788723123659
-0.9971751989393383
-0.9658577916804235
-0.7810216955970719
-0.7723274194420675
-0.7353639081273025
-0.658617435377414
-0.963615381475347
-0.8581513744586486
-0.8170305221213455
-0.7827288027859572
-0.6026771912375977
-0.5795298654182115
-0.9952961626652594
-0.910758617934506
-0.041999933530449174
-0.5874231373783994
-0.7864446634054558
-0.8616101772768276
-0.6625082327349117
-0.6759977286320258
-0.8654673676929623
-0.5186113492588431
-0.2741390271255646
-0.9541258271571287
-0.8699301788900495
-0.8960250144440403
-0.8715645805891219
-0.5440066473323637
-0.9482821343290897
-0.5787824841727922
-0.8887067105545219
-0.9658577916804235
-0.6993285437414049
-0.7320305776050783
-0.872260617622373
-0.9090390792009039
-0.537445649814686
-0.6709801580773178
-0.22735254908905167
-0.2091824420562557
-0.9296241471098372
-0.15415037707247792
-0.9119348283599776
-0.9370135375256803
-0.7790180649979515
-0.5375561737180865
-0.21690498802220404
-0.8416724051379405
-0.9850133765105581
-0.5676388497143022
-0.2934667713901813
-0.8505427139009669
-0.9514011352037379
-0.5943722253824704
-0.6174602282140677
-0.7976937856268478
-0.8801362979562523
0.16859633752330394
-0.8442401223607225
-0.8935254121772571
-0.9991710219536633
-0.29802711845835583
-0.7026714820909097
-0.8832198103570106
-0.558840969037482
-0.8093106079882121
-0.8559530016337626
-0.9149181611990213
-0.6791937332483591
-0.9811412369769713
-0.8616101772768276
-0.22744813930661578
-0.8756826934589144
-0.4152320469716939
-0.9482821343290897
-0.6575633482010523
-0.22778373798402995
0.19725112755472218
-0.9286448568852004
-0.6670699761558049
-0.9942575153867628
-0.8906547950220713
-0.6977276271072177
-0.6013697122098839
-0.47117823740507014
-0.9970346938761337
-0.9227299456239586
-0.791941774352811
-0.04936386054608277
-0.8903973718893115
-0.9993372701156075
-0.9222863774703454
-0.9336975304577027
-0.9179232274695102
-0.8421786921881447
-0.9593550380726428
-0.6846648627756835
-0.7053285638284165
-0.5054057973941543
-0.986444557570623
-0.7326540690722488
-0.7261744461836324
-0.9109110389858406
-0.3908536655911674
-0.7576695830867234
-0.9630464243743798
-0.7535372345505492
-0.6195415314383145
-0.8084649831133973
-0.39321357712557414
-0.8663974448269317
0.1816103849804045
-0.8186572156165685
-0.9916348461791604
-0.8019236952859796
-0.9985359973328745
-0.5225855612135024
-0.6874886555414521
-0.9514107490337531
-1.0
0.4415033850441421
-0.23931826637408526
-0.930001902700199
-0.5559304547744537
-0.8294888833948442
-0.9419782980658111
-0.7124054336409313
-0.9961206841101834
-0.8972673332227735
-0.9901808078631228
-0.8864933100650318
-0.09521247380020059
-0.8200335436522631
-0.9161940395161937
-0.9482599981864939
-0.9348525539446891
-0.9880660403075646
-0.05195301832242705
-0.5202570695069824
-0.3177698927300461
-0.7003310628019579
-0.5419290048489909
-0.9820948436509768
-0.9549944593030331
-0.9898911996436034
-0.8840710956848546
-0.145435874431598
-0.9913359371805083
-0.9811412369769713
-0.96701193035779
-0.5707551339986033
-0.7057516925744601
-0.8832198103570106
-0.7342514349837562
-0.623599696343926
-0.3169665888336334
-0.3876806082829184
-0.9620021053743233
-0.920772048119254
-0.7875221618172534
-0.9725722943150197
0.25081427729590366
-0.9667839001515739
-0.9980677138560741
-0.9837545740220025
-0.9295033002087676
-0.7901286622026057
-0.58118789758697
-0.9566420484986234
-0.7545967423701252
-0.9839680763047237
-0.9816905053512718
-0.9519164303752763
-0.952262096622004
-0.6823411306196413
-0.9468686811552429
-0.2703963108941163
-0.7230507166477014
-0.47497046461569714
-0.5049115777006739
-0.8109154417303898
-0.4721162708970059
-0.6919269869434128
-0.8960250144440403
-0.9289617480644639
-0.4572935699572852
-0.8925913280967597
-0.8713164011714098
-0.9726670970759788
-0.5519285823774506
-0.5356503681557943
-0.7783548046796336
-0.5161131195572859
-0.8125312891403855
-0.9865563254420155
-0.7003854963450906
-0.8747638430664798
-0.46525448084442544
-0.8712329615635821
-0.7313359319946426
-0.8926932461691189
-0.9166028602018749
-0.9714864131926425
-0.92211304970799
0.03943561619715852
-0.9437602190948585
-0.9033842856634321
-0.8205547357493627
-0.4978159671566401
-0.9717205806118866
-0.8698009267559715
-0.9926740316151971
-0.5371820443671291
-0.47780117298629554
-0.9714864131926425
-0.6046626784206788
-0.9677607911480294
-0.8902223105390332
-0.44210343803057395
-0.94175019877028
-0.7864613437233126
-0.10391508426259644
-0.9227299456239586
-0.5823320022968977
-0.9795697173621303
-0.9106757586708629
-0.2862609405811658
-0.9947328744216773
-0.9901808078631228
-0.7653554712541478
-0.5953027087636384
-0.5443385289739786
-0.7890928103372984
-0.8038324525280187
-0.9271319774976372
-1.0
-0.9903109638090715
-0.7464212587418346
-0.7593322832145035
-0.9506768744484851
-0.8787093605787473
-0.9926207442449023
-0.721502800802459
-0.8500837108033363
-0.8165863313611723
-0.6489934618363465
DEGREE_RANK
0.537117903930131
-0.44104803493449773
-0.759825327510917
0.5414847161572054
-0.8951965065502183
-0.4366812227074236
0.22707423580786035
0.3886462882096069
-0.26637554585152834
0.08296943231441034
-0.2620087336244541
-0.8908296943231441
-0.5895196506550218
-0.25764192139737985
-0.6681222707423581
-0.12227074235807855
0.0873362445414847
0.23144104803493448
-0.2532751091703056
0.9956331877729256
0.23580786026200862
0.8908296943231442
0.7991266375545851
0.09170305676855905
-0.7554585152838428
-0.8427947598253275
-0.982532751091703
-0.24890829694323136
-0.5851528384279476
0.8034934497816595
-0.7510917030567685
0.39301310043668125
0.3973799126637554
0.24017467248908297
-0.8864628820960698
-0.2445414847161571
-0.11790393013100431
-0.11353711790393006
0.09606986899563319
-0.43231441048034924
0.5458515283842793
-0.8820960698689957
-0.9781659388646288
0.8951965065502183
0.24454148471615733
-0.4279475982532751
-0.6637554585152838
0.8995633187772925
-0.7467248908296943
-0.6593886462882096
-0.24017467248908286
-0.9432314410480349
0.10043668122270732
-0.10917030567685582
0.9606986899563319
0.40174672489082974
-0.8777292576419213
0.24890829694323124
-0.10480349344978157
0.6724890829694323
-0.10043668122270732
0.4061135371179039
-0.23580786026200873
0.8078602620087336
-0.8733624454148472
0.10480349344978168
-0.9737991266375546
-0.9694323144104804
-0.8384279475982532
0.10917030567685582
0.5502183406113537
0.6768558951965067
0.6812227074235808
0.11353711790393017
-0.09606986899563319
0.2532751091703056
-0.5807860262008733
0.8122270742358078
0.25764192139737996
-0.23144104803493437
0.685589519650655
-0.09170305676855883
-0.8340611353711791
-0.42358078602620075
-0.4192139737991266
0.554585152838428
0.5589519650655022
0.5633187772925763
-0.0873362445414847
0.9781659388646287
0.9039301310043668
0.41048034934497823
-0.08296943231441034
-0.5764192139737991
0.8165938864628821
0.41484716157205237
-0.5720524017467248
0.11790393013100431
-0.74235807860262
-0.8296943231441047
0.6899563318777293
-0.41484716157205226
-0.0786026200873362
-0.4104803493449781
0.12227074235807867
0.1266375545851528
0.9082969432314412
-0.7379912663755459
-0.07423580786026185
-0.9956331877729258
-0.5676855895196506
0.2620087336244543
0.6943231441048034
0.9126637554585153
0.4192139737991265
-0.4061135371179039
-0.8253275109170306
-0.06986899563318771
0.26637554585152823
0.13100436681222694
-0.22707423580786024
-0.40174672489082963
0.42358078602620086
0.4279475982532752
-0.9388646288209607
0.2707423580786026
-0.06550218340611347
0.1353711790393013
0.6986899563318776
-0.3973799126637554
-0.06113537117903922
0.8209606986899565
0.5676855895196506
-0.39301310043668114
0.13973799126637543
-0.056768558951964976
0.9170305676855894
0.965065502183406
-0.5633187772925765
-0.7336244541484715
-0.8209606986899564
-0.7292576419213974
0.27510917030567694
-0.8165938864628821
0.7030567685589519
0.14410480349344978
-0.05240174672489073
0.7074235807860263
-0.048034934497816484
0.27947598253275086
0.572052401746725
-0.5589519650655022
0.5764192139737991
0.43231441048034935
0.2838427947598252
-0.868995633187773
0.8253275109170306
-0.6550218340611353
-0.554585152838428
-0.04366812227074224
-0.9912663755458515
0.5807860262008733
-0.5502183406113537
-0.5458515283842795
-0.0393013100436681
0.7117903930131004
0.4366812227074235
0.14847161572052392
0.28820960698689957
-0.034934497816593746
-0.03056768558951961
0.2925764192139739
0.5851528384279476
-0.3886462882096069
0.29694323144104784
-0.38427947598253265
-0.8646288209606987
-0.6506550218340611
-0.5414847161572052
-0.537117903930131
0.15283842794759828
0.5895196506550218
0.982532751091703
-0.22270742358078588
-0.6462882096069869
-0.8122270742358079
0.5938864628820961
0.7161572052401746
0.3013100436681222
-0.3799126637554584
-0.026200873362445365
0.30567685589519655
-0.37554585152838427
-0.02183406113537112
0.5982532751091703
-0.3711790393013099
-0.8078602620087336
0.8296943231441047
0.7205240174672489
0.44104803493449785
-0.6419213973799127
-0.7248908296943231
-0.7205240174672489
-0.3668122270742358
0.9868995633187774
0.6026200873362446
0.445414847161572
-0.21834061135371174
0.1572052401746724
-0.8034934497816594
-0.2139737991266374
0.3100436681222709
0.6069868995633187
-0.20960698689956325
-0.5327510917030568
-0.6375545851528385
-0.36244541484716153
-0.6331877729257642
0.8340611353711791
-0.62882096069869
0.3144104803493448
-0.3580786026200873
0.3187772925764192
0.8384279475982532
0.4497816593886461
-0.35371179039301304
0.16157205240174677
-0.5283842794759825
-0.205240174672489
-0.5240174672489083
0.4541484716157205
-0.20087336244541476
0.9694323144104804
-0.7991266375545851
-0.3493449781659388
0.1659388646288209
-0.8602620087336245
0.7248908296943233
-0.519650655021834
0.9213973799126638
0.6113537117903929
-0.19650655021834063
0.8427947598253274
0.7292576419213972
-0.5152838427947598
-0.017467248908296873
0.6157205240174672
0.6200873362445416
-0.5109170305676856
-0.7161572052401747
0.32314410480349354
0.6244541484716157
0.6288209606986899
-0.34497816593886454
0.7336244541484715
0.17030567685589526
0.32751091703056767
-0.013100436681222627
0.3318777292576418
-0.9650655021834061
-0.008733624454148381
-0.9344978165938864
-0.7117903930131004
0.6331877729257642
-0.19213973799126627
0.7379912663755459
-0.18777292576419213
-0.004366812227074135
0.0
0.33624454148471616
0.45851528384279483
0.004366812227074135
-0.5065502183406113
-0.6244541484716157
-0.3406113537117903
0.1746724890829694
0.008733624454148492
0.46288209606986896
0.7423580786026203
-0.33624454148471616
0.17903930131004375
0.4672489082969431
-0.9301310043668123
0.47161572052401746
0.7467248908296942
0.9257641921397379
0.1834061135371179
-0.18340611353711778
0.4759825327510918
-0.3318777292576418
0.18777292576419202
-0.5021834061135371
-0.17903930131004364
-0.17467248908296928
0.9301310043668123
0.3406113537117905
0.013100436681222849
1.0
-0.32751091703056767
0.7510917030567685
0.48034934497816595
0.4847161572052401
-0.7947598253275109
-0.7074235807860262
-0.7030567685589519
-0.6200873362445415
0.017467248908296762
0.19213973799126638
-0.6986899563318778
-0.3231441048034933
0.19650655021834074
0.20087336244541487
-0.4978165938864628
0.8471615720524017
0.7554585152838429
-0.4934497816593886
-0.3187772925764192
-0.48908296943231433
-0.3144104803493448
0.7598253275109168
0.9344978165938864
-0.17030567685589515
0.02183406113537112
0.7641921397379912
0.8515283842794761
0.48908296943231444
-0.925764192139738
0.7685589519650655
-0.8558951965065502
0.34497816593886466
0.9388646288209608
0.7729257641921399
-1.0
-0.3100436681222707
0.6375545851528384
0.026200873362445476
0.030567685589519833
0.6419213973799127
-0.1659388646288209
0.6462882096069869
-0.7903930131004366
-0.16157205240174666
-0.30567685589519644
0.9432314410480349
0.034934497816593746
-0.4847161572052401
-0.6157205240174672
-0.1572052401746724
0.3493449781659388
-0.15283842794759817
0.4934497816593888
0.35371179039301315
0.3580786026200873
0.0393013100436681
0.205240174672489
-0.48034934497816584
-0.7860262008733624
-0.9868995633187773
-0.9606986899563319
0.4978165938864627
0.3624454148471614
-0.9213973799126638
-0.611353711790393
-0.4759825327510917
0.8558951965065502
0.04366812227074246
0.8602620087336244
0.5021834061135371
0.9737991266375547
0.6506550218340612
-0.6943231441048034
-0.14847161572052392
0.20960698689956336
-0.7816593886462883
0.6550218340611353
0.04803493449781637
-0.9170305676855895
-0.9563318777292577
-0.3013100436681222
0.947598253275109
0.05240174672489073
0.2139737991266375
0.8646288209606987
-0.6899563318777293
-0.9126637554585153
-0.29694323144104795
-0.777292576419214
0.3668122270742358
0.37117903930131013
0.21834061135371163
-0.6069868995633187
0.05676855895196509
0.8689956331877728
-0.14410480349344967
0.9912663755458517
0.9519650655021834
-0.47161572052401735
0.7772925764192138
0.9563318777292578
0.37554585152838427
-0.2925764192139737
-0.685589519650655
0.7816593886462881
-0.13973799126637543
-0.28820960698689946
0.5065502183406114
0.7860262008733625
-0.4672489082969432
0.061135371179039444
-0.1353711790393013
-0.6026200873362446
-0.7729257641921398
0.5109170305676858
0.06550218340611336
0.6593886462882097
-0.9082969432314411
-0.46288209606986885
0.5152838427947597
-0.9519650655021834
0.06986899563318771
0.519650655021834
0.7903930131004369
0.8733624454148472
-0.4585152838427947
-0.5982532751091703
-0.13100436681222694
0.07423580786026207
-0.9039301310043668
-0.2838427947598252
-0.851528384279476
-0.6812227074235808
0.3799126637554584
-0.45414847161572036
0.5240174672489084
0.8777292576419213
0.7947598253275108
-0.4497816593886462
-0.7685589519650655
0.6637554585152838
-0.2794759825327511
-0.445414847161572
-0.27510917030567683
0.222707423580786
0.5283842794759823
0.0786026200873362
0.668122270742358
-0.7641921397379913
-0.8995633187772926
-0.9475982532751092
0.38427947598253276
-0.2707423580786026
0.8820960698689957
-0.6768558951965065
-0.6724890829694323
-0.8471615720524017
-0.5938864628820961
0.5327510917030567
-0.1266375545851528
0.8864628820960698
EIGENVECTOR_RANK
-0.6506550218340611
0.37117903930131013
-0.28820960698689946
0.6593886462882097
0.004366812227074135
-0.5414847161572052
0.7336244541484715
0.23144104803493448
0.06550218340611336
0.13973799126637543
-0.2620087336244541
-0.07423580786026185
-0.3144104803493448
0.17030567685589526
-0.8384279475982532
-0.18777292576419213
-0.6026200873362446
0.3973799126637554
-0.8427947598253275
0.9956331877729256
0.16157205240174677
0.8384279475982532
0.9563318777292578
0.4541484716157205
0.008733624454148492
-0.48034934497816584
-0.6157205240174672
-0.9563318777292577
-0.7991266375545851
0.8209606986899565
0.2707423580786026
0.5589519650655022
0.4061135371179039
0.554585152838428
-0.21834061135371174
0.07423580786026207
-0.19213973799126627
0.3886462882096069
-0.7117903930131004
-0.1659388646288209
0.026200873362445476
-0.40174672489082963
-0.44104803493449773
0.9432314410480349
0.7554585152838429
0.20960698689956336
-0.37554585152838427
0.013100436681222849
-0.20087336244541476
-0.9737991266375546
-0.47161572052401735
-0.9868995633187773
-0.2925764192139737
0.7860262008733625
0.9912663755458517
0.6244541484716157
-0.35371179039301304
0.5240174672489084
-0.45414847161572036
0.8864628820960698
-0.12227074235807855
0.11353711790393017
-0.2838427947598252
0.8995633187772925
-0.9432314410480349
0.222707423580786
-0.8471615720524017
-0.9475982532751092
-0.9170305676855895
-0.7074235807860262
0.02183406113537112
0.6331877729257642
0.7161572052401746
0.21834061135371163
0.41484716157205237
0.6550218340611353
-0.06550218340611347
0.6375545851528384
0.23580786026200862
-0.23580786026200873
0.41048034934497823
-0.24017467248908286
-0.9606986899563319
-0.8995633187772926
0.34497816593886466
-0.6244541484716157
0.7030567685589519
0.1834061135371179
-0.6768558951965065
1.0
-0.004366812227074135
0.668122270742358
0.4978165938864627
-0.5982532751091703
0.7423580786026203
0.1266375545851528
-0.7685589519650655
-0.0786026200873362
-0.5851528384279476
-0.9956331877729258
-0.048034934497816484
-0.13100436681222694
0.5676855895196506
-0.17030567685589515
0.3493449781659388
0.7248908296943233
0.6724890829694323
-0.9912663755458515
0.8078602620087336
-0.7292576419213974
-0.4192139737991266
-0.05240174672489073
0.24890829694323124
0.9519650655021834
0.8340611353711791
0.6200873362445416
-0.8864628820960698
-0.8122270742358079
0.47161572052401746
0.8253275109170306
-0.15283842794759817
-0.8951965065502183
0.10480349344978168
0.8733624454148472
-0.5720524017467248
0.4497816593886461
-0.3231441048034933
0.8165938864628821
-0.6331877729257642
-0.4366812227074236
-0.18340611353711778
0.8689956331877728
0.8471615720524017
0.519650655021834
0.3187772925764192
-0.46288209606986885
0.3144104803493448
0.965065502183406
-0.5502183406113537
-0.8820960698689957
-0.554585152838428
0.20087336244541487
-0.08296943231441034
-0.3406113537117903
0.3580786026200873
-0.1572052401746724
-0.026200873362445365
0.030567685589519833
-0.20960698689956325
-0.29694323144104795
0.537117903930131
0.4759825327510918
0.6069868995633187
0.39301310043668125
0.8602620087336244
-0.9213973799126638
0.6113537117903929
-0.8253275109170306
-0.868995633187773
0.2925764192139739
-0.7248908296943231
0.9126637554585153
-0.03056768558951961
-0.6637554585152838
-0.17903930131004364
0.7729257641921399
-0.13973799126637543
0.4934497816593888
-0.7030567685589519
0.05240174672489073
0.37554585152838427
0.685589519650655
0.6768558951965067
0.034934497816593746
0.2838427947598252
-0.8165938864628821
-0.39301310043668114
0.45851528384279483
-0.5021834061135371
-0.4585152838427947
0.10043668122270732
-0.4061135371179039
0.6506550218340612
-0.7947598253275109
-0.3318777292576418
-0.445414847161572
0.6288209606986899
-0.6375545851528385
0.38427947598253276
-0.5065502183406113
0.5021834061135371
0.8820960698689957
0.3406113537117905
-0.7205240174672489
-0.5458515283842795
-0.34497816593886454
-0.6419213973799127
0.7991266375545851
0.8777292576419213
0.48908296943231444
-0.42358078602620075
0.08296943231441034
-0.519650655021834
0.4279475982532752
0.9781659388646287
0.7510917030567685
0.2139737991266375
0.4192139737991265
0.572052401746725
-0.5152838427947598
-0.30567685589519644
0.6462882096069869
0.6812227074235808
-0.16157205240174666
-0.017467248908296873
-0.777292576419214
-0.7336244541484715
-0.3886462882096069
0.7816593886462881
-0.33624454148471616
-0.14410480349344967
-0.4759825327510917
0.8646288209606987
0.6419213973799127
-0.3799126637554584
0.5065502183406114
0.5109170305676858
0.5458515283842793
0.12227074235807867
0.3624454148471614
0.19213973799126638
0.24454148471615733
0.9388646288209608
-0.7641921397379913
0.05676855895196509
0.7379912663755459
-0.4497816593886462
-0.6593886462882096
-0.24890829694323136
0.982532751091703
0.32314410480349354
-0.6724890829694323
0.8122270742358078
0.947598253275109
-0.013100436681222627
-0.6069868995633187
0.5982532751091703
-0.0393013100436681
-0.7816593886462883
-0.8733624454148472
0.6157205240174672
0.30567685589519655
0.7947598253275108
-0.7554585152838428
0.9213973799126638
0.44104803493449785
0.46288209606986896
0.04803493449781637
-0.5633187772925765
-0.06986899563318771
0.15283842794759828
-0.5807860262008733
-0.6200873362445415
0.4847161572052401
-0.4847161572052401
-0.02183406113537112
0.3013100436681222
-0.0873362445414847
-0.25764192139737985
-0.7161572052401747
0.22707423580786035
0.28820960698689957
-0.537117903930131
0.5895196506550218
-0.5589519650655022
-0.22707423580786024
-0.9301310043668123
0.48034934497816595
0.6637554585152838
-0.3493449781659388
0.5152838427947597
0.5327510917030567
-0.4934497816593886
0.19650655021834074
0.6943231441048034
0.9868995633187774
-0.7860262008733624
-0.6681222707423581
0.2532751091703056
0.3100436681222709
0.1353711790393013
-0.43231441048034924
-0.5283842794759825
0.1746724890829694
0.0393013100436681
0.5807860262008733
-0.10043668122270732
0.7292576419213972
0.14410480349344978
0.9344978165938864
0.9039301310043668
-0.10917030567685582
0.0
-0.8777292576419213
-0.8908296943231441
-0.7903930131004366
0.29694323144104784
-0.685589519650655
-0.8034934497816594
-0.7729257641921398
-0.22270742358078588
0.10917030567685582
-0.9694323144104804
0.8908296943231442
0.7205240174672489
0.017467248908296762
0.33624454148471616
-0.8209606986899564
-0.3013100436681222
0.8296943231441047
0.6899563318777293
-0.9082969432314411
0.42358078602620086
-0.62882096069869
0.9257641921397379
0.40174672489082974
-0.9126637554585153
0.9082969432314412
-0.74235807860262
0.1659388646288209
0.0786026200873362
-0.034934497816593746
-1.0
0.5764192139737991
0.8558951965065502
0.24017467248908297
-0.5327510917030568
-0.09170305676855883
-0.8558951965065502
0.5938864628820961
0.26637554585152823
0.6986899563318776
-0.27510917030567683
0.7074235807860263
-0.4104803493449781
-0.7379912663755459
-0.04366812227074224
-0.4279475982532751
0.3318777292576418
0.5633187772925763
-0.3580786026200873
0.5283842794759823
0.04366812227074246
-0.1353711790393013
-0.6812227074235808
-0.23144104803493437
-0.2139737991266374
-0.9650655021834061
-0.9344978165938864
-0.2532751091703056
-0.11353711790393006
-0.4978165938864628
0.25764192139737996
-0.36244541484716153
0.3668122270742358
-0.925764192139738
0.9170305676855894
0.32751091703056767
0.9737991266375547
0.8427947598253274
-0.5895196506550218
-0.9519650655021834
0.09606986899563319
-0.3187772925764192
0.445414847161572
0.4366812227074235
-0.41484716157205226
-0.6899563318777293
0.4672489082969431
0.9694323144104804
-0.5240174672489083
0.18777292576419202
0.7772925764192138
0.205240174672489
-0.5109170305676856
-0.851528384279476
-0.8078602620087336
0.43231441048034935
0.5414847161572054
0.17903930131004375
-0.6943231441048034
-0.19650655021834063
-0.6550218340611353
-0.17467248908296928
0.06986899563318771
0.7467248908296942
-0.2445414847161571
0.9606986899563319
0.7117903930131004
0.35371179039301315
-0.1266375545851528
-0.982532751091703
0.5851528384279476
-0.5938864628820961
0.11790393013100431
-0.32751091703056767
0.7685589519650655
-0.8646288209606987
-0.3668122270742358
0.14847161572052392
-0.3973799126637554
-0.6986899563318778
0.7903930131004369
-0.7510917030567685
0.7641921397379912
0.0873362445414847
-0.8602620087336245
-0.2794759825327511
-0.9039301310043668
0.2620087336244543
0.3799126637554584
0.6026200873362446
-0.008733624454148381
-0.14847161572052392
-0.9781659388646288
0.061135371179039444
-0.10480349344978157
0.09170305676855905
-0.759825327510917
-0.4672489082969432
-0.205240174672489
0.1572052401746724
0.27947598253275086
0.5502183406113537
0.8034934497816595
0.9301310043668123
-0.48908296943231433
-0.8340611353711791
0.7598253275109168
-0.26637554585152834
-0.3100436681222707
-0.2707423580786026
-0.38427947598253265
0.13100436681222694
-0.7467248908296943
0.8515283842794761
-0.5676855895196506
-0.5764192139737991
-0.611353711790393
-0.11790393013100431
-0.06113537117903922
-0.6462882096069869
0.27510917030567694
-0.8296943231441047
-0.9388646288209607
-0.3711790393013099
-0.056768558951964976
-0.09606986899563319
0.8951965065502183
CENT_RANK
-0.5109170305676856
0.4759825327510918
0.10043668122270732
0.6200873362445416
-0.982532751091703
0.05240174672489073
-0.29694323144104795
-0.0873362445414847
0.6768558951965067
0.3318777292576418
-0.18777292576419213
0.11790393013100431
-0.5283842794759825
-0.9082969432314411
0.3144104803493448
0.22707423580786035
-0.5764192139737991
0.3013100436681222
-0.004366812227074135
0.3406113537117905
0.7117903930131004
0.7816593886462881
-0.06550218340611347
-0.6681222707423581
-0.3318777292576418
-0.1659388646288209
-1.0
-0.42358078602620075
0.24454148471615733
0.5152838427947597
-0.5895196506550218
0.5851528384279476
-0.04366812227074224
-0.34497816593886454
-0.9781659388646288
-0.6419213973799127
0.23144104803493448
0.44104803493449785
-0.7379912663755459
0.7292576419213972
-0.10480349344978157
0.07423580786026207
0.6113537117903929
0.519650655021834
-0.36244541484716153
-0.6200873362445415
-0.8864628820960698
-0.6986899563318778
-0.26637554585152834
-0.9301310043668123
0.10917030567685582
-0.9563318777292577
0.8296943231441047
0.9912663755458517
0.5109170305676858
0.09606986899563319
-0.8034934497816594
-0.4497816593886462
0.29694323144104784
0.5676855895196506
-0.47161572052401735
0.8384279475982532
0.030567685589519833
0.4978165938864627
-0.8995633187772926
-0.4847161572052401
-0.205240174672489
-0.8122270742358079
-0.6812227074235808
-0.7467248908296943
-0.74235807860262
0.48908296943231444
0.30567685589519655
-0.0786026200873362
0.4279475982532752
0.02183406113537112
-0.7816593886462883
0.10480349344978168
-0.5502183406113537
0.9519650655021834
0.9694323144104804
0.3493449781659388
-0.9126637554585153
0.5589519650655022
-0.4104803493449781
-0.24890829694323136
-0.3886462882096069
0.6288209606986899
0.14410480349344978
0.222707423580786
-0.33624454148471616
-0.4934497816593886
0.9170305676855894
-0.08296943231441034
0.4192139737991265
-0.20960698689956325
-0.445414847161572
0.7641921397379912
-0.6637554585152838
-0.9956331877729258
-0.30567685589519644
0.20087336244541487
0.4061135371179039
0.8340611353711791
-0.611353711790393
-0.519650655021834
-0.013100436681222627
-0.9344978165938864
0.1266375545851528
-0.9737991266375546
0.6506550218340612
0.8995633187772925
0.28820960698689957
0.5414847161572054
-0.2532751091703056
0.008733624454148492
-0.5807860262008733
0.18777292576419202
0.8558951965065502
-0.6375545851528385
0.5458515283842793
0.25764192139737996
0.32314410480349354
0.0786026200873362
-0.5240174672489083
-0.19650655021834063
0.9082969432314412
-0.6550218340611353
0.4366812227074235
-0.02183406113537112
-0.48908296943231433
0.8253275109170306
0.8122270742358078
-0.7030567685589519
-0.03056768558951961
0.33624454148471616
0.2925764192139739
-0.22270742358078588
0.12227074235807867
-0.9694323144104804
-0.5327510917030568
-0.8209606986899564
0.8078602620087336
0.5283842794759823
0.2838427947598252
-0.7205240174672489
0.23580786026200862
-0.017467248908296873
0.39301310043668125
0.4497816593886461
0.9257641921397379
-0.8253275109170306
-0.11353711790393006
0.38427947598253276
0.1659388646288209
-0.6768558951965065
-0.2838427947598252
0.017467248908296762
-0.23144104803493437
0.965065502183406
-0.8951965065502183
0.16157205240174677
0.27510917030567694
-0.5633187772925765
-0.35371179039301304
0.6069868995633187
-0.3580786026200873
0.7947598253275108
-0.6899563318777293
0.4672489082969431
0.034934497816593746
-0.3406113537117903
0.7903930131004369
-0.685589519650655
-0.06113537117903922
-0.1266375545851528
-0.7860262008733624
-0.777292576419214
-0.15283842794759817
-0.10917030567685582
-0.24017467248908286
0.9563318777292578
1.0
0.5065502183406114
0.0
-0.5021834061135371
0.45851528384279483
0.4934497816593888
-0.16157205240174666
0.24890829694323124
0.3886462882096069
-0.32751091703056767
-0.4061135371179039
-0.7641921397379913
0.7336244541484715
-0.07423580786026185
0.8209606986899565
0.6375545851528384
0.7074235807860263
-0.25764192139737985
-0.008733624454148381
-0.17030567685589515
-0.6506550218340611
-0.3231441048034933
0.7772925764192138
0.7685589519650655
0.46288209606986896
-0.62882096069869
0.04366812227074246
-0.7161572052401747
-0.17903930131004364
-0.2707423580786026
0.09170305676855905
-0.9432314410480349
-0.7117903930131004
0.1746724890829694
0.19213973799126638
0.2532751091703056
0.48034934497816595
-0.6943231441048034
-0.09170305676855883
0.0393013100436681
0.17030567685589526
0.554585152838428
0.5982532751091703
-0.9213973799126638
-0.37554585152838427
0.947598253275109
0.5807860262008733
0.1572052401746724
-0.10043668122270732
0.47161572052401746
0.43231441048034935
-0.11790393013100431
0.6986899563318776
0.8689956331877728
-0.6157205240174672
-0.1353711790393013
-0.3144104803493448
-0.14847161572052392
0.6593886462882097
-0.5720524017467248
0.6026200873362446
-0.2445414847161571
-0.7074235807860262
0.37554585152838427
0.2707423580786026
-0.1572052401746724
-0.3668122270742358
0.6724890829694323
0.445414847161572
0.8908296943231442
0.9039301310043668
-0.4759825327510917
0.9126637554585153
-0.38427947598253265
-0.5152838427947598
0.17903930131004375
0.668122270742358
0.8951965065502183
-0.034934497816593746
-0.8384279475982532
0.6244541484716157
0.8602620087336244
-0.056768558951964976
-0.5938864628820961
0.5764192139737991
0.537117903930131
0.11353711790393017
-0.20087336244541476
0.9737991266375547
-0.048034934497816484
-0.3013100436681222
-0.9606986899563319
0.8515283842794761
0.3624454148471614
-0.21834061135371174
0.6331877729257642
0.06550218340611336
-0.06986899563318771
-0.39301310043668114
0.42358078602620086
-0.7991266375545851
-0.09606986899563319
0.8864628820960698
-0.18340611353711778
0.7860262008733625
-0.5676855895196506
0.4847161572052401
0.8820960698689957
0.982532751091703
-0.4585152838427947
0.4541484716157205
-0.9039301310043668
-0.2794759825327511
0.3799126637554584
0.5633187772925763
0.7510917030567685
-0.9388646288209607
-0.44104803493449773
0.13100436681222694
0.9432314410480349
-0.27510917030567683
-0.9650655021834061
-0.43231441048034924
-0.4978165938864628
-0.41484716157205226
-0.0393013100436681
-0.6462882096069869
0.41048034934497823
0.3580786026200873
0.7161572052401746
-0.8427947598253275
0.26637554585152823
0.3100436681222709
-0.3799126637554584
0.8034934497816595
0.20960698689956336
-0.6724890829694323
0.21834061135371163
0.5327510917030567
0.06986899563318771
0.7991266375545851
-0.12227074235807855
0.9781659388646287
0.026200873362445476
-0.8777292576419213
0.0873362445414847
-0.9519650655021834
0.6899563318777293
0.40174672489082974
-0.5982532751091703
-0.9912663755458515
0.9956331877729256
0.8777292576419213
-0.48034934497816584
0.6419213973799127
-0.026200873362445365
-0.5414847161572052
0.34497816593886466
-0.925764192139738
-0.3187772925764192
-0.8646288209606987
-0.23580786026200873
0.9344978165938864
0.013100436681222849
-0.3973799126637554
-0.5589519650655022
-0.5065502183406113
-0.851528384279476
0.9388646288209608
0.6943231441048034
0.8427947598253274
0.37117903930131013
0.6637554585152838
-0.8165938864628821
-0.6244541484716157
-0.8558951965065502
-0.22707423580786024
0.9213973799126638
-0.8733624454148472
-0.7947598253275109
-0.7292576419213974
0.6157205240174672
0.35371179039301315
-0.2139737991266374
0.2620087336244543
0.5240174672489084
0.8471615720524017
0.8165938864628821
-0.6593886462882096
-0.4192139737991266
0.14847161572052392
-0.7685589519650655
0.9868995633187774
-0.7248908296943231
-0.9475982532751092
-0.8296943231441047
-0.4672489082969432
0.1353711790393013
0.5938864628820961
-0.6331877729257642
0.2139737991266375
-0.8340611353711791
-0.8078602620087336
-0.6026200873362446
-0.6069868995633187
0.41484716157205237
-0.554585152838428
0.8733624454148472
0.3187772925764192
0.7423580786026203
0.7205240174672489
0.061135371179039444
0.7467248908296942
0.3973799126637554
-0.3100436681222707
-0.46288209606986885
0.7598253275109168
-0.28820960698689946
-0.14410480349344967
-0.7729257641921398
0.6462882096069869
0.685589519650655
0.1834061135371179
0.7030567685589519
0.05676855895196509
-0.8471615720524017
0.3668122270742358
-0.17467248908296928
0.7554585152838429
-0.13973799126637543
0.27947598253275086
-0.2925764192139737
-0.40174672489082963
-0.7554585152838428
-0.4279475982532751
0.9606986899563319
-0.5458515283842795
-0.3493449781659388
0.004366812227074135
0.7248908296943233
-0.759825327510917
-0.13100436681222694
-0.8908296943231441
0.6812227074235808
0.7379912663755459
-0.7510917030567685
0.5502183406113537
-0.7336244541484715
-0.2620087336244541
0.7729257641921399
-0.537117903930131
0.15283842794759828
0.9301310043668123
-0.4366812227074236
0.5895196506550218
-0.7903930131004366
-0.3711790393013099
0.8646288209606987
-0.9170305676855895
-0.8602620087336245
0.19650655021834074
0.572052401746725
0.6550218340611353
0.13973799126637543
0.08296943231441034
-0.45414847161572036
-0.9868995633187773
-0.868995633187773
0.24017467248908297
0.205240174672489
-0.5851528384279476
-0.19213973799126627
-0.8820960698689957
0.32751091703056767
-0.05240174672489073
0.04803493449781637
0.5021834061135371
RANK
26
99
332
448
4
34
109
139
303
273
51
328
376
213
298
107
49
340
225
440
82
13
293
64
160
424
46
454
326
360
449
342
441
357
349
407
312
261
383
377
151
141
355
67
384
56
282
361
437
176
76
177
401
373
193
422
415
427
69
70
38
429
362
375
145
209
214
244
133
47
219
168
173
68
155
318
23
98
370
127
202
308
35
119
381
207
356
45
236
104
386
385
331
265
30
452
116
16
241
287
163
347
388
78
418
338
432
140
12
124
105
256
0
348
185
305
91
130
65
335
253
60
378
397
291
447
57
96
299
435
304
416
27
371
306
84
192
414
346
280
86
255
315
226
438
248
44
166
164
419
33
171
90
24
191
203
341
238
396
100
272
6
413
399
156
294
302
211
48
430
199
114
85
243
180
343
158
358
137
276
365
95
66
269
125
453
10
285
210
409
201
25
188
247
178
239
400
411
237
423
175
323
233
152
179
40
230
283
220
7
93
73
195
279
22
174
264
456
271
32
307
260
134
337
129
147
106
200
18
184
420
115
345
157
75
325
62
170
221
208
457
5
406
393
278
321
41
123
446
327
212
55
2
77
50
268
11
138
108
300
379
445
88
372
433
229
161
154
222
215
257
404
117
216
442
101
451
317
382
319
89
15
36
146
450
28
189
217
121
366
313
246
162
412
144
112
136
58
17
72
314
14
390
122
455
9
135
19
339
81
364
310
275
408
353
245
295
153
190
148
395
330
102
309
387
94
281
74
232
128
37
250
149
292
186
206
169
231
1
218
288
71
187
63
458
183
54
29
43
367
143
320
267
113
120
428
223
83
296
59
443
266
228
31
436
380
224
242
165
42
363
3
262
87
277
197
336
402
110
444
240
354
258
249
8
425
403
329
351
234
405
198
20
311
392
421
39
194
426
391
394
297
410
398
97
205
431
204
21
286
172
167
322
316
142
132
369
196
131
52
103
61
352
368
274
118
263
439
235
389
334
289
284
251
259
111
252
126
254
92
359
150
434
344
350
301
227
79
181
417
159
80
270
324
290
374
53
333
182
