DEGREE
-0.45945945945945943
0.027027027027026973
-0.3513513513513513
-0.3513513513513513
-0.6756756756756757
-0.08108108108108103
-0.2432432432432432
0.5675675675675675
-0.5135135135135135
0.3513513513513513
-0.6216216216216216
-0.1351351351351351
0.3513513513513513
0.6756756756756757
-0.08108108108108103
0.08108108108108114
0.5675675675675675
-0.3513513513513513
0.5135135135135136
-0.45945945945945943
-0.2432432432432432
0.45945945945945943
0.027027027027026973
-0.45945945945945943
-0.027027027027026973
0.29729729729729737
0.5135135135135136
0.5135135135135136
0.027027027027026973
0.027027027027026973
0.3513513513513513
0.1351351351351351
-0.027027027027026973
0.29729729729729737
-0.6756756756756757
0.4054054054054055
0.3513513513513513
0.18918918918918926
0.2432432432432432
0.5135135135135136
0.45945945945945943
-0.45945945945945943
-0.29729729729729726
0.5675675675675675
-0.18918918918918914
0.3513513513513513
-0.18918918918918914
0.6756756756756757
0.18918918918918926
-0.2432432432432432
-0.027027027027026973
-0.5675675675675675
-0.29729729729729726
1.0
0.29729729729729737
-0.45945945945945943
-0.9459459459459459
-0.29729729729729726
-0.6756756756756757
0.5675675675675675
0.5135135135135136
-0.7297297297297297
0.027027027027026973
0.29729729729729737
-0.027027027027026973
0.45945945945945943
-0.027027027027026973
-0.5675675675675675
0.3513513513513513
-0.1351351351351351
-0.08108108108108103
0.3513513513513513
-0.45945945945945943
0.2432432432432432
0.29729729729729737
0.29729729729729737
0.29729729729729737
-0.08108108108108103
0.08108108108108114
0.1351351351351351
0.3513513513513513
-0.45945945945945943
-0.8378378378378378
0.6756756756756757
0.027027027027026973
0.4054054054054055
-0.4054054054054054
-0.8378378378378378
-0.027027027027026973
0.3513513513513513
-0.1351351351351351
0.29729729729729737
-0.4054054054054054
0.1351351351351351
0.18918918918918926
-0.1351351351351351
1.0
-0.027027027027026973
-0.18918918918918914
-0.1351351351351351
0.45945945945945943
0.4054054054054055
0.18918918918918926
0.18918918918918926
-0.5135135135135135
-0.3513513513513513
-0.3513513513513513
-0.6216216216216216
0.5135135135135136
-0.1351351351351351
0.1351351351351351
0.4054054054054055
-0.3513513513513513
-0.18918918918918914
0.29729729729729737
0.027027027027026973
-0.6216216216216216
-0.6756756756756757
0.027027027027026973
-0.1351351351351351
0.5135135135135136
-0.08108108108108103
0.08108108108108114
0.1351351351351351
0.027027027027026973
-0.2432432432432432
0.7297297297297298
-0.29729729729729726
0.3513513513513513
-0.18918918918918914
-0.29729729729729726
0.45945945945945943
0.18918918918918926
0.6216216216216217
0.027027027027026973
-0.2432432432432432
0.2432432432432432
-0.18918918918918914
0.29729729729729737
0.5675675675675675
-0.18918918918918914
-0.45945945945945943
0.3513513513513513
-0.2432432432432432
0.18918918918918926
0.08108108108108114
-0.45945945945945943
-0.5135135135135135
0.5135135135135136
-0.2432432432432432
-0.8378378378378378
-0.08108108108108103
-0.18918918918918914
-0.18918918918918914
0.2432432432432432
-0.2432432432432432
-0.08108108108108103
-0.45945945945945943
-0.4054054054054054
0.29729729729729737
0.027027027027026973
-0.45945945945945943
-0.5135135135135135
0.1351351351351351
-0.5675675675675675
0.18918918918918926
0.027027027027026973
-0.6756756756756757
-0.7297297297297297
-1.0
-0.29729729729729726
0.027027027027026973
0.027027027027026973
-0.7297297297297297
-0.08108108108108103
-0.18918918918918914
-0.5675675675675675
0.29729729729729737
0.6216216216216217
-0.027027027027026973
-0.1351351351351351
0.027027027027026973
-0.08108108108108103
-0.027027027027026973
-0.2432432432432432
0.027027027027026973
-0.45945945945945943
-0.08108108108108103
0.2432432432432432
0.3513513513513513
0.18918918918918926
-0.4054054054054054
0.45945945945945943
-0.7297297297297297
0.45945945945945943
0.6756756756756757
-0.08108108108108103
-0.027027027027026973
-0.1351351351351351
-0.027027027027026973
0.3513513513513513
0.4054054054054055
0.5675675675675675
0.6756756756756757
-0.8378378378378378
0.45945945945945943
0.5135135135135136
0.6756756756756757
0.2432432432432432
-0.08108108108108103
-0.5675675675675675
0.1351351351351351
0.2432432432432432
0.08108108108108114
0.7837837837837838
-0.2432432432432432
-0.1351351351351351
-0.2432432432432432
0.1351351351351351
0.2432432432432432
-0.1351351351351351
-0.18918918918918914
0.4054054054054055
0.45945945945945943
-0.8378378378378378
0.2432432432432432
0.027027027027026973
-0.1351351351351351
0.6216216216216217
-0.1351351351351351
-0.1351351351351351
0.5675675675675675
-0.6216216216216216
0.5675675675675675
0.4054054054054055
-0.08108108108108103
0.29729729729729737
0.6216216216216217
-0.08108108108108103
-0.08108108108108103
0.2432432432432432
-0.1351351351351351
0.3513513513513513
-0.08108108108108103
-0.2432432432432432
0.29729729729729737
-0.2432432432432432
-0.3513513513513513
0.027027027027026973
-0.027027027027026973
-0.29729729729729726
-0.3513513513513513
-0.08108108108108103
-0.18918918918918914
-0.08108108108108103
0.5135135135135136
-0.6216216216216216
-0.08108108108108103
0.5675675675675675
-0.027027027027026973
0.45945945945945943
0.2432432432432432
0.5135135135135136
0.3513513513513513
0.3513513513513513
-0.5135135135135135
-0.1351351351351351
0.18918918918918926
0.5675675675675675
-0.18918918918918914
0.7297297297297298
-0.29729729729729726
-0.5135135135135135
-0.3513513513513513
0.027027027027026973
0.027027027027026973
-0.08108108108108103
0.08108108108108114
0.1351351351351351
1.0
0.29729729729729737
0.18918918918918926
0.1351351351351351
-0.3513513513513513
-0.1351351351351351
0.2432432432432432
-0.45945945945945943
0.08108108108108114
-0.08108108108108103
0.5135135135135136
0.4054054054054055
0.2432432432432432
-0.7297297297297297
-0.29729729729729726
-0.18918918918918914
-0.027027027027026973
0.6216216216216217
-0.6756756756756757
0.18918918918918926
-0.3513513513513513
-0.08108108108108103
0.1351351351351351
-0.3513513513513513
-0.18918918918918914
0.5135135135135136
0.027027027027026973
-0.4054054054054054
-0.4054054054054054
0.5675675675675675
-0.1351351351351351
0.1351351351351351
-0.45945945945945943
-0.08108108108108103
0.5135135135135136
-0.08108108108108103
-0.1351351351351351
-0.6756756756756757
0.3513513513513513
-0.1351351351351351
-0.6756756756756757
-0.1351351351351351
-0.3513513513513513
0.5675675675675675
0.1351351351351351
0.45945945945945943
-0.2432432432432432
0.1351351351351351
0.027027027027026973
-0.1351351351351351
0.29729729729729737
-0.5135135135135135
0.3513513513513513
0.4054054054054055
0.3513513513513513
-0.08108108108108103
-0.6756756756756757
-0.18918918918918914
-0.08108108108108103
0.5135135135135136
-0.027027027027026973
0.2432432432432432
0.3513513513513513
0.2432432432432432
-0.4054054054054054
0.6756756756756757
-0.5135135135135135
0.29729729729729737
-0.45945945945945943
-0.2432432432432432
-0.08108108108108103
0.3513513513513513
-0.5135135135135135
0.18918918918918926
-0.4054054054054054
-0.45945945945945943
0.945945945945946
-0.8918918918918919
0.4054054054054055
0.5135135135135136
0.3513513513513513
0.027027027027026973
-0.08108108108108103
-0.027027027027026973
-0.7837837837837838
-0.8378378378378378
-0.1351351351351351
0.18918918918918926
0.08108108108108114
-0.2432432432432432
0.5675675675675675
0.027027027027026973
EIGENVECTOR
-0.9922763389584208
-0.9595533965943325
-0.8973627864782641
-0.6452892523192328
-0.9968188631140666
-0.8527657534437838
-0.5604617812626075
0.6735236204397865
-0.9744741510960194
-0.22727566503737318
-0.6807627064756538
-0.3780280346707692
-0.9146909831393858
-0.9047393535920905
-0.9897777799773138
-0.5412550800875917
-0.8954563665127442
-0.4079178154207431
-0.9028423808190897
-0.8299703922158407
-0.673775749228366
-0.022556210427735368
-0.8259277170835351
-0.8946230683230322
-0.9892411563952778
-0.14634903696919033
0.5639077983676726
0.452807903071375
-0.8516494147364955
-0.8708026829133054
0.25746049701932616
-0.24301790346491015
-0.9384898461518556
-0.9155556974245226
-0.965911666228719
0.21710319456957894
0.4033631662092456
-0.32432862676906127
0.07045431533807878
0.08488009016429099
-0.8974867004344208
-0.9896497375675108
-0.5827702462732722
0.42368440043450417
-0.9731933128041815
-0.7782033592144724
-0.9676832484402798
0.37626079268625423
-0.9266467556876246
-0.9639662392490125
-0.3690231454855952
-0.8802587994745548
-0.8986111915961587
1.0
-0.9521198560225311
-0.9014718113539116
-0.9987940767950877
-0.9917543125351819
-0.8919451368313288
-0.9081280655322321
0.6401203477679711
-0.9972185353915076
-0.9789878284853075
-0.9857446621626542
-0.24344715375760417
0.34901036811415476
-0.9671231961289672
-0.47533511746977697
0.3831841103778566
-0.8765779587225947
-0.3326895050013178
-0.09411965139890988
-0.8614925817739181
0.21766111346054373
-0.9799652806110528
-0.972435482418181
0.3076366116275868
-0.8763391807080713
-0.9577118251505655
-0.5685904471561334
-0.6443016377743742
-0.6964675738241124
-0.9988124782472585
-0.978242211198401
-0.957383472594349
0.3643256357394984
-0.6001145117778514
-0.9979533130733717
-0.8527216640288824
-0.9647688040021865
-0.9807610120375636
-0.5796561164567839
-0.882387318080184
-0.4071558794035578
-0.9850718360871821
-0.10013432420648127
0.9952432398146784
-0.9751455075246991
-0.6021230178876401
-0.9527319428166375
0.604145105255484
0.5038101933951711
-0.9856289609508943
-0.9254288487096285
-0.6517586781855153
-0.6589360673524239
-0.24282402902800138
-0.7765625632052122
-0.9279295326823125
-0.2992094723452259
-0.9252290445557942
0.5385825342887982
-0.7840502751845297
-0.9711347428017747
-0.9401003275061753
-0.3134844177396172
-0.9956859108963952
-0.9944241119073988
-0.8035025325708058
-0.5749394540753232
0.18542464193455177
-0.9287669525760037
-0.7864571476863617
-0.9463867314982125
-0.9888502662694871
-0.8004182687817295
0.7512641312001731
-0.8317093820550723
-0.33593097484023715
-0.8154787959566588
-0.9790181059315487
-0.9065485113305434
-0.8235927687251382
-0.9023074626017334
-0.17128561270341214
-0.72047188060041
-0.2904971618284553
-0.5908879672231824
-0.8048698676535393
-0.9007996230017914
-0.9048912496696365
-0.9273755588365118
0.33704825878681666
-0.9921807716751642
-0.26205684062354473
-0.9639517934123351
-0.6581648041412878
-0.9903500110692888
-0.6709699339022025
-0.4565998145761134
-0.9993972460771544
-0.8237292115503975
-0.8186257436586047
-0.8557871109769851
-0.9848730140084039
-0.7701974848508422
-0.9816411056060463
-0.9939266649431279
-0.9937050777991927
-0.9045922473643192
-0.9640358779512241
-0.9488583675960297
-0.8061401976925087
-0.3433086341103374
-0.8864464828476262
-0.6051934254848181
-0.961523548527518
-0.9178672968876281
-0.997975398490722
-1.0
-0.956826722567857
-0.9883791215893084
-0.9345841566625823
-0.9991696510715007
-0.5185912325501975
-0.8897242740276228
-0.9920731762532975
-0.9136021372732578
0.745006217762096
-0.9722968151082162
-0.9882348023948087
-0.9707460321054169
-0.9871836889003066
-0.97305164885254
-0.9114467398241947
-0.961942350736029
-0.6581648041412879
-0.9895397072654236
0.22123032916517626
-0.9829405579566672
0.03743709753520408
-0.8556755952648225
0.41961238179930316
-0.9237365010820835
0.14994250269342868
-0.911840012247084
-0.9875024596858023
-0.33601774891311065
-0.9873725169680788
-0.34023078537613416
0.10522873430069013
-0.9090705972190344
0.3335161955452788
0.7317595537488475
-0.9993972460771543
-0.9778086496993931
-0.902404453277446
0.7997806445578428
-0.9666677267944046
-0.9843046480675313
-0.9950385143937734
-0.12125750517379075
0.21416475734119422
-0.7489688218677153
0.54193030672005
-0.940897547564248
-0.9644533636298139
-0.3613563341351529
-0.37884797307681417
-0.9842647409769395
-0.9631985575414138
-0.40723630136209366
-0.6110206573768001
-0.9064874215585238
-0.8444695900567145
-0.7409631734394482
-0.9707005810038354
-0.9734721932250079
0.5468323667174679
-0.9351876832069387
-0.9314471090172606
0.6138323507780103
-0.9626270204000689
-0.9024159982048482
-0.21186816666673491
-0.9694947455956086
-0.9373410384898084
0.368561180393534
-0.9780121360129542
-0.9834761403115381
-0.2963153312587773
-0.9423842461002683
0.23050664823756395
-0.9351557617454476
-0.9839981018443871
0.26498394518024493
-0.33091223519450996
-0.8269058528055762
-0.8433538233909986
-0.88520813888624
-0.8950372898786977
-0.9928936210220621
-0.5826589984190764
-0.6136117192943841
-0.9492748978022582
-0.949556055261371
-0.9969061993127375
-0.9312864850824606
-0.012076937619892703
-0.7943170826401189
-0.7765756192901172
-0.983824589130927
-0.8984261256564245
0.4082581182268008
0.21030129096219619
-0.907609108072988
-0.9757732145419922
-0.7407180853687272
-0.9196754597776804
-0.9890740461254464
0.4930290656319578
-0.985940544342988
-0.8806401042126072
-0.8692704163625704
-0.9798427951166879
-0.8535999955008743
-0.7907871747512087
-0.9835762876972625
-0.8175911326389909
0.9734257232595165
-0.9724461822758699
-0.7487208703033568
-0.5863402104852926
-0.9924939796913147
-0.9731243877842557
-0.8117105634883521
-0.9166260925011509
-0.9323324325630432
-0.9835886083949631
-0.9080581783036822
-0.9009533897520104
-0.32087485848448083
-0.7391064074869291
-0.9337688381091185
-0.7764242992281422
-0.839933403120617
0.6175624550399725
-0.9676740036770229
0.2520123264712282
-0.7927417825068087
-0.9678549832674097
-0.46313024772881106
-0.3607355734634743
-0.9468604110226776
0.5053205007780455
-0.3628669309944119
-0.7049328762283229
-0.8266285889708571
-0.9114060804492593
-0.15238826271190198
-0.9112793618750956
-0.9364327768103082
-0.9824377293998205
0.37021107321283897
-0.9719004968324564
-0.963780767147554
-0.9976401779753938
-0.9155243208577638
-0.9859325970771118
-0.9971425148758476
-0.9314471090172609
-0.981498941779085
-0.9811093153695745
-0.07090832138710645
-0.9041304617767508
-0.9921807716751642
-0.714834381709945
-0.8280633161915141
-0.812951865227951
-0.9857446621626541
-0.8014158655823584
0.32445365634994294
-0.043325414152653674
0.21972481003139888
-0.5375634540142531
-0.4680276660964263
-0.9293654209959661
-0.8701092622078386
-0.011562924416067433
-0.5860563838070505
-0.7566160509386499
-0.9847219377433519
-0.984739086016694
-0.34505822340312897
-0.9118400122470843
-0.9572487126166958
-0.9141609693483297
-0.9846078646313663
-0.9212956243604975
-0.3398859455182708
0.24895072927449236
-0.6992926726345333
-0.12378858251507285
-0.8513949953005527
-0.915960189696
0.859310262366763
-0.9991156450657788
0.482896473800823
0.16573954613606534
-0.9647688040021861
-0.4992405053326384
-0.9836130989714188
-0.9468145984434795
-0.7508547734749208
-0.9993972460771545
-0.9755786194891977
-0.9118634655963722
-0.4719189274558553
-0.9370701250050253
0.5448085407608831
-0.928846553986211
CENT
-0.7655458076202444
-0.20331752086001753
-0.9960721593695487
-0.9614657994701842
-0.8217697350019928
-0.3585273430236945
-0.9565484622672106
-0.7537919503400531
-0.7456951235604523
-0.8458689252725287
-0.9672102693192992
-0.9225073714420948
-0.5600573372337729
-0.6851745540517269
-0.9933927513799344
-0.617498657005381
-0.4716972059121499
-0.9369674717142538
-0.5492826143227739
0.4756728626025475
0.24462073510296345
-0.6108268554303031
-0.5610371980755384
-0.9980127630653949
-0.9920962076835819
-0.5517146965576796
-0.4817482088979641
-0.7115825804124152
-0.8724087783558739
-0.4815686973912098
-0.19559234778169377
-0.9133632961750318
-0.8747775994542366
-0.9250126807835981
-0.877876821606875
-0.44639405130930543
-0.6351695491265559
0.2995767687336557
0.788099004016451
-0.6436057792960121
-0.11227931781816214
-0.7841287797595304
-0.21879994700970862
-0.23259219571048462
-0.8733988251650345
-0.8904182484484471
-0.667220691368514
-0.5099031099075022
-0.780880159162652
-0.6161279304719754
0.2976272911195774
-0.18443748231818957
-0.9895594939699498
-0.39495187700431256
-0.3424700735043933
-0.9974556897848535
-0.9544427043023616
-0.9969783576861873
-0.917295712304853
-0.6680573535629464
-0.7250055961004002
-0.986892179787562
-0.20203912595518292
-0.9408691634211523
-0.8901692128501513
-0.6377155905326943
-0.8898224877018701
-0.735931808047152
-0.6099028338166611
-0.9864229294481598
-0.9107617231542913
-0.49060278253779666
-0.1776982326041615
-0.7856986914503518
-0.6917148844956906
-0.25351492108176044
-0.4008469529773345
0.39516833056313105
-0.7111082886624449
-0.7171864719895269
-0.686093471180571
-0.9978718947789691
-0.8936166735735719
-0.5975584884082413
-0.7767212799432979
-0.8578194164749902
-0.9861073460155382
-0.8290562466582001
-0.9406042200757501
-0.44728853966140947
-0.8209177359490346
-0.6712946285082144
0.2496644591226469
-0.4136570797070732
-0.852427304592859
-0.8977237874373537
-0.16434698554297
-0.7333468139086556
-0.9894674243838651
-0.18296987985180346
-0.8312897949362905
-0.7456622873650725
-0.9630194956403738
-0.712175035671013
-0.7633048282045938
-0.9958825339880305
-0.9477518314718769
-0.9987045837912634
-0.6020328501290562
0.48451475879579653
-0.8572038770146574
-0.7100020190031144
0.4909945388958603
-0.49854713284154883
-0.4751850785923196
-0.7853055715989397
-1.0
-0.9776798788137976
-0.7969870550439544
-0.2707353397391892
-0.7599644879748404
0.19056267471643773
-0.6830106295641087
-0.662261086759204
-0.8832301205926274
-0.8737812607936202
-0.40092897392240934
-0.9671814182443151
-0.3518055863413114
-0.6245732108957898
-0.7243072461258806
-0.9098669214976317
-0.9571676022453417
-0.7404325210450591
-0.8809160493712349
-0.825527466295646
-0.04737923742239336
-0.5129026746343033
-0.9378044945917067
-0.6695176610459128
-0.5910889941132791
-0.9294485088044161
-0.14454172922658648
-0.9936796534692728
-0.6724379013745438
-0.814482076089512
-0.92845725921522
-0.9467186908594495
-0.4876042859413666
-0.5012855144718005
-0.9993374305813164
-0.0450219570954814
-0.5877188796787325
-0.8864178534895452
-0.8498099445599212
-0.9079526273299445
-0.27274859315327915
-0.930049453587647
-0.9560001383387664
-0.4732070441447256
-0.4120814973593121
-0.8333930214391398
-0.6464910960158787
-0.4113459781414356
-0.990370840935493
-0.5139244660220663
-0.2155502765123758
-0.9926780378925144
-0.9940085523749772
-0.9452744931908439
-0.6265950230489262
-0.920678107528523
-0.8760286306330607
-0.9840172469197561
-0.9268188538116641
-0.07867252549008219
-0.926233283887893
-0.9791728612290967
-0.6246039061794286
-0.33158232796567466
-0.8046929632664535
-0.6664847564356347
-0.7786467518303825
-0.3660225849930965
-0.8198494394099138
-0.8559149989971424
-0.92845725921522
-0.8956049189931231
-0.37662883475593945
-0.9300214571165457
-0.596852819826427
-0.986171210693961
-0.7920218774811957
-0.9934421371140798
-0.7777642865497156
-0.5648827768140978
-0.5062208908618835
0.9174595144402438
-0.9108041552106323
0.38982547694890624
-0.4362240656221493
-0.9521868031442314
-0.5342885261483132
-0.5751364966563042
-0.9993374305813164
-0.6942289297816299
-0.746548248709299
-0.6731362080184496
-0.23889072252657906
-0.4207064218457971
-0.9998124046020007
-0.6759641244072201
-0.4616918101079417
-0.31190763854128856
-0.5742047372660424
-0.9930205769285056
-0.16557609614963908
-0.8912078580642244
-0.9082674658726464
-0.8559883555017762
-0.9266360258313044
-0.07178876823431335
-0.48033283004904703
-0.9274731284253206
-0.9998743851351038
-0.5657446380176692
-0.5311739415463601
-0.6708571919773133
-0.4585922499624655
0.17442645607475016
-0.5413474510866063
-0.6176062424258157
-0.9123262858335911
-0.730347116809436
-0.5563083835499757
-0.462847787844342
-0.5293762429599121
-0.3488737408240611
-0.7864758813902577
-0.6350309613116298
-0.870919564895851
-0.11116035906521715
-0.7375218463670216
-0.7855896313357512
-0.9042840001906446
-0.4196043537056582
-0.9623733504749193
-0.6332020361916968
-0.3226468481940622
-0.756913539121282
-0.9933251197855956
-0.9977385159595451
-0.8622690889835749
-0.9888506953974386
0.2633338696500229
-0.3489611046911051
-0.9676714068805347
-0.14410921817989808
-0.7481355857955028
-0.7107930111481827
-0.6570540191355387
-0.9397783852424236
-0.6150102105275963
-0.7935555553093396
-0.44686496646594764
-0.924372575582147
-0.6611337082795605
-0.7370865914375375
-0.6665666511663133
-0.7618205263350497
-0.6830165545955553
-0.8282420797071631
-0.053735035301113676
0.5401593866051961
-0.4816058573659905
-0.9780058124904526
-0.7138979341860225
-0.14211507677058477
-0.9581988279767706
0.05864615406359852
-0.16175373741283083
0.06834785165260948
0.4123108336861401
-0.9974701761157067
-0.6467759916349229
-0.9390546552816332
-0.9956176105769847
-0.8419277947477871
-0.5942700194747266
-0.7610568266608562
-0.33987884667101154
0.15109835649086634
-0.9352970306789633
-0.5635561532566473
-0.49774502695525413
-0.9821103828256781
-0.49056120180075247
-0.9197415170598866
-0.5500456628831633
0.3215730516560473
-0.6664724201244117
-0.12355361034485945
-0.9443896067632528
-0.920177040022277
-0.6342030649683644
0.7115701728469737
-0.21975488398369403
0.12603677938512337
-0.6975851946600745
-0.6742636418321974
-0.08442626206148784
-0.7029801369981972
-0.9396956050789429
-0.32880895834103063
-0.5833691042766392
-0.628922830829389
-0.981435641212408
-0.7722579668150383
-0.9381763311702758
-0.989665078108367
-0.5413474510866063
-0.8073570765058555
-0.65666305013523
-0.5870223975169409
-0.5421930076597314
-0.9936796534692728
-0.7470535948049228
-0.9781758158443828
-0.9680616011299202
-0.9408691634211523
-0.8466059848101125
-0.30064203630516095
-0.7580442470032597
-0.39958685498511926
-0.9745645163925981
-0.9544832178064784
-0.29106276645183715
1.0
-0.45386602800724496
-0.8556259960396003
-0.8777002168466054
-0.9299436000155583
-0.9545043071026823
-0.9869860839536524
-0.5648827768140978
-0.8506335347066636
-0.8120744847767847
-0.867583758908232
-0.27070529426902434
-0.8578110950376597
-0.540600231847199
-0.9930621230107666
-0.4194502098103038
-0.04388860304585529
-0.993849970348873
0.19852070836965652
-0.9771887233269912
-0.6140262202652527
-0.44359649754380415
-0.44728853966140947
-0.9114259358732612
-0.8405539331152754
0.3512509774963535
-0.9631919010567654
-0.9993374305813164
-0.8890015989632197
0.4543991894671391
-0.6897337183123051
-0.55976493891632
-0.6301539745576518
-0.9482187558713059
DEGREE_RANK
-0.7675675675675675
0.016216216216216273
-0.6378378378378378
-0.6324324324324324
-0.9189189189189189
-0.22162162162162158
-0.5189189189189188
0.8324324324324324
-0.8162162162162162
0.5135135135135134
-0.8702702702702703
-0.34594594594594585
0.518918918918919
0.9297297297297298
-0.21621621621621623
0.145945945945946
0.8378378378378379
-0.627027027027027
0.7459459459459459
-0.7621621621621621
-0.5135135135135135
0.6864864864864866
0.021621621621621623
-0.7567567567567568
-0.07027027027027011
0.42162162162162153
0.7513513513513512
0.7567567567567568
0.027027027027026973
0.032432432432432545
0.5243243243243243
0.18918918918918903
-0.06486486486486476
0.4270270270270271
-0.9135135135135135
0.6324324324324324
0.5297297297297296
0.2648648648648648
0.3405405405405406
0.7621621621621621
0.6918918918918919
-0.7513513513513513
-0.5675675675675675
0.8432432432432431
-0.43243243243243246
0.535135135135135
-0.427027027027027
0.9351351351351351
0.2702702702702702
-0.508108108108108
-0.05945945945945941
-0.8432432432432433
-0.5621621621621622
0.9891891891891893
0.43243243243243223
-0.7459459459459459
-0.9945945945945946
-0.5567567567567566
-0.9081081081081082
0.8486486486486486
0.7675675675675675
-0.9459459459459459
0.03783783783783767
0.4378378378378378
-0.054054054054053946
0.6972972972972973
-0.048648648648648596
-0.8378378378378378
0.5405405405405406
-0.3405405405405405
-0.21081081081081066
0.5459459459459459
-0.7405405405405405
0.34594594594594597
0.4432432432432434
0.4486486486486485
0.4540540540540541
-0.2054054054054053
0.15135135135135114
0.1945945945945946
0.5513513513513513
-0.7351351351351352
-0.9837837837837837
0.9405405405405407
0.043243243243243246
0.6378378378378378
-0.681081081081081
-0.9783783783783784
-0.043243243243243246
0.5567567567567568
-0.33513513513513504
0.45945945945945943
-0.6756756756756757
0.19999999999999996
0.27567567567567575
-0.3297297297297297
0.9945945945945944
-0.03783783783783767
-0.42162162162162153
-0.32432432432432434
0.7027027027027026
0.6432432432432433
0.2810810810810809
0.28648648648648645
-0.8108108108108109
-0.6216216216216216
-0.6162162162162161
-0.8648648648648649
0.7729729729729731
-0.31891891891891877
0.2054054054054053
0.6486486486486487
-0.6108108108108108
-0.4162162162162162
0.4648648648648648
0.048648648648648596
-0.8594594594594595
-0.9027027027027027
0.054054054054053946
-0.3135135135135134
0.7783783783783782
-0.19999999999999996
0.1567567567567567
0.21081081081081088
0.05945945945945952
-0.5027027027027027
0.9675675675675677
-0.5513513513513513
0.562162162162162
-0.4108108108108107
-0.5459459459459459
0.7081081081081082
0.2918918918918918
0.9027027027027028
0.06486486486486487
-0.4972972972972973
0.3513513513513513
-0.4054054054054054
0.47027027027027013
0.854054054054054
-0.4
-0.7297297297297296
0.5675675675675675
-0.49189189189189175
0.29729729729729737
0.16216216216216228
-0.7243243243243243
-0.8054054054054054
0.7837837837837838
-0.4864864864864864
-0.972972972972973
-0.1945945945945945
-0.39459459459459456
-0.3891891891891891
0.35675675675675667
-0.48108108108108105
-0.18918918918918914
-0.7189189189189189
-0.6702702702702703
0.4756756756756757
0.07027027027027022
-0.7135135135135134
-0.8
0.216216216216216
-0.8324324324324324
0.3027027027027027
0.07567567567567557
-0.8972972972972972
-0.9405405405405405
-1.0
-0.5405405405405406
0.08108108108108114
0.08648648648648649
-0.9351351351351351
-0.1837837837837838
-0.38378378378378375
-0.827027027027027
0.48108108108108105
0.9081081081081082
-0.03243243243243232
-0.30810810810810807
0.09189189189189184
-0.17837837837837822
-0.027027027027026973
-0.4756756756756756
0.09729729729729741
-0.7081081081081081
-0.17297297297297287
0.36216216216216224
0.5729729729729729
0.30810810810810807
-0.6648648648648648
0.7135135135135133
-0.9297297297297298
0.7189189189189189
0.9459459459459458
-0.16756756756756752
-0.021621621621621512
-0.3027027027027026
-0.01621621621621616
0.5783783783783785
0.654054054054054
0.8594594594594596
0.9513513513513514
-0.9675675675675676
0.7243243243243245
0.7891891891891893
0.9567567567567568
0.3675675675675676
-0.16216216216216206
-0.8216216216216217
0.22162162162162158
0.37297297297297294
0.1675675675675674
0.9783783783783784
-0.47027027027027024
-0.29729729729729726
-0.4648648648648649
0.22702702702702715
0.3783783783783785
-0.2918918918918919
-0.3783783783783783
0.6594594594594596
0.7297297297297296
-0.9621621621621621
0.38378378378378364
0.10270270270270254
-0.28648648648648645
0.9135135135135135
-0.281081081081081
-0.27567567567567564
0.8648648648648649
-0.8540540540540541
0.8702702702702703
0.6648648648648647
-0.1567567567567567
0.4864864864864864
0.9189189189189189
-0.15135135135135136
-0.1459459459459459
0.3891891891891892
-0.2702702702702702
0.5837837837837838
-0.14054054054054044
-0.4594594594594593
0.491891891891892
-0.45405405405405397
-0.6054054054054053
0.10810810810810811
-0.010810810810810811
-0.535135135135135
-0.6
-0.1351351351351351
-0.37297297297297294
-0.12972972972972963
0.7945945945945945
-0.8486486486486486
-0.12432432432432428
0.8756756756756758
-0.00540540540540535
0.7351351351351352
0.39459459459459456
0.8
0.5891891891891892
0.5945945945945947
-0.7945945945945946
-0.2648648648648648
0.31351351351351364
0.881081081081081
-0.3675675675675676
0.972972972972973
-0.5297297297297296
-0.7891891891891891
-0.5945945945945945
0.11351351351351346
0.11891891891891881
-0.11891891891891893
0.17297297297297298
0.23243243243243228
1.0
0.4972972972972971
0.31891891891891877
0.23783783783783785
-0.5891891891891892
-0.2594594594594595
0.3999999999999999
-0.7027027027027026
0.17837837837837833
-0.11351351351351346
0.8054054054054054
0.6702702702702703
0.4054054054054055
-0.9243243243243243
-0.5243243243243243
-0.3621621621621621
0.0
0.9243243243243244
-0.8918918918918919
0.32432432432432434
-0.5837837837837838
-0.108108108108108
0.2432432432432432
-0.5783783783783784
-0.3567567567567568
0.8108108108108107
0.12432432432432439
-0.6594594594594594
-0.654054054054054
0.8864864864864865
-0.254054054054054
0.24864864864864855
-0.6972972972972973
-0.10270270270270265
0.8162162162162161
-0.09729729729729719
-0.24864864864864855
-0.8864864864864865
0.5999999999999999
-0.2432432432432432
-0.8810810810810811
-0.23783783783783774
-0.5729729729729729
0.8918918918918919
0.2540540540540539
0.7405405405405405
-0.4486486486486486
0.2594594594594595
0.12972972972972974
-0.2324324324324324
0.5027027027027027
-0.7837837837837838
0.6054054054054054
0.6756756756756757
0.6108108108108108
-0.09189189189189184
-0.8756756756756756
-0.3513513513513512
-0.08648648648648649
0.8216216216216217
0.00540540540540535
0.41081081081081083
0.6162162162162161
0.4162162162162162
-0.6486486486486487
0.9621621621621621
-0.7783783783783784
0.5081081081081082
-0.6918918918918919
-0.44324324324324316
-0.08108108108108103
0.6216216216216217
-0.772972972972973
0.3297297297297297
-0.6432432432432431
-0.6864864864864865
0.9837837837837837
-0.9891891891891892
0.681081081081081
0.827027027027027
0.6270270270270271
0.1351351351351351
-0.07567567567567568
0.0108108108108107
-0.9513513513513514
-0.9567567567567568
-0.22702702702702704
0.33513513513513504
0.18378378378378368
-0.4378378378378378
0.8972972972972972
0.14054054054054044
EIGENVECTOR_RANK
-0.8810810810810811
-0.44324324324324316
-0.048648648648648596
0.3513513513513513
-0.9243243243243243
0.05945945945945952
0.43243243243243223
0.9567567567567568
-0.6054054054054053
0.6324324324324324
0.31351351351351364
0.5081081081081082
-0.2054054054054053
-0.11891891891891893
-0.8486486486486486
0.4378378378378378
-0.043243243243243246
0.4864864864864864
-0.10270270270270265
0.10270270270270254
0.31891891891891877
0.6918918918918919
0.12432432432432439
-0.03243243243243232
-0.8324324324324324
0.654054054054054
0.9297297297297298
0.881081081081081
0.07027027027027022
0.021621621621621623
0.7945945945945945
0.6216216216216217
-0.3567567567567568
-0.21621621621621623
-0.508108108108108
0.7567567567567568
0.8594594594594596
0.5783783783783785
0.7135135135135133
0.7189189189189189
-0.054054054054053946
-0.8432432432432433
0.4054054054054055
0.8756756756756758
-0.5945945945945945
0.22162162162162158
-0.5297297297297296
0.8486486486486486
-0.2648648648648648
-0.48108108108108105
0.5135135135135134
0.00540540540540535
-0.06486486486486476
1.0
-0.4108108108108107
-0.08108108108108103
-0.9621621621621621
-0.8594594594594595
-0.027027027027026973
-0.15135135135135136
0.9513513513513514
-0.9405405405405405
-0.6432432432432431
-0.772972972972973
0.6162162162162161
0.827027027027027
-0.5189189189189188
0.45945945945945943
0.854054054054054
0.0108108108108107
0.5675675675675675
0.6756756756756757
0.03783783783783767
0.7621621621621621
-0.6594594594594594
-0.5729729729729729
0.8054054054054054
0.016216216216216273
-0.4378378378378378
0.4270270270270271
0.35675675675675667
0.30810810810810807
-0.9675675675675676
-0.6378378378378378
-0.43243243243243246
0.8324324324324324
0.38378378378378364
-0.9513513513513514
0.06486486486486487
-0.5027027027027027
-0.6648648648648648
0.4162162162162162
-0.00540540540540535
0.4972972972972971
-0.7621621621621621
0.6702702702702703
0.9945945945945944
-0.6108108108108108
0.3783783783783785
-0.4162162162162162
0.9351351351351351
0.8972972972972972
-0.7675675675675675
-0.2594594594594595
0.34594594594594597
0.3297297297297297
0.6270270270270271
0.23243243243243228
-0.27567567567567564
0.5945945945945947
-0.254054054054054
0.9081081081081082
0.216216216216216
-0.5567567567567566
-0.3621621621621621
0.5891891891891892
-0.9189189189189189
-0.9081081081081082
0.17837837837837833
0.42162162162162153
0.7405405405405405
-0.281081081081081
0.21081081081081088
-0.3783783783783783
-0.8216216216216217
0.18918918918918903
0.972972972972973
0.09729729729729741
0.562162162162162
0.15135135135135114
-0.6486486486486487
-0.1351351351351351
0.1351351351351351
-0.08648648648648649
0.6432432432432433
0.28648648648648645
0.6054054054054054
0.3891891891891892
0.17297297297297298
-0.07027027027027011
-0.12432432432432428
-0.2702702702702702
0.8216216216216217
-0.8702702702702703
0.6108108108108108
-0.4756756756756756
0.3405405405405406
-0.8540540540540541
0.32432432432432434
0.48108108108108105
-0.9891891891891892
0.12972972972972974
0.14054054054054044
0.043243243243243246
-0.7567567567567568
0.2432432432432432
-0.681081081081081
-0.9027027027027027
-0.8972972972972972
-0.11351351351351346
-0.4864864864864864
-0.39459459459459456
0.1675675675675674
0.5405405405405406
-0.01621621621621616
0.37297297297297294
-0.4486486486486486
-0.2324324324324324
-0.9567567567567568
-1.0
-0.42162162162162153
-0.8162162162162162
-0.32432432432432434
-0.9783783783783784
0.4486486486486485
-0.021621621621621512
-0.8648648648648649
-0.1945945945945945
0.9675675675675677
-0.5675675675675675
-0.8108108108108109
-0.5513513513513513
-0.7945945945945946
-0.5837837837837838
-0.17297297297297287
-0.45405405405405397
0.33513513513513504
-0.8378378378378378
0.7729729729729731
-0.6918918918918919
0.7081081081081082
0.048648648648648596
0.8702702702702703
-0.24864864864864855
0.7297297297297296
-0.17837837837837822
-0.8054054054054054
0.5567567567567568
-0.8
0.5459459459459459
0.7243243243243245
-0.1567567567567567
0.8162162162162161
0.9621621621621621
-0.9837837837837837
-0.627027027027027
-0.09189189189189184
0.9783783783783784
-0.5135135135135135
-0.7351351351351352
-0.9135135135135135
0.6648648648648647
0.7513513513513512
0.2594594594594595
0.9135135135135135
-0.3675675675675676
-0.49189189189189175
0.5243243243243243
0.5027027027027027
-0.7297297297297296
-0.4648648648648649
0.491891891891892
0.3675675675675676
-0.12972972972972963
0.08108108108108114
0.2702702702702702
-0.5459459459459459
-0.6
0.9243243243243244
-0.33513513513513504
-0.30810810810810807
0.9405405405405407
-0.4594594594594593
-0.09729729729729719
0.6378378378378378
-0.5405405405405406
-0.3513513513513512
0.8378378378378379
-0.6324324324324324
-0.6972972972972973
0.5999999999999999
-0.37297297297297294
0.7783783783783782
-0.3297297297297297
-0.7243243243243243
0.8
0.5729729729729729
0.11351351351351346
0.08648648648648649
-0.010810810810810811
-0.03783783783783767
-0.8918918918918919
0.41081081081081083
0.36216216216216224
-0.4
-0.4054054054054054
-0.9297297297297298
-0.29729729729729726
0.6972972972972973
0.1945945945945946
0.22702702702702715
-0.7189189189189189
-0.05945945945945941
0.8648648648648649
0.7459459459459459
-0.14054054054054044
-0.6216216216216216
0.27567567567567575
-0.23783783783783774
-0.827027027027027
0.8918918918918919
-0.7891891891891891
0.0
0.032432432432432545
-0.654054054054054
0.054054054054053946
0.2054054054054053
-0.7027027027027026
0.145945945945946
0.9891891891891893
-0.5783783783783784
0.2648648648648648
0.39459459459459456
-0.8864864864864865
-0.5891891891891892
0.16216216216216228
-0.22702702702702704
-0.3135135135135134
-0.7081081081081081
-0.1459459459459459
-0.07567567567567568
0.5837837837837838
0.2810810810810809
-0.31891891891891877
0.23783783783783785
0.09189189189189184
0.9459459459459458
-0.5243243243243243
0.7891891891891893
0.19999999999999996
-0.535135135135135
0.4756756756756757
0.5297297297297296
-0.3891891891891891
0.9027027027027028
0.518918918918919
0.29729729729729737
0.11891891891891881
-0.16756756756756752
0.6486486486486487
-0.16216216216216206
-0.3405405405405405
-0.6864864864864865
0.8432432432432431
-0.5621621621621622
-0.47027027027027024
-0.9459459459459459
-0.21081081081081066
-0.7837837837837838
-0.9351351351351351
-0.3027027027027026
-0.6756756756756757
-0.6702702702702703
0.681081081081081
-0.108108108108108
-0.8756756756756756
0.2918918918918918
0.10810810810810811
0.1567567567567567
-0.7783783783783784
0.18378378378378368
0.8108108108108107
0.6864864864864866
0.7675675675675675
0.4432432432432434
0.47027027027027013
-0.2918918918918919
0.027027027027026973
0.7027027027027026
0.3999999999999999
0.24864864864864855
-0.7459459459459459
-0.7513513513513513
0.535135135135135
-0.1837837837837838
-0.427027027027027
-0.19999999999999996
-0.7405405405405405
-0.2432432432432432
0.5513513513513513
0.7837837837837838
0.3027027027027027
0.6594594594594596
0.07567567567567557
-0.22162162162162158
0.9837837837837837
-0.972972972972973
0.8864864864864865
0.7351351351351352
-0.4972972972972973
0.4540540540540541
-0.7135135135135134
-0.38378378378378375
0.2540540540540539
-0.9945945945945946
-0.6162162162162161
-0.18918918918918914
0.4648648648648648
-0.34594594594594585
0.9189189189189189
-0.28648648648648645
CENT_RANK
-0.12432432432432428
0.7459459459459459
-0.9297297297297298
-0.7135135135135134
-0.2324324324324324
0.6324324324324324
-0.6972972972972973
-0.08648648648648649
-0.06486486486486476
-0.27567567567567564
-0.7405405405405405
-0.5189189189189188
0.3513513513513513
0.05945945945945952
-0.8864864864864865
0.23783783783783785
0.5081081081081082
-0.5945945945945945
0.3783783783783785
0.9621621621621621
0.9027027027027028
0.2594594594594595
0.34594594594594597
-0.9621621621621621
-0.8594594594594595
0.3675675675675676
0.4756756756756757
0.00540540540540535
-0.3513513513513512
0.4864864864864864
0.7567567567567568
-0.49189189189189175
-0.3675675675675676
-0.5297297297297296
-0.38378378378378375
0.5513513513513513
0.18378378378378368
0.9243243243243244
0.9891891891891893
0.17297297297297298
0.8162162162162161
-0.1567567567567567
0.7351351351351352
0.7243243243243245
-0.3567567567567568
-0.42162162162162153
0.11891891891891881
0.43243243243243223
-0.15135135135135136
0.2432432432432432
0.9189189189189189
0.7621621621621621
-0.8432432432432433
0.6162162162162161
0.654054054054054
-0.9405405405405405
-0.6756756756756757
-0.9351351351351351
-0.4972972972972973
0.11351351351351346
-0.021621621621621512
-0.8216216216216217
0.7513513513513512
-0.6378378378378378
-0.4162162162162162
0.17837837837837833
-0.4108108108108107
-0.03783783783783767
0.2648648648648648
-0.8162162162162162
-0.47027027027027024
0.45945945945945943
0.7729729729729731
-0.17297297297297287
0.043243243243243246
0.7135135135135133
0.6054054054054054
0.9459459459459458
0.0108108108108107
-0.010810810810810811
0.054054054054053946
-0.9567567567567568
-0.43243243243243246
0.27567567567567575
-0.1351351351351351
-0.3297297297297297
-0.8054054054054054
-0.24864864864864855
-0.627027027027027
0.535135135135135
-0.22702702702702704
0.09729729729729741
0.9081081081081082
0.5837837837837838
-0.29729729729729726
-0.44324324324324316
0.7837837837837838
-0.03243243243243232
-0.8378378378378378
0.7675675675675675
-0.254054054054054
-0.05945945945945941
-0.7243243243243243
0.0
-0.11891891891891893
-0.9243243243243243
-0.6594594594594594
-0.9675675675675676
0.2702702702702702
0.9675675675675677
-0.31891891891891877
0.021621621621621623
0.972972972972973
0.4486486486486485
0.4972972972972971
-0.16216216216216206
-1.0
-0.7675675675675675
-0.1945945945945945
0.7027027027027026
-0.10270270270270265
0.8918918918918919
0.07027027027027022
0.14054054054054044
-0.39459459459459456
-0.3621621621621621
0.5999999999999999
-0.7351351351351352
0.6378378378378378
0.22702702702702715
-0.01621621621621616
-0.4648648648648649
-0.7027027027027026
-0.054054054054053946
-0.3891891891891891
-0.23783783783783774
0.8486486486486486
0.4270270270270271
-0.6
0.10810810810810811
0.2918918918918918
-0.5675675675675675
0.7945945945945945
-0.9027027027027027
0.09189189189189184
-0.21621621621621623
-0.5621621621621622
-0.654054054054054
0.47027027027027013
0.4432432432432434
-0.9837837837837837
0.854054054054054
0.29729729729729737
-0.4
-0.28648648648648645
-0.45405405405405397
0.6972972972972973
-0.5837837837837838
-0.6918918918918919
0.5027027027027027
0.5891891891891892
-0.2594594594594595
0.1675675675675674
0.5945945945945947
-0.8540540540540541
0.42162162162162153
0.7405405405405405
-0.8648648648648649
-0.9135135135135135
-0.6486486486486487
0.216216216216216
-0.5135135135135135
-0.37297297297297294
-0.8
-0.5459459459459459
0.8324324324324324
-0.535135135135135
-0.7837837837837838
0.22162162162162158
0.6648648648648647
-0.19999999999999996
0.12972972972972974
-0.1459459459459459
0.6270270270270271
-0.22162162162162158
-0.30810810810810807
-0.5567567567567566
-0.4378378378378378
0.6216216216216217
-0.5783783783783784
0.2810810810810809
-0.8108108108108109
-0.1837837837837838
-0.8918918918918919
-0.14054054054054044
0.3297297297297297
0.4378378378378378
0.9945945945945944
-0.4756756756756756
0.9405405405405407
0.562162162162162
-0.6702702702702703
0.4054054054054055
0.31351351351351364
-0.9783783783783784
0.03783783783783767
-0.07027027027027011
0.08648648648648649
0.7189189189189189
0.5675675675675675
-0.9891891891891892
0.07567567567567557
0.518918918918919
0.681081081081081
0.31891891891891877
-0.8702702702702703
0.7783783783783782
-0.427027027027027
-0.4594594594594593
-0.3135135135135134
-0.5405405405405406
0.8378378378378379
0.491891891891892
-0.5513513513513513
-0.9945945945945946
0.32432432432432434
0.41081081081081083
0.10270270270270254
0.5243243243243243
0.8864864864864865
0.3891891891891892
0.23243243243243228
-0.4864864864864864
-0.027027027027026973
0.36216216216216224
0.5135135135135134
0.4162162162162162
0.6486486486486487
-0.17837837837837822
0.18918918918918903
-0.34594594594594585
0.8216216216216217
-0.048648648648648596
-0.16756756756756752
-0.4486486486486486
0.5729729729729729
-0.7189189189189189
0.19999999999999996
0.6756756756756757
-0.09189189189189184
-0.8810810810810811
-0.9513513513513514
-0.33513513513513504
-0.8324324324324324
0.9135135135135135
0.6432432432432433
-0.7459459459459459
0.8
-0.08108108108108103
0.016216216216216273
0.15135135135135114
-0.6216216216216216
0.24864864864864855
-0.18918918918918914
0.5459459459459459
-0.5243243243243243
0.145945945945946
-0.043243243243243246
0.12432432432432439
-0.11351351351351346
0.06486486486486487
-0.2432432432432432
0.8432432432432431
0.9783783783783784
0.48108108108108105
-0.772972972972973
-0.00540540540540535
0.8054054054054054
-0.7081081081081081
0.8648648648648649
0.7891891891891893
0.8702702702702703
0.9513513513513514
-0.9459459459459459
0.16216216216216228
-0.6108108108108108
-0.9189189189189189
-0.2702702702702702
0.28648648648648645
-0.108108108108108
0.6594594594594596
0.881081081081081
-0.5891891891891892
0.3405405405405406
0.4540540540540541
-0.7945945945945946
0.4648648648648648
-0.5027027027027027
0.37297297297297294
0.9297297297297298
0.1351351351351351
0.8108108108108107
-0.6432432432432431
-0.508108108108108
0.1945945945945946
0.9837837837837837
0.7297297297297296
0.8756756756756758
0.032432432432432545
0.08108108108108114
0.827027027027027
0.027027027027026973
-0.6162162162162161
0.6702702702702703
0.30810810810810807
0.21081081081081088
-0.7891891891891891
-0.12972972972972963
-0.6054054054054053
-0.8486486486486486
0.39459459459459456
-0.2054054054054053
0.1567567567567567
0.3027027027027027
0.38378378378378364
-0.8972972972972972
-0.07567567567567568
-0.7783783783783784
-0.7513513513513513
-0.6324324324324324
-0.281081081081081
0.6864864864864866
-0.09729729729729719
0.6108108108108108
-0.7567567567567568
-0.681081081081081
0.6918918918918919
1.0
0.5297297297297296
-0.3027027027027026
-0.3783783783783783
-0.5729729729729729
-0.6864864864864865
-0.827027027027027
0.33513513513513504
-0.2918918918918919
-0.21081081081081066
-0.3405405405405405
0.7081081081081082
-0.32432432432432434
0.3999999999999999
-0.8756756756756756
0.5783783783783785
0.8594594594594596
-0.9081081081081082
0.8972972972972972
-0.7621621621621621
0.2540540540540539
0.5567567567567568
0.5405405405405406
-0.48108108108108105
-0.2648648648648648
0.9351351351351351
-0.7297297297297296
-0.972972972972973
-0.4054054054054054
0.9567567567567568
0.048648648648648596
0.35675675675675667
0.2054054054054053
-0.6648648648648648
RANK
116
224
210
150
204
364
107
23
81
251
283
55
57
2
105
286
168
354
143
325
193
14
250
351
215
167
24
164
319
52
98
253
343
61
69
191
86
173
295
316
177
327
275
117
356
334
328
256
10
127
363
102
246
3
278
132
6
158
342
335
56
201
370
106
147
169
302
63
329
88
261
312
285
318
138
17
292
157
189
341
141
146
186
223
174
220
176
33
265
11
171
303
297
58
31
232
360
198
70
131
218
155
244
95
187
82
217
45
64
66
365
153
124
134
34
340
172
32
125
44
28
240
347
252
85
349
110
219
185
339
94
345
154
330
9
287
361
161
100
87
271
135
4
90
184
145
346
321
180
118
263
192
238
73
243
115
41
48
182
194
84
317
0
104
269
289
120
332
249
7
258
326
206
8
101
133
242
267
67
97
233
60
130
79
276
103
27
78
259
111
311
308
205
74
367
80
13
270
122
211
309
207
144
91
227
139
59
46
268
181
300
123
266
260
322
284
162
39
65
36
239
304
247
369
315
170
178
129
231
15
49
262
357
21
68
108
83
190
288
140
152
323
314
203
214
225
195
344
293
22
12
368
234
25
298
18
324
230
320
350
202
226
236
165
137
47
196
149
113
294
71
296
148
26
274
29
222
114
159
16
235
212
228
338
89
359
264
35
358
200
209
245
352
93
160
163
126
76
333
53
188
183
5
128
255
237
54
290
179
313
248
213
331
336
156
119
348
75
208
43
306
42
166
1
62
30
51
99
72
216
96
280
142
257
277
301
40
241
310
175
221
272
136
151
353
279
281
307
291
229
121
355
20
92
254
50
37
299
362
199
77
282
366
19
109
112
273
305
38
197
337
