DEGREE
0.7222222222222223
0.11111111111111116
0.6666666666666667
0.05555555555555558
0.7222222222222223
0.9444444444444444
0.7777777777777777
-0.5
0.8333333333333333
0.22222222222222232
0.7222222222222223
-0.2222222222222222
-0.6111111111111112
0.6111111111111112
0.38888888888888884
0.33333333333333326
0.5
0.05555555555555558
0.5555555555555556
0.22222222222222232
-0.38888888888888884
0.5555555555555556
-0.5555555555555556
0.05555555555555558
0.11111111111111116
0.38888888888888884
-0.33333333333333337
0.7777777777777777
0.8888888888888888
-0.05555555555555558
0.33333333333333326
-0.38888888888888884
0.33333333333333326
0.22222222222222232
0.7222222222222223
0.7222222222222223
-1.0
0.6111111111111112
0.7222222222222223
0.5
0.6666666666666667
0.33333333333333326
0.0
0.33333333333333326
0.16666666666666674
-0.4444444444444444
0.2777777777777777
-0.2777777777777778
-0.2777777777777778
-0.33333333333333337
-0.33333333333333337
0.38888888888888884
0.7222222222222223
-0.7222222222222222
0.38888888888888884
-0.5
0.22222222222222232
0.38888888888888884
0.6666666666666667
0.9444444444444444
0.4444444444444444
0.7777777777777777
0.4444444444444444
-0.5555555555555556
0.5555555555555556
0.6666666666666667
-0.2222222222222222
0.22222222222222232
0.22222222222222232
0.6666666666666667
0.05555555555555558
-0.6111111111111112
0.38888888888888884
0.7777777777777777
-0.38888888888888884
0.4444444444444444
-0.2777777777777778
0.16666666666666674
0.22222222222222232
0.38888888888888884
0.22222222222222232
-0.2222222222222222
0.33333333333333326
-0.11111111111111116
0.6111111111111112
0.33333333333333326
0.6666666666666667
0.16666666666666674
0.7777777777777777
-0.6666666666666667
0.33333333333333326
0.6666666666666667
-0.5555555555555556
-0.6111111111111112
0.16666666666666674
0.5555555555555556
0.6666666666666667
0.38888888888888884
-0.11111111111111116
0.6111111111111112
0.5555555555555556
0.4444444444444444
-0.05555555555555558
-0.33333333333333337
0.7777777777777777
0.22222222222222232
0.7222222222222223
0.2777777777777777
0.38888888888888884
0.33333333333333326
0.4444444444444444
0.2777777777777777
0.5
-0.11111111111111116
-0.4444444444444444
-0.11111111111111116
-0.4444444444444444
0.05555555555555558
-0.33333333333333337
0.4444444444444444
0.38888888888888884
-0.38888888888888884
0.22222222222222232
-0.05555555555555558
-0.16666666666666663
0.22222222222222232
0.5555555555555556
0.0
0.5
0.7777777777777777
0.5
-0.33333333333333337
0.22222222222222232
-0.11111111111111116
-0.05555555555555558
0.6111111111111112
0.0
0.22222222222222232
0.7222222222222223
0.38888888888888884
0.5555555555555556
-0.2222222222222222
-0.16666666666666663
0.7777777777777777
-0.11111111111111116
0.38888888888888884
0.8333333333333333
0.22222222222222232
-0.05555555555555558
-0.05555555555555558
0.11111111111111116
0.33333333333333326
-0.6111111111111112
0.4444444444444444
0.6111111111111112
-0.05555555555555558
-0.6111111111111112
0.6111111111111112
0.0
0.2777777777777777
0.6666666666666667
-0.8888888888888888
-0.38888888888888884
-0.33333333333333337
0.5555555555555556
0.05555555555555558
-0.6666666666666667
0.9444444444444444
0.6111111111111112
0.7222222222222223
-0.05555555555555558
-0.38888888888888884
0.4444444444444444
0.5555555555555556
0.6111111111111112
-0.4444444444444444
0.05555555555555558
-0.11111111111111116
-0.2222222222222222
0.22222222222222232
0.6111111111111112
0.8888888888888888
0.16666666666666674
-0.11111111111111116
0.33333333333333326
0.33333333333333326
-0.05555555555555558
0.5555555555555556
0.6666666666666667
0.33333333333333326
-0.11111111111111116
-0.16666666666666663
0.38888888888888884
0.33333333333333326
0.05555555555555558
0.33333333333333326
1.0
-0.5
0.5555555555555556
0.11111111111111116
0.05555555555555558
0.6666666666666667
0.9444444444444444
-0.16666666666666663
-0.33333333333333337
0.7222222222222223
-0.16666666666666663
0.7222222222222223
0.6111111111111112
0.8333333333333333
0.11111111111111116
0.38888888888888884
-0.05555555555555558
-0.5
0.5
0.7222222222222223
-0.5
0.4444444444444444
0.7777777777777777
0.22222222222222232
0.16666666666666674
0.6666666666666667
1.0
-0.2222222222222222
-0.11111111111111116
0.5555555555555556
0.5555555555555556
0.2777777777777777
0.6111111111111112
-0.05555555555555558
0.4444444444444444
-0.2777777777777778
0.33333333333333326
0.8888888888888888
0.6111111111111112
-0.11111111111111116
-0.2222222222222222
0.33333333333333326
-0.2777777777777778
-0.6111111111111112
-0.11111111111111116
0.7777777777777777
-0.2222222222222222
-0.2222222222222222
0.4444444444444444
-0.11111111111111116
0.11111111111111116
0.16666666666666674
-0.6666666666666667
0.38888888888888884
0.05555555555555558
0.5
0.6666666666666667
0.4444444444444444
-0.11111111111111116
-0.16666666666666663
0.38888888888888884
-0.5555555555555556
0.0
-0.33333333333333337
-0.2222222222222222
0.33333333333333326
0.5
0.05555555555555558
0.38888888888888884
-0.2777777777777778
0.5
0.0
0.7222222222222223
-0.5555555555555556
-0.2222222222222222
-0.33333333333333337
0.4444444444444444
-0.16666666666666663
0.8333333333333333
0.2777777777777777
-0.6111111111111112
0.38888888888888884
0.7222222222222223
-0.38888888888888884
0.33333333333333326
0.16666666666666674
0.6111111111111112
0.22222222222222232
0.33333333333333326
0.6111111111111112
0.9444444444444444
0.6666666666666667
0.0
-0.2222222222222222
0.6666666666666667
0.22222222222222232
0.5555555555555556
0.6111111111111112
0.6666666666666667
0.38888888888888884
0.6111111111111112
-0.2777777777777778
0.5
-0.05555555555555558
0.22222222222222232
0.7222222222222223
0.11111111111111116
0.7222222222222223
0.8333333333333333
0.6666666666666667
0.4444444444444444
0.16666666666666674
0.6111111111111112
0.4444444444444444
0.9444444444444444
0.8333333333333333
0.4444444444444444
0.5555555555555556
0.0
0.6666666666666667
0.6666666666666667
0.2777777777777777
0.5
0.16666666666666674
0.33333333333333326
0.8888888888888888
0.4444444444444444
0.11111111111111116
0.5555555555555556
0.5
0.5555555555555556
0.5
0.22222222222222232
0.11111111111111116
0.0
0.7777777777777777
0.16666666666666674
-0.4444444444444444
0.7777777777777777
0.5
-0.2777777777777778
0.6666666666666667
0.6111111111111112
0.2777777777777777
0.7777777777777777
0.0
0.4444444444444444
0.16666666666666674
-0.16666666666666663
-0.6666666666666667
0.16666666666666674
0.22222222222222232
0.7222222222222223
0.6666666666666667
-0.5
-0.6111111111111112
0.5
-0.33333333333333337
0.5
-0.5555555555555556
0.4444444444444444
-0.05555555555555558
0.33333333333333326
0.05555555555555558
0.5555555555555556
0.0
0.5
0.4444444444444444
0.7222222222222223
0.11111111111111116
0.6111111111111112
0.33333333333333326
-0.5555555555555556
-0.38888888888888884
-0.38888888888888884
0.5
-0.38888888888888884
0.8888888888888888
0.6666666666666667
0.33333333333333326
0.5555555555555556
0.11111111111111116
0.6666666666666667
0.4444444444444444
-0.6666666666666667
0.33333333333333326
0.22222222222222232
0.5
-0.2222222222222222
0.7777777777777777
0.38888888888888884
-0.9444444444444444
-0.11111111111111116
0.7222222222222223
0.4444444444444444
0.5555555555555556
0.0
-0.2777777777777778
0.7222222222222223
0.33333333333333326
0.7777777777777777
0.5555555555555556
0.6666666666666667
0.7222222222222223
0.0
0.05555555555555558
0.6666666666666667
0.7222222222222223
0.2777777777777777
0.2777777777777777
EIGENVECTOR
0.607738049032273
-0.7086912597609865
0.5092033753513434
-0.6553022799774022
0.2724382833537977
0.9868787073542962
0.7800225978506903
-0.9072435537933358
0.527376769330075
0.03640229414351048
0.1354906209819673
-0.5709819567415674
-0.5530715953806472
-0.9266058678872303
-0.03563225790533886
-0.03210120149661955
-0.18789131560435957
-0.7746550048416307
-0.9288085066751428
-0.7298248834639401
-0.8469430469866901
0.11189306201286064
-0.9433645394638593
-0.7602998498553786
-0.08531500953009885
-0.5304454588840417
-0.7650565130398312
-0.5910486954748109
0.7386046148782062
-0.9668977505491322
-0.30196881288323074
-0.782525998594059
-0.24451933432686235
-0.11993647062656798
0.08370546148307612
-0.5468021242444614
-0.9963494819287964
0.41427339563850807
-0.5952345775049683
0.1374989175615291
0.5332441878377601
0.49574177150003074
-0.4523161140359878
0.06316350799664816
-0.8251107502968131
-0.6562475418760533
-0.6204438091043861
-0.7367919292216886
-0.8402782462361219
-0.6845729642638136
-0.5651425091218314
-0.9312125933047488
0.6935665790518846
-0.9219519567509173
-0.6053913552799335
-0.9582471390463295
-0.08119554757155223
-0.5582004821378725
-0.5784782783783082
0.34737301855679203
-0.6329275809354562
-0.554099229542634
0.22134080589364702
-0.9321891805962982
0.17243501378565584
-0.34181939979174436
-0.7360327539497109
-0.12177166703269282
-0.7764426017518147
0.030147478444729536
-0.5523574155025839
-0.9487521723393255
-0.20467041669881314
0.6916357743348052
-0.5191474960094147
0.058890452126120874
-0.8033778871056845
-0.15436414901941242
-0.7996469723411661
-0.5726037681270807
-0.9549109627514317
-0.8575313295870959
0.34422950615954795
-0.9559078184748973
0.18631251076933775
-0.4944365249920497
-0.5159106710278443
-0.33856533821087054
0.43659169378997076
-0.8938450863216414
-0.22130032559870672
0.5726313232837281
-0.8903422120852521
-0.5530715953806472
-0.6084801184579673
-0.6102888479316415
0.7988620042135357
-0.8485913537698501
-0.6939031292291851
-0.5129266509192734
0.30279696944863277
-0.6965265180254472
-0.6404601816214759
-0.772659728254303
0.7760462210976211
-0.34378077634518533
0.6598450644795948
-0.526765218827336
-0.9466439920158501
-0.4735205892596821
-0.17490964028965472
-0.10111930155690851
0.33600262279549664
-0.7333962842078773
-0.879403927567008
-0.34561244082825393
-0.9977326648388184
-0.5862938566844094
-0.5651425091218312
0.5516314734555048
-0.37128040210948343
-0.8604314320619737
-0.4222571912280427
-0.7118912063030747
-0.9485076044098524
0.11735448659944958
-0.42102017412937065
-0.3899174096169553
-0.5036706815673566
-0.3800657196005498
-0.8952029358672338
-0.36836495947853964
-0.13986422124783104
-0.3336497782378962
-0.6846472919308919
-0.6986364224410866
-0.6783146314010686
-0.840448152297471
0.8414723420212893
-0.8496351911504925
-0.45233222685794927
-0.7461392281732977
-0.7795499779078969
-0.48636079597586823
-0.7302505943501756
0.3219516075866846
0.4119141168995206
-0.5744451947531359
-0.1762856220190231
-0.4078814654503614
-0.43598992133887404
-0.03565745571303491
-0.9399478273254118
0.30746473074225444
0.5966333035987661
-0.5366861114775554
-0.9196127098817118
-0.3912632752997165
-0.8092781007392993
0.24618540558327018
0.6215983554925038
-0.77719598165919
-0.49056206752224896
-0.5259420020318551
-0.6001278810609403
-0.9566570240788526
-0.9074862100598532
0.97641203212087
-0.38783415087685547
-0.39127281777266787
-0.6032778354337709
-0.9780516646845697
-0.08418073791175551
0.7029401132090645
-0.41718649255661955
-0.9953924238720913
-0.07946165229619895
-0.40206645893584836
-0.4884397560300793
0.08488085801117329
-0.3744682247095231
0.7822397327680457
-0.31248016245743504
-0.6808156654826885
0.14767254742103209
0.16907680452886775
-0.26757666395309687
-0.4550546146364073
0.3298682695952644
-0.315014251710078
-0.7434118621712046
-0.6576366358400152
0.49065549932257335
-0.5210307525961289
-0.9507884617681609
0.4030809607325283
0.6951756823940358
-0.5824858257358633
0.3227336025431182
-0.48272893901635505
-0.514234080755761
-0.5518765351143509
1.0
-0.43791417272068545
-0.5651425091218313
-0.4758537957836785
-0.8680419952852335
0.7854242263441422
0.6050833795265778
0.9146745943683645
-0.38586552282533193
-0.6086394032850004
-0.7667431180718195
-0.8764303376037536
-0.6233551649295638
-0.672186863121006
-0.4977376987649771
0.4955185627223786
0.7079934668114396
-0.3014339519925481
-0.6540362290671453
-0.5356170228566243
-0.3767068853295503
-0.8887923189189921
-0.855154267202649
0.2780375227870533
0.40172782523278894
-0.5149879448647328
0.24185566525759783
-0.9541777363174264
0.059140335682025036
-0.30286139621190555
-0.3909368393981585
0.47013537542899675
0.16528694345739736
-0.7177033148598171
-0.9634521207734306
-0.5484762498583444
-0.8396188104065931
-0.9968077710169027
-0.671774194628477
0.3036420543703009
-0.7246888205778719
-0.3857635375113153
0.44180882629817697
-0.9423450228144115
-0.9603373749737325
-0.38057472088070865
-0.9596123583762558
0.04758686917190702
-0.9074441824880171
0.5517878334349577
0.5680609722359591
-0.49017701438340844
-0.9762192044178755
-0.7085188791187802
0.09951301433332427
-0.8947118829907149
-0.9742762085307489
-0.8048891229003283
-0.5657687645927347
0.24247014980108994
-0.08119280713470356
-0.715432900160192
0.06828673844761868
-0.988236706592418
0.32072257863799924
-0.9706128005750458
0.8368293105125839
-0.9108934958310152
-0.3402689106015959
-0.4665380795780112
-0.2765194508529868
-0.7771531218546781
-0.5245453889528223
-0.46242278158039274
-0.6401262134239174
-0.8651935077411556
0.3337987233050135
-0.485914175340155
0.42561983804248116
-0.22417475944244292
0.6497104608529407
-0.49778325406349144
-0.5642932978935382
-0.5601506546094879
0.48304307967609783
0.6071670050669518
-0.8018403136715464
-0.5657687645927345
-0.24077523398992828
-0.4999914235688362
-0.6001278810609402
0.3774195650170622
-0.5345081271981915
-0.5853207443445574
-0.6368660312655114
-0.826853724660474
-0.5074989999354388
-0.2835622433340368
-0.766000787081651
0.5938513570396711
-0.37334792176060516
0.7159376026432922
0.5513562163984611
0.4546027812641995
0.31903707833952977
-0.12658789527455172
-0.14200308581425658
0.5066070547356802
0.8513169514681478
0.4796886720060549
-0.9352234397567583
-0.03644412905556971
-0.7104116224609662
0.3326637711427989
-0.41422036033048626
-0.8076443405246676
0.009888788832581374
-0.82036543559433
-0.2490103516030906
0.39812032881973103
-0.8446520433519351
-0.7115759118378379
0.4904778431652581
-0.688434849256327
0.6259407033418083
0.6762229988838051
-0.47494162696064635
-0.7837457645625492
-0.8505380931741429
-0.5980188630276086
-0.7803037661566283
-0.9101864302788469
0.8393916638231183
-0.14177867196603455
-0.6542321100255292
0.5934784782862816
0.29516299706753113
-0.11671168191365477
-0.47943942620892654
-0.9706128005750458
0.1915446996289043
-0.1543641490194131
-0.42181657625003244
-0.8994434805846199
0.017205388484520467
-0.7484220548315421
0.13149272852553717
0.6529946357948226
-1.0
-0.8757815009683061
-0.23175489368934732
-0.8495333792090447
0.34301573014275166
-0.9384247533862142
0.5013182094119735
-0.6229071790347933
-0.38686130231816007
-0.9557866351092406
-0.4662213361169818
-0.3263706503766086
-0.3571706263277281
-0.5760588099199178
0.6465241149374767
-0.1609567937300781
-0.6680203681596929
-0.22584163413652625
-0.8100950724799264
-0.7875955806955621
-0.830641239746404
0.39515689490535366
-0.8627464444007332
0.9059849674130955
0.12166306303243601
-0.9189132842482387
0.7207051981781321
-0.7980836003796643
0.28049433207895724
0.07890876209878517
-0.9996157938567677
-0.5415130399345345
-0.42644747712460307
-0.02765138059680694
-0.8728928507675727
0.5178957255541543
0.4247646722392997
-0.9654175131570099
-0.9559722579041421
-0.3852669004539311
-0.9295306937702068
-0.18915158258410525
-0.3733200985396262
-0.7266758000944487
0.3715099922687626
-0.886488495187602
0.6688545835424029
-0.4373307168801972
-0.41004687709505694
0.4112712409094088
-0.4045092466819733
-0.7854276640970909
-0.48007172147689947
-0.5160548019437797
-0.5471289325219566
-0.01361319303655295
CENT
-0.6292773517881172
-0.09707742260750951
-0.4533288346903397
-0.8480630158732192
-0.7145633882176257
-0.024586130753517565
-0.3766221838694864
-0.9668624206186457
-0.28816141404163087
-0.7726784801784531
-0.2858016715714232
-0.8982112344099392
-0.9950460831636441
-0.8494338989757563
-0.8000959040826692
-0.8608165222646939
-0.5504903542396762
-0.8094134624495424
-0.8804364997114269
-0.690028091174406
-0.9647016349812328
-0.546958332742201
-0.9960190016108448
-0.8306154640323096
-0.8471448571410856
-0.8019707007432599
-0.9600301872561772
-0.6692804976778286
-0.3277141637906905
-0.9637867452968971
-0.65852180625892
-0.9383363008498102
-0.8203544223082584
-0.9391883904892218
-0.5837815430927789
-0.56284598548688
-1.0
-0.5786477037702654
-0.41262890774031247
-0.8877160012064825
-0.6746302988537529
-0.659666710814631
-0.34310786717965414
0.5693909164542572
-0.9123545506537515
-0.9515419490464676
-0.6812251433245016
-0.954686336334318
-0.9595451450921032
-0.9648658187282487
-0.9896715081088078
-0.8535837802627609
-0.5656316878031071
-0.9978039456298512
-0.6323539265084759
-0.9158056711828215
0.08225581422191386
-0.8248506351672464
-0.6177981548895687
-0.4115331671332588
-0.6445934151663186
-0.5631203522110118
-0.5899716757190312
-0.9018206697879141
-0.5514036323865508
0.1913028196424893
-0.9030961534808557
0.6238685207640187
-0.9045417503072711
-0.3339357326537886
-0.8177147313586748
-0.9960580223883165
0.5397731638103611
-0.47130984805351783
-0.9401004362960949
-0.8781641054769023
-0.9616030152969023
-0.9658852554147952
-0.48203000384775685
-0.6160281344350896
-0.9585181793012809
-0.9657793151673206
-0.26466805070421684
-0.9888618152088515
-0.43373183019073935
-0.5774808507434837
-0.5285922128462328
-0.6558052854645091
-0.7822519319152981
-0.9602809236699184
-0.8356417455656553
-0.5727770660248781
-0.9351175669333998
-0.9950460831636441
0.2227706037827193
-0.16895740296661665
-0.4682158304531878
-0.28971602989207823
-0.9080322741721591
-0.5240559579285229
0.1799382589812184
-0.6006749546293793
-0.7923189159961026
-0.9715982481306429
-0.5195644210661048
-0.4708734790204927
-0.5367383641118086
-0.4151779675347951
-0.9389486907672902
-0.7132366114764842
-0.6815110828534976
-0.9184448223275911
-0.40030485655487225
-0.8103613061244457
-0.990257626684543
-0.9879402840399673
-0.9982508761210068
-0.7610367661497992
-0.9896715081088078
-0.547547797941031
-0.3090417874889927
-0.9663431895481922
-0.7559437594004822
-0.8380040033591477
-0.9040809606963406
-0.3834504963942653
-0.47067871815956486
-0.40384627606754575
-0.787083229221206
0.07617348697154225
-0.6639100647070837
-0.9717031855990502
-0.9488582930149652
-0.9834458308216947
-0.8874692107206633
-0.7756968009498989
-0.5547400748057656
-0.48286077460617804
-0.4292503536303297
-0.417714721448599
-0.7852961284805866
-0.9409008608665115
-0.857045874950746
-0.3633135138597916
-0.8441876718509933
0.03287355978025164
-0.21172322461641835
-0.8497525698398418
-0.8881507291195279
-0.9104322183343555
-0.4825447833496238
-0.6356364003548411
-0.9819489907462913
0.10350681724592947
-0.6732328818372253
-0.23988207852709953
-0.9858531957531884
-0.3842025947937402
-0.8752221029362732
0.0031522014851201874
-0.6642775373925788
-1.0
-0.8867982019818432
-0.9358299668355116
-0.47641363752582633
-0.931087492295755
-0.9960296831965143
0.16744741629217463
-0.3636555561725866
-0.30215824695159554
-0.4158481263408068
-0.8168890623088637
-0.6596612944805367
-0.6498983822242296
-0.2728820205007887
-0.99371558153446
-0.858131988507933
-0.8265100709504614
-0.9078326844963112
-0.8406961581172999
0.05414960151661807
-0.40650396288556034
-0.8952251776818357
-0.8604643155160739
-0.7219029323443513
-0.6961286275191128
-0.9641196486868839
-0.7667616382238956
-0.37614340245796407
-0.08830578813940226
-0.7863120388962135
-0.9087584442640028
-0.7016481174897249
-0.5527127581714937
-0.9657582532529875
-0.5933619326612698
0.21796463175865166
-0.9936628357689199
-0.06871172796176461
-0.9049795298337404
-0.49584000856593324
-0.488106122997504
0.11581692862609017
-0.9429488052836114
-0.9896715081088078
-0.629208442442331
-0.9654639677336864
-0.4309323576523425
-0.7577245033882165
0.11545218561599602
-0.6185711427353318
-0.8239067971209589
-0.9334727890446578
-0.9253140994634258
-0.6577609913189564
-0.7338980051036398
-0.9816769599068077
-0.2796235663896415
-0.5467414380342774
-0.43902099562373287
0.04170025010887146
-0.5345967680601043
0.14020496520993153
-0.9824075690348228
-0.9216027018013532
-0.7061581777240792
-0.6190866631246419
-0.5017788535687802
-0.8483608815860973
-0.981928795938686
-0.3847347620272421
-0.9835489837661534
-0.39916705968331767
-0.6083037665097786
-0.8063997685166641
-0.8538553117471186
-0.9506306007692407
-0.2751073146831132
-0.9617062322270915
-0.9903280718052961
-0.945697986042975
-0.7939667023993294
-0.8971759528172659
-0.9871572613129461
-0.7732848200316897
-0.8988925703979352
-0.9775131076408079
-0.690636955317067
-0.9987130509910194
-0.807265470029884
-0.484180685811077
-0.6077737791210835
-0.5052960697085593
-0.8342006046006153
-0.990878594563483
-0.868271548864708
-0.6934667760658197
-0.994571201186147
-0.9879773201759389
-0.9572263842848971
-0.9480371126508208
-0.11335266358413554
-0.737555020333867
-0.9031548889908141
0.4909290936949682
-0.9967341060445826
-0.596466744493005
-0.9866659889003219
-0.4686283786438943
-0.9529502730474485
-0.8869337713128049
-0.9903833965779677
-0.7127030839303817
-0.9053018896070635
-0.509084733328244
-0.5949471438016851
-0.9982843418877203
-0.5938935551837272
-0.8183368462883752
-0.9678039485684989
-0.5747846504173675
-0.8804067098030157
-0.5180928740503894
-0.7486094686518789
-0.8135291750122818
-0.26640020610827553
-0.7108410317543391
-0.6277984043804544
-0.909195531361055
-0.9480371126508208
1.0
0.37971853528546795
-0.47641363752582633
-0.5326001834400067
-0.5663107253883941
-0.7496274513085867
-0.7948124602448448
-0.978404331071594
-0.7664398586094623
-0.9849938782452609
-0.7629894345005823
-0.6346694017537292
0.1802592664299576
-0.5738587665863475
-0.6064321847304006
-0.5522276121663416
-0.6594002035517901
-0.932284053931804
-0.3035393468786802
-0.2770972724168197
0.16950150542463538
-0.6555302327705426
-0.915372223821032
-0.6986819671500499
-0.8656119454126197
-0.5310376031301736
-0.268634861683286
-0.09316099961512958
-0.5269736627011149
-0.8854730188902946
0.6642661568937058
-0.7372438459383137
-0.35280439603730906
-0.7253441734654487
-0.6720201343564578
-0.7237363679582007
-0.15698730375866832
-0.55236187149427
-0.48296736671824814
-0.808569067814538
-0.9559858143842078
-0.7058232278965518
0.27954403535603034
-0.979014780875739
-0.22651212690252687
-0.5761713249337526
-0.9622091998912302
-0.40733896814551196
-0.3866035161047384
0.031078496391062416
-0.5681259829810877
-0.9866659889003219
-0.2687152075294412
-0.9658852554147952
-0.8022188613105744
-0.9582935472584366
-0.878336334517627
-0.6004777632022719
-0.425288931618534
-0.013834499351381369
-0.9986196338627451
-0.9790685832220093
-0.6124074188017782
-0.9569561835957628
-0.6543059173174337
-0.9945652666893884
-0.5871498215945083
-0.9012062561772202
-0.6463576603062098
-0.9494787337953382
-0.693843254627649
-0.9407759698384588
-0.3592680095120059
-0.6639343188912371
-0.3226971207503516
-0.9106975794044267
-0.813788953458891
-0.8020653777872122
-0.6958873257425864
-0.9744111693037102
-0.9703387123507089
-0.07103565286359825
-0.9713753491275952
-0.01260934698518723
-0.6756131728771055
-0.8612378468440443
-0.4295490784934397
-0.767835697716132
-0.5845620139011023
-0.6806911013890291
-0.9905923440285063
-0.6375010271887098
0.02103711401434416
-0.7278223610474549
-0.9663810522693445
-0.5704536383926659
-0.23413693357821774
-0.9996285791361516
-0.9228738971411502
-0.26907032439278455
-0.8182565713670891
-0.40947186189148466
-0.6054428694560481
-0.9338297531286472
-0.31107288800803257
-0.6230707002426652
-0.27666598432634826
-0.587389779338118
-0.6048821572599203
-0.418867382316618
-0.3973358505150484
-0.9324455804411731
-0.6515160648412363
-0.5483872381202248
-0.6531312130835287
-0.6510408329961228
DEGREE_RANK
0.7234567901234568
-0.3086419753086419
0.5999999999999999
-0.37283950617283945
0.728395061728395
0.9654320987654321
0.837037037037037
-0.8814814814814814
0.9111111111111112
-0.19012345679012344
0.7333333333333334
-0.6790123456790123
-0.9555555555555556
0.5012345679012347
0.09629629629629632
-0.032098765432098664
0.3037037037037038
-0.36790123456790125
0.3975308641975308
-0.18518518518518512
-0.8271604938271605
0.402469135802469
-0.9160493827160494
-0.36296296296296293
-0.3037037037037036
0.10123456790123453
-0.7777777777777778
0.8419753086419752
0.9407407407407409
-0.5012345679012344
-0.02716049382716046
-0.8222222222222222
-0.022222222222222143
-0.18024691358024691
0.7382716049382716
0.74320987654321
-1.0
0.5061728395061726
0.748148148148148
0.3086419753086418
0.6049382716049383
-0.017283950617283828
-0.437037037037037
-0.012345679012345623
-0.254320987654321
-0.8518518518518519
-0.08148148148148149
-0.7234567901234568
-0.7185185185185186
-0.7728395061728395
-0.7679012345679013
0.10617283950617296
0.7530864197530864
-0.9851851851851852
0.11111111111111094
-0.8765432098765432
-0.1753086419753086
0.11604938271604937
0.6098765432098765
0.9703703703703703
0.19506172839506175
0.8469135802469137
0.19999999999999996
-0.9111111111111111
0.40740740740740744
0.6148148148148149
-0.674074074074074
-0.17037037037037028
-0.16543209876543208
0.6197530864197529
-0.3580246913580246
-0.9506172839506173
0.12098765432098757
0.8518518518518519
-0.817283950617284
0.20493827160493816
-0.7135802469135802
-0.24938271604938267
-0.16049382716049376
0.125925925925926
-0.15555555555555556
-0.6691358024691358
-0.007407407407407307
-0.5753086419753086
0.5111111111111111
-0.0024691358024691024
0.6246913580246913
-0.24444444444444446
0.8567901234567903
-0.980246913580247
0.0024691358024691024
0.6296296296296295
-0.9061728395061728
-0.945679012345679
-0.23950617283950615
0.41234567901234565
0.634567901234568
0.1308641975308642
-0.5703703703703703
0.5160493827160493
0.41728395061728407
0.2098765432098766
-0.49629629629629624
-0.762962962962963
0.8617283950617283
-0.15061728395061724
0.7580246913580246
-0.07654320987654317
0.1358024691358024
0.007407407407407307
0.2148148148148148
-0.07160493827160486
0.3135802469135802
-0.565432098765432
-0.8469135802469135
-0.5604938271604938
-0.8419753086419753
-0.3530864197530864
-0.7580246913580246
0.21975308641975322
0.1407407407407406
-0.8123456790123457
-0.14567901234567904
-0.4913580246913579
-0.6148148148148147
-0.14074074074074072
0.42222222222222205
-0.4320987654320988
0.3185185185185184
0.8666666666666667
0.32345679012345685
-0.7530864197530864
-0.1358024691358024
-0.5555555555555556
-0.4864197530864197
0.5209876543209877
-0.4271604938271605
-0.1308641975308641
0.7629629629629631
0.14567901234567904
0.4271604938271605
-0.6641975308641975
-0.6098765432098765
0.8716049382716049
-0.5506172839506173
0.15061728395061724
0.9160493827160494
-0.12592592592592589
-0.4814814814814814
-0.4765432098765432
-0.2987654320987654
0.012345679012345734
-0.9407407407407408
0.2246913580246912
0.5259259259259259
-0.4716049382716049
-0.9358024691358025
0.5308641975308641
-0.4222222222222223
-0.06666666666666665
0.6395061728395062
-0.9901234567901235
-0.8074074074074074
-0.7481481481481481
0.4320987654320987
-0.3481481481481481
-0.9753086419753086
0.9753086419753085
0.5358024691358023
0.7679012345679013
-0.4666666666666667
-0.8024691358024691
0.22962962962962963
0.4370370370370371
0.5407407407407407
-0.837037037037037
-0.3432098765432099
-0.545679012345679
-0.6592592592592592
-0.12098765432098757
0.5456790123456792
0.9456790123456789
-0.23456790123456794
-0.5407407407407407
0.01728395061728394
0.022222222222222143
-0.46172839506172836
0.4419753086419751
0.6444444444444444
0.027160493827160348
-0.5358024691358024
-0.6049382716049383
0.15555555555555545
0.032098765432098775
-0.3382716049382716
0.03703703703703698
0.9950617283950616
-0.8716049382716049
0.4469135802469135
-0.29382716049382707
-0.33333333333333337
0.6493827160493828
0.980246913580247
-0.6
-0.7432098765432098
0.7728395061728395
-0.5950617283950617
0.7777777777777777
0.5506172839506172
0.9209876543209878
-0.28888888888888886
0.16049382716049365
-0.45679012345679004
-0.8666666666666667
0.32839506172839505
0.7827160493827161
-0.8617283950617284
0.23456790123456783
0.8765432098765433
-0.11604938271604925
-0.22962962962962952
0.654320987654321
1.0
-0.654320987654321
-0.5308641975308641
0.4518518518518517
0.45679012345679015
-0.061728395061728336
0.5555555555555556
-0.45185185185185184
0.23950617283950626
-0.7086419753086419
0.041975308641975406
0.9506172839506173
0.5604938271604938
-0.5259259259259259
-0.6493827160493827
0.04691358024691339
-0.7037037037037037
-0.9308641975308641
-0.5209876543209876
0.8814814814814813
-0.6444444444444444
-0.6395061728395062
0.24444444444444424
-0.5160493827160493
-0.28395061728395055
-0.2246913580246913
-0.9703703703703703
0.16543209876543208
-0.32839506172839505
0.33333333333333326
0.6592592592592594
0.24938271604938267
-0.5111111111111111
-0.5901234567901235
0.17037037037037028
-0.9012345679012346
-0.41728395061728396
-0.7382716049382716
-0.634567901234568
0.051851851851851816
0.33827160493827146
-0.32345679012345685
0.1753086419753087
-0.6987654320987654
0.3432098765432099
-0.41234567901234553
0.7876543209876543
-0.8962962962962963
-0.6296296296296295
-0.7333333333333334
0.2543209876543209
-0.5851851851851851
0.9259259259259258
-0.05679012345679013
-0.9259259259259259
0.18024691358024691
0.7925925925925925
-0.7975308641975308
0.05679012345679002
-0.219753086419753
0.5654320987654322
-0.11111111111111105
0.06172839506172845
0.5703703703703704
0.9851851851851852
0.6641975308641974
-0.40740740740740733
-0.6246913580246913
0.6691358024691358
-0.10617283950617273
0.46172839506172836
0.5753086419753086
0.674074074074074
0.18518518518518512
0.5802469135802468
-0.6938271604938271
0.3481481481481481
-0.4469135802469135
-0.10123456790123453
0.7975308641975307
-0.27901234567901234
0.8024691358024691
0.9308641975308642
0.6790123456790125
0.2592592592592593
-0.21481481481481468
0.5851851851851853
0.2641975308641973
0.9901234567901234
0.9358024691358025
0.2691358024691357
0.46666666666666656
-0.402469135802469
0.6839506172839505
0.6888888888888889
-0.051851851851851816
0.3530864197530863
-0.20987654320987648
0.06666666666666643
0.9555555555555555
0.27407407407407414
-0.274074074074074
0.471604938271605
0.3580246913580245
0.4765432098765432
0.36296296296296293
-0.09629629629629621
-0.2691358024691358
-0.3975308641975308
0.8864197530864197
-0.20493827160493816
-0.8320987654320987
0.8913580246913579
0.36790123456790136
-0.6888888888888889
0.6938271604938271
0.5901234567901235
-0.0469135802469135
0.8962962962962964
-0.3925925925925925
0.27901234567901234
-0.19999999999999996
-0.5802469135802468
-0.9654320987654321
-0.19506172839506164
-0.09135802469135801
0.8074074074074074
0.6987654320987655
-0.8567901234567901
-0.9209876543209876
0.37283950617283956
-0.728395061728395
0.37777777777777777
-0.891358024691358
0.28395061728395077
-0.4419753086419753
0.07160493827160486
-0.3185185185185184
0.4814814814814816
-0.3876543209876543
0.382716049382716
0.28888888888888875
0.8123456790123458
-0.2641975308641975
0.5950617283950617
0.07654320987654306
-0.8864197530864197
-0.7925925925925925
-0.7876543209876543
0.3876543209876544
-0.782716049382716
0.9604938271604939
0.7037037037037035
0.08148148148148149
0.4864197530864196
-0.2592592592592592
0.7086419753086419
0.2938271604938272
-0.9604938271604938
0.08641975308641969
-0.08641975308641969
0.3925925925925926
-0.6197530864197531
0.9012345679012344
0.19012345679012355
-0.9950617283950617
-0.5061728395061729
0.8172839506172838
0.2987654320987654
0.49135802469135803
-0.382716049382716
-0.6839506172839507
0.8222222222222222
0.0913580246913579
0.9061728395061728
0.49629629629629624
0.7135802469135801
0.8271604938271606
-0.37777777777777777
-0.3135802469135801
0.7185185185185186
0.8320987654320988
-0.041975308641975184
-0.03703703703703698
EIGENVECTOR_RANK
0.8518518518518519
-0.437037037037037
0.7827160493827161
-0.36296296296296293
0.5802469135802468
0.9950617283950616
0.9407407407407409
-0.7777777777777778
0.7925925925925925
0.4518518518518517
0.5209876543209877
-0.22962962962962952
-0.18024691358024691
-0.817283950617284
0.41728395061728407
0.42222222222222205
0.3135802469135802
-0.5407407407407407
-0.8222222222222222
-0.4765432098765432
-0.6691358024691358
0.5012345679012347
-0.8617283950617284
-0.5160493827160493
0.382716049382716
-0.12592592592592589
-0.5209876543209876
-0.2691358024691358
0.9308641975308642
-0.9407407407407408
0.24444444444444424
-0.5703703703703703
0.27407407407407414
0.36790123456790136
0.4864197530864196
-0.15061728395061724
-0.980246913580247
0.7086419753086419
-0.274074074074074
0.5259259259259259
0.7975308641975307
0.7679012345679013
0.03703703703703698
0.471604938271605
-0.634567901234568
-0.36790123456790125
-0.3185185185185184
-0.49629629629629624
-0.654320987654321
-0.402469135802469
-0.21481481481481468
-0.8320987654320987
0.9012345679012344
-0.8123456790123457
-0.2987654320987654
-0.9160493827160494
0.3925925925925926
-0.19012345679012344
-0.24938271604938267
0.6641975308641974
-0.33333333333333337
-0.18518518518518512
0.5604938271604938
-0.837037037037037
0.5456790123456792
0.20493827160493816
-0.4913580246913579
0.36296296296296293
-0.545679012345679
0.4469135802469135
-0.17037037037037028
-0.8765432098765432
0.3037037037037038
0.8962962962962964
-0.10123456790123453
0.46172839506172836
-0.6049382716049383
0.33827160493827146
-0.5950617283950617
-0.23456790123456794
-0.891358024691358
-0.6987654320987654
0.6592592592592594
-0.9012345679012346
0.5506172839506172
-0.0469135802469135
-0.09135802469135801
0.2148148148148148
0.7234567901234568
-0.7580246913580246
0.2987654320987654
0.8222222222222222
-0.7530864197530864
-0.1753086419753086
-0.3037037037037036
-0.3135802469135801
0.9555555555555555
-0.674074074074074
-0.41728395061728396
-0.07654320987654317
0.5999999999999999
-0.4222222222222223
-0.3481481481481481
-0.5358024691358024
0.9358024691358025
0.19999999999999996
0.8814814814814813
-0.12098765432098757
-0.8666666666666667
0.007407407407407307
0.32345679012345685
0.37777777777777777
0.6493827160493828
-0.4864197530864197
-0.7382716049382716
0.19506172839506175
-0.9901234567901235
-0.2641975308641975
-0.20987654320987648
0.8074074074074074
0.18024691358024691
-0.7037037037037037
0.06172839506172845
-0.45185185185185184
-0.8716049382716049
0.5061728395061726
0.07160493827160486
0.12098765432098757
-0.06666666666666665
0.15555555555555545
-0.7679012345679013
0.18518518518518512
0.3530864197530863
0.21975308641975322
-0.40740740740740733
-0.4271604938271605
-0.3925925925925925
-0.6592592592592592
0.9703703703703703
-0.6839506172839507
0.032098765432098775
-0.5061728395061729
-0.5604938271604938
-0.02716049382716046
-0.4814814814814814
0.6246913580246913
0.7037037037037035
-0.23950617283950615
0.3185185185185184
0.0913580246913579
0.051851851851851816
0.41234567901234565
-0.8518518518518519
0.6098765432098765
0.837037037037037
-0.14074074074074072
-0.8074074074074074
0.11111111111111094
-0.6197530864197531
0.5753086419753086
0.8567901234567903
-0.5555555555555556
-0.041975308641975184
-0.11604938271604925
-0.28888888888888886
-0.9111111111111111
-0.7876543209876543
0.9901234567901234
0.125925925925926
0.10617283950617296
-0.29382716049382707
-0.9654320987654321
0.3876543209876544
0.9111111111111112
0.07654320987654306
-0.9753086419753086
0.402469135802469
0.10123456790123453
-0.032098765432098664
0.49135802469135803
0.16543209876543208
0.9456790123456789
0.23456790123456783
-0.3975308641975308
0.5308641975308641
0.5407407407407407
0.2641975308641973
0.027160493827160348
0.634567901234568
0.22962962962962963
-0.5012345679012344
-0.37283950617283945
0.7580246913580246
-0.10617283950617273
-0.8814814814814814
0.6938271604938271
0.9061728395061728
-0.254320987654321
0.6296296296296295
-0.017283950617283828
-0.08148148148148149
-0.16543209876543208
1.0
0.041975308641975406
-0.20493827160493816
-0.0024691358024691024
-0.7185185185185186
0.9506172839506173
0.8419753086419752
0.9851851851851852
0.1358024691358024
-0.3086419753086419
-0.5308641975308641
-0.7333333333333334
-0.32839506172839505
-0.3876543209876543
-0.051851851851851816
0.7629629629629631
0.9160493827160494
0.24938271604938267
-0.3530864197530864
-0.1358024691358024
0.16049382716049365
-0.7481481481481481
-0.6938271604938271
0.5851851851851853
0.6888888888888889
-0.08641975308641969
0.5654320987654322
-0.8864197530864197
0.46666666666666656
0.23950617283950626
0.11604938271604937
0.7382716049382716
0.5358024691358023
-0.46172839506172836
-0.9308641975308641
-0.16049382716049376
-0.6493827160493827
-0.9851851851851852
-0.382716049382716
0.6049382716049383
-0.4666666666666667
0.1407407407407406
0.728395061728395
-0.8567901234567901
-0.9259259259259259
0.15061728395061724
-0.9209876543209876
0.45679012345679015
-0.782716049382716
0.8123456790123458
0.8172839506172838
-0.03703703703703698
-0.9604938271604938
-0.4320987654320988
0.49629629629629624
-0.762962962962963
-0.9555555555555556
-0.6098765432098765
-0.219753086419753
0.5703703703703704
0.3975308641975308
-0.45679012345679004
0.4765432098765432
-0.9703703703703703
0.6197530864197529
-0.9506172839506173
0.9604938271604939
-0.7975308641975308
0.2098765432098766
0.012345679012345734
0.2592592592592593
-0.5506172839506173
-0.11111111111111105
0.022222222222222143
-0.3432098765432099
-0.7135802469135802
0.6444444444444444
-0.022222222222222143
0.7185185185185186
0.2938271604938272
0.8716049382716049
-0.05679012345679013
-0.19999999999999996
-0.19506172839506164
0.748148148148148
0.8469135802469137
-0.6
-0.2246913580246913
0.27901234567901234
-0.061728395061728336
-0.28395061728395055
0.674074074074074
-0.1308641975308641
-0.2592592592592592
-0.3382716049382716
-0.6395061728395062
-0.07160493827160486
0.2543209876543209
-0.5259259259259259
0.8320987654320988
0.17037037037037028
0.9209876543209878
0.8024691358024691
0.7333333333333334
0.6148148148148149
0.3580246913580245
0.3432098765432099
0.7777777777777777
0.9753086419753085
0.74320987654321
-0.8419753086419753
0.40740740740740744
-0.4419753086419753
0.6395061728395062
0.08148148148148149
-0.6148148148148147
0.4370370370370371
-0.6296296296296295
0.2691358024691357
0.6839506172839505
-0.6641975308641975
-0.4469135802469135
0.7530864197530864
-0.41234567901234553
0.8617283950617283
0.8913580246913579
0.0024691358024691024
-0.5753086419753086
-0.6888888888888889
-0.27901234567901234
-0.565432098765432
-0.7925925925925925
0.9654320987654321
0.3481481481481481
-0.3580246913580246
0.8271604938271606
0.5950617283950617
0.37283950617283956
-0.007407407407407307
-0.945679012345679
0.5555555555555556
0.33333333333333326
0.06666666666666643
-0.7728395061728395
0.4419753086419751
-0.5111111111111111
0.5160493827160493
0.8765432098765433
-1.0
-0.728395061728395
0.28395061728395077
-0.6790123456790123
0.654320987654321
-0.8469135802469135
0.7728395061728395
-0.32345679012345685
0.1308641975308642
-0.8962962962962963
0.01728395061728394
0.2246913580246912
0.19012345679012355
-0.24444444444444446
0.8666666666666667
0.32839506172839505
-0.37777777777777777
0.28888888888888875
-0.6246913580246913
-0.5851851851851851
-0.6444444444444444
0.6790123456790125
-0.7086419753086419
0.980246913580247
0.5111111111111111
-0.8024691358024691
0.9259259259259258
-0.5901234567901235
0.5901234567901235
0.4814814814814816
-0.9950617283950617
-0.14567901234567904
0.05679012345679002
0.4271604938271605
-0.7234567901234568
0.7876543209876543
0.7135802469135801
-0.9358024691358025
-0.9061728395061728
0.14567901234567904
-0.8271604938271605
0.3086419753086418
0.1753086419753087
-0.4716049382716049
0.6691358024691358
-0.7432098765432098
0.8864197530864197
0.04691358024691339
0.08641975308641969
0.6987654320987655
0.09629629629629632
-0.5802469135802468
-0.012345679012345623
-0.09629629629629621
-0.15555555555555556
0.4320987654320987
CENT_RANK
0.18518518518518512
0.8320987654320988
0.5456790123456792
-0.28888888888888886
-0.02716049382716046
0.8567901234567903
0.6641975308641974
-0.7530864197530864
0.7382716049382716
-0.11111111111111105
0.74320987654321
-0.41728395061728396
-0.9407407407407408
-0.2987654320987654
-0.16049382716049376
-0.33333333333333337
0.3925925925925926
-0.19506172839506164
-0.37283950617283945
0.03703703703703698
-0.7086419753086419
0.40740740740740744
-0.945679012345679
-0.254320987654321
-0.28395061728395055
-0.16543209876543208
-0.674074074074074
0.07654320987654306
0.7037037037037035
-0.6987654320987654
0.11111111111111094
-0.565432098765432
-0.23456790123456794
-0.5753086419753086
0.3037037037037038
0.36296296296296293
-1.0
0.3086419753086418
0.5999999999999999
-0.3975308641975308
0.06172839506172845
0.09629629629629632
0.6938271604938271
0.9851851851851852
-0.49629629629629624
-0.6296296296296295
0.04691358024691339
-0.6395061728395062
-0.6691358024691358
-0.7135802469135802
-0.8864197530864197
-0.3086419753086419
0.3530864197530863
-0.9654320987654321
0.18024691358024691
-0.5061728395061729
0.9061728395061728
-0.24444444444444446
0.2148148148148148
0.6049382716049383
0.16049382716049365
0.3580246913580245
0.28395061728395077
-0.4320987654320988
0.3876543209876544
0.9506172839506173
-0.437037037037037
0.9901234567901234
-0.45185185185185184
0.6987654320987655
-0.219753086419753
-0.9555555555555556
0.980246913580247
0.5209876543209877
-0.5802469135802468
-0.3580246913580246
-0.6839506172839507
-0.7382716049382716
0.5061728395061726
0.21975308641975322
-0.6641975308641975
-0.728395061728395
0.7925925925925925
-0.8716049382716049
0.5555555555555556
0.3135802469135802
0.4370370370370371
0.12098765432098757
-0.12592592592592589
-0.6790123456790123
-0.2641975308641975
0.33333333333333326
-0.5555555555555556
-0.9358024691358025
0.9604938271604939
0.8172839506172838
0.5407407407407407
0.7333333333333334
-0.4716049382716049
0.4469135802469135
0.9407407407407409
0.2543209876543209
-0.14567901234567904
-0.7728395061728395
0.4518518518518517
0.5259259259259259
0.41728395061728407
0.5950617283950617
-0.5703703703703703
-0.022222222222222143
0.041975308641975406
-0.5111111111111111
0.6296296296296295
-0.19999999999999996
-0.891358024691358
-0.8617283950617284
-0.9703703703703703
-0.08641975308641969
-0.8814814814814814
0.402469135802469
0.7185185185185186
-0.7432098765432098
-0.07654320987654317
-0.2691358024691358
-0.4469135802469135
0.6592592592592594
0.5308641975308641
0.6246913580246913
-0.14074074074074072
0.9012345679012344
0.0913580246913579
-0.7777777777777778
-0.6148148148148147
-0.8271604938271605
-0.3925925925925925
-0.12098765432098757
0.36790123456790136
0.49629629629629624
0.5703703703703704
0.5851851851851853
-0.1308641975308641
-0.5901234567901235
-0.3185185185185184
0.6790123456790125
-0.27901234567901234
0.8864197530864197
0.8123456790123458
-0.3037037037037036
-0.402469135802469
-0.4864197530864197
0.5012345679012347
0.17037037037037028
-0.817283950617284
0.9111111111111112
0.06666666666666643
0.7975308641975307
-0.8419753086419753
0.654320987654321
-0.3530864197530864
0.8716049382716049
0.08148148148148149
-0.9950617283950617
-0.382716049382716
-0.5604938271604938
0.5111111111111111
-0.5308641975308641
-0.9506172839506173
0.9308641975308642
0.674074074074074
0.728395061728395
0.5901234567901235
-0.21481481481481468
0.10123456790123453
0.15061728395061724
0.7679012345679013
-0.9209876543209876
-0.32345679012345685
-0.24938271604938267
-0.4666666666666667
-0.274074074074074
0.8962962962962964
0.6197530864197529
-0.40740740740740733
-0.32839506172839505
-0.032098765432098664
0.012345679012345734
-0.7037037037037037
-0.10123456790123453
0.6691358024691358
0.8419753086419752
-0.1358024691358024
-0.4765432098765432
0.0024691358024691024
0.37283950617283956
-0.7234567901234568
0.27901234567901234
0.9555555555555555
-0.9160493827160494
0.8518518518518519
-0.45679012345679004
0.4765432098765432
0.4814814814814816
0.9209876543209878
-0.5950617283950617
-0.8765432098765432
0.19012345679012355
-0.7185185185185186
0.5604938271604938
-0.08148148148148149
0.9160493827160494
0.2098765432098766
-0.23950617283950615
-0.545679012345679
-0.5259259259259259
0.11604938271604937
-0.051851851851851816
-0.8074074074074074
0.748148148148148
0.41234567901234565
0.5506172839506172
0.8913580246913579
0.42222222222222205
0.9259259259259258
-0.8222222222222222
-0.5160493827160493
-0.007407407407407307
0.20493827160493816
0.471604938271605
-0.29382716049382707
-0.8123456790123457
0.6493827160493828
-0.8320987654320987
0.634567901234568
0.22962962962962963
-0.18024691358024691
-0.3135802469135801
-0.6246913580246913
0.7629629629629631
-0.6888888888888889
-0.8962962962962963
-0.6
-0.15061728395061724
-0.41234567901234553
-0.8567901234567901
-0.11604938271604925
-0.4222222222222223
-0.7876543209876543
0.032098765432098775
-0.9851851851851852
-0.18518518518518512
0.4864197530864196
0.23456790123456783
0.46666666666666656
-0.2592592592592592
-0.9111111111111111
-0.3481481481481481
0.027160493827160348
-0.9308641975308641
-0.8666666666666667
-0.654320987654321
-0.6098765432098765
0.8271604938271606
-0.061728395061728336
-0.4419753086419753
0.9753086419753085
-0.9604938271604938
0.2641975308641973
-0.8518518518518519
0.5358024691358023
-0.634567901234568
-0.3876543209876543
-0.9012345679012346
-0.017283950617283828
-0.46172839506172836
0.46172839506172836
0.2691358024691357
-0.9753086419753086
0.27407407407407414
-0.22962962962962952
-0.7580246913580246
0.32345679012345685
-0.36790123456790125
0.45679012345679015
-0.06666666666666665
-0.20493827160493816
0.7876543209876543
-0.012345679012345623
0.19506172839506175
-0.4814814814814814
-0.6049382716049383
1.0
0.9703703703703703
0.5160493827160493
0.4271604938271605
0.3481481481481481
-0.07160493827160486
-0.15555555555555556
-0.7925925925925925
-0.09629629629629621
-0.837037037037037
-0.09135802469135801
0.1753086419753087
0.9456790123456789
0.32839506172839505
0.23950617283950626
0.382716049382716
0.10617283950617296
-0.5358024691358024
0.7234567901234568
0.7530864197530864
0.9358024691358025
0.125925925925926
-0.5012345679012344
0.007407407407407307
-0.3432098765432099
0.4320987654320987
0.7827160493827161
0.837037037037037
0.4419753086419751
-0.37777777777777777
0.9950617283950616
-0.05679012345679013
0.6888888888888889
-0.041975308641975184
0.07160493827160486
-0.03703703703703698
0.8222222222222222
0.37777777777777777
0.49135802469135803
-0.19012345679012344
-0.6444444444444444
-0.0024691358024691024
0.9654320987654321
-0.7975308641975308
0.8074074074074074
0.3185185185185184
-0.6938271604938271
0.6148148148148149
0.6444444444444444
0.8814814814814813
0.3432098765432099
-0.8469135802469135
0.7777777777777777
-0.7333333333333334
-0.1753086419753086
-0.6592592592592592
-0.36296296296296293
0.2592592592592593
0.5753086419753086
0.8617283950617283
-0.980246913580247
-0.8024691358024691
0.2246913580246912
-0.6493827160493827
0.1308641975308642
-0.9259259259259259
0.2938271604938272
-0.4271604938271605
0.15555555555555545
-0.6197530864197531
0.022222222222222143
-0.5851851851851851
0.6839506172839505
0.08641975308641969
0.7086419753086419
-0.4913580246913579
-0.20987654320987648
-0.17037037037037028
0.01728395061728394
-0.782716049382716
-0.762962962962963
0.8469135802469137
-0.7679012345679013
0.8666666666666667
0.05679012345679002
-0.3382716049382716
0.5654320987654322
-0.10617283950617273
0.2987654320987654
0.051851851851851816
-0.9061728395061728
0.16543209876543208
0.8765432098765433
-0.0469135802469135
-0.7481481481481481
0.33827160493827146
0.8024691358024691
-0.9901234567901235
-0.5209876543209876
0.7728395061728395
-0.2246913580246913
0.6098765432098765
0.24444444444444424
-0.5506172839506173
0.7135802469135801
0.19999999999999996
0.7580246913580246
0.28888888888888875
0.24938271604938267
0.5802469135802468
0.6395061728395062
-0.5407407407407407
0.1407407407407406
0.3975308641975308
0.1358024691358024
0.14567901234567904
RANK
36
161
387
248
350
276
116
53
265
71
166
22
12
93
257
355
175
197
254
380
271
239
114
50
118
204
83
258
115
243
267
341
156
299
231
133
223
152
229
216
351
333
297
246
369
131
103
372
370
279
7
384
121
77
343
81
194
206
49
20
186
29
336
238
76
89
26
48
80
345
259
353
330
47
269
45
236
359
132
260
289
240
203
141
361
74
33
108
31
163
92
393
212
401
307
165
213
388
224
111
55
312
44
365
149
288
191
98
178
273
199
68
124
263
66
63
357
245
11
242
182
148
39
134
270
162
319
18
281
346
75
158
255
314
375
15
183
176
142
235
51
147
13
228
3
24
144
179
123
90
253
23
177
57
211
32
278
390
70
171
366
284
113
17
329
249
234
344
367
25
14
296
241
102
128
190
140
88
135
244
9
377
187
298
300
117
208
122
295
283
262
321
215
383
323
325
184
4
109
272
286
225
331
192
313
185
368
360
256
247
19
110
46
379
374
40
154
324
27
160
363
130
41
172
306
30
214
87
311
354
404
402
405
173
358
60
381
151
301
54
0
205
287
395
226
210
58
79
352
233
251
304
392
398
101
347
266
275
277
195
62
397
356
378
34
37
85
335
280
303
91
385
340
294
52
61
35
136
193
327
305
64
16
403
119
21
218
106
221
293
315
86
318
99
104
282
274
252
227
200
201
250
328
137
150
78
164
292
73
105
126
268
96
2
219
84
207
376
138
348
399
139
170
107
38
59
391
337
181
127
112
232
400
338
230
157
125
6
188
168
143
362
322
42
69
28
364
394
120
308
169
97
8
10
217
309
396
237
174
389
342
316
285
82
155
386
334
146
95
326
261
1
317
189
371
198
5
349
373
159
382
339
145
220
180
129
56
153
209
202
222
167
310
100
302
65
196
94
332
291
264
72
43
67
320
290
