DEGREE
0.40740740740740744
0.33333333333333326
0.2592592592592593
0.2592592592592593
-0.4814814814814815
0.4814814814814814
0.4814814814814814
-0.6296296296296297
0.03703703703703698
0.40740740740740744
-0.4814814814814815
-0.5555555555555556
0.5555555555555556
-0.2592592592592593
-0.7777777777777778
0.5555555555555556
0.4814814814814814
0.5555555555555556
-0.40740740740740744
0.40740740740740744
0.40740740740740744
-0.6296296296296297
-0.33333333333333337
-0.2592592592592593
-0.18518518518518523
0.11111111111111116
-0.33333333333333337
0.03703703703703698
-0.11111111111111116
-0.5555555555555556
-0.7037037037037037
0.40740740740740744
-0.2592592592592593
0.6296296296296295
-0.2592592592592593
-0.40740740740740744
0.5555555555555556
-0.18518518518518523
-0.33333333333333337
0.6296296296296295
0.2592592592592593
0.33333333333333326
-0.8518518518518519
-0.6296296296296297
-0.11111111111111116
0.2592592592592593
0.7037037037037037
0.40740740740740744
0.2592592592592593
0.7777777777777777
0.40740740740740744
-0.9259259259259259
-0.03703703703703709
0.03703703703703698
-0.33333333333333337
0.2592592592592593
-0.33333333333333337
0.40740740740740744
0.2592592592592593
-0.33333333333333337
0.03703703703703698
-0.03703703703703709
-0.33333333333333337
0.18518518518518512
-0.8518518518518519
-0.7037037037037037
-0.03703703703703709
-0.03703703703703709
0.2592592592592593
-0.4814814814814815
-0.2592592592592593
-1.0
0.33333333333333326
-0.7037037037037037
0.7037037037037037
-0.33333333333333337
0.33333333333333326
-0.6296296296296297
-0.9259259259259259
-0.4814814814814815
0.03703703703703698
-0.7777777777777778
-0.11111111111111116
-0.7037037037037037
0.33333333333333326
-0.40740740740740744
0.11111111111111116
-0.7037037037037037
-0.7037037037037037
-0.03703703703703709
-0.03703703703703709
0.11111111111111116
0.18518518518518512
-0.6296296296296297
0.11111111111111116
-0.2592592592592593
-0.2592592592592593
0.18518518518518512
0.33333333333333326
-0.18518518518518523
-0.7037037037037037
0.2592592592592593
0.5555555555555556
0.2592592592592593
-0.33333333333333337
0.11111111111111116
-0.03703703703703709
-0.2592592592592593
0.4814814814814814
0.18518518518518512
-0.7777777777777778
-0.11111111111111116
-0.03703703703703709
-0.11111111111111116
0.18518518518518512
0.18518518518518512
-0.11111111111111116
-0.03703703703703709
0.03703703703703698
-0.7777777777777778
-0.18518518518518523
-0.18518518518518523
-0.7037037037037037
-0.5555555555555556
0.4814814814814814
0.2592592592592593
-0.2592592592592593
0.2592592592592593
0.33333333333333326
0.18518518518518512
-0.11111111111111116
-0.18518518518518523
0.40740740740740744
-0.4814814814814815
0.18518518518518512
-0.4814814814814815
0.7777777777777777
0.40740740740740744
0.33333333333333326
-0.03703703703703709
0.40740740740740744
-0.11111111111111116
-0.5555555555555556
0.11111111111111116
0.11111111111111116
0.33333333333333326
0.6296296296296295
-0.11111111111111116
-0.5555555555555556
0.7037037037037037
-0.2592592592592593
0.33333333333333326
0.9259259259259258
-0.2592592592592593
0.7037037037037037
-0.18518518518518523
0.33333333333333326
-0.03703703703703709
0.03703703703703698
0.11111111111111116
-0.8518518518518519
0.03703703703703698
-0.8518518518518519
0.03703703703703698
-0.18518518518518523
-0.03703703703703709
-0.40740740740740744
-0.7777777777777778
-0.7037037037037037
0.03703703703703698
0.5555555555555556
-0.11111111111111116
-0.6296296296296297
0.11111111111111116
0.40740740740740744
-0.03703703703703709
0.5555555555555556
0.11111111111111116
0.5555555555555556
0.6296296296296295
-1.0
-0.11111111111111116
-0.18518518518518523
-0.7037037037037037
-0.2592592592592593
-0.2592592592592593
-0.6296296296296297
-0.5555555555555556
0.2592592592592593
-0.4814814814814815
0.5555555555555556
0.7037037037037037
-0.2592592592592593
0.18518518518518512
0.4814814814814814
-0.33333333333333337
-0.11111111111111116
0.03703703703703698
0.6296296296296295
-0.4814814814814815
0.6296296296296295
1.0
0.4814814814814814
-0.4814814814814815
-0.40740740740740744
0.18518518518518512
0.40740740740740744
-0.18518518518518523
-0.2592592592592593
-0.33333333333333337
0.03703703703703698
-0.11111111111111116
-0.03703703703703709
-0.03703703703703709
-0.18518518518518523
-0.03703703703703709
EIGENVECTOR
0.2949777293638176
-0.8026394985665363
-0.6600906857525866
-0.9094111921822894
-0.7781988896080354
-0.4640437778116344
-0.763088477630031
-0.9736482658081931
-0.8332463628844489
0.5382582114578216
-0.7761450192577296
-0.9201050913101745
0.35281032631799936
-0.8039130866225759
-0.9990601773186113
0.26715296740447037
-0.7804358717078129
0.41316538980366935
-0.5913031343010772
-0.7594411173684649
-0.7667111946155168
-0.9750278656595385
-0.9674206624784031
-0.787775200072923
-0.9689346026954128
-0.8741376477206055
-0.9716464745900213
-0.5251927568269089
-0.6889306734411482
-0.9866497978659909
-0.9791580211952455
0.21196767763839808
-0.9054322033674571
0.3812181023293839
-0.9074198445975638
-0.7797033508619057
0.39910597131493986
-0.5831284303994265
-0.9050218706988593
0.49306870799828095
-0.07024284742102471
-0.814096509788066
-0.9384976750171047
-0.9736482658081931
-0.8382613454161811
0.09462603572547046
0.7040479266669353
-0.6907503535472777
-0.25411120307430657
0.709297088036152
-0.052734533835241515
-0.9819357978571498
-0.7928345216103069
-0.47663965765122673
-0.8080950911971782
-0.0702428474210246
-0.7872876871784732
-0.1909088255805137
-0.6185194887067054
-0.8992602806403588
-0.6434753759644329
-0.46476784938409677
-0.8620544723236676
-0.7159146164521935
-0.98801378054557
-0.9641406591695866
-0.7533660932571865
-0.8090985173429588
-0.8799596576615573
-0.897254412134528
-0.9054322033674571
-1.0
0.25877070327098384
-0.9908308223660225
0.26055945936244496
-0.9392106260963716
-0.09087815628024587
-0.9454931532443838
-0.9935755459502098
-0.9853689911844346
-0.37216927584454096
-0.9705493418975976
-0.7270417787116272
-0.9816396192000189
-0.2276169524968057
-0.9541052020674161
-0.8085930058949626
-0.949910286617353
-0.9686514341905749
-0.7930231413708921
-0.9196074667835491
-0.8870215625483431
-0.07411005176247965
-0.9947606144162425
-0.23263197586172346
-0.7640444300490981
-0.6344578546942579
-0.47881927346688624
-0.7952272212745094
-0.97086991684011
-0.9950125662988814
-0.0702428474210246
0.3636277232267846
-0.6246369017885667
-0.9806791790805406
-0.8444398594002374
-0.7928345216103069
-0.9393315416344825
-0.6627258168748879
-0.5465792636854586
-0.9804801663260644
-0.8736480207708109
-0.8699151170271451
-0.9249225051108987
-0.42849090247897403
-0.2168667788920252
-0.595562516448469
-0.8846661325601075
-0.8480416598598172
-0.9018819686030125
-0.5004185108119171
-0.9300081707053055
-0.9250682677712763
-0.9461308868406585
-0.6273529023277844
0.17713758594088946
-0.7601250065875252
-0.33191770322242375
-0.07584991665027963
-0.4678696205573257
-0.8880642233400858
-0.5004185108119171
0.32220575117282513
-0.9853689911844346
0.024218373146666305
-0.9563895259013367
0.8025298287991378
-0.8173938783849045
-0.7530862059589829
-0.8521773062777077
0.3433265011808413
-0.9136612593199284
-0.9866497978659909
-0.14576470480526182
-0.8285170824676504
-0.5024186679472081
0.475910180419308
-0.6566764132266625
-0.8430767000631516
0.743662361609523
-0.6297161568870613
0.3263278660707041
0.9284232679536504
-0.9389113602860026
0.7206807371721087
-0.5538611789442165
-0.2908774610007139
-0.4867772549463458
-0.5553068801290939
-0.17955833859286285
-0.9425924224369685
-0.3734932472660568
-0.9989039893117617
-0.5791601539423008
-0.8728829305334286
-0.7248911669793342
-0.7771575385289521
-0.997247732664092
-0.9981702377350921
-0.8619273931347157
0.4470256721141057
-0.9196615607118084
-0.9266229180525224
-0.6844486595532296
0.5562566832264186
-0.7539851736161833
0.3622221407272703
-0.8102242852190126
0.4785739540056382
0.3643567019537133
-0.9917688696734526
-0.9584332528258247
-0.890083665672416
-0.9420677810303415
-0.8498184008895436
-0.964211089127265
-0.9941226267153619
-0.9201050913101745
0.11617378572328207
-0.98806609824362
0.3218519779739262
0.5179321685957898
-0.9016087641082517
-0.4703939936471999
0.287610852459554
-0.8710925499206268
-0.855537289143982
-0.7922726454797505
0.1041850165001934
-0.9818444280862907
0.609153891461621
1.0
0.37403575147869916
-0.9172879306115179
-0.9357296667685778
-0.8647272378229329
0.17247232751979236
-0.9276912488173469
-0.8622451828563873
-0.9770331770333454
-0.8450790354113953
-0.46905489172662285
-0.6363859231575404
-0.7928345216103069
-0.8957073073133334
-0.49993124650738996
CENT
-0.41225818308251927
-0.7158098075154609
0.13417757828915344
-0.17828934163096632
-0.9610235631413141
0.24635171167178527
-0.20387574064979364
-0.9967095144386223
-0.6946522032699104
-0.6706779290983857
-0.9865095404314821
-0.9127973550569745
-0.09887539370494747
-0.8172029350564185
-0.9995232192242296
-0.00833046393921355
-0.5834705143546802
0.4892053132076355
-0.8068110327054305
-0.37538951975232426
-0.47993426706704956
-0.9982934535681899
-0.9301157764754722
-0.20442544204166602
-0.7697218435509527
-0.576808677390496
-0.8365717339253536
-0.2841676161404231
-0.7294367710943728
-0.9306767111014576
-0.9995296724368379
-0.6115661543890616
-0.7002924017264749
0.37465123906145337
-0.9485829113003994
-0.6650268296563041
-0.4688950794304334
-0.7180946164140595
-0.9499809406078842
-0.5204405296437045
-0.6582050360681658
-0.6127496879007331
-0.9865546625253278
-0.9967095144386223
0.0119191200717772
-0.2868351617685583
0.18522295317050452
-0.7151075202106925
0.012059280435656294
-0.2722860567473623
-0.51561576897099
-0.9386016085543327
-0.8634729316301278
-0.5565965584237067
-0.8366058057409852
-0.6582050360681658
0.040613941449066715
0.1315538040726052
-0.6311468809041119
-0.9860459804487665
-0.6136220714366504
-0.6456451566626448
-0.5718626308824625
-0.6613568884752856
-0.8886812724319896
-0.9738968736961149
-0.8068972125218901
-0.4013891813679732
-0.5796847951839714
-0.9478604231102953
-0.7002924017264749
-0.994167622244947
-0.38014411049576
-0.9662985306597762
0.9250198246975838
-0.6966995224012982
-0.009921815772932496
-0.7682802487490832
-0.9320684034901956
-0.9597952507692868
-0.6792603047884954
-0.9938861269662832
-0.818920520064415
-0.9558115400612195
-0.03915831184461882
-0.6155123844747961
-0.7012857377070519
-0.9931074678330533
-0.747158731612033
-0.4160740470287727
-0.7597041014806778
-0.7456272802267492
-0.5919592644604357
-0.9966211432182775
-0.7241519692052679
-0.8861962493706388
-0.3602961214745719
0.7067998728158165
-0.5455888171687766
-0.8380557407951901
-0.9958711904929239
-0.6582050360681658
-0.14879565489569702
-0.06884884549545922
-0.9507729855596091
-0.7255613176846926
-0.8634729316301278
-0.9603255830607098
-0.21183769000066544
1.0
-0.7872600590484532
-0.9527594722595629
-0.8446333003570958
-0.6180790632892048
-0.10521817290533009
-0.2732300631657374
-0.4844318667703059
-0.706002693480424
0.04538153009597545
-0.9994188684495265
-0.404815663348157
-0.8624433968975567
-1.0
-0.835656811658955
0.08840562551260156
-0.6162219566627763
-0.6188278763277839
0.4100467599624862
-0.20082323573951222
0.7017342026072517
-0.8937887714554944
-0.404815663348157
-0.42126400744473524
-0.9597952507692868
0.35708694229140736
-0.9625001864969663
-0.23477536155288625
-0.7397344509913868
-0.5633658219511553
-0.6329844723822813
-0.2328608529885724
-0.8953791953484049
-0.9306767111014576
-0.8018644381367623
-0.7978214952877283
0.29328605278148934
-0.2750356646031571
-0.5808265850309093
-0.9569463094139481
0.044225132247623034
-0.3681440351606481
-0.04682439799479754
0.10965626906812953
-0.9106759034756867
-0.40736684288170666
-0.3701148421665674
0.45808872037027104
-0.7468098238808469
-0.47586569640590903
-0.1333761038437109
-0.987306207100921
-0.4164782100919453
-0.5983537560392238
-0.6873102691638665
-0.6935816676742046
-0.5544527628113679
-0.7419409427490564
-0.9986105342868689
-0.9625179385373843
-0.8738684712347641
-0.42463932730076137
-0.8183212647238951
-0.9394560867455433
-0.5463438820183488
-0.7324992435956362
0.1455198987120443
-0.5180978601792287
-0.8121594856622739
-0.6304755808424667
0.42631393882890967
-0.9991902489109007
-0.6741243360694069
-0.8857401357182836
-0.9517676669848485
-0.501969377006223
-0.4776136883464783
-0.9478651751737744
-0.9127973550569745
-0.5369106871826279
-0.9798840235101045
0.508629336088072
-0.34077575822077
-0.9119784836779993
-0.3129682196818975
0.15738183283657659
-0.47428072071039096
-0.909594300439785
-0.5698740400020957
0.08800696167945476
-0.9668156326169436
-0.5549543193482815
0.3437422929813634
0.013700819711904844
-0.8994091212372416
-0.7241965093069418
-0.6087465682634384
-0.25543489884265136
-0.40744323896239776
-0.39358566053441957
-0.9425028209500783
-0.19985413912855632
-0.4517874595632311
-0.4577576774097353
-0.8634729316301278
-0.8266736625854937
-0.019983832550606206
DEGREE_RANK
0.6000000000000001
0.4976744186046511
0.3767441860465115
0.3860465116279068
-0.6651162790697673
0.7209302325581397
0.7302325581395348
-0.786046511627907
0.07906976744186034
0.6093023255813954
-0.655813953488372
-0.7209302325581395
0.786046511627907
-0.43255813953488376
-0.9255813953488372
0.7953488372093023
0.7395348837209301
0.8046511627906976
-0.5813953488372092
0.6186046511627907
0.627906976744186
-0.7767441860465116
-0.5348837209302326
-0.4232558139534883
-0.2930232558139536
0.19069767441860463
-0.5255813953488372
0.08837209302325566
-0.19069767441860475
-0.7116279069767442
-0.8790697674418605
0.6372093023255814
-0.4139534883720931
0.8697674418604653
-0.4046511627906977
-0.5720930232558139
0.8139534883720931
-0.2837209302325582
-0.5162790697674418
0.8790697674418604
0.39534883720930236
0.5069767441860464
-0.9627906976744186
-0.7674418604651163
-0.1813953488372093
0.4046511627906977
0.9255813953488372
0.6465116279069767
0.413953488372093
0.972093023255814
0.655813953488372
-0.9813953488372094
-0.06976744186046513
0.0976744186046512
-0.5069767441860464
0.4232558139534883
-0.4976744186046511
0.6651162790697676
0.43255813953488365
-0.4883720930232559
0.10697674418604652
-0.06046511627906981
-0.4790697674418605
0.28372093023255807
-0.9534883720930233
-0.8697674418604651
-0.051162790697674376
-0.041860465116279166
0.44186046511627897
-0.6465116279069767
-0.39534883720930225
-1.0
0.516279069767442
-0.8604651162790697
0.9348837209302325
-0.46976744186046504
0.5255813953488371
-0.7581395348837209
-0.9720930232558139
-0.6372093023255814
0.11627906976744184
-0.9162790697674419
-0.172093023255814
-0.8511627906976744
0.5348837209302324
-0.5627906976744186
0.19999999999999996
-0.8418604651162791
-0.8325581395348837
-0.032558139534883734
-0.023255813953488413
0.2093023255813955
0.2930232558139534
-0.7488372093023256
0.21860465116279082
-0.38604651162790704
-0.3767441860465116
0.30232558139534893
0.5441860465116279
-0.27441860465116275
-0.8232558139534883
0.4511627906976745
0.8232558139534885
0.46046511627906983
-0.46046511627906983
0.22790697674418592
-0.013953488372093092
-0.3674418604651164
0.7488372093023257
0.31162790697674425
-0.9069767441860466
-0.16279069767441867
-0.0046511627906976605
-0.15348837209302324
0.32093023255813957
0.3302325581395349
-0.14418604651162792
0.0046511627906977715
0.12558139534883717
-0.8976744186046511
-0.26511627906976754
-0.2558139534883721
-0.813953488372093
-0.7023255813953488
0.758139534883721
0.46976744186046515
-0.35813953488372097
0.4790697674418605
0.5534883720930233
0.3395348837209302
-0.1348837209302326
-0.24651162790697678
0.6744186046511627
-0.627906976744186
0.34883720930232553
-0.6186046511627907
0.9813953488372091
0.683720930232558
0.5627906976744186
0.013953488372093092
0.6930232558139535
-0.12558139534883717
-0.6930232558139535
0.23720930232558124
0.24651162790697678
0.5720930232558141
0.8883720930232557
-0.11627906976744196
-0.6837209302325582
0.9441860465116279
-0.34883720930232553
0.5813953488372092
0.9906976744186047
-0.3395348837209303
0.9534883720930232
-0.23720930232558146
0.5906976744186045
0.02325581395348819
0.1348837209302325
0.2558139534883721
-0.9441860465116279
0.1441860465116278
-0.9348837209302325
0.15348837209302335
-0.22790697674418603
0.032558139534883734
-0.5534883720930233
-0.8883720930232558
-0.8046511627906977
0.16279069767441867
0.8325581395348836
-0.10697674418604652
-0.7395348837209301
0.2651162790697674
0.7023255813953488
0.041860465116279055
0.8418604651162791
0.27441860465116275
0.8511627906976744
0.8976744186046512
-0.9906976744186047
-0.0976744186046512
-0.2186046511627907
-0.7953488372093023
-0.3302325581395349
-0.32093023255813957
-0.7302325581395348
-0.6744186046511628
0.4883720930232558
-0.6093023255813954
0.8604651162790697
0.9627906976744187
-0.31162790697674425
0.35813953488372086
0.7674418604651163
-0.4511627906976744
-0.08837209302325588
0.17209302325581377
0.9069767441860466
-0.6
0.9162790697674419
1.0
0.7767441860465116
-0.5906976744186045
-0.5441860465116279
0.3674418604651164
0.7116279069767442
-0.2093023255813954
-0.3023255813953488
-0.4418604651162792
0.1813953488372093
-0.07906976744186045
0.051162790697674376
0.06046511627906992
-0.19999999999999996
0.06976744186046524
EIGENVECTOR_RANK
0.7488372093023257
-0.06976744186046513
0.19999999999999996
-0.4511627906976744
0.032558139534883734
0.46046511627906983
0.07906976744186034
-0.7674418604651163
-0.15348837209302324
0.9162790697674419
0.051162790697674376
-0.5069767441860464
0.7953488372093023
-0.07906976744186045
-0.9906976744186047
0.7302325581395348
0.013953488372093092
0.8604651162790697
0.2930232558139534
0.0976744186046512
0.06046511627906992
-0.7767441860465116
-0.7023255813953488
-0.0046511627906976605
-0.7209302325581395
-0.31162790697674425
-0.7488372093023256
0.34883720930232553
0.17209302325581377
-0.8697674418604651
-0.7953488372093023
0.7023255813953488
-0.4232558139534883
0.8418604651162791
-0.4418604651162792
0.02325581395348819
0.8511627906976744
0.30232558139534893
-0.4139534883720931
0.8976744186046512
0.6093023255813954
-0.12558139534883717
-0.5720930232558139
-0.7581395348837209
-0.16279069767441867
0.655813953488372
0.9441860465116279
0.16279069767441867
0.516279069767442
0.9534883720930232
0.6372093023255814
-0.8418604651162791
-0.023255813953488413
0.413953488372093
-0.08837209302325588
0.627906976744186
0.0046511627906977715
0.5534883720930233
0.27441860465116275
-0.38604651162790704
0.21860465116279082
0.4511627906976745
-0.24651162790697678
0.15348837209302335
-0.8883720930232558
-0.6837209302325582
0.11627906976744184
-0.10697674418604652
-0.32093023255813957
-0.3767441860465116
-0.43255813953488376
-1.0
0.7116279069767442
-0.9069767441860466
0.7209302325581397
-0.5906976744186045
0.5813953488372092
-0.627906976744186
-0.9255813953488372
-0.8604651162790697
0.4883720930232558
-0.7302325581395348
0.1348837209302325
-0.8232558139534883
0.5348837209302324
-0.655813953488372
-0.0976744186046512
-0.6465116279069767
-0.7116279069767442
-0.051162790697674376
-0.4790697674418605
-0.3395348837209303
0.6000000000000001
-0.9441860465116279
0.5255813953488371
0.06976744186046524
0.23720930232558124
0.4046511627906977
-0.06046511627906981
-0.7395348837209301
-0.9534883720930233
0.6186046511627907
0.8139534883720931
0.2651162790697674
-0.813953488372093
-0.1813953488372093
-0.032558139534883734
-0.6
0.19069767441860463
0.3395348837209302
-0.8046511627906977
-0.3023255813953488
-0.27441860465116275
-0.5162790697674418
0.46976744186046515
0.5441860465116279
0.28372093023255807
-0.3302325581395349
-0.19999999999999996
-0.4046511627906977
0.3674418604651164
-0.5534883720930233
-0.5255813953488372
-0.6372093023255814
0.2558139534883721
0.6930232558139535
0.08837209302325566
0.4976744186046511
0.5906976744186045
0.44186046511627897
-0.34883720930232553
0.3767441860465115
0.7674418604651163
-0.8511627906976744
0.6465116279069767
-0.6651162790697673
0.9813953488372091
-0.1348837209302326
0.12558139534883717
-0.2186046511627907
0.786046511627907
-0.46046511627906983
-0.8790697674418605
0.5720930232558141
-0.14418604651162792
0.35813953488372086
0.8790697674418604
0.2093023255813955
-0.172093023255814
0.972093023255814
0.24651162790697678
0.7767441860465116
0.9906976744186047
-0.5813953488372092
0.9627906976744187
0.3302325581395349
0.5069767441860464
0.39534883720930236
0.32093023255813957
0.5627906976744186
-0.6186046511627907
0.4790697674418605
-0.9813953488372094
0.31162790697674425
-0.2930232558139536
0.1441860465116278
0.041860465116279055
-0.9627906976744186
-0.9720930232558139
-0.23720930232558146
0.8697674418604653
-0.4883720930232559
-0.5348837209302326
0.1813953488372093
0.9255813953488372
0.10697674418604652
0.8046511627906976
-0.11627906976744196
0.8883720930232557
0.8232558139534885
-0.9162790697674419
-0.6744186046511628
-0.35813953488372097
-0.6093023255813954
-0.2093023255813954
-0.6930232558139535
-0.9348837209302325
-0.4976744186046511
0.6744186046511627
-0.8976744186046511
0.758139534883721
0.9069767441860466
-0.39534883720930225
0.4232558139534883
0.7395348837209301
-0.2837209302325582
-0.22790697674418603
-0.013953488372093092
0.6651162790697676
-0.8325581395348837
0.9348837209302325
1.0
0.8325581395348836
-0.46976744186046504
-0.5627906976744186
-0.26511627906976754
0.683720930232558
-0.5441860465116279
-0.2558139534883721
-0.786046511627907
-0.19069767441860475
0.43255813953488365
0.22790697674418592
-0.041860465116279166
-0.3674418604651164
0.3860465116279068
CENT_RANK
0.39534883720930236
-0.172093023255814
0.8418604651162791
0.6465116279069767
-0.7767441860465116
0.8790697674418604
0.6186046511627907
-0.9348837209302325
-0.10697674418604652
-0.06046511627906981
-0.8511627906976744
-0.5906976744186045
0.683720930232558
-0.3674418604651164
-0.9813953488372094
0.7395348837209301
0.12558139534883717
0.9534883720930232
-0.3395348837209303
0.46976744186046515
0.2930232558139534
-0.9441860465116279
-0.6
0.6093023255813954
-0.3023255813953488
0.15348837209302335
-0.4139534883720931
0.5348837209302324
-0.2186046511627907
-0.6186046511627907
-0.9906976744186047
0.08837209302325566
-0.1348837209302326
0.9162790697674419
-0.6837209302325582
-0.051162790697674376
0.3302325581395349
-0.1813953488372093
-0.6930232558139535
0.24651162790697678
-0.032558139534883734
0.07906976744186034
-0.8604651162790697
-0.9255813953488372
0.7488372093023257
0.5255813953488371
0.8697674418604653
-0.16279069767441867
0.758139534883721
0.5627906976744186
0.2651162790697674
-0.6372093023255814
-0.4790697674418605
0.19069767441860463
-0.4232558139534883
-0.023255813953488413
0.7767441860465116
0.8325581395348836
0.013953488372093092
-0.8418604651162791
0.06976744186046524
-0.0046511627906976605
0.16279069767441867
-0.041860465116279166
-0.5162790697674418
-0.8232558139534883
-0.34883720930232553
0.44186046511627897
0.1441860465116278
-0.6651162790697673
-0.12558139534883717
-0.8976744186046511
0.46046511627906983
-0.8046511627906977
0.9906976744186047
-0.11627906976744196
0.7302325581395348
-0.2930232558139536
-0.627906976744186
-0.7581395348837209
-0.07906976744186045
-0.8883720930232558
-0.38604651162790704
-0.7302325581395348
0.7116279069767442
0.06046511627906992
-0.14418604651162792
-0.8790697674418605
-0.27441860465116275
0.3860465116279068
-0.2837209302325582
-0.2558139534883721
0.11627906976744184
-0.9162790697674419
-0.19069767441860475
-0.5069767441860464
0.4976744186046511
0.9813953488372091
0.22790697674418592
-0.43255813953488376
-0.9069767441860466
-0.013953488372093092
0.655813953488372
0.6930232558139535
-0.7023255813953488
-0.2093023255813954
-0.46976744186046504
-0.7674418604651163
0.6000000000000001
1.0
-0.31162790697674425
-0.7209302325581395
-0.4418604651162792
0.041860465116279055
0.6744186046511627
0.5534883720930233
0.28372093023255807
-0.15348837209302324
0.7953488372093023
-0.9720930232558139
0.4232558139534883
-0.4511627906976744
-1.0
-0.4046511627906977
0.8139534883720931
0.051162790697674376
0.032558139534883734
0.9255813953488372
0.627906976744186
0.972093023255814
-0.5255813953488372
0.43255813953488365
0.3674418604651164
-0.7488372093023256
0.9069767441860466
-0.786046511627907
0.5813953488372092
-0.23720930232558146
0.1813953488372093
0.0046511627906977715
0.5906976744186045
-0.5348837209302326
-0.6093023255813954
-0.3302325581395349
-0.32093023255813957
0.8883720930232557
0.5441860465116279
0.1348837209302325
-0.7395348837209301
0.786046511627907
0.4883720930232558
0.7023255813953488
0.8232558139534885
-0.5627906976744186
0.413953488372093
0.4790697674418605
0.9441860465116279
-0.26511627906976754
0.31162790697674425
0.6651162790697676
-0.8697674418604651
0.3767441860465115
0.10697674418604652
-0.08837209302325588
-0.0976744186046512
0.2093023255813955
-0.24651162790697678
-0.9534883720930233
-0.7953488372093023
-0.4883720930232559
0.35813953488372086
-0.3767441860465116
-0.6465116279069767
0.21860465116279082
-0.22790697674418603
0.8511627906976744
0.2558139534883721
-0.35813953488372097
0.02325581395348819
0.9348837209302325
-0.9627906976744186
-0.06976744186046513
-0.4976744186046511
-0.7116279069767442
0.27441860465116275
0.30232558139534893
-0.6744186046511628
-0.5813953488372092
0.23720930232558124
-0.8325581395348837
0.9627906976744187
0.5069767441860464
-0.5720930232558139
0.516279069767442
0.8604651162790697
0.32093023255813957
-0.5534883720930233
0.17209302325581377
0.8046511627906976
-0.813953488372093
0.19999999999999996
0.8976744186046512
0.7674418604651163
-0.5441860465116279
-0.19999999999999996
0.0976744186046512
0.5720930232558141
0.4046511627906977
0.4511627906976745
-0.655813953488372
0.6372093023255814
0.34883720930232553
0.3395348837209302
-0.46046511627906983
-0.39534883720930225
0.7209302325581397
RANK
122
30
14
119
180
167
21
7
43
93
100
71
81
87
160
42
10
59
189
65
199
73
168
135
4
107
79
133
148
83
111
183
104
38
34
186
69
209
172
51
78
29
142
22
11
187
192
153
196
203
141
130
64
95
182
169
52
106
213
121
112
99
54
26
123
214
82
171
13
177
66
18
143
144
110
24
77
90
88
157
91
166
137
174
28
105
204
94
37
1
47
117
86
32
70
75
8
164
163
80
181
9
35
63
40
55
101
61
139
58
178
126
113
125
85
60
41
31
205
162
92
16
147
68
25
62
197
138
53
200
165
173
98
188
39
176
50
184
116
20
185
158
195
36
212
211
170
132
161
89
0
207
154
120
131
67
208
72
19
155
150
96
191
193
45
27
146
115
49
206
136
140
108
23
6
128
210
3
102
159
114
12
103
151
84
215
76
15
44
48
202
56
149
118
198
124
152
57
2
175
194
46
5
145
201
134
33
127
179
156
17
190
129
97
74
109
