DEGREE
-0.06666666666666665
-0.19999999999999996
-0.33333333333333337
-0.4666666666666667
-0.4666666666666667
-0.7333333333333334
-0.19999999999999996
-0.7333333333333334
1.0
0.06666666666666665
-0.19999999999999996
0.06666666666666665
-0.19999999999999996
-0.19999999999999996
0.46666666666666656
0.06666666666666665
-0.33333333333333337
-0.06666666666666665
0.06666666666666665
-0.33333333333333337
-0.33333333333333337
-0.06666666666666665
-0.19999999999999996
-0.19999999999999996
-0.33333333333333337
0.19999999999999996
-0.33333333333333337
-0.19999999999999996
-0.06666666666666665
-0.7333333333333334
-0.33333333333333337
-0.06666666666666665
0.33333333333333326
-0.19999999999999996
0.19999999999999996
-0.4666666666666667
0.06666666666666665
0.06666666666666665
-0.4666666666666667
-0.06666666666666665
-0.06666666666666665
0.33333333333333326
0.33333333333333326
0.19999999999999996
-0.8666666666666667
0.19999999999999996
0.19999999999999996
0.33333333333333326
0.19999999999999996
-0.06666666666666665
-0.33333333333333337
-0.33333333333333337
0.46666666666666656
0.33333333333333326
0.19999999999999996
-1.0
0.19999999999999996
-0.33333333333333337
0.19999999999999996
0.06666666666666665
-0.19999999999999996
0.33333333333333326
-0.06666666666666665
-0.8666666666666667
-0.19999999999999996
0.33333333333333326
-0.33333333333333337
-0.19999999999999996
-0.06666666666666665
-0.06666666666666665
-0.19999999999999996
0.6000000000000001
-0.33333333333333337
0.33333333333333326
0.19999999999999996
0.46666666666666656
0.46666666666666656
0.19999999999999996
-0.33333333333333337
0.06666666666666665
-0.19999999999999996
-0.8666666666666667
-0.7333333333333334
-0.06666666666666665
-0.6
0.33333333333333326
-0.33333333333333337
0.33333333333333326
-0.06666666666666665
0.6000000000000001
0.46666666666666656
0.06666666666666665
0.19999999999999996
0.19999999999999996
0.06666666666666665
-0.33333333333333337
-0.4666666666666667
0.06666666666666665
-0.6
0.33333333333333326
0.06666666666666665
-0.19999999999999996
1.0
0.06666666666666665
0.19999999999999996
0.33333333333333326
0.19999999999999996
0.19999999999999996
-0.6
-0.06666666666666665
0.7333333333333334
-0.6
-0.33333333333333337
-0.19999999999999996
0.19999999999999996
-0.19999999999999996
-0.6
0.33333333333333326
0.06666666666666665
0.19999999999999996
-0.06666666666666665
0.19999999999999996
-0.6
-0.4666666666666667
-0.06666666666666665
-0.33333333333333337
0.06666666666666665
-0.4666666666666667
-0.06666666666666665
0.06666666666666665
-0.33333333333333337
0.06666666666666665
0.06666666666666665
-0.33333333333333337
0.33333333333333326
-0.06666666666666665
0.33333333333333326
0.06666666666666665
-0.19999999999999996
-0.33333333333333337
-0.19999999999999996
-0.19999999999999996
-0.33333333333333337
-0.06666666666666665
-0.4666666666666667
0.33333333333333326
-1.0
-0.19999999999999996
0.7333333333333334
-0.06666666666666665
-0.19999999999999996
0.46666666666666656
0.33333333333333326
-0.4666666666666667
-0.4666666666666667
0.33333333333333326
0.19999999999999996
EIGENVECTOR
-0.5596329692665944
-0.18058012322070605
-0.9664427634416277
-0.977806931730346
-0.9289160167560411
-0.9696342805810453
-0.9441074617501009
-0.9991913102028414
0.9999999999999971
-0.05644949432157276
-0.9722443088479203
-0.991492726284354
-0.9376819012384872
-0.9389918294060204
0.14730630366620368
-0.8537397678995768
-0.9408076115577162
-0.9540480824862599
-0.9922203927228719
-0.8220690528380296
-0.974184208897358
-0.9923523380011183
-0.5931608579783854
-0.9424983850719839
-0.6219188466982317
-0.9178770476706227
-0.977379687225089
-0.9942755136721294
-0.9270777915308104
-0.9865041822548914
-0.9948996290600564
-0.9937494465170716
-0.9095407053139313
-0.9991945187599387
-0.9107903964791318
-0.9788627669882164
-0.9365915452261706
-0.9224670633737904
-0.9293048791579239
-0.9914827979984111
-0.9949110318907471
-0.9126665224624982
-0.9538361786375769
0.11936530461445383
-0.9983742362561376
-0.9831362445232276
-0.9479175162743484
-0.9907298223298778
-0.9479175162743483
-0.16214567257621082
-0.9437691224265394
-0.9948006227467172
-0.9864975890033645
-0.8765238934127106
0.40539666132416663
-0.9485939473566012
-0.9233690619190081
-0.9938989918292206
-0.9618735561506913
-0.9945771087166512
-0.8339404556203504
0.09042370517766263
-0.998751888172002
-0.9892771413955221
-0.97808538896923
-0.9883050160611151
-0.9997804151708171
-0.9892538817239537
-0.13441803528373186
-0.9955201343117261
-0.9827545321514111
0.6743467228185838
-0.9997804151708168
-0.9865490863538534
-0.9182992732100282
-0.9057425833447281
-0.905368433981357
-0.949297179981726
-0.6463338970834882
-0.9924022485690702
-0.4843620755090293
-0.9919480768440773
-0.9127270018756899
-0.6086929604021967
-0.9561697875426834
-0.9126665224624981
-0.9703641414769266
-0.919800565886381
-0.9935260024706851
-0.9025731619626294
0.7292460284070756
-0.8942002527541247
0.009929690237066024
-0.9909737957759335
-0.8584706407051539
-0.9971472685922026
-0.8345769838023627
-0.9668369006569667
-0.998672379694421
0.5914190073314831
-0.897709230124684
-0.91745688855167
1.0
-0.9739956243975841
-0.9178770476706228
-0.9246825192815187
0.5456899706133196
-0.7330107643984843
-0.911398030386397
-0.9987518881720023
-0.9214991840169697
-0.9849317190453182
-0.945717431299657
-0.9783132972118103
-0.923369061919008
-0.22408391466838706
-0.7582157122347173
-0.9538361786375769
-0.9298343760048098
-0.9313730667791671
-0.6532231270654354
-0.9259818554001393
-0.9961303561561267
-0.891206242049887
-0.9989445268629222
-0.9773009897155558
-0.9920706462278941
-0.9936259128528745
-0.6055586240523594
-0.9979825979034784
-0.8900316983133417
-0.9920089483029723
-0.9817260051525963
-0.6485660115846045
0.47763460768623944
-0.9935537860290538
-0.9883946444846793
-0.8827687933901563
-0.8995012317333965
-0.9437691224265392
-0.9770595152963967
-0.757100820544592
-0.9997804151708171
-0.9762099989980334
-0.978829351253355
-0.9559296274858773
-1.0
-0.9732754303735773
0.7143783182171946
0.22184060353041013
-0.3963619481112862
0.6538694323021015
-0.9927912331719204
-0.954068091593246
-0.9808972508100932
-0.8751959586992814
-0.9920323639970169
CENT
-0.29607751444974595
-0.4527124406180759
-0.5073858139935066
-1.0
-0.937127466372975
-0.9031270753913981
-0.6215253578394221
-1.0
-0.13235833097683425
-0.48921462123554815
-0.9962846268946411
-0.9108914982544943
-0.9962642066170687
-0.9914959255811794
0.9861161472093478
-0.8424235440078283
-0.8571322334286622
-0.7482127557723319
-0.9806556371931772
0.012456444782871001
-0.9906626284629239
-0.8225270096680877
0.08755103320286439
0.47853906679586533
-0.7943565225226266
-0.9693021273425824
-0.5420693992464013
-0.9821184679063659
-0.9869232390447482
-1.0
-0.9833824593940221
-0.16690021318933312
-0.8023363332599939
-0.9199701778179208
-0.33593148055445743
-0.854658026221106
-0.4058095231091394
-0.7820524396463782
-0.8793110538526776
-0.5805257636721511
-0.9005850901072404
-0.9410641985856277
-0.8882664442593287
-0.3744320075912444
-0.961177435189743
-0.09097012685187611
-0.7424181275728359
-0.8315630142657405
-0.7424181275728359
-0.19154366570019898
-0.36939743763792066
-0.9836970826673674
-0.728774213323093
-0.8482104612326421
-0.6548271228757374
-0.891261361103874
-0.7759694934275798
-0.6891355012929186
-0.9104893139835485
-0.8047978618939348
0.7306310578780688
0.12380698654369215
-0.9060517527328062
-1.0
-0.2757705596015855
-0.7670542723673832
-1.0
-0.8906831435902597
-0.752601881991704
-0.7401285458043373
-0.7840854950895512
-0.508613261653609
-1.0
-0.7092691922549799
-0.9531996775371634
-0.5474796677229383
-0.8160465505207068
-0.7746069801865938
-0.7027668248179902
-0.9601574345387365
-0.7716182348423855
-0.5391308589895429
-0.35561353070775703
-0.18346337614781483
-0.8728749296094838
-0.9410641985856277
0.006952299872525991
-0.2671016957264619
-0.9910884113749351
-0.5618074294941195
-0.11142549834932258
-0.23972670178466837
-0.2539496821649342
-0.6838975928485047
-0.780250280085101
-0.9857892772150753
-0.7205865653443634
-0.9883871719322188
-0.9929001719439304
-0.7770084212274951
0.5458629256002827
-0.9493551459105434
-0.13235833097683425
1.0
-0.9693021273425824
-0.8689120243133837
-0.983491720522857
-0.5263080340717805
-0.9532080447451146
-0.9060517527328062
-0.6421244994649854
-0.9097451739101509
-0.9926281651144441
-0.34617408726537946
-0.7759694934275798
-0.47508379776683507
-0.615510766388486
-0.8882664442593287
-0.8397834969871298
-0.885954188190091
0.3137117509738909
-0.9344780324422249
-0.9135010179937949
-0.7317465771612286
-0.9347979131889638
-0.9991569850180909
-0.880322456260199
-0.828440417918059
-0.5986560377935856
-0.8270138031864792
-0.008446822351420913
-0.8259697866187972
-0.2859525289008916
-0.6478402248057638
-0.6492496654451544
-0.9769892383205109
-0.7131523072791699
-0.031627734547393316
-0.7689235292171043
-0.36939743763792066
-0.5598494873861359
-0.764694538689396
-1.0
-0.32723868869682227
-0.7539550308607497
-0.968478347974024
-1.0
-0.9958208145856134
-0.11495406322977864
-0.8719929669666074
-0.3605412086136457
-0.7672895170450604
-0.7997629614772844
-0.9994027386125086
-0.7250781135113306
-0.8512922438205903
-0.847797095713044
DEGREE_RANK
-0.1282051282051282
-0.41025641025641024
-0.6794871794871795
-0.8076923076923077
-0.7948717948717948
-0.9358974358974359
-0.39743589743589747
-0.9230769230769231
0.9871794871794872
0.1282051282051282
-0.3846153846153847
0.14102564102564097
-0.3717948717948718
-0.35897435897435903
0.858974358974359
0.15384615384615374
-0.6666666666666667
-0.11538461538461531
0.16666666666666652
-0.6538461538461539
-0.641025641025641
-0.10256410256410253
-0.34615384615384615
-0.33333333333333337
-0.6282051282051282
0.3717948717948718
-0.6153846153846154
-0.3205128205128206
-0.08974358974358976
-0.9102564102564102
-0.6025641025641025
-0.07692307692307687
0.6282051282051282
-0.3076923076923077
0.3846153846153846
-0.782051282051282
0.17948717948717952
0.1923076923076923
-0.7692307692307692
-0.0641025641025641
-0.05128205128205132
0.6410256410256412
0.653846153846154
0.39743589743589736
-0.9743589743589743
0.41025641025641013
0.4230769230769229
0.6666666666666667
0.4358974358974359
-0.038461538461538436
-0.5897435897435896
-0.5769230769230769
0.8717948717948718
0.6794871794871795
0.4487179487179487
-1.0
0.46153846153846145
-0.5641025641025641
0.47435897435897423
0.20512820512820507
-0.29487179487179493
0.6923076923076923
-0.02564102564102566
-0.9615384615384616
-0.28205128205128205
0.7051282051282053
-0.5512820512820513
-0.2692307692307693
-0.012820512820512775
0.0
-0.2564102564102564
0.9358974358974359
-0.5384615384615384
0.7179487179487181
0.487179487179487
0.8846153846153846
0.8974358974358974
0.5000000000000002
-0.5256410256410257
0.21794871794871784
-0.2435897435897435
-0.9487179487179487
-0.8974358974358975
0.012820512820512775
-0.8846153846153846
0.7307692307692308
-0.5128205128205128
0.7435897435897436
0.02564102564102555
0.9487179487179487
0.9102564102564104
0.23076923076923062
0.512820512820513
0.5256410256410258
0.2435897435897436
-0.5
-0.7564102564102564
0.2564102564102564
-0.8717948717948718
0.7564102564102564
0.26923076923076916
-0.23076923076923073
1.0
0.28205128205128194
0.5384615384615385
0.7692307692307694
0.5512820512820513
0.5641025641025641
-0.858974358974359
0.03846153846153855
0.9615384615384615
-0.8461538461538461
-0.4871794871794872
-0.21794871794871795
0.5769230769230771
-0.20512820512820507
-0.8333333333333334
0.7820512820512822
0.2948717948717947
0.5897435897435899
0.05128205128205132
0.6025641025641026
-0.8205128205128205
-0.7435897435897436
0.0641025641025641
-0.47435897435897434
0.3076923076923077
-0.7307692307692308
0.07692307692307687
0.3205128205128205
-0.46153846153846156
0.33333333333333326
0.34615384615384603
-0.4487179487179487
0.7948717948717949
0.08974358974358965
0.8076923076923077
0.3589743589743588
-0.1923076923076923
-0.4358974358974359
-0.1794871794871794
-0.16666666666666663
-0.42307692307692313
0.10256410256410264
-0.717948717948718
0.8205128205128205
-0.9871794871794872
-0.15384615384615385
0.9743589743589745
0.11538461538461542
-0.14102564102564097
0.9230769230769231
0.8333333333333335
-0.7051282051282051
-0.6923076923076923
0.8461538461538463
0.6153846153846154
EIGENVECTOR_RANK
0.7179487179487181
0.7692307692307694
-0.16666666666666663
-0.3205128205128206
0.14102564102564097
-0.1923076923076923
0.0
-0.9358974358974359
0.9871794871794872
0.8076923076923077
-0.21794871794871795
-0.5769230769230769
0.07692307692307687
0.0641025641025641
0.858974358974359
0.5384615384615385
0.05128205128205132
-0.10256410256410253
-0.641025641025641
0.5769230769230771
-0.2564102564102564
-0.6538461538461539
0.7051282051282053
0.03846153846153855
0.6666666666666667
0.26923076923076916
-0.3076923076923077
-0.7564102564102564
0.15384615384615374
-0.46153846153846156
-0.7948717948717948
-0.7307692307692308
0.3717948717948718
-0.9487179487179487
0.3589743589743588
-0.3717948717948718
0.08974358974358965
0.21794871794871784
0.1282051282051282
-0.5641025641025641
-0.8076923076923077
0.3205128205128205
-0.08974358974358976
0.8461538461538463
-0.8717948717948718
-0.42307692307692313
-0.038461538461538436
-0.5384615384615384
-0.02564102564102566
0.7820512820512822
0.012820512820512775
-0.782051282051282
-0.4487179487179487
0.5000000000000002
0.8846153846153846
-0.05128205128205132
0.20512820512820507
-0.7435897435897436
-0.15384615384615385
-0.7692307692307692
0.5641025641025641
0.8333333333333335
-0.8974358974358975
-0.5256410256410257
-0.33333333333333337
-0.4871794871794872
-0.9871794871794872
-0.5128205128205128
0.7948717948717949
-0.8205128205128205
-0.41025641025641024
0.9487179487179487
-0.9743589743589743
-0.47435897435897434
0.2564102564102564
0.3846153846153846
0.39743589743589736
-0.0641025641025641
0.653846153846154
-0.6666666666666667
0.7307692307692308
-0.5897435897435896
0.3076923076923077
0.6794871794871795
-0.14102564102564097
0.33333333333333326
-0.20512820512820507
0.2435897435897436
-0.6923076923076923
0.41025641025641013
0.9743589743589745
0.4487179487179487
0.8205128205128205
-0.5512820512820513
0.5256410256410258
-0.8461538461538461
0.5512820512820513
-0.1794871794871794
-0.8846153846153846
0.9230769230769231
0.4358974358974359
0.2948717948717947
1.0
-0.2435897435897435
0.28205128205128194
0.17948717948717952
0.9102564102564104
0.6153846153846154
0.34615384615384603
-0.9102564102564102
0.23076923076923062
-0.4358974358974359
-0.012820512820512775
-0.34615384615384615
0.1923076923076923
0.7564102564102564
0.5897435897435899
-0.07692307692307687
0.11538461538461542
0.10256410256410264
0.6282051282051282
0.16666666666666652
-0.8333333333333334
0.46153846153846145
-0.9230769230769231
-0.29487179487179493
-0.6282051282051282
-0.717948717948718
0.6923076923076923
-0.858974358974359
0.47435897435897423
-0.6025641025641025
-0.39743589743589747
0.6410256410256412
0.8974358974358974
-0.7051282051282051
-0.5
0.487179487179487
0.4230769230769229
0.02564102564102555
-0.28205128205128205
0.6025641025641026
-0.9615384615384616
-0.2692307692307693
-0.35897435897435903
-0.1282051282051282
-1.0
-0.23076923076923073
0.9615384615384615
0.8717948717948718
0.7435897435897436
0.9358974358974359
-0.6794871794871795
-0.11538461538461531
-0.3846153846153847
0.512820512820513
-0.6153846153846154
CENT_RANK
0.6794871794871795
0.5512820512820513
0.512820512820513
-1.0
-0.5256410256410257
-0.39743589743589747
0.3717948717948718
-0.9871794871794872
0.7948717948717949
0.5256410256410258
-0.8717948717948718
-0.46153846153846156
-0.858974358974359
-0.8076923076923077
0.9871794871794872
-0.1794871794871794
-0.2435897435897435
0.15384615384615374
-0.6794871794871795
0.8974358974358974
-0.782051282051282
-0.10256410256410253
0.9102564102564104
0.9487179487179487
-0.038461538461538436
-0.6538461538461539
0.46153846153846145
-0.6923076923076923
-0.7564102564102564
-0.9743589743589743
-0.7051282051282051
0.7820512820512822
-0.0641025641025641
-0.4871794871794872
0.653846153846154
-0.23076923076923073
0.5641025641025641
-0.012820512820512775
-0.29487179487179493
0.41025641025641013
-0.3846153846153847
-0.5512820512820513
-0.34615384615384615
0.5769230769230771
-0.6153846153846154
0.8461538461538463
0.16666666666666652
-0.15384615384615385
0.17948717948717952
0.7564102564102564
0.5897435897435899
-0.7307692307692308
0.21794871794871784
-0.20512820512820507
0.3205128205128205
-0.3717948717948718
0.02564102564102555
0.2948717948717947
-0.4487179487179487
-0.07692307692307687
0.9743589743589745
0.9230769230769231
-0.42307692307692313
-0.9615384615384616
0.7051282051282053
0.10256410256410264
-0.9487179487179487
-0.35897435897435903
0.14102564102564097
0.1923076923076923
-0.02564102564102566
0.5000000000000002
-0.9358974358974359
0.26923076923076916
-0.5769230769230769
0.4487179487179487
-0.08974358974358976
0.05128205128205132
0.28205128205128194
-0.6025641025641025
0.0641025641025641
0.47435897435897423
0.6282051282051282
0.7692307692307694
-0.28205128205128205
-0.5384615384615384
0.8846153846153846
0.7179487179487181
-0.7948717948717948
0.4230769230769229
0.8333333333333335
0.7435897435897436
0.7307692307692308
0.3076923076923077
0.0
-0.7435897435897436
0.2435897435897436
-0.7692307692307692
-0.8333333333333334
0.012820512820512775
0.9615384615384615
-0.5641025641025641
0.8076923076923077
1.0
-0.641025641025641
-0.2564102564102564
-0.717948717948718
0.487179487179487
-0.5897435897435896
-0.41025641025641024
0.3589743589743588
-0.4358974358974359
-0.8205128205128205
0.6410256410256412
0.03846153846153855
0.5384615384615385
0.3846153846153846
-0.33333333333333337
-0.16666666666666663
-0.3205128205128206
0.9358974358974359
-0.5
-0.47435897435897434
0.20512820512820507
-0.5128205128205128
-0.8846153846153846
-0.3076923076923077
-0.14102564102564097
0.39743589743589736
-0.1282051282051282
0.8717948717948718
-0.11538461538461531
0.6923076923076923
0.34615384615384603
0.33333333333333326
-0.6666666666666667
0.2564102564102564
0.858974358974359
0.07692307692307687
0.6025641025641026
0.4358974358974359
0.11538461538461542
-0.9230769230769231
0.6666666666666667
0.1282051282051282
-0.6282051282051282
-0.9102564102564102
-0.8461538461538461
0.8205128205128205
-0.2692307692307693
0.6153846153846154
0.08974358974358965
-0.05128205128205132
-0.8974358974358975
0.23076923076923062
-0.21794871794871795
-0.1923076923076923
RANK
3
7
29
63
66
72
142
146
153
125
10
12
147
98
112
13
88
20
97
28
95
51
106
30
27
18
135
25
104
145
44
79
108
74
101
41
85
4
124
121
33
122
11
58
111
62
109
5
40
55
67
42
117
119
126
38
84
149
105
16
35
155
53
156
15
118
47
127
129
131
21
76
59
32
152
24
70
37
94
99
56
114
77
80
138
151
65
141
144
68
17
46
48
69
123
52
154
96
136
73
78
57
93
54
134
133
110
6
116
128
39
89
140
75
26
81
107
71
2
9
115
1
36
43
50
139
150
82
113
34
143
0
132
64
87
92
91
49
83
31
8
102
148
90
45
137
130
86
19
22
61
120
23
100
60
14
103
