DEGREE
0.44999999999999996
-0.55
0.55
0.19999999999999996
0.1499999999999999
-0.19999999999999996
-0.4
0.19999999999999996
0.19999999999999996
0.55
0.19999999999999996
0.25
-0.65
0.19999999999999996
-0.050000000000000044
0.6000000000000001
0.3500000000000001
-0.35
0.7
0.30000000000000004
0.050000000000000044
0.30000000000000004
0.1499999999999999
0.30000000000000004
0.7
-0.19999999999999996
0.6000000000000001
0.30000000000000004
0.050000000000000044
0.7
0.10000000000000009
0.050000000000000044
0.0
0.19999999999999996
0.75
-0.35
0.050000000000000044
0.6499999999999999
-0.19999999999999996
0.10000000000000009
0.30000000000000004
0.3500000000000001
-0.09999999999999998
0.1499999999999999
1.0
-0.25
0.0
0.6499999999999999
0.30000000000000004
0.10000000000000009
0.30000000000000004
0.55
0.10000000000000009
0.30000000000000004
0.1499999999999999
0.30000000000000004
0.25
0.30000000000000004
0.0
0.25
0.30000000000000004
-0.15000000000000002
0.95
-0.19999999999999996
-0.15000000000000002
0.3500000000000001
0.5
0.8500000000000001
0.10000000000000009
-0.19999999999999996
-0.19999999999999996
0.3500000000000001
0.3500000000000001
0.050000000000000044
0.30000000000000004
0.19999999999999996
0.10000000000000009
0.3500000000000001
0.3500000000000001
0.5
0.75
0.8500000000000001
0.10000000000000009
0.44999999999999996
0.30000000000000004
-0.4
0.5
0.3999999999999999
0.25
0.7
0.050000000000000044
0.0
0.25
-0.25
-0.09999999999999998
0.55
-0.19999999999999996
0.19999999999999996
-0.44999999999999996
0.10000000000000009
0.19999999999999996
0.1499999999999999
0.55
0.25
0.30000000000000004
-0.30000000000000004
-0.35
-0.35
-0.25
-0.15000000000000002
0.30000000000000004
0.1499999999999999
-0.30000000000000004
0.30000000000000004
-0.09999999999999998
0.8999999999999999
0.19999999999999996
-0.09999999999999998
-0.25
-0.65
0.3999999999999999
-0.050000000000000044
0.19999999999999996
-0.4
-0.050000000000000044
-0.25
0.6000000000000001
-0.19999999999999996
0.25
0.10000000000000009
0.5
0.1499999999999999
-0.25
0.25
0.10000000000000009
0.75
0.050000000000000044
0.1499999999999999
-0.35
0.6499999999999999
0.10000000000000009
0.3500000000000001
0.3999999999999999
-0.35
0.30000000000000004
0.5
0.1499999999999999
0.55
0.30000000000000004
-0.44999999999999996
0.25
0.050000000000000044
-0.25
-0.19999999999999996
-1.0
-0.050000000000000044
0.6499999999999999
0.44999999999999996
0.10000000000000009
-0.35
0.050000000000000044
-0.050000000000000044
0.30000000000000004
-0.19999999999999996
-0.050000000000000044
0.19999999999999996
-0.050000000000000044
-0.25
0.3500000000000001
0.3999999999999999
0.6000000000000001
-0.15000000000000002
-0.55
0.6000000000000001
-0.050000000000000044
-0.050000000000000044
-0.050000000000000044
0.19999999999999996
0.1499999999999999
0.050000000000000044
-0.050000000000000044
0.10000000000000009
0.3500000000000001
-0.44999999999999996
-0.44999999999999996
0.6000000000000001
0.55
-0.050000000000000044
-0.15000000000000002
-0.25
0.44999999999999996
-0.25
0.44999999999999996
0.55
0.44999999999999996
-0.09999999999999998
0.3999999999999999
0.6499999999999999
0.5
0.75
0.30000000000000004
0.19999999999999996
0.3999999999999999
0.30000000000000004
0.95
0.6499999999999999
0.8999999999999999
-0.44999999999999996
0.8500000000000001
0.1499999999999999
0.19999999999999996
0.19999999999999996
-0.09999999999999998
-0.15000000000000002
0.25
0.050000000000000044
0.8
0.6499999999999999
0.25
0.25
-0.15000000000000002
-0.25
0.75
0.30000000000000004
-0.4
-0.19999999999999996
0.44999999999999996
0.050000000000000044
-0.19999999999999996
0.30000000000000004
-0.9
0.6000000000000001
-0.09999999999999998
0.19999999999999996
-0.050000000000000044
-0.19999999999999996
-0.35
-0.5
0.1499999999999999
-0.35
0.050000000000000044
-0.050000000000000044
-0.15000000000000002
0.10000000000000009
0.19999999999999996
0.5
0.3500000000000001
0.10000000000000009
-0.55
0.25
-0.09999999999999998
-0.050000000000000044
0.19999999999999996
0.6499999999999999
0.3500000000000001
0.0
0.050000000000000044
0.6499999999999999
0.050000000000000044
0.1499999999999999
-0.15000000000000002
0.30000000000000004
0.3999999999999999
-0.19999999999999996
0.3999999999999999
0.050000000000000044
0.0
-0.09999999999999998
-0.30000000000000004
0.050000000000000044
0.3999999999999999
0.10000000000000009
-0.35
0.5
-0.65
0.30000000000000004
0.95
0.55
0.7
-0.050000000000000044
0.1499999999999999
0.0
0.44999999999999996
0.5
0.95
-0.44999999999999996
0.3500000000000001
0.10000000000000009
0.19999999999999996
0.0
0.10000000000000009
-0.35
0.5
0.30000000000000004
0.25
-0.09999999999999998
-0.25
0.8999999999999999
0.0
0.3999999999999999
-0.09999999999999998
0.19999999999999996
0.6499999999999999
0.75
0.10000000000000009
-0.050000000000000044
0.25
0.7
0.1499999999999999
0.19999999999999996
0.3500000000000001
0.30000000000000004
-0.15000000000000002
-0.25
0.6000000000000001
-0.09999999999999998
0.55
0.25
0.44999999999999996
-0.050000000000000044
0.75
-0.15000000000000002
-0.25
0.30000000000000004
0.3500000000000001
0.3999999999999999
0.19999999999999996
-0.7
0.1499999999999999
0.3999999999999999
-0.4
0.25
0.6000000000000001
0.0
0.25
-0.55
0.3500000000000001
0.19999999999999996
0.050000000000000044
0.19999999999999996
-0.35
0.44999999999999996
0.8999999999999999
-0.19999999999999996
-0.44999999999999996
0.1499999999999999
0.10000000000000009
0.1499999999999999
0.050000000000000044
0.44999999999999996
-0.5
0.3999999999999999
-0.09999999999999998
-0.65
0.30000000000000004
0.25
0.8999999999999999
0.050000000000000044
0.3500000000000001
0.30000000000000004
0.30000000000000004
1.0
0.19999999999999996
0.19999999999999996
0.6000000000000001
0.050000000000000044
0.75
0.19999999999999996
0.10000000000000009
-0.15000000000000002
0.10000000000000009
0.7
0.19999999999999996
0.55
-0.050000000000000044
0.3500000000000001
0.8
-0.09999999999999998
0.6499999999999999
-0.5
-0.15000000000000002
0.6499999999999999
0.1499999999999999
-0.35
0.25
0.44999999999999996
0.30000000000000004
-0.4
0.3999999999999999
0.19999999999999996
0.75
0.44999999999999996
0.75
0.050000000000000044
-0.19999999999999996
0.75
-0.30000000000000004
0.44999999999999996
0.050000000000000044
0.19999999999999996
-0.55
0.30000000000000004
-0.050000000000000044
0.1499999999999999
0.8
0.6499999999999999
-0.050000000000000044
0.8
-0.09999999999999998
0.5
0.10000000000000009
-0.09999999999999998
0.1499999999999999
0.19999999999999996
0.55
0.25
0.1499999999999999
-0.35
-0.050000000000000044
0.7
0.44999999999999996
-0.7
0.19999999999999996
0.25
0.30000000000000004
0.30000000000000004
0.19999999999999996
0.1499999999999999
-0.19999999999999996
0.44999999999999996
0.30000000000000004
EIGENVECTOR
-0.08917700735422662
-0.9290406362536602
0.016677347108789542
-0.1147395894411416
-0.7357396708967079
-0.9745347737795677
-0.9001097323939454
-0.4164287386222101
-0.9005889152331694
0.5271066190205791
-0.9521214177491337
-0.798969346653858
-0.9585914488869666
-0.4495789086420565
-0.9335017351993636
-0.7828949289978264
-0.18685854728918316
-0.9933028698962189
0.1565745048926519
-0.973158039377628
-0.8253376578857903
-0.09421364850386804
-0.3504894377326
-0.09796887911687213
0.2186504648188965
-0.9469954766439949
0.26158838010750474
-0.2188245351166127
-0.729843912943687
0.2169628421223746
-0.6594297144098407
-0.4752261332160187
-0.8371334099788023
-0.5015389690000921
0.5448960485657344
-0.9874367945155476
-0.9732528307258931
0.18723339490966184
-0.8947326619524278
-0.5445713507317502
-0.043541140514072096
-0.8892421242453085
-0.9858343250726543
-0.5741587013362952
1.0
-0.944184801439122
-0.9011654319970891
-0.7831450929485948
-0.9642514197786652
-0.3329200573320843
-0.8682431895376549
-0.7449402404670687
-0.5141177136340946
-0.5951279026291096
-0.9822751812895235
-0.005605594714355178
-0.4021424575928746
-0.15616540147593383
-0.9704349839725279
-0.10676220298402583
-0.2641889108457388
-0.9045550306184758
0.5158522018582101
-0.9562267835539295
-0.9167397428906241
-0.7629845574657907
0.2518726314140727
0.8268283501299343
-0.5815857806724334
-0.951366319435615
-0.9498012292730139
-0.805351413097826
-0.4458494659576776
-0.7681358583667668
-0.22847458525077613
-0.7303095578662036
-0.8482887565655567
-0.862032999017928
0.4115354792100778
0.20521430551774267
0.6392503334688524
-0.752328351511384
-0.2163284004775251
0.24845838881989102
-0.793874510314786
-0.9914973045849381
-0.7782332417599229
-0.45818932587951644
-0.29535701374906453
0.12600645002280864
-0.6339583515176073
-0.2883757263170037
-0.44174664384213735
-0.992270969139792
-0.7822521475674403
0.011712809578401817
-0.9430667796059212
-0.9763454576597925
-0.9803512141733192
-0.9489022233264022
-0.8690376064228863
-0.9538669475477984
0.36425800521470486
-0.8880042169174254
-0.774913657932778
-0.9252348099610318
-0.9923094597113017
-0.9149510088121303
-0.9885963961159925
-0.9798121450639663
-0.06149932790596424
-0.9508136527855502
-0.8065121671409685
-0.9627825759376365
-0.8697118783300726
0.8441065081464241
0.14387823212047834
-0.7744926262639207
-0.9413544422144202
-0.99290384894814
-0.09389802292256566
-0.8893111167405073
-0.21241970413529632
-0.7099340409885989
-0.9382449576633871
-0.5261968338319085
0.04860050569048613
-0.8295322366903571
-0.15178758592605957
-0.7384677440897618
-0.17944800744969924
-0.857504448926489
-0.6189699393438577
-0.2861685313378213
-0.5723453037092905
0.5471747475473474
-0.5240257446336531
-0.5108347167600731
-0.9928095837989551
0.06572710106051227
-0.7614124508387503
-0.7810367339430767
-0.6504224546823051
-0.6660515540395079
-0.2875411217212618
0.2518726314140727
-0.9232491197269995
0.31661273461594086
-0.015078356527886139
-0.96606705695568
-0.2714962151626684
-0.886684976840509
-0.9863149521666141
-0.7073992224944246
-1.0
-0.7188725690340549
0.22520340515233772
0.05536096858202333
-0.43057614178956694
-0.9862842041035047
-0.4376722223378
-0.5555059703426384
-0.9731580393776281
-0.9402668441713682
-0.979907963849988
-0.8573046631759575
-0.9263149181907064
-0.845617903729385
-0.7519877086867028
-0.13744112834329614
0.1167761232993152
-0.9356270048258314
-0.9859315100660089
0.6030923107159731
-0.975091720911911
-0.7787439288388139
-0.970486257567966
-0.47787475524524625
-0.9723728982274088
-0.9165649097449746
-0.9808442679946497
-0.9209832412924849
-0.3329288532531506
-0.9922318934591849
-0.8102736513344467
0.19091607037923874
0.459939688496817
-0.9188072706823533
-0.9866820506361552
-0.9738963102866874
-0.0616291063129456
-0.9327462465862228
-0.7762972960711885
0.5271066190205786
0.1433796704503585
-0.6542313191100004
-0.44300943889813293
0.20129414195019368
0.13528556362613386
0.35115291837472373
-0.22472944118556637
-0.7682570072146739
-0.9740475077930557
-0.926369611868289
0.9698690608533693
0.3036996983900262
0.4840426495118122
-0.8738087286560856
0.4308771389396411
-0.6623361306528297
-0.5573063376313239
-0.9545547473430431
-0.9294767648012442
-0.8568281963028064
-0.7076089413765366
-0.49602989421132493
-0.76371493403433
0.18877304322768307
-0.9749468048075403
-0.8676871137842642
-0.9845569334016793
-0.8692487987330618
0.24663875696947457
-0.8693653648641622
-0.9263700579744476
-0.9869656807980367
-0.04233803298115346
-0.9228718083813592
-0.9024970428470204
-0.756285247396743
-0.99160891174458
0.07982811682356394
-0.986439717551245
-0.9789856999509946
-0.9211780177993358
-0.9310504469982925
-0.9669863200408408
-0.971505001320311
-0.9723728982274088
-0.6842045682637972
-0.967599011982127
-0.9782870880861446
-0.9543140294843043
-0.214060114214499
-0.4022163405996001
0.034072594430458514
0.017170428925886716
-0.880772176210797
-0.9917064345330763
-0.9632039452631223
-0.9378190699858268
-0.7198386074392004
-0.9457500948212849
0.2235909939617795
0.2252653998760541
-0.8764313032452689
-0.5607175641934656
0.01947214740187042
-0.8657046624488836
-0.49690893890222254
-0.6991224053598596
-0.700638159335861
-0.8336204977730213
-0.9566171532540133
0.2601647853371958
-0.8801981951866069
-0.9865931235272374
-0.9034289271761714
-0.9090100067688643
-0.9759775833324343
-0.7902681864014593
-0.5366107621928575
-0.9909973797948932
0.3190336018424571
-0.9824092062447937
-0.9404558098733566
0.5021655345376617
0.39810573002627736
0.36213436896242857
-0.7647834827332872
-0.9462997449862963
-0.9178779261354579
0.1433796704503587
0.48439984985848783
0.923281312956374
-0.9214125696615769
-0.03731692240832629
-0.8476062297758703
0.10819834270929851
-0.8766428049326295
-0.8137015503209347
-0.8626595545702814
0.41899830180284714
-0.9432855459476421
-0.8597912312135142
-0.9656910488788699
-0.990176796098026
0.4015008952748156
-0.9733496485979248
-0.7482287041992011
-0.9858343250726543
-0.8749154794736361
0.4646651449176169
0.5893013497864656
-0.8718226269101546
-0.6419509176183646
-0.4267195420319192
0.4218538313820075
-0.8920157726348876
-0.07603669437588612
-0.9190975834053279
-0.9310623113010379
-0.9356270048258314
-0.6745238125332929
0.48590914454555745
-0.8757426908054368
0.517102257157523
-0.8838807379079865
0.23651165330866886
-0.8803032108402686
0.03375121157586025
-0.9798121450639664
-0.9901767960980261
-0.4472013211459497
-0.8221671612526509
-0.13074059806768845
-0.19575386873074585
-0.9707569634595637
-0.9142211230118407
-0.9726224140134248
-0.9550465258796035
-0.4638810825266415
0.6030923107159731
-0.8911470957178087
-0.8620800263034226
-0.9925596919473495
-0.970593148952179
-0.8878273755417825
-0.8561139411458346
-0.8510003190380488
-0.9682696868228977
-0.8255290351471313
0.48907342937181
-0.9767955797034752
-0.9927361916947166
-0.748633682676199
-0.4485401161662236
-0.7774747869671075
-0.9192780249776172
-0.893408725510817
-0.9891794522889072
0.06542747751082789
-0.515443519257281
-0.9563667534636066
-0.26645358838578326
-0.958368004973523
0.7790073909449038
-0.9514472942876813
-0.2902318777339977
-0.7006381593358612
-0.9432855459476421
0.9119367201273134
-0.6429141676005193
-0.8869142632175239
0.22485149016989237
-0.7642180790856917
0.21811427530801897
-0.8793904769754801
-0.7324430789951601
-0.7405027815754472
-0.5792848129840693
0.6695679890661972
-0.5809716848793373
0.21092816547220639
-0.98634570560982
-0.9597076896710733
0.8268271508009606
-0.9273933076465427
0.1560018572664148
-0.9256764356926569
-0.9858070783443417
0.5801727847702913
-0.5654430627016656
-0.993302869896219
-0.37374772548054647
-0.7646514827951649
-0.7951902249995091
-0.9923326147674544
-0.1515341493486091
-0.8895650391808616
0.03375121157586114
0.30063076529128074
0.705519012331939
-0.7630955240926379
-0.9849629891411632
0.3737620160713313
-0.9898893911462623
-0.7825972198585103
-0.9228718083813592
-0.8709465843390666
-0.9451586927489813
-0.9627825759376365
-0.9458895629525736
-0.38742046623654014
0.20133780064135487
0.24266711390799722
-0.5442221535917268
0.4255729643500561
-0.9109395694180364
-0.8522477066357119
-0.6275612974980591
-0.9864397175512449
-0.3469820928632851
-0.4286998959015341
0.5653913786624518
0.1331679003785773
-0.5654430627016657
-0.9916421815182519
-0.917260987961661
0.7260723625913983
-0.9734071652896226
-0.9691749700782786
-0.7351668111175298
-0.13182156287295654
-0.8719523549119306
-0.9531605525987921
-0.8143403071384403
-0.6631922013148546
-0.7073992224944246
-0.8207564394210559
-0.8787420812644751
CENT
-0.8756742634319267
-0.9506605616993273
-0.7008554458771903
0.7070977719153417
-0.41006163064671675
-0.6055909547015523
-0.8371167194496579
-0.5568914252219974
-0.6943285287257077
-0.6937623315514385
-0.7952921717297583
-0.7360395968841126
-0.9974679567781403
-0.12363418817934213
-0.927585935612797
-0.7391355508421755
-0.8573668652171922
-0.9130185877145066
-0.632100562786875
-0.9403181263912769
-0.4429624664400095
-0.9565554729045308
-0.9433400947041356
-0.8884394108376705
-0.03458798655617579
-0.947061833926379
-0.515200804565868
-0.3851654031316123
-0.8791192583346868
-0.6996364176519559
-0.7794546791332981
-0.9257491806547147
-0.769842248999004
0.2694966965815031
-0.7348439410438982
-0.9822056737337223
-0.8095379577055266
-0.7281881551219995
-0.9255885075619668
-0.622491115926973
-0.8474353876570174
-0.5269773179644349
-0.9464811958474324
0.23538760824780902
-0.2531227792765024
-0.9637826722113716
-0.9213788993935297
-0.6442045110171983
-0.8354829093594078
-0.23397250660504965
-0.39231251280890556
-0.2475284923202683
-0.9248838952693156
-0.4912794237790211
-0.9899571995296306
-0.6341594357757598
1.0
-0.11426466506766031
-0.8004379657317447
-0.4093154074402765
-0.8690516246838988
-0.8845840134035304
-0.5350320002993358
-0.9672683218877992
-0.5356774350234861
0.16746185967333882
-0.6509511882782473
-0.2455408093227126
-0.5604160833081129
-0.7193440359451897
-0.977509151909619
-0.6995444662918999
-0.5695030414363536
-0.42570927074365483
-0.728262408130913
-0.2963060315534318
-0.4709600939394635
-0.6250013697727496
-0.7178545032925091
-0.31680138725199913
-0.17584053622181006
-0.2185711799423664
-0.8132559414879372
-0.5140752245953719
-0.6601992187267431
-0.9993834799840041
-0.3511044649426127
-0.13033666582327874
-0.7666674924560565
-0.5230170923784523
-0.6113060591187126
-0.7532475140017437
-0.3663586059042413
-0.9478564564000598
-0.7392194095866751
0.36614046099445985
-0.9802554884128721
-0.9670547392556661
-0.9677923249000526
-0.7984494911801104
-0.897713556468945
-0.8390948377544982
-0.18351893562302057
-0.6963446221212732
-0.6387018731976126
-0.9449946665071853
-0.9183019047025585
-0.9504566061750258
-0.8768115139429487
-0.9498129398184275
-0.34515560328964434
-0.2057528361764076
-0.9812684945869418
-0.9185116447285663
-0.886662498264266
-0.47681069567067336
-0.5756315832248653
-0.9538770188306956
-0.9787010198463945
-0.9945863830264601
-0.529902028048562
-0.7527918658431425
-0.10316498281847086
-0.9870373771496246
-0.9228731088697294
-0.9459545843340921
-0.7028517617558242
-0.9323739771117646
0.13686896506491242
-0.5629627688145508
-0.08484568932575898
-0.6307384016547777
-0.9606876351414452
-0.7560633765763352
-0.6976111263821364
-0.7310779283323556
-0.4992086122773868
-0.8389728530355564
-0.9976574424995827
-0.6505042795892673
-0.1920509796932237
-0.7650790396757722
-0.10461130920002348
-0.9932664080402632
-0.10868270152237791
-0.6509511882782473
-0.23853284478486003
-0.7046858042719093
-0.5142990776885576
-0.9987988589598289
-0.7928948671732896
-0.8284493805342599
-0.8897749870324165
-0.9893717663459556
-0.9998234822216584
-0.9226550587120463
-0.7843450572462851
-0.17128225857507462
0.042820309769342035
-0.9392300383451989
-0.8920788072508005
-0.9466655636891759
-0.9403181263912769
-0.9515269769513978
-0.7174022038847367
-0.500060253289776
-0.8833142103333729
-0.8560197848873522
-0.6044009383490614
-0.8762130296167588
-0.6777700745171518
-0.9475955290926502
-0.9618196846132638
-0.5676500282630974
-0.8428505976755255
-0.786252950133302
-0.9028939089603726
-0.5817010079528055
-0.9471951130553503
-0.8082982508580036
-0.9489113422993162
-0.8237210078153274
-0.8430247572655085
-0.9246576390179783
-0.9920084590889251
-0.9057236018807675
-0.44980280687324536
-0.81938901283699
-0.8974539302966512
-0.8473888907713143
-0.8421614164111748
-0.9823687363168642
-0.09169323802428697
-0.6937623315514385
-0.7638048995841027
-0.8609447129533789
-0.4623451768961785
-0.8623880412617345
0.37109101841486014
-0.5772047689089466
-0.7296160001781968
-0.7974590760250875
-0.8902775423151558
-0.5584432956793857
-0.30096008888624814
-0.7655204039761632
-0.5620582573467878
-0.997171008714589
-0.6452175883734482
-0.36762871445006196
-0.48598533757547013
-0.5883990257044991
-0.8533127629153248
-0.9216762076937935
-0.06445550828563162
-0.7528606310941528
-0.16667994614479853
-0.3865375635136248
-0.9197681588509166
-0.51727863489975
-0.9939603779725247
-0.987931817651465
-0.32147483594056847
-0.6182232358065884
-0.9778313043689156
-0.9986009258552915
0.05120669299241776
-0.794660190142044
-0.841298255872028
-0.6636241377368954
-1.0
-0.6793430582122311
-0.8644037666234022
-0.9831971889392932
-0.6725796830166388
-0.9751063782164193
-0.9843416405778548
-0.9588003117903219
-0.9471951130553503
-0.9558956927126734
-0.8109778827953459
-0.7230353247282302
-0.941941084316096
-0.9798083241285522
-0.11301239404900554
-0.7399536899558457
-0.5845115892644681
-0.7640850052584864
-0.8865872190663687
-0.9428628330923268
-0.7614427825252144
-0.9003792587573186
-0.7286233608050697
-0.5124892458083194
-0.3580550477508294
-0.92013428881542
-0.9198013582110823
-0.23110099629936331
-0.6083155027402798
-0.7286630153197637
-0.966068787243566
-0.18569872226172657
-0.473622602734348
-0.9563307816509166
-0.8274333310453406
-0.8343867860730323
-0.8850432985018583
-0.8450307052556402
-0.9716276591650791
-0.7300959773284734
-0.5194299006213496
-0.8589694406987958
-0.796853025989305
-0.40447624803372495
-0.9998833930433667
-0.7364715596415721
-0.41180081046346506
-0.6366744113537799
-0.8320997828138328
-0.9046579876702728
-0.774023946605416
-0.7375365474616508
-0.7638048995841027
-0.6132220944816074
-0.0400823387069108
-0.9667137764333554
-0.1984667237626896
-0.40405949436886324
-0.7479852639868071
0.5729221074153279
-0.4555200912538083
-0.9000510186480312
-0.5483521430137541
-0.4836094159771004
-0.8568377266873367
-0.6502402309352235
-0.9932355950512967
-0.665031124459168
-0.8762213797066964
-0.5456620478586433
-0.9464811958474324
-0.8629843541780315
-0.7569046391932859
0.22304930295899705
-0.5994051273379802
-0.9186517204025075
-0.5633299868908954
-0.7102900127233562
-0.8627338221528917
-0.03173914570435443
-0.5906983992556161
-0.7402715996296831
-0.9475955290926502
-0.7073349995966425
-0.3043221683569627
-0.7990143545949271
-0.47230540087921347
-0.7529845900942567
-0.6439783644197181
-0.2470728961022869
-0.6033118165633005
-0.9498129398184275
-0.9932355950512967
-0.5667232046812054
-0.6672606637696628
-0.692820025846552
-0.646080861167256
-0.9951255940159138
-0.7615658253694789
-0.8916100660944241
-0.9811403199102872
-0.3555620708558981
-0.5676500282630974
-0.8688143773698591
-0.7806197252329709
-0.9854756007661706
-0.8936942855739477
-0.7423571134394407
-0.9432064326643211
-0.7007285679645784
-0.9907505751147211
-0.7007596259124745
-0.5972420365752868
-0.9401221926663309
-0.8976460615802969
-0.6213853067402093
-0.7165455182119251
-0.7664123603968233
-0.8227318950324995
-0.25261948494280917
-0.9918847327881527
-0.5126546895647697
-0.9425111296151997
-0.9854247708484711
-0.6648548170692347
-0.4791842263363867
-0.5474766823965901
-0.6760011292231323
-0.6664126556258776
-0.18569872226172657
-0.4836094159771004
-0.01658248354850811
-0.1836362449450506
-0.3753218333637839
-0.7878742834077939
-0.8167619827258635
-0.27398975595096486
-0.6128757005335103
-0.6448432013955467
-0.92089627941158
-0.8568992371127417
-0.320938359169074
-0.7250017854669384
-0.9021489310017787
-0.9318004765426134
0.3898673169859912
-0.7134036346026873
-0.9450684234674276
-0.6191666805471027
-0.9900413848356008
-0.9981620039212937
-0.4918204470997093
-0.5850021027884023
-0.9130185877145066
-0.8388639077129003
-0.41483519659002066
-0.6749104550030733
-0.9992789018256194
-0.23745142016199483
-0.7079906019611961
-0.6033118165633005
-0.8201655286628593
-0.20133556704307665
-0.3527542719483322
-0.987406795641241
-0.8705169616525347
-0.9968448835296724
-0.2392266804081501
-0.794660190142044
-0.7837226623009383
-0.9939485295905593
-0.9185116447285663
-0.8386811964528789
-0.6072082253763409
0.0350077039676262
-0.725697114528773
-0.9322672824519246
-0.6144856005844899
-0.958793210088119
-0.23446692407730552
0.030578395958003046
-0.8644037666234022
-0.08715733340863796
-0.9003049834993966
-0.67597086858136
-0.674563563495984
-0.5850021027884023
-0.8853384012727137
-0.814824581836248
-0.5015535370907759
-0.8452710205819526
-0.997834866398675
-0.4849657220450535
0.07712006337893462
-0.42683083800682964
-0.5792325249011516
-0.8017791096211525
-0.7057343211238722
-0.9893717663459556
-0.7184790781766053
-0.6764168808201589
DEGREE_RANK
0.5441860465116279
-0.9627906976744186
0.6697674418604651
-0.032558139534883845
-0.13953488372093026
-0.7162790697674419
-0.8930232558139535
-0.027906976744186074
-0.023255813953488413
0.6744186046511629
-0.018604651162790753
0.12558139534883717
-0.9813953488372094
-0.013953488372093092
-0.5023255813953489
0.7255813953488373
0.39534883720930236
-0.8651162790697675
0.8325581395348836
0.22790697674418614
-0.3534883720930233
0.2325581395348837
-0.1348837209302326
0.23720930232558124
0.8372093023255813
-0.7116279069767442
0.7302325581395348
0.24186046511627923
-0.34883720930232565
0.8418604651162791
-0.24651162790697678
-0.344186046511628
-0.4
-0.009302325581395432
0.8697674418604651
-0.8604651162790697
-0.3395348837209303
0.7720930232558141
-0.7069767441860466
-0.24186046511627912
0.24651162790697678
0.40000000000000013
-0.5767441860465117
-0.13023255813953494
0.9953488372093025
-0.7813953488372093
-0.3953488372093025
0.7767441860465116
0.25116279069767433
-0.23720930232558146
0.2558139534883721
0.6790697674418604
-0.2325581395348838
0.26046511627906965
-0.12558139534883728
0.26511627906976765
0.13023255813953494
0.2697674418604652
-0.3906976744186047
0.1348837209302325
0.27441860465116275
-0.6372093023255814
0.9767441860465116
-0.7023255813953488
-0.6325581395348838
0.4046511627906977
0.6186046511627907
0.9395348837209303
-0.22790697674418603
-0.6976744186046512
-0.6930232558139535
0.40930232558139523
0.4139534883720932
-0.33488372093023266
0.2790697674418605
-0.0046511627906976605
-0.22325581395348848
0.4186046511627908
0.4232558139534883
0.6232558139534885
0.8744186046511628
0.9441860465116279
-0.2186046511627907
0.5488372093023257
0.28372093023255807
-0.8883720930232558
0.627906976744186
0.4790697674418605
0.13953488372093026
0.8465116279069769
-0.3302325581395349
-0.38604651162790704
0.14418604651162803
-0.7767441860465116
-0.572093023255814
0.683720930232558
-0.6883720930232559
-1.1102230246251565e-16
-0.9255813953488372
-0.21395348837209305
0.0046511627906977715
-0.12093023255813962
0.688372093023256
0.14883720930232558
0.28837209302325584
-0.8
-0.8558139534883721
-0.8511627906976744
-0.772093023255814
-0.627906976744186
0.2930232558139536
-0.11627906976744184
-0.7953488372093024
0.29767441860465116
-0.5674418604651164
0.9534883720930232
0.009302325581395321
-0.5627906976744186
-0.7674418604651163
-0.9767441860465116
0.483720930232558
-0.4976744186046512
0.013953488372093092
-0.8837209302325582
-0.49302325581395345
-0.7627906976744186
0.7348837209302326
-0.6837209302325582
0.15348837209302335
-0.2093023255813954
0.6325581395348836
-0.1116279069767443
-0.758139534883721
0.1581395348837209
-0.20465116279069773
0.8790697674418604
-0.32558139534883723
-0.10697674418604664
-0.8465116279069768
0.7813953488372092
-0.20000000000000007
0.4279069767441861
0.488372093023256
-0.8418604651162791
0.30232558139534893
0.6372093023255814
-0.10232558139534886
0.6930232558139535
0.3069767441860465
-0.9209302325581395
0.16279069767441867
-0.32093023255813957
-0.7534883720930232
-0.6790697674418604
-1.0
-0.4883720930232559
0.786046511627907
0.5534883720930233
-0.1953488372093024
-0.8372093023255814
-0.3162790697674419
-0.48372093023255824
0.31162790697674403
-0.6744186046511628
-0.4790697674418605
0.018604651162790864
-0.4744186046511628
-0.7488372093023256
0.43255813953488365
0.49302325581395356
0.7395348837209303
-0.6232558139534884
-0.958139534883721
0.7441860465116279
-0.46976744186046526
-0.4651162790697675
-0.46046511627906983
0.023255813953488413
-0.0976744186046512
-0.31162790697674425
-0.45581395348837206
-0.19069767441860463
0.4372093023255814
-0.9162790697674419
-0.9116279069767442
0.7488372093023257
0.6976744186046513
-0.4511627906976745
-0.6186046511627907
-0.7441860465116279
0.5581395348837208
-0.7395348837209302
0.5627906976744188
0.7023255813953488
0.5674418604651164
-0.558139534883721
0.4976744186046511
0.7906976744186047
0.6418604651162791
0.8837209302325582
0.316279069767442
0.027906976744185963
0.5023255813953489
0.32093023255813957
0.9813953488372091
0.7953488372093023
0.958139534883721
-0.9069767441860466
0.9488372093023256
-0.09302325581395354
0.032558139534883734
0.037209302325581284
-0.5534883720930233
-0.6139534883720931
0.16744186046511644
-0.3069767441860466
0.9209302325581397
0.8
0.172093023255814
0.17674418604651154
-0.6093023255813954
-0.7348837209302326
0.8883720930232559
0.3255813953488371
-0.8790697674418605
-0.6697674418604651
0.5720930232558139
-0.3023255813953488
-0.6651162790697674
0.3302325581395349
-0.9953488372093023
0.7534883720930232
-0.5488372093023256
0.04186046511627928
-0.44651162790697685
-0.6604651162790698
-0.8325581395348838
-0.9395348837209302
-0.08837209302325588
-0.827906976744186
-0.29767441860465127
-0.4418604651162791
-0.6046511627906976
-0.18604651162790709
0.04651162790697683
0.6465116279069767
0.4418604651162792
-0.18139534883720942
-0.9534883720930233
0.1813953488372093
-0.5441860465116279
-0.4372093023255814
0.051162790697674376
0.8046511627906976
0.44651162790697674
-0.3813953488372094
-0.2930232558139535
0.8093023255813954
-0.28837209302325584
-0.08372093023255822
-0.6
0.33488372093023244
0.5069767441860464
-0.655813953488372
0.5116279069767442
-0.2837209302325582
-0.3767441860465117
-0.5395348837209303
-0.7906976744186047
-0.2790697674418605
0.516279069767442
-0.17674418604651165
-0.8232558139534883
0.6511627906976745
-0.9720930232558139
0.33953488372093044
0.9860465116279069
0.7069767441860464
0.8511627906976744
-0.43255813953488387
-0.07906976744186045
-0.37209302325581406
0.5767441860465117
0.655813953488372
0.9906976744186047
-0.9023255813953488
0.4511627906976745
-0.172093023255814
0.05581395348837215
-0.3674418604651163
-0.16744186046511633
-0.8186046511627907
0.6604651162790698
0.344186046511628
0.18604651162790686
-0.5348837209302326
-0.7302325581395348
0.9627906976744187
-0.3627906976744186
0.5209302325581395
-0.5302325581395348
0.0604651162790697
0.8139534883720931
0.8930232558139535
-0.16279069767441867
-0.4279069767441861
0.19069767441860486
0.855813953488372
-0.0744186046511629
0.06511627906976747
0.45581395348837206
0.34883720930232553
-0.5953488372093023
-0.7255813953488373
0.7581395348837208
-0.5255813953488372
0.7116279069767442
0.1953488372093024
0.5813953488372092
-0.42325581395348844
0.8976744186046512
-0.5906976744186048
-0.7209302325581395
0.3534883720930233
0.4604651162790696
0.5255813953488373
0.06976744186046524
-0.9906976744186047
-0.06976744186046524
0.5302325581395348
-0.8744186046511628
0.19999999999999996
0.7627906976744188
-0.3581395348837211
0.20465116279069773
-0.9488372093023256
0.4651162790697676
0.07441860465116279
-0.27441860465116286
0.07906976744186056
-0.813953488372093
0.586046511627907
0.9674418604651163
-0.6511627906976745
-0.8976744186046511
-0.06511627906976747
-0.158139534883721
-0.06046511627906981
-0.2697674418604652
0.5906976744186048
-0.9348837209302325
0.5348837209302324
-0.5209302325581395
-0.9674418604651163
0.35813953488372086
0.20930232558139528
0.972093023255814
-0.2651162790697674
0.46976744186046515
0.36279069767441885
0.3674418604651164
1.0
0.08372093023255811
0.08837209302325588
0.7674418604651163
-0.2604651162790699
0.9023255813953488
0.09302325581395365
-0.15348837209302324
-0.586046511627907
-0.1488372093023257
0.8604651162790697
0.0976744186046512
0.7162790697674419
-0.41860465116279066
0.4744186046511629
0.9255813953488372
-0.516279069767442
0.8186046511627907
-0.9302325581395349
-0.5813953488372092
0.8232558139534885
-0.05581395348837215
-0.8093023255813954
0.21395348837209305
0.5953488372093023
0.37209302325581395
-0.8697674418604651
0.5395348837209304
0.10232558139534875
0.9069767441860463
0.6000000000000001
0.9116279069767441
-0.2558139534883721
-0.6465116279069767
0.9162790697674419
-0.786046511627907
0.6046511627906976
-0.25116279069767444
0.10697674418604652
-0.944186046511628
0.3767441860465117
-0.4139534883720931
-0.05116279069767449
0.9302325581395348
0.827906976744186
-0.40930232558139545
0.9348837209302325
-0.5116279069767442
0.6651162790697676
-0.14418604651162803
-0.5069767441860464
-0.04651162790697683
0.11162790697674407
0.7209302325581395
0.21860465116279082
-0.041860465116279055
-0.8046511627906977
-0.4046511627906977
0.8651162790697675
0.6093023255813952
-0.986046511627907
0.11627906976744207
0.22325581395348837
0.38139534883720927
0.3860465116279068
0.12093023255813962
-0.037209302325581506
-0.6418604651162791
0.6139534883720932
0.3906976744186048
EIGENVECTOR_RANK
0.5488372093023257
-0.46976744186046526
0.5953488372093023
0.5255813953488373
0.08372093023255811
-0.7674418604651163
-0.33488372093023266
0.3767441860465117
-0.3395348837209303
0.9116279069767441
-0.5953488372093023
-0.06511627906976747
-0.6418604651162791
0.3302325581395349
-0.49302325581395345
-0.041860465116279055
0.488372093023256
-0.9953488372093023
0.688372093023256
-0.7395348837209302
-0.10232558139534886
0.5395348837209304
0.40000000000000013
0.5348837209302324
0.7348837209302326
-0.5674418604651164
0.7906976744186047
0.4651162790697676
0.10232558139534875
0.7255813953488373
0.172093023255814
0.316279069767442
-0.12093023255813962
0.29767441860465116
0.9162790697674419
-0.9023255813953488
-0.7441860465116279
0.6930232558139535
-0.3302325581395349
0.26046511627906965
0.5674418604651164
-0.3023255813953488
-0.8558139534883721
0.22790697674418614
1.0
-0.5441860465116279
-0.344186046511628
-0.04651162790697683
-0.6651162790697674
0.4139534883720932
-0.1953488372093024
0.06976744186046524
0.28837209302325584
0.20930232558139528
-0.827906976744186
0.586046511627907
0.3860465116279068
0.4976744186046511
-0.6976744186046512
0.5302325581395348
0.4511627906976745
-0.3581395348837211
0.8976744186046512
-0.6232558139534884
-0.38604651162790704
0.037209302325581284
0.7767441860465116
0.9767441860465116
0.21395348837209305
-0.586046511627907
-0.5767441860465117
-0.06976744186046524
0.344186046511628
0.009302325581395321
0.45581395348837206
0.0976744186046512
-0.1348837209302326
-0.172093023255814
0.8418604651162791
0.7162790697674419
0.9488372093023256
0.051162790697674376
0.46976744186046515
0.7720930232558141
-0.05581395348837215
-0.9348837209302325
-0.018604651162790753
0.3255813953488371
0.4186046511627908
0.655813953488372
0.1953488372093024
0.4279069767441861
0.3534883720930233
-0.958139534883721
-0.032558139534883845
0.5906976744186048
-0.5302325581395348
-0.786046511627907
-0.8186046511627907
-0.572093023255814
-0.20000000000000007
-0.6046511627906976
0.8232558139534885
-0.29767441860465127
-0.0046511627906976605
-0.4418604651162791
-0.9627906976744186
-0.3767441860465117
-0.9069767441860466
-0.8093023255813954
0.5627906976744188
-0.5813953488372092
-0.0744186046511629
-0.6511627906976745
-0.21395348837209305
0.9813953488372091
0.6790697674418604
-1.1102230246251565e-16
-0.5255813953488372
-0.986046511627907
0.5441860465116279
-0.3069767441860466
0.4790697674418605
0.11627906976744207
-0.5116279069767442
0.27441860465116275
0.6232558139534885
-0.1116279069767443
0.5023255813953489
0.07906976744186056
0.49302325581395356
-0.16279069767441867
0.20465116279069773
0.4372093023255814
0.2325581395348837
0.9209302325581397
0.2790697674418605
0.2930232558139536
-0.9813953488372094
0.6372093023255814
0.04186046511627928
-0.027906976744186074
0.1813953488372093
0.1581395348837209
0.43255813953488365
0.7813953488372092
-0.4372093023255814
0.8046511627906976
0.5813953488372092
-0.6744186046511628
0.4418604651162792
-0.2837209302325582
-0.8697674418604651
0.13023255813953494
-1.0
0.11162790697674407
0.7488372093023257
0.627906976744186
0.36279069767441885
-0.8651162790697675
0.35813953488372086
0.2558139534883721
-0.7348837209302326
-0.516279069767442
-0.813953488372093
-0.158139534883721
-0.4511627906976745
-0.12558139534883728
0.05581395348837215
0.5116279069767442
0.6511627906976745
-0.5023255813953489
-0.8604651162790697
0.9395348837209303
-0.7767441860465116
-0.023255813953488413
-0.7023255813953488
0.31162790697674403
-0.7255813953488373
-0.3813953488372094
-0.8232558139534883
-0.4139534883720931
0.40930232558139523
-0.9534883720930233
-0.07906976744186045
0.7023255813953488
0.8651162790697675
-0.4
-0.8930232558139535
-0.758139534883721
0.5581395348837208
-0.4883720930232559
-0.009302325581395432
0.9069767441860463
0.6697674418604651
0.17674418604651154
0.34883720930232553
0.7069767441860464
0.6651162790697676
0.8139534883720931
0.4604651162790696
0.0046511627906977715
-0.7627906976744186
-0.45581395348837206
0.9953488372093025
0.8
0.8744186046511628
-0.2325581395348838
0.8604651162790697
0.16744186046511644
0.25116279069767433
-0.6139534883720931
-0.4744186046511628
-0.15348837209302324
0.12093023255813962
0.3069767441860465
0.027906976744185963
0.6976744186046513
-0.772093023255814
-0.19069767441860463
-0.8372093023255814
-0.20465116279069773
0.7674418604651163
-0.2093023255813954
-0.46046511627906983
-0.8976744186046511
0.5720930232558139
-0.43255813953488387
-0.34883720930232565
0.04651162790697683
-0.9395348837209302
0.6418604651162791
-0.8790697674418605
-0.8
-0.41860465116279066
-0.4790697674418605
-0.6790697674418604
-0.7162790697674419
-0.7209302325581395
0.14883720930232558
-0.6837209302325582
-0.7953488372093024
-0.6093023255813954
0.4744186046511629
0.38139534883720927
0.6186046511627907
0.6000000000000001
-0.27441860465116286
-0.9488372093023256
-0.6604651162790698
-0.5069767441860464
0.10697674418604652
-0.5534883720930233
0.7395348837209303
0.7534883720930232
-0.24651162790697678
0.24651162790697678
0.6046511627906976
-0.18604651162790709
0.30232558139534893
0.14418604651162803
0.13953488372093026
-0.11627906976744184
-0.6325581395348838
0.786046511627907
-0.2651162790697674
-0.8883720930232558
-0.3534883720930233
-0.3627906976744186
-0.7813953488372093
-0.05116279069767449
0.2697674418604652
-0.9302325581395349
0.8093023255813954
-0.8325581395348838
-0.5209302325581395
0.8930232558139535
0.8325581395348836
0.8186046511627907
0.013953488372093092
-0.5627906976744186
-0.3953488372093025
0.6744186046511629
0.8790697674418604
0.9906976744186047
-0.42325581395348844
0.5767441860465117
-0.13023255813953494
0.6465116279069767
-0.25116279069767444
-0.08372093023255822
-0.18139534883720942
0.8465116279069769
-0.5395348837209303
-0.16744186046511633
-0.6697674418604651
-0.9255813953488372
0.8372093023255813
-0.7488372093023256
0.06511627906976747
-0.8511627906976744
-0.23720930232558146
0.8697674418604651
0.9348837209302325
-0.22325581395348848
0.19069767441860486
0.37209302325581395
0.8511627906976744
-0.32093023255813957
0.5534883720930233
-0.4046511627906977
-0.48372093023255824
-0.4976744186046512
0.15348837209302335
0.8837209302325582
-0.24186046511627912
0.9023255813953488
-0.2790697674418605
0.7581395348837208
-0.2697674418604652
0.6093023255813952
-0.8046511627906977
-0.9209302325581395
0.33953488372093044
-0.0976744186046512
0.5209302325581395
0.483720930232558
-0.7116279069767442
-0.37209302325581406
-0.7302325581395348
-0.6186046511627907
0.32093023255813957
0.9441860465116279
-0.3162790697674419
-0.17674418604651165
-0.9720930232558139
-0.7069767441860466
-0.2930232558139535
-0.1488372093023257
-0.13953488372093026
-0.6883720930232559
-0.10697674418604664
0.8883720930232559
-0.7906976744186047
-0.9767441860465116
0.0604651162790697
0.33488372093023244
-0.013953488372093092
-0.40930232558139545
-0.32558139534883723
-0.9116279069767442
0.6325581395348836
0.28372093023255807
-0.627906976744186
0.44651162790697674
-0.6372093023255814
0.9674418604651163
-0.5906976744186048
0.4232558139534883
0.1348837209302325
-0.5348837209302326
0.9860465116279069
0.18604651162790686
-0.28837209302325584
0.7441860465116279
0.023255813953488413
0.7302325581395348
-0.2604651162790699
0.09302325581395365
0.07441860465116279
0.22325581395348837
0.9534883720930232
0.21860465116279082
0.7209302325581395
-0.8744186046511628
-0.6465116279069767
0.972093023255814
-0.4651162790697675
0.683720930232558
-0.44651162790697685
-0.8465116279069768
0.9302325581395348
0.24186046511627923
-0.9906976744186047
0.39534883720930236
0.018604651162790864
-0.06046511627906981
-0.9674418604651163
0.5069767441860464
-0.31162790697674425
0.6139534883720932
0.7953488372093023
0.958139534883721
0.032558139534883734
-0.8418604651162791
0.827906976744186
-0.9162790697674419
-0.037209302325581506
-0.4279069767441861
-0.2186046511627907
-0.5488372093023256
-0.655813953488372
-0.558139534883721
0.3906976744186048
0.7116279069767442
0.7627906976744188
0.26511627906976765
0.855813953488372
-0.3674418604651163
-0.14418604651162803
0.19999999999999996
-0.8837209302325582
0.4046511627906977
0.3674418604651164
0.9255813953488372
0.6604651162790698
0.23720930232558124
-0.944186046511628
-0.3906976744186047
0.9627906976744187
-0.7534883720930232
-0.6930232558139535
0.08837209302325588
0.516279069767442
-0.22790697674418603
-0.6
-0.08837209302325588
0.16279069767441867
0.12558139534883717
-0.09302325581395354
-0.2558139534883721
CENT_RANK
-0.3767441860465117
-0.7209302325581395
0.13023255813953494
0.9953488372093025
0.6511627906976745
0.36279069767441885
-0.24651162790697678
0.4744186046511629
0.16279069767441867
0.16744186046511644
-0.14418604651162803
0.018604651162790864
-0.9534883720930233
0.8651162790697675
-0.586046511627907
0.0046511627906977715
-0.32558139534883723
-0.5069767441860464
0.30232558139534893
-0.6186046511627907
0.627906976744186
-0.7441860465116279
-0.6418604651162791
-0.4279069767441861
0.9162790697674419
-0.6744186046511628
0.5255813953488373
0.6790697674418604
-0.3953488372093025
0.14418604651162803
-0.10232558139534886
-0.5813953488372092
-0.09302325581395354
0.972093023255814
0.023255813953488413
-0.8372093023255814
-0.18139534883720942
0.05581395348837215
-0.5767441860465117
0.316279069767442
-0.3023255813953488
0.5069767441860464
-0.6651162790697674
0.9674418604651163
0.7534883720930232
-0.7674418604651163
-0.5488372093023256
0.2790697674418605
-0.24186046511627912
0.7953488372093023
0.6697674418604651
0.7627906976744188
-0.572093023255814
0.5674418604651164
-0.8883720930232558
0.29767441860465116
1.0
0.8697674418604651
-0.16744186046511633
0.655813953488372
-0.3674418604651163
-0.4046511627906977
0.4976744186046511
-0.786046511627907
0.49302325581395356
0.958139534883721
0.24651162790697678
0.7720930232558141
0.4651162790697676
0.07441860465116279
-0.8046511627906977
0.14883720930232558
0.43255813953488365
0.6372093023255814
0.051162790697674376
0.7441860465116279
0.6093023255813952
0.31162790697674403
0.08372093023255811
0.7302325581395348
0.8465116279069769
0.8046511627906976
-0.19069767441860463
0.5348837209302324
0.24186046511627923
-0.986046511627907
0.7116279069767442
0.8604651162790697
-0.08837209302325588
0.5116279069767442
0.34883720930232553
-0.037209302325581506
0.6930232558139535
-0.6976744186046512
-1.1102230246251565e-16
0.9767441860465116
-0.8232558139534883
-0.7813953488372093
-0.7906976744186047
-0.158139534883721
-0.4651162790697675
-0.2651162790697674
0.8418604651162791
0.1581395348837209
0.28837209302325584
-0.6465116279069767
-0.5116279069767442
-0.7162790697674419
-0.3906976744186047
-0.7116279069767442
0.7162790697674419
0.8093023255813954
-0.8325581395348838
-0.5209302325581395
-0.42325581395348844
0.5953488372093023
0.4279069767441861
-0.7302325581395348
-0.813953488372093
-0.9348837209302325
0.5023255813953489
-0.023255813953488413
0.8883720930232559
-0.8651162790697675
-0.5627906976744186
-0.655813953488372
0.12558139534883717
-0.6
0.9534883720930232
0.45581395348837206
0.9023255813953488
0.3069767441860465
-0.758139534883721
-0.041860465116279055
0.15348837209302335
0.027906976744185963
0.5581395348837208
-0.2604651162790699
-0.958139534883721
0.2558139534883721
0.8232558139534885
-0.0744186046511629
0.8837209302325582
-0.9209302325581395
0.8790697674418604
0.25116279069767433
0.7813953488372092
0.12093023255813962
0.5302325581395348
-0.9767441860465116
-0.13023255813953494
-0.22790697674418603
-0.43255813953488387
-0.8837209302325582
-0.9906976744186047
-0.558139534883721
-0.11627906976744184
0.8511627906976744
0.9395348837209303
-0.6046511627906976
-0.44651162790697685
-0.6697674418604651
-0.6139534883720931
-0.7255813953488373
0.08837209302325588
0.5534883720930233
-0.4
-0.31162790697674425
0.3674418604651164
-0.3813953488372094
0.18604651162790686
-0.6930232558139535
-0.7627906976744186
0.4372093023255814
-0.2790697674418605
-0.12093023255813962
-0.4883720930232559
0.4139534883720932
-0.6837209302325582
-0.17674418604651165
-0.7023255813953488
-0.2186046511627907
-0.2837209302325582
-0.5674418604651164
-0.9069767441860466
-0.4976744186046512
0.6232558139534885
-0.20465116279069773
-0.45581395348837206
-0.29767441860465127
-0.27441860465116286
-0.8418604651162791
0.8930232558139535
0.172093023255814
-0.06511627906976747
-0.33488372093023266
0.6139534883720932
-0.3395348837209303
0.9813953488372091
0.4232558139534883
0.037209302325581284
-0.15348837209302324
-0.4372093023255814
0.46976744186046515
0.7395348837209303
-0.07906976744186045
0.4604651162790696
-0.9488372093023256
0.2697674418604652
0.688372093023256
0.5720930232558139
0.39534883720930236
-0.3069767441860466
-0.5534883720930233
0.9069767441860463
-0.027906976744186074
0.855813953488372
0.6744186046511629
-0.5302325581395348
0.5209302325581395
-0.9302325581395349
-0.8744186046511628
0.7209302325581395
0.3302325581395349
-0.8093023255813954
-0.9720930232558139
0.9441860465116279
-0.13953488372093026
-0.2697674418604652
0.23720930232558124
-1.0
0.1813953488372093
-0.3581395348837211
-0.8465116279069768
0.21395348837209305
-0.8
-0.8511627906976744
-0.7534883720930232
-0.6790697674418604
-0.7348837209302326
-0.18604651162790709
0.06976744186046524
-0.6232558139534884
-0.8186046511627907
0.8744186046511628
-0.0046511627906976605
0.40930232558139523
-0.06976744186046524
-0.41860465116279066
-0.6325581395348838
-0.05116279069767449
-0.4790697674418605
0.04651162790697683
0.5441860465116279
0.6976744186046513
-0.5395348837209303
-0.5348837209302326
0.8
0.3534883720930233
0.04186046511627928
-0.772093023255814
0.827906976744186
0.6000000000000001
-0.7395348837209302
-0.22325581395348848
-0.23720930232558146
-0.40930232558139545
-0.28837209302325584
-0.7953488372093024
0.032558139534883734
0.516279069767442
-0.3302325581395349
-0.1488372093023257
0.6604651162790698
-0.9953488372093023
0.013953488372093092
0.6465116279069767
0.2930232558139536
-0.2325581395348838
-0.49302325581395345
-0.0976744186046512
0.009302325581395321
-0.06046511627906981
0.33953488372093044
0.9116279069767441
-0.7767441860465116
0.8186046511627907
0.6651162790697676
-0.018604651162790753
0.9906976744186047
0.6186046511627907
-0.46976744186046526
0.4790697674418605
0.5813953488372092
-0.3162790697674419
0.26046511627906965
-0.9162790697674419
0.22790697674418614
-0.38604651162790704
0.488372093023256
-0.6604651162790698
-0.34883720930232565
-0.04651162790697683
0.9627906976744187
0.38139534883720927
-0.5255813953488372
0.4511627906976745
0.10232558139534875
-0.344186046511628
0.9209302325581397
0.3906976744186048
-0.009302325581395432
-0.6883720930232559
0.11162790697674407
0.7348837209302326
-0.16279069767441867
0.6046511627906976
-0.032558139534883845
0.28372093023255807
0.7674418604651163
0.37209302325581395
-0.7069767441860466
-0.9116279069767442
0.44651162790697674
0.21860465116279082
0.17674418604651154
0.26511627906976765
-0.9395348837209302
-0.05581395348837215
-0.4418604651162791
-0.827906976744186
0.7023255813953488
0.4418604651162792
-0.3627906976744186
-0.10697674418604664
-0.8604651162790697
-0.4511627906976745
-0.013953488372093092
-0.6372093023255814
0.13953488372093026
-0.8976744186046511
0.1348837209302325
0.3860465116279068
-0.6093023255813954
-0.46046511627906983
0.32093023255813957
0.09302325581395365
-0.08372093023255822
-0.21395348837209305
0.7581395348837208
-0.9023255813953488
0.5395348837209304
-0.627906976744186
-0.8558139534883721
0.2325581395348837
0.5906976744186048
0.483720930232558
0.1953488372093024
0.22325581395348837
0.8325581395348836
0.586046511627907
0.9255813953488372
0.8372093023255813
0.683720930232558
-0.12558139534883728
-0.20000000000000007
0.7488372093023257
0.344186046511628
0.27441860465116275
-0.5441860465116279
-0.32093023255813957
0.7255813953488373
0.06511627906976747
-0.48372093023255824
-0.5906976744186048
0.9860465116279069
0.0976744186046512
-0.6511627906976745
0.3255813953488371
-0.8930232558139535
-0.9674418604651163
0.5627906976744188
0.40000000000000013
-0.5023255813953489
-0.2558139534883721
0.6418604651162791
0.20465116279069773
-0.9813953488372094
0.786046511627907
0.10697674418604652
0.3767441860465117
-0.2093023255813954
0.8139534883720931
0.7069767441860464
-0.8697674418604651
-0.37209302325581406
-0.944186046511628
0.7767441860465116
-0.1348837209302326
-0.1116279069767443
-0.9255813953488372
-0.516279069767442
-0.25116279069767444
0.35813953488372086
0.9348837209302325
0.0604651162790697
-0.5953488372093023
0.33488372093023244
-0.7488372093023256
0.7906976744186047
0.9302325581395348
-0.3534883720930233
0.8976744186046512
-0.4744186046511628
0.19999999999999996
0.20930232558139528
0.4046511627906977
-0.4139534883720931
-0.1953488372093024
0.5488372093023257
-0.2930232558139535
-0.9627906976744186
0.5767441860465117
0.9488372093023256
0.6325581395348836
0.4186046511627908
-0.172093023255814
0.11627906976744207
-0.8790697674418605
0.07906976744186056
0.19069767441860486
RANK
230
274
154
85
387
149
225
380
421
138
12
207
396
327
119
220
400
143
296
322
184
350
340
379
54
153
428
221
394
123
335
353
236
233
191
35
112
330
96
243
118
224
70
235
268
98
63
97
285
260
45
172
132
237
408
21
263
239
117
163
1
107
109
321
180
93
171
312
178
238
25
161
42
300
125
377
105
22
338
249
352
242
19
162
343
159
127
406
374
14
31
38
52
183
124
155
213
46
369
255
256
218
305
113
401
106
17
383
185
279
176
373
251
413
291
100
344
188
336
160
329
202
152
23
114
248
417
266
61
166
28
108
298
169
0
395
60
333
232
411
301
308
197
195
271
16
370
294
167
212
40
189
420
267
182
174
190
228
101
137
384
402
6
48
265
278
151
264
181
348
391
187
365
418
82
240
36
179
426
58
315
99
201
272
10
227
398
150
364
175
156
399
334
30
280
32
88
347
205
141
247
194
282
328
250
302
133
91
317
215
121
288
337
311
245
94
15
281
275
11
34
135
269
200
259
252
74
37
405
372
241
69
429
78
164
346
376
307
389
313
427
147
126
2
341
339
29
71
134
103
8
9
193
325
231
170
430
357
414
386
415
234
324
358
297
354
229
84
66
145
139
295
326
208
368
47
318
104
277
55
18
131
77
39
345
378
223
407
283
367
90
258
403
5
168
320
390
304
342
310
211
382
416
246
177
425
199
116
72
173
332
323
306
129
206
68
203
7
292
356
299
64
62
120
41
89
270
219
26
148
83
351
253
419
165
136
381
53
210
422
293
360
355
115
262
316
76
196
290
186
20
424
73
385
276
4
59
273
287
50
217
27
363
209
92
254
331
393
86
110
222
371
79
314
204
75
366
44
349
51
319
67
397
146
388
409
49
257
81
111
392
286
140
261
359
362
102
80
157
216
87
13
57
244
144
142
122
192
412
130
214
284
24
309
361
410
404
158
226
423
128
65
303
43
33
95
198
375
289
3
56
