DEGREE
0.7058823529411764
0.41176470588235303
-0.3529411764705882
0.6470588235294117
0.2941176470588236
-0.11764705882352944
0.5294117647058822
0.9411764705882353
0.5294117647058822
-0.11764705882352944
-0.2941176470588235
0.47058823529411775
0.5294117647058822
-0.23529411764705888
-0.4117647058823529
0.23529411764705888
0.3529411764705883
-0.2941176470588235
0.23529411764705888
0.3529411764705883
-0.23529411764705888
0.0
0.17647058823529416
0.588235294117647
0.11764705882352944
0.588235294117647
0.2941176470588236
0.3529411764705883
-0.2941176470588235
0.2941176470588236
-0.11764705882352944
0.05882352941176472
0.41176470588235303
0.3529411764705883
-0.3529411764705882
0.47058823529411775
-0.5294117647058824
0.8823529411764706
0.2941176470588236
0.2941176470588236
0.3529411764705883
0.7058823529411764
0.5294117647058822
0.47058823529411775
0.05882352941176472
-0.05882352941176472
0.23529411764705888
0.41176470588235303
-0.4117647058823529
0.23529411764705888
-0.5294117647058824
0.0
0.3529411764705883
0.0
0.47058823529411775
0.17647058823529416
0.588235294117647
-0.05882352941176472
0.0
0.8235294117647058
0.17647058823529416
-0.23529411764705888
-0.05882352941176472
-0.05882352941176472
0.41176470588235303
-0.6470588235294117
-0.47058823529411764
0.0
-0.3529411764705882
0.11764705882352944
-0.5294117647058824
0.588235294117647
0.41176470588235303
0.6470588235294117
0.11764705882352944
-0.11764705882352944
0.11764705882352944
0.6470588235294117
-0.11764705882352944
0.41176470588235303
0.47058823529411775
-0.2941176470588235
0.17647058823529416
-0.7058823529411764
-0.17647058823529416
-1.0
0.47058823529411775
-0.5882352941176471
-0.05882352941176472
-0.5882352941176471
0.11764705882352944
0.41176470588235303
-0.8235294117647058
0.3529411764705883
0.7647058823529411
0.7058823529411764
0.17647058823529416
-0.2941176470588235
0.0
0.05882352941176472
0.3529411764705883
0.17647058823529416
0.0
0.47058823529411775
0.3529411764705883
0.5294117647058822
0.2941176470588236
-0.05882352941176472
-0.7058823529411764
0.47058823529411775
0.05882352941176472
-0.11764705882352944
0.41176470588235303
0.2941176470588236
0.17647058823529416
0.11764705882352944
1.0
-0.05882352941176472
0.23529411764705888
-0.4117647058823529
0.23529411764705888
0.17647058823529416
0.41176470588235303
0.2941176470588236
0.23529411764705888
0.41176470588235303
0.6470588235294117
0.2941176470588236
-0.47058823529411764
-0.11764705882352944
0.23529411764705888
0.3529411764705883
0.17647058823529416
-0.2941176470588235
0.47058823529411775
0.7647058823529411
-0.05882352941176472
-0.47058823529411764
0.41176470588235303
0.41176470588235303
0.5294117647058822
-0.23529411764705888
0.11764705882352944
0.5294117647058822
0.3529411764705883
0.0
0.588235294117647
-0.2941176470588235
0.588235294117647
-0.47058823529411764
-0.5882352941176471
0.8235294117647058
0.3529411764705883
-0.7647058823529411
0.11764705882352944
-0.7647058823529411
-0.4117647058823529
-0.4117647058823529
0.0
0.23529411764705888
0.47058823529411775
0.17647058823529416
-0.23529411764705888
0.23529411764705888
0.3529411764705883
-0.8823529411764706
-0.7058823529411764
0.23529411764705888
-0.4117647058823529
-0.7058823529411764
0.17647058823529416
0.5294117647058822
0.6470588235294117
0.2941176470588236
-0.3529411764705882
-0.5882352941176471
0.47058823529411775
-0.11764705882352944
0.41176470588235303
0.0
0.2941176470588236
0.6470588235294117
-0.5882352941176471
0.0
0.05882352941176472
0.588235294117647
-0.23529411764705888
0.47058823529411775
0.17647058823529416
0.47058823529411775
-0.2941176470588235
-0.3529411764705882
-0.3529411764705882
0.47058823529411775
-0.05882352941176472
0.17647058823529416
0.6470588235294117
0.05882352941176472
-0.8235294117647058
-0.11764705882352944
0.17647058823529416
-0.5294117647058824
-0.2941176470588235
-0.4117647058823529
0.588235294117647
-0.11764705882352944
0.0
0.2941176470588236
0.0
0.17647058823529416
0.11764705882352944
0.41176470588235303
-0.3529411764705882
-0.7058823529411764
0.2941176470588236
0.47058823529411775
0.2941176470588236
0.05882352941176472
-0.3529411764705882
-0.05882352941176472
0.8823529411764706
0.2941176470588236
0.17647058823529416
0.8235294117647058
-0.17647058823529416
0.41176470588235303
0.47058823529411775
-0.3529411764705882
0.17647058823529416
0.41176470588235303
-0.11764705882352944
0.588235294117647
0.41176470588235303
-0.4117647058823529
0.5294117647058822
0.11764705882352944
-0.05882352941176472
-0.05882352941176472
-0.3529411764705882
0.588235294117647
-0.5294117647058824
0.11764705882352944
0.17647058823529416
0.5294117647058822
0.11764705882352944
-0.05882352941176472
0.47058823529411775
0.7647058823529411
-0.2941176470588235
0.05882352941176472
-0.5882352941176471
0.47058823529411775
0.8235294117647058
0.7058823529411764
0.41176470588235303
0.588235294117647
-0.5882352941176471
-0.4117647058823529
0.47058823529411775
0.588235294117647
0.7647058823529411
0.0
0.11764705882352944
-0.4117647058823529
0.23529411764705888
0.3529411764705883
0.6470588235294117
0.05882352941176472
0.2941176470588236
0.05882352941176472
0.2941176470588236
-0.5294117647058824
0.2941176470588236
0.8235294117647058
-0.2941176470588235
0.17647058823529416
0.588235294117647
0.3529411764705883
0.23529411764705888
0.41176470588235303
-0.11764705882352944
0.588235294117647
0.05882352941176472
0.17647058823529416
-0.11764705882352944
0.2941176470588236
-0.2941176470588235
-0.23529411764705888
0.11764705882352944
-0.6470588235294117
0.41176470588235303
0.2941176470588236
0.47058823529411775
0.0
0.41176470588235303
-0.3529411764705882
0.23529411764705888
-0.2941176470588235
-0.8235294117647058
-0.7058823529411764
0.2941176470588236
0.23529411764705888
0.5294117647058822
0.2941176470588236
-0.11764705882352944
0.17647058823529416
0.2941176470588236
0.3529411764705883
0.17647058823529416
-0.7058823529411764
0.23529411764705888
-0.5294117647058824
0.17647058823529416
-0.2941176470588235
0.7058823529411764
0.2941176470588236
-0.4117647058823529
0.41176470588235303
-0.17647058823529416
0.6470588235294117
-0.17647058823529416
-0.3529411764705882
0.11764705882352944
0.17647058823529416
0.2941176470588236
0.41176470588235303
0.05882352941176472
0.11764705882352944
0.6470588235294117
-0.2941176470588235
0.11764705882352944
0.17647058823529416
0.5294117647058822
-0.23529411764705888
-0.3529411764705882
0.2941176470588236
0.3529411764705883
-0.05882352941176472
0.41176470588235303
0.2941176470588236
0.3529411764705883
-0.5294117647058824
0.5294117647058822
-0.2941176470588235
-0.8235294117647058
0.6470588235294117
-0.17647058823529416
0.588235294117647
0.7058823529411764
0.23529411764705888
0.2941176470588236
0.588235294117647
0.588235294117647
0.3529411764705883
0.17647058823529416
0.8235294117647058
0.3529411764705883
0.23529411764705888
0.47058823529411775
0.23529411764705888
-0.3529411764705882
0.41176470588235303
-0.8823529411764706
EIGENVECTOR
0.6171925950634158
-0.31961961666739347
-0.9431028043724977
0.9132166022932744
-0.4568739759338919
-0.8555619962772589
0.762027280195894
0.9968248114899381
0.30168143547742643
-0.9853411236872345
-0.9603360822115361
0.061028998626784015
-0.22130905017307512
-0.9373438974979802
-0.9391878518206901
-0.10774464331921618
-0.15130144748160468
-0.9898508686397334
-0.2108557679672718
-0.6447196114190901
-0.9423886485950435
-0.889776438103627
-0.7775800337505789
0.08499389557821613
-0.59132644118705
-0.5291802492936546
-0.8396542222713466
-0.2565062236640434
-0.9401531202065387
0.03216470917495462
-0.9012155499478482
-0.4682675015560517
-0.8286607974577737
-0.3338832602219307
-0.890874728529153
0.35705610271635035
-0.7268572016255128
0.9929343217014741
-0.8625220448402056
-0.5301957784034572
-0.6860485069572408
0.8805044296015259
-0.7984977424200358
0.2385041491914155
-0.4175375193294878
-0.8971710457949306
-0.30848321472186147
-0.8045198952093894
-0.96740574717579
-0.5113490012214874
-0.9758097871381687
-0.940011837698443
-0.25650622366404363
-0.8924326022320568
-0.3319339645824465
-0.02205964829281648
0.6343204916837419
-0.8639520062404453
-0.9186144988683457
0.9121573107578338
-0.8478559868396608
-0.44164765256648975
-0.7745782191892663
-0.7838130365065791
0.20539270503923923
-0.9867553715656968
-0.9360729053938339
-0.9289735267293984
-0.9448482631759881
-0.7444622043927187
-0.9745855114329015
-0.24587838596598288
-0.32122124447852307
0.4666985737472411
-0.17775122167455826
-0.5453294002436189
-0.767409899435296
-0.323679755327125
-0.885258157926263
-0.18511882125267842
-0.6188168291730167
-0.960336082211536
-0.3306835167952842
-0.9462644471592541
-0.6231467291663841
-0.9799601781914619
-0.5781330575681725
-0.996478956971111
-0.9228402581519668
-0.7842069276392452
-0.20404552705195966
0.28784587603961165
-0.9868907414948724
0.018264564363688285
0.8641816042763912
0.7617675472122245
-0.8749385019715608
-0.8281524751321166
-0.9501792517989058
-0.5388749727733808
-0.1286088540744219
-0.8659289503010039
-0.48675204184128606
-0.46473322999057143
0.4836464161755887
-0.8015103460646273
-0.8719832219752746
-0.940529213299675
-0.7894378812088929
-0.8260416460057058
-0.699573316021904
-0.8629158156697121
-0.7424105589926375
-0.8875099003702653
-0.8389610806400171
-0.9031427804599149
1.0
-0.8856441911711949
-0.06854165656821298
-0.8626904146968524
-0.0924035005111884
-0.777580033750579
-0.4349498365348393
-0.636266513524918
-0.7285197035920405
-0.11414796494259516
-0.05484495541271084
-0.35479585028949856
-0.9830380045107902
-0.44381397969354786
-0.5117823214968443
-0.7246298787041303
-0.5048491780998388
-0.812990632074075
-0.4836553779535321
-0.7315959948538265
-0.972846275943802
-0.9701408182939862
0.11535075484283164
0.4086994190913569
0.14689711242449355
-0.9877259642271925
-0.8598209088511319
-0.826678677919835
-0.5597476162269439
-0.9170868303525223
0.56929669631986
-0.5967500970175275
0.8071538136078582
-0.6017476526957777
-0.6483683249693455
-0.6966091162245014
-0.5968932143085182
-0.9790283176363584
-0.563948283425258
-0.8430739066032957
-0.9144984974881784
-0.618634539330936
-0.5737823984631992
-0.8712753000567472
-0.7561024839591786
-0.6544234421369599
-0.9822949238191956
-0.8352243884645071
-0.47823483667560795
-0.9815684972911071
-0.9980926727224222
-0.860439282454567
-0.694851378978259
-0.9713992914329588
-0.833358877712397
-0.7634985800313443
0.8929073330167145
0.12623480739386528
-0.9106555657658675
-0.9841487948205503
-0.33723504541753335
-0.9853411236872346
-0.3961439011230168
-0.889360101457267
-0.7615852257651686
0.8955756395056405
-0.9710620920727452
-0.8752745692947688
-0.8022274503408195
0.7841509888978415
-0.7192970399896166
-0.2889463472410293
-0.9015353715964942
0.1170879460616896
-0.6290931623104767
-0.9274371134495394
-0.9636971109017765
0.43715539869564024
-0.890858738026247
-0.7694400915259498
-0.10369193706330082
-0.16994571097159095
-0.979342517459277
-0.3681466644719217
-0.8713309963485056
-0.9954359225343102
-0.8941035708108719
-0.9756081209553344
-0.7485280521330091
-0.4944078250202598
-0.406815092830179
0.025080847597694467
-0.8591983644840294
-0.709295557383215
-0.817152980542909
-0.5324483246012022
-0.9620611505006793
-0.9713992914329586
0.11658160647398863
0.3260828430101361
-0.0524918960005617
-0.8239773693587787
-0.9396681629853272
-0.07646079960674879
0.8828970720401237
-0.717746675459118
-0.6993507806829986
-0.6084866723636594
-0.3422832804830723
-0.3287775445782105
0.34602848585331736
-0.9166643534336143
-0.6072705303247217
-0.02498226621675348
-0.9217311246891408
0.5601562806267659
-0.6128227761050757
-0.964588001751255
0.5389185731319162
-0.8895924510161426
-0.9510964501443125
-0.27438713874757714
-0.9850400902306643
0.5991939044712731
-0.994402932737791
-0.18450711179189805
-0.2925315964557945
0.4898569995331161
-0.5807758944125718
-0.43174655590167177
-0.21249923371125434
0.7927932846730124
-0.9020178243374315
-0.8768763116810485
-0.9875505163366864
-0.34094565972319757
0.6734782516067406
-0.5827292275168507
-0.8436771037494892
-0.5166645754508683
-0.9519214181545854
-0.6186345393309359
-0.44176343216242275
-0.786050934622719
0.14393563479247629
-0.23592529744090818
-0.9031427804599149
-0.8161449898598643
-0.35508918929239164
0.11041844937959988
-0.239009092558077
-0.7208998104107129
0.14484280721006582
-0.9059957981757378
-0.7875923028471343
-0.9582871067293057
-0.3541634627254161
0.9228202592018584
-0.8281524751321166
-0.24655476973977464
-0.5644580049904696
-0.4270703579736558
-0.7666467418820834
0.34479632741090716
-0.9646736685498813
0.5601562806267657
-0.4673593842885272
-0.4861663370661006
-0.10210877899423365
0.0036157162741623505
-0.9833600575416103
-0.9310856911274922
-0.8159265538408221
-0.9320208510157505
-0.1947364669807381
-0.8009510477929642
-0.5190702871347874
-0.9520081257682671
-0.6659059822476922
-0.9465078315495687
-0.8006557482222936
-0.5967500970175272
-0.9994299792798695
-0.9713992914329587
-0.45133037468041526
-0.10774464331921607
-0.4579512669881812
-0.5937814331779643
-0.5554946598552281
-0.7404005343537098
-0.803462058224065
-0.03929962513477392
-0.7650693013842056
-0.8032838468447996
0.05134982834857982
-0.9166008826605787
0.06822170653959825
-0.8552921900270682
0.718260905804037
-0.2527105532896783
-0.9508589891827316
-0.36087843708672807
-0.866847627976988
0.27594419997246256
-0.7797974183224579
-0.917989771037678
-0.8816048598295658
-0.10289145620579254
-0.6814233202197981
-0.49525500991720084
-0.875968915600384
-0.8673260726419904
0.7534902844295608
-0.9337768594726995
-0.26456255792748096
-0.7919138178264089
-0.8366627834186291
-0.7949299875691557
-0.9899359485081136
-0.37960010576933567
0.17051030160693115
-0.9179777212020008
0.14338329788711945
0.10869314222385595
0.4394693289812288
-0.6418095085606538
-0.7634985800313442
-0.5807848459274734
-0.8171241816145429
0.5392372162738477
-0.5444673715636192
0.17288380046193974
0.8358466817000989
-0.8206278324839194
-0.5672363810401497
-0.25407533060301557
-0.7002523123192387
-0.7005945867123659
-0.796021376681742
-0.641222320475997
0.23032196214272949
-0.5910591514320743
-0.6388075077604181
-0.7135976426853335
-0.8827778332526934
-0.7908900904724332
-1.0
CENT
0.3490955110997316
-0.5349615945817863
-0.9779992721570842
-0.7196499268067913
0.5358936326383179
-0.8329957590386922
-0.313560144571578
-0.41752889134488025
-0.7057909668487679
-0.8611105340841072
-0.986667230710512
-0.6896454601426312
0.46266713518688296
-0.9469730124643058
-0.784142160786874
-0.8515289727424613
-0.5572273140118218
-0.9122236005604437
0.09248682530403984
0.14239373571837355
-0.8413845500494321
-0.9262140297002285
-0.8190789635258996
-0.593298908678412
-0.6226840936026339
0.15617147611242932
-0.5211594961702928
-0.9284225674883321
-0.7972278051904128
-0.4355715678867177
-0.9885746991192468
-0.4435031410285224
-0.5699432800253156
-0.6893894044476809
-0.6030010655649047
-0.5230203908261666
-0.9551807862179127
-0.3784149385708091
-0.6916025487082555
-0.3275422474425357
-0.22018697488178063
-0.6418782363528028
-0.6981963174595911
-0.7117961686671834
-0.9684677286129447
-0.9844676646200718
-0.9467764457774717
-0.8284870152329993
-0.9960633101731954
0.2070323451142122
-0.9736338440019249
-0.5060530673949896
-0.9284225674883321
-0.931802761966681
0.6447495264099672
-0.8096472033722713
-0.6898034214988826
-0.5252426665564062
-0.9282452760986866
-0.5945716338252893
-0.8960910354776417
-0.9598072839721186
-0.15862480676478274
-0.29841526647317385
-0.7925215976584787
-0.8922042722235631
-0.9863283469413104
-0.6525663647383112
-0.96001425295051
-0.5797529625461832
-0.7942259032994803
-0.6248247033840898
-0.5946758770434744
0.046802779831790486
-0.5322827600662903
-0.963887277233125
0.34649028422689865
0.31309532202931245
-0.758535072138494
0.40043309951448336
0.2640898423907543
-0.986667230710512
-0.04110688755352587
-0.9536780550693476
-0.6864948839316618
-0.8449155525216832
-0.4452477409232555
-0.9897254129140888
-0.9488412093790937
-0.9315018640139747
-0.44810591847731374
-0.8090671297928792
-0.999655078184489
-0.7320266761908385
-0.3512457465577762
-0.6102972047372124
-0.8317870385588737
-0.673937352719828
-0.6691837391092057
-0.1717785235184529
-0.423190292246583
-0.8832018386647911
-0.08448995709153051
-0.43152330484841717
-0.5847837991674942
-0.13461978762534454
-0.8510610452639817
-0.5662694663798229
-0.9971404085534049
-0.5570890640331025
-0.539956346131931
-0.9381143326667686
-0.3851644425907219
-0.5903780852499276
-0.8944744633702981
-0.6810886888124853
0.0885681025998728
-0.4711101028956648
-0.3328082883056914
-0.6159565780585017
-0.7661563841600216
-0.8190789635258996
-0.4205016735447308
-0.16573652250584525
0.12574103278516802
-0.24519342938593902
-0.6586516852534501
-0.8509608614790019
-0.7880800557498684
-0.641341779240651
-0.7751791449615174
-0.03674928175460257
-0.31300631797402456
-0.03775420816655306
0.012642596078514146
0.22044236066000478
-0.810066240369597
-0.9972503139581876
-0.20592624060696374
-0.8614685854644671
1.0
-0.9037758466160682
-0.9091481165786695
-0.6767903958851869
-0.524442555796381
-0.8655510200865729
-0.03654101713456315
-0.9005312574796857
-0.02935234353601035
-0.9939601331417931
-0.9843609928847935
-0.29055856016731785
-0.5249428271461507
-0.9852846171005999
-0.8504094839984543
-0.9584679256184624
-0.9428812438226785
-0.948957099036175
0.5256358475105909
-0.7705015987758015
-0.7259473548060131
-0.8367143673757125
-0.8284279368005647
-0.8989219097069233
-0.46472626895631786
-0.9995158520690463
-0.9864043940897624
-0.9352515421578212
-0.9237049208483034
-0.9711118240012359
-0.6540721777171912
-0.5334658555652705
-0.5649924778497788
-0.03596033413387334
-0.1878579555469716
-0.9061024153795106
-0.36317526056373894
-0.8611105340841072
-0.05409449212638584
-0.9667956646174052
-0.6796285273079399
-0.6371844640097202
-0.9803101578652431
-0.9555890311070383
-0.8705312876221314
-0.28794142553284163
-0.3526924648992009
-0.8043931986632724
-0.7689813854100478
-0.509536645682275
-0.915568462051896
-0.9970507655342942
-0.9940043370819058
-0.8388218228933089
-0.8909079338866867
-0.8026779881949793
-0.7163271974949337
-0.8972813323214026
-0.9979676855521202
-0.9340168643133395
-0.9576350499403118
-0.9691703581297167
-0.32127721923902364
-0.8755078279002535
-0.4103088891105552
-0.9944593070773579
-0.6940322236581139
-0.4129565314438908
-0.7315209446005604
-0.7350638997474421
-0.9010412012410374
-0.37900430039569977
-0.7655509147286469
-0.9711118240012359
-0.8800989117314668
-0.6832192914679609
-0.8240997614077035
-0.697844001418321
-0.9710672545364087
-0.8997149549033654
-0.5450188869641579
-0.4698846695432307
-0.6270227014095282
0.06167115802269407
-0.9341623432285878
-0.6551684202402754
0.05331188082749794
-0.9736716706491942
-0.40668784595112684
0.6504783719594838
-0.26896247280194896
-0.6652656374396055
-0.5270198307932348
-0.9956826227852706
-0.5967676859251392
-0.9365915482749582
-0.49743509405654973
-0.9230581435838412
-0.8514821676444666
-0.43442776843655817
-0.9786240539556266
-0.33993967311305795
-0.0737048059524199
-0.1797489964893325
-0.37353233142452347
-0.929187291804066
-0.8812675886771901
-0.2766880162883134
-0.9669445500683299
-0.9230479253407178
-0.9790403940128133
-0.37777274374147884
-0.219739272655038
0.1285126982334006
-0.8523000462047249
-0.059056249701547214
-0.9927247131468531
-0.948957099036175
-0.40121641248100215
-0.5293510535656303
-0.19696063580609413
-0.7536024328325199
-0.6810886888124853
-0.3799668907907786
-0.708117434309175
-0.7863964158960195
-0.5896010474193283
-0.811301353258425
-0.10399224286224062
-0.8018261742177739
-0.707176251048121
-0.9937929109494398
-0.18464921756704522
0.0314144122550859
-0.673937352719828
-0.7468039989000158
0.07831659615166431
0.13854117852516068
-0.7085658910397132
-0.7822698327507877
-0.6108947040269728
-0.6652656374396055
-0.9237436601530988
-0.8049279933442658
-0.9463276297975026
-0.6596542671278338
-0.8518292911232681
-0.9612992247682826
-0.6487462372874551
-0.6718961143755952
0.1619842361909365
-0.8007792721895564
0.01726500577565826
-0.542132210304088
-0.31182877962723754
-0.9625831828673718
-0.7288249501222698
-0.9005312574796857
-0.9987602540262392
-0.9711118240012359
-0.731029711532362
-0.8515289727424613
-0.014319536272951905
-0.6534384094055867
-0.9695024868925894
-0.44755193227694934
-0.73003099284263
-0.6602070348850365
-0.6163041223731425
-0.976510988569549
-0.8256541467719716
-0.6142325622417799
-0.7667207645081476
-0.8831093658383573
-0.7690442580331083
-0.8872169525354
-0.8322209746741821
-0.4369614617098959
-0.9843877433841772
0.058312292503029495
-0.6174670192195238
-0.9802601893500658
-0.8959720265897531
-0.5196488405738589
-0.2896092904366325
-0.329962668301384
-0.9206021749434277
-0.24283649636318072
-0.541891723825165
-0.8507387849089322
-0.8706008771966876
-0.5365540835758251
-0.5795054273593754
-0.35263932739108383
-0.9207829646743667
-0.9148669739002459
-0.868878801546365
-0.8830804648385696
0.058712829209672135
-0.5640482773172117
-0.8585910091945431
-0.9945596918692607
-0.5334658555652705
-0.9869721945793469
-0.9998224419482902
-0.481638652976057
-0.8868989068008177
0.2856474941094864
-0.5228151096306808
-0.2135306796365859
-0.5320487940265717
0.2915723479545218
-0.6186378927149008
-0.5862204759966544
-0.613683485803904
-0.32467153480600874
-0.71250426981628
-0.3028364366912004
-0.6022781168751775
-0.6403048476741147
-0.8738209088435308
-0.7750764629178657
-1.0
DEGREE_RANK
0.8950276243093924
0.41436464088397806
-0.7348066298342542
0.834254143646409
0.14917127071823222
-0.49723756906077354
0.6685082872928176
0.9944751381215469
0.6740331491712708
-0.4917127071823204
-0.6574585635359116
0.5524861878453038
0.6795580110497239
-0.569060773480663
-0.7955801104972375
0.044198895027624197
0.30386740331491713
-0.6519337016574586
0.04972375690607733
0.30939226519337004
-0.5635359116022098
-0.3425414364640884
-0.09944751381215466
0.7403314917127073
-0.19337016574585641
0.7458563535911604
0.1546961325966849
0.3149171270718232
-0.6464088397790055
0.16022099447513805
-0.48618784530386727
-0.25966850828729293
0.41988950276243076
0.3204419889502763
-0.729281767955801
0.5580110497237569
-0.861878453038674
0.983425414364641
0.16574585635359118
0.17127071823204432
0.32596685082872945
0.9005524861878453
0.6850828729281768
0.5635359116022101
-0.2541436464088398
-0.41988950276243087
0.05524861878453047
0.4254143646408839
-0.7900552486187845
0.06077348066298338
-0.8563535911602209
-0.3370165745856353
0.33149171270718214
-0.33149171270718225
0.569060773480663
-0.09392265193370164
0.7513812154696131
-0.41436464088397795
-0.32596685082872934
0.9502762430939227
-0.0883977900552485
-0.5580110497237569
-0.40883977900552493
-0.4033149171270718
0.430939226519337
-0.9116022099447514
-0.8176795580110497
-0.3204419889502763
-0.7237569060773481
-0.18784530386740328
-0.850828729281768
0.7569060773480663
0.43646408839779016
0.8397790055248617
-0.18232044198895025
-0.48066298342541447
-0.17679558011049712
0.8453038674033149
-0.47513812154696133
0.4419889502762431
0.5745856353591159
-0.6408839779005524
-0.08287292817679559
-0.9502762430939227
-0.5248618784530387
-1.0
0.580110497237569
-0.9005524861878453
-0.39779005524861866
-0.8950276243093922
-0.17127071823204432
0.4475138121546962
-0.9834254143646409
0.3370165745856353
0.9281767955801103
0.9060773480662982
-0.07734806629834257
-0.6353591160220995
-0.3149171270718232
-0.24861878453038666
0.3425414364640884
-0.07182320441988943
-0.30939226519337004
0.5856353591160222
0.34806629834254155
0.6906077348066297
0.17679558011049723
-0.39226519337016585
-0.9447513812154696
0.5911602209944753
-0.24309392265193364
-0.4696132596685083
0.4530386740331491
0.18232044198895014
-0.0662983425414364
-0.16574585635359118
1.0
-0.3867403314917127
0.0662983425414363
-0.7845303867403315
0.07182320441988943
-0.06077348066298349
0.45856353591160226
0.18784530386740328
0.07734806629834257
0.4640883977900552
0.850828729281768
0.19337016574585641
-0.8121546961325967
-0.4640883977900552
0.0828729281767957
0.35359116022099446
-0.05524861878453036
-0.6298342541436464
0.5966850828729282
0.9337016574585635
-0.3812154696132596
-0.8066298342541436
0.4696132596685083
0.47513812154696144
0.6961325966850829
-0.5524861878453038
-0.16022099447513805
0.701657458563536
0.3591160220994474
-0.30386740331491724
0.7624309392265194
-0.6243093922651933
0.7679558011049725
-0.8011049723756906
-0.8895027624309392
0.9558011049723756
0.3646408839779005
-0.9613259668508287
-0.15469613259668502
-0.9558011049723757
-0.7790055248618785
-0.7734806629834254
-0.2983425414364641
0.08839779005524862
0.6022099447513811
-0.04972375690607733
-0.5469613259668509
0.09392265193370153
0.37016574585635365
-0.994475138121547
-0.9392265193370166
0.09944751381215466
-0.7679558011049723
-0.9337016574585635
-0.044198895027624197
0.7071823204419889
0.8563535911602211
0.19889502762430933
-0.718232044198895
-0.8839779005524862
0.6077348066298343
-0.45856353591160226
0.48066298342541436
-0.29281767955801097
0.20441988950276246
0.861878453038674
-0.8784530386740331
-0.28729281767955794
-0.23756906077348072
0.7734806629834254
-0.5414364640883977
0.6132596685082874
-0.03867403314917128
0.6187845303867403
-0.6187845303867403
-0.712707182320442
-0.7071823204419889
0.6243093922651934
-0.37569060773480656
-0.03314917127071826
0.867403314917127
-0.2320441988950276
-0.9779005524861878
-0.45303867403314924
-0.027624309392265123
-0.8453038674033149
-0.6132596685082873
-0.7624309392265194
0.7790055248618784
-0.4475138121546961
-0.28176795580110503
0.20994475138121538
-0.2762430939226519
-0.022099447513812098
-0.1491712707182321
0.48618784530386727
-0.7016574585635359
-0.9281767955801105
0.2154696132596685
0.6298342541436464
0.22099447513812143
-0.22651933701657456
-0.6961325966850829
-0.37016574585635365
0.988950276243094
0.22651933701657456
-0.016574585635359185
0.9613259668508287
-0.5193370165745856
0.4917127071823204
0.6353591160220995
-0.6906077348066297
-0.011049723756906049
0.49723756906077354
-0.44198895027624296
0.7845303867403315
0.5027624309392267
-0.7569060773480663
0.7127071823204421
-0.14364640883977897
-0.3646408839779006
-0.3591160220994475
-0.6850828729281768
0.7900552486187846
-0.8397790055248618
-0.13812154696132595
-0.0055248618784530246
0.718232044198895
-0.1325966850828728
-0.35359116022099435
0.6408839779005524
0.9392265193370166
-0.6077348066298343
-0.22099447513812143
-0.8729281767955801
0.6464088397790055
0.9668508287292819
0.9116022099447514
0.5082872928176794
0.7955801104972375
-0.8674033149171271
-0.7513812154696132
0.6519337016574587
0.8011049723756907
0.9447513812154698
-0.27071823204419887
-0.1270718232044199
-0.7458563535911602
0.1049723756906078
0.37569060773480656
0.8729281767955801
-0.21546961325966862
0.2320441988950277
-0.2099447513812155
0.23756906077348083
-0.8342541436464088
0.24309392265193353
0.9723756906077348
-0.6022099447513811
-1.1102230246251565e-16
0.8066298342541436
0.3812154696132597
0.11049723756906071
0.5138121546961325
-0.43646408839779016
0.8121546961325967
-0.20441988950276235
0.0055248618784529135
-0.430939226519337
0.24861878453038666
-0.5966850828729282
-0.5359116022099447
-0.12154696132596687
-0.9060773480662984
0.5193370165745856
0.2541436464088398
0.6574585635359116
-0.26519337016574573
0.5248618784530388
-0.6795580110497237
0.11602209944751385
-0.5911602209944751
-0.9723756906077348
-0.9226519337016574
0.25966850828729293
0.12154696132596676
0.7237569060773481
0.26519337016574585
-0.4254143646408839
0.011049723756906049
0.27071823204419876
0.38674033149171283
0.016574585635359185
-0.9171270718232044
0.1270718232044199
-0.8287292817679558
0.022099447513812098
-0.5856353591160222
0.9171270718232045
0.2762430939226519
-0.7403314917127072
0.5303867403314917
-0.5138121546961325
0.8784530386740332
-0.5082872928176796
-0.6740331491712708
-0.11602209944751374
0.027624309392265234
0.28176795580110503
0.5359116022099448
-0.19889502762430933
-0.11049723756906071
0.8839779005524862
-0.580110497237569
-0.1049723756906078
0.03314917127071815
0.729281767955801
-0.5303867403314917
-0.6685082872928176
0.28729281767955794
0.39226519337016574
-0.34806629834254155
0.5414364640883977
0.2928176795580111
0.39779005524861866
-0.8232044198895028
0.7348066298342542
-0.574585635359116
-0.9668508287292817
0.8895027624309393
-0.5027624309392266
0.8176795580110496
0.9226519337016577
0.1325966850828728
0.2983425414364642
0.8232044198895028
0.8287292817679559
0.4033149171270718
0.03867403314917128
0.9779005524861879
0.40883977900552493
0.13812154696132595
0.6629834254143645
0.14364640883977908
-0.6629834254143646
0.5469613259668509
-0.988950276243094
EIGENVECTOR_RANK
0.8839779005524862
0.43646408839779016
-0.7348066298342542
0.9779005524861879
0.2928176795580111
-0.4033149171270718
0.9171270718232045
0.9944751381215469
0.7900552486187846
-0.9281767955801105
-0.7900552486187845
0.6795580110497239
0.5138121546961325
-0.6961325966850829
-0.7016574585635359
0.580110497237569
0.5635359116022101
-0.9613259668508287
0.5248618784530388
0.011049723756906049
-0.729281767955801
-0.5414364640883977
-0.17679558011049712
0.6906077348066297
0.11049723756906071
0.20441988950276246
-0.37569060773480656
0.47513812154696144
-0.718232044198895
0.6685082872928176
-0.574585635359116
0.27071823204419876
-0.34806629834254155
0.4033149171270718
-0.5524861878453038
0.8121546961325967
-0.0883977900552485
0.988950276243094
-0.4254143646408839
0.19889502762430933
-0.016574585635359185
0.9502762430939227
-0.24309392265193364
0.7734806629834254
0.3370165745856353
-0.569060773480663
0.4419889502762431
-0.28176795580110503
-0.8232044198895028
0.22651933701657456
-0.8729281767955801
-0.712707182320442
0.4696132596685083
-0.5580110497237569
0.40883977900552493
0.6464088397790055
0.8895027624309393
-0.44198895027624296
-0.6464088397790055
0.9723756906077348
-0.39226519337016585
0.3149171270718232
-0.17127071823204432
-0.19337016574585641
0.7624309392265194
-0.9392265193370166
-0.6906077348066297
-0.6685082872928176
-0.7403314917127072
-0.11602209944751374
-0.861878453038674
0.49723756906077354
0.430939226519337
0.834254143646409
0.5524861878453038
0.17679558011049723
-0.16022099447513805
0.4254143646408839
-0.5138121546961325
0.5414364640883977
0.04972375690607733
-0.7955801104972375
0.41436464088397806
-0.7458563535911602
0.044198895027624197
-0.8895027624309392
0.13812154696132595
-0.9834254143646409
-0.6574585635359116
-0.19889502762430933
0.5303867403314917
0.7845303867403315
-0.9447513812154696
0.6574585635359116
0.9447513812154698
0.9116022099447514
-0.48066298342541447
-0.3425414364640884
-0.7569060773480663
0.18784530386740328
0.569060773480663
-0.4475138121546961
0.24861878453038666
0.28176795580110503
0.8397790055248617
-0.25966850828729293
-0.47513812154696133
-0.7237569060773481
-0.21546961325966862
-0.32596685082872934
-0.03867403314917128
-0.43646408839779016
-0.11049723756906071
-0.5248618784530387
-0.37016574585635365
-0.5911602209944751
1.0
-0.5193370165745856
0.6187845303867403
-0.430939226519337
0.6077348066298343
-0.18232044198895025
0.3204419889502763
0.03314917127071815
-0.09392265193370164
0.5745856353591159
0.6243093922651934
0.37569060773480656
-0.9060773480662984
0.30386740331491713
0.22099447513812143
-0.08287292817679559
0.2320441988950277
-0.28729281767955794
0.25966850828729293
-0.09944751381215466
-0.8563535911602209
-0.8287292817679558
0.7071823204419889
0.8176795580110496
0.7458563535911604
-0.9558011049723757
-0.41436464088397795
-0.33149171270718225
0.16574585635359118
-0.6298342541436464
0.8729281767955801
0.09392265193370153
0.9337016574585635
0.0828729281767957
0.0055248618784529135
-0.027624309392265123
0.08839779005524862
-0.8784530386740331
0.16022099447513805
-0.3812154696132596
-0.6132596685082873
0.06077348066298338
0.14364640883977908
-0.4640883977900552
-0.1270718232044199
-1.1102230246251565e-16
-0.9005524861878453
-0.3591160220994475
0.26519337016574585
-0.8950276243093922
-0.988950276243094
-0.41988950276243087
-0.022099447513812098
-0.8453038674033149
-0.35359116022099435
-0.13812154696132595
0.9613259668508287
0.7237569060773481
-0.6077348066298343
-0.9171270718232044
0.39779005524861866
-0.9337016574585635
0.34806629834254155
-0.5303867403314917
-0.1325966850828728
0.9668508287292819
-0.8342541436464088
-0.48618784530386727
-0.26519337016574573
0.9226519337016577
-0.07182320441988943
0.4530386740331491
-0.580110497237569
0.718232044198895
0.03867403314917128
-0.6629834254143646
-0.8066298342541436
0.8232044198895028
-0.5469613259668509
-0.16574585635359118
0.5911602209944753
0.5580110497237569
-0.8839779005524862
0.3591160220994474
-0.4696132596685083
-0.9779005524861878
-0.5635359116022098
-0.8674033149171271
-0.12154696132596687
0.24309392265193353
0.3425414364640884
0.6629834254143645
-0.40883977900552493
-0.05524861878453036
-0.30939226519337004
0.19337016574585641
-0.8011049723756906
-0.8397790055248618
0.7127071823204421
0.7955801104972375
0.6298342541436464
-0.3204419889502763
-0.7071823204419889
0.6132596685082874
0.9558011049723756
-0.0662983425414364
-0.03314917127071826
0.07182320441988943
0.38674033149171283
0.41988950276243076
0.8066298342541436
-0.6243093922651933
0.07734806629834257
0.6408839779005524
-0.6519337016574586
0.861878453038674
0.0662983425414363
-0.8121546961325967
0.850828729281768
-0.5359116022099447
-0.7679558011049723
0.45856353591160226
-0.9226519337016574
0.8784530386740332
-0.9723756906077348
0.5469613259668509
0.4475138121546962
0.8453038674033149
0.1325966850828728
0.32596685082872945
0.5193370165745856
0.9281767955801103
-0.5856353591160222
-0.49723756906077354
-0.9502762430939227
0.39226519337016574
0.8950276243093924
0.12154696132596676
-0.3867403314917127
0.2154696132596685
-0.7734806629834254
0.05524861878453047
0.30939226519337004
-0.20441988950276235
0.7348066298342542
0.5082872928176794
-0.5966850828729282
-0.2983425414364641
0.37016574585635365
0.701657458563536
0.5027624309392267
-0.07734806629834257
0.7403314917127073
-0.6022099447513811
-0.2099447513812155
-0.7845303867403315
0.3812154696132597
0.983425414364641
-0.3370165745856353
0.4917127071823204
0.1546961325966849
0.33149171270718214
-0.15469613259668502
0.8011049723756907
-0.8176795580110497
0.867403314917127
0.2762430939226519
0.2541436464088398
0.6022099447513811
0.6519337016574587
-0.9116022099447514
-0.6740331491712708
-0.29281767955801097
-0.6795580110497237
0.5359116022099448
-0.2541436464088398
0.20994475138121538
-0.7790055248618785
-0.0055248618784530246
-0.7513812154696132
-0.24861878453038666
0.09944751381215466
-0.994475138121547
-0.850828729281768
0.2983425414364642
0.5856353591160222
0.28729281767955794
0.1049723756906078
0.17127071823204432
-0.1049723756906078
-0.2762430939226519
0.6353591160220995
-0.1491712707182321
-0.27071823204419887
0.6740331491712708
-0.6187845303867403
0.6850828729281768
-0.39779005524861866
0.9005524861878453
0.48618784530386727
-0.7624309392265194
0.3646408839779005
-0.45303867403314924
0.7790055248618784
-0.18784530386740328
-0.6408839779005524
-0.5027624309392266
0.5966850828729282
-0.011049723756906049
0.23756906077348083
-0.4917127071823204
-0.45856353591160226
0.9060773480662982
-0.6850828729281768
0.4640883977900552
-0.22651933701657456
-0.3646408839779006
-0.2320441988950276
-0.9668508287292817
0.35359116022099446
0.7513812154696131
-0.6353591160220995
0.729281767955801
0.6961325966850829
0.8287292817679559
0.016574585635359185
-0.14364640883977897
0.1270718232044199
-0.30386740331491724
0.8563535911602211
0.18232044198895014
0.7569060773480663
0.9392265193370166
-0.3149171270718232
0.14917127071823222
0.48066298342541436
-0.044198895027624197
-0.04972375690607733
-0.23756906077348072
0.022099447513812098
0.7679558011049725
0.11602209944751385
0.027624309392265234
-0.06077348066298349
-0.5082872928176796
-0.22099447513812143
-1.0
CENT_RANK
0.9613259668508287
0.3425414364640884
-0.8232044198895028
-0.06077348066298349
0.983425414364641
-0.2983425414364641
0.6298342541436464
0.5138121546961325
-0.022099447513812098
-0.3867403314917127
-0.8895027624309392
0.011049723756906049
0.9723756906077348
-0.6795580110497237
-0.17127071823204432
-0.3591160220994475
0.30386740331491713
-0.5469613259668509
0.8839779005524862
0.9060773480662982
-0.3149171270718232
-0.5966850828729282
-0.25966850828729293
0.24309392265193353
0.16574585635359118
0.9116022099447514
0.40883977900552493
-0.6132596685082873
-0.19889502762430933
0.48618784530386727
-0.9005524861878453
0.47513812154696144
0.28176795580110503
0.016574585635359185
0.2154696132596685
0.39779005524861866
-0.7071823204419889
0.5580110497237569
-1.1102230246251565e-16
0.6132596685082874
0.6961325966850829
0.1325966850828728
-0.016574585635359185
-0.044198895027624197
-0.7679558011049723
-0.861878453038674
-0.6740331491712708
-0.28176795580110503
-0.9502762430939227
0.9226519337016577
-0.8066298342541436
0.4254143646408839
-0.6077348066298343
-0.6298342541436464
0.988950276243094
-0.23756906077348072
0.0055248618784529135
0.3812154696132597
-0.6022099447513811
0.23756906077348083
-0.4917127071823204
-0.729281767955801
0.7513812154696131
0.6519337016574587
-0.18784530386740328
-0.47513812154696133
-0.8729281767955801
0.12154696132596676
-0.7348066298342542
0.27071823204419876
-0.19337016574585641
0.16022099447513805
0.2320441988950277
0.8453038674033149
0.3591160220994474
-0.7513812154696132
0.9558011049723756
0.9502762430939227
-0.11602209944751374
0.9668508287292819
0.9337016574585635
-0.8839779005524862
0.7900552486187846
-0.7016574585635359
0.022099447513812098
-0.3204419889502763
0.4696132596685083
-0.9060773480662984
-0.6850828729281768
-0.6243093922651933
0.45856353591160226
-0.2320441988950276
-0.988950276243094
-0.09392265193370164
0.5911602209944753
0.20994475138121538
-0.28729281767955794
0.05524861878453047
0.07182320441988943
0.7403314917127073
0.5027624309392267
-0.45303867403314924
0.7679558011049725
0.49723756906077354
0.26519337016574585
0.7569060773480663
-0.3425414364640884
0.28729281767955794
-0.9613259668508287
0.30939226519337004
0.33149171270718214
-0.6574585635359116
0.5414364640883977
0.24861878453038666
-0.48066298342541447
0.03314917127071815
0.8784530386740332
0.4419889502762431
0.6022099447513811
0.18784530386740328
-0.1270718232044199
-0.2541436464088398
0.5082872928176794
0.7458563535911604
0.8895027624309393
0.6850828729281768
0.09944751381215466
-0.3370165745856353
-0.18232044198895025
0.13812154696132595
-0.16022099447513805
0.8011049723756907
0.6353591160220995
0.7955801104972375
0.8287292817679559
0.9281767955801103
-0.24309392265193364
-0.9668508287292817
0.7127071823204421
-0.39226519337016585
1.0
-0.5303867403314917
-0.5414364640883977
0.04972375690607733
0.39226519337016574
-0.39779005524861866
0.8066298342541436
-0.5193370165745856
0.8176795580110496
-0.9226519337016574
-0.850828729281768
0.6574585635359116
0.38674033149171283
-0.8674033149171271
-0.32596685082872934
-0.7237569060773481
-0.6629834254143646
-0.6961325966850829
0.9779005524861879
-0.1491712707182321
-0.0662983425414364
-0.30386740331491724
-0.2762430939226519
-0.5027624309392266
0.4530386740331491
-0.9834254143646409
-0.8784530386740331
-0.6464088397790055
-0.5856353591160222
-0.8011049723756906
0.11049723756906071
0.34806629834254155
0.2928176795580111
0.8121546961325967
0.7237569060773481
-0.5359116022099447
0.5745856353591159
-0.3812154696132596
0.7845303867403315
-0.7569060773480663
0.044198895027624197
0.14917127071823222
-0.8453038674033149
-0.712707182320442
-0.40883977900552493
0.6685082872928176
0.580110497237569
-0.22099447513812143
-0.13812154696132595
0.41988950276243076
-0.5580110497237569
-0.9558011049723757
-0.9281767955801105
-0.30939226519337004
-0.4696132596685083
-0.21546961325966862
-0.05524861878453036
-0.49723756906077354
-0.9723756906077348
-0.6353591160220995
-0.718232044198895
-0.7734806629834254
0.6243093922651934
-0.4254143646408839
0.5248618784530388
-0.9337016574585635
-0.0055248618784530246
0.5193370165745856
-0.0883977900552485
-0.09944751381215466
-0.5248618784530387
0.5524861878453038
-0.12154696132596687
-0.7955801104972375
-0.430939226519337
0.027624309392265234
-0.26519337016574573
-0.011049723756906049
-0.7845303867403315
-0.5082872928176796
0.3149171270718232
0.4475138121546962
0.1546961325966849
0.867403314917127
-0.6408839779005524
0.1049723756906078
0.850828729281768
-0.8121546961325967
0.5303867403314917
0.9944751381215469
0.6795580110497239
0.07734806629834257
0.37569060773480656
-0.9447513812154696
0.22651933701657456
-0.6519337016574586
0.430939226519337
-0.580110497237569
-0.34806629834254155
0.4917127071823204
-0.8287292817679558
0.5966850828729282
0.7734806629834254
0.7348066298342542
0.569060773480663
-0.6187845303867403
-0.43646408839779016
0.6740331491712708
-0.7624309392265194
-0.574585635359116
-0.8342541436464088
0.5635359116022101
0.701657458563536
0.8950276243093924
-0.37016574585635365
0.7790055248618784
-0.9116022099447514
-0.6906077348066297
0.5359116022099448
0.37016574585635365
0.718232044198895
-0.11049723756906071
0.03867403314917128
0.5469613259668509
-0.03314917127071826
-0.17679558011049712
0.2541436464088398
-0.24861878453038666
0.7624309392265194
-0.2099447513812155
-0.027624309392265123
-0.9171270718232044
0.729281767955801
0.8397790055248617
0.06077348066298338
-0.1049723756906078
0.8729281767955801
0.9005524861878453
-0.03867403314917128
-0.16574585635359118
0.20441988950276246
0.0828729281767957
-0.5911602209944751
-0.22651933701657456
-0.6685082872928176
0.09392265193370153
-0.3646408839779006
-0.7403314917127072
0.1270718232044199
0.0662983425414363
0.9171270718232045
-0.20441988950276235
0.834254143646409
0.3204419889502763
0.6408839779005524
-0.7458563535911602
-0.07182320441988943
-0.5138121546961325
-0.9779005524861878
-0.7900552486187845
-0.08287292817679559
-0.35359116022099435
0.8232044198895028
0.11602209944751385
-0.7790055248618785
0.4640883977900552
-0.07734806629834257
0.08839779005524862
0.18232044198895014
-0.8176795580110497
-0.27071823204419887
0.19337016574585641
-0.1325966850828728
-0.4475138121546961
-0.14364640883977897
-0.4640883977900552
-0.29281767955801097
0.48066298342541436
-0.8563535911602209
0.8563535911602211
0.17679558011049723
-0.8397790055248618
-0.48618784530386727
0.41436464088397806
0.6629834254143645
0.6077348066298343
-0.5635359116022098
0.6906077348066297
0.32596685082872945
-0.33149171270718225
-0.41436464088397795
0.3370165745856353
0.2762430939226519
0.5856353591160222
-0.569060773480663
-0.5524861878453038
-0.4033149171270718
-0.44198895027624296
0.861878453038674
0.2983425414364642
-0.37569060773480656
-0.9392265193370166
0.35359116022099446
-0.8950276243093922
-0.994475138121547
0.43646408839779016
-0.45856353591160226
0.9392265193370166
0.4033149171270718
0.7071823204419889
0.3646408839779005
0.9447513812154698
0.17127071823204432
0.25966850828729293
0.19889502762430933
0.6187845303867403
-0.04972375690607733
0.6464088397790055
0.22099447513812143
0.14364640883977908
-0.41988950276243087
-0.15469613259668502
-1.0
RANK
362
344
92
165
298
198
137
108
191
48
233
341
205
192
149
271
256
87
30
343
10
81
166
66
153
45
318
150
182
321
250
240
2
309
227
50
169
213
299
218
304
201
44
248
179
75
295
287
68
61
155
200
183
36
83
157
257
88
13
46
284
156
111
235
167
224
199
53
89
245
27
52
58
21
282
168
237
249
334
326
190
335
17
142
175
141
210
147
297
219
163
197
60
322
114
65
194
315
346
101
313
337
246
214
203
360
330
184
336
145
139
9
177
340
254
286
15
301
238
106
127
329
154
85
20
193
161
5
316
96
47
162
310
216
22
121
267
136
55
91
283
187
195
269
291
28
70
64
128
265
14
279
130
361
159
314
188
312
120
212
78
261
275
209
93
208
300
306
296
160
3
196
356
43
278
264
270
8
42
217
206
38
56
11
33
84
215
115
262
180
143
97
274
289
98
231
281
307
285
126
225
170
303
67
288
41
129
359
181
222
71
24
352
320
308
119
311
354
280
95
34
358
234
72
59
23
113
266
353
104
69
332
32
107
172
339
16
109
220
293
328
110
331
1
171
342
74
350
259
232
57
152
144
35
348
26
323
189
51
236
345
117
221
164
90
305
86
31
317
29
239
103
100
122
7
207
204
228
258
112
263
211
37
251
244
176
186
333
94
241
118
325
39
355
202
6
132
294
357
63
151
324
185
247
230
125
327
40
252
349
138
260
174
272
243
99
123
62
105
268
102
242
255
178
82
133
131
146
173
148
302
134
292
273
73
226
319
338
223
276
116
18
124
253
277
19
25
290
49
135
80
347
351
77
76
0
79
12
158
4
54
229
140
