DEGREE
-0.1333333333333333
0.06666666666666665
0.6000000000000001
0.1333333333333333
-0.1333333333333333
0.6000000000000001
0.2666666666666666
0.0
0.33333333333333326
0.33333333333333326
-0.06666666666666665
0.2666666666666666
0.46666666666666656
0.1333333333333333
0.6666666666666667
0.33333333333333326
0.33333333333333326
0.06666666666666665
-0.06666666666666665
0.6666666666666667
-0.4
-0.1333333333333333
0.19999999999999996
-0.7333333333333334
0.06666666666666665
-0.4
0.06666666666666665
-0.06666666666666665
-0.06666666666666665
0.19999999999999996
0.0
-0.1333333333333333
0.6000000000000001
0.8666666666666667
-0.5333333333333333
-0.33333333333333337
0.2666666666666666
0.46666666666666656
-0.4
0.2666666666666666
0.06666666666666665
0.46666666666666656
0.8666666666666667
-0.06666666666666665
0.0
0.6000000000000001
0.3999999999999999
-0.2666666666666667
0.46666666666666656
-0.33333333333333337
0.33333333333333326
0.33333333333333326
-0.1333333333333333
0.1333333333333333
-0.33333333333333337
0.46666666666666656
0.06666666666666665
0.7333333333333334
-0.4666666666666667
-0.2666666666666667
0.8
0.6666666666666667
-0.33333333333333337
0.3999999999999999
0.1333333333333333
0.1333333333333333
0.19999999999999996
-0.1333333333333333
0.5333333333333334
0.06666666666666665
-0.33333333333333337
-0.06666666666666665
-0.4
-0.1333333333333333
0.0
0.8666666666666667
0.7333333333333334
0.6000000000000001
0.0
-0.06666666666666665
0.0
0.1333333333333333
-0.06666666666666665
0.1333333333333333
0.8
-0.06666666666666665
-0.1333333333333333
-0.2666666666666667
-0.06666666666666665
-0.33333333333333337
-0.4
0.2666666666666666
-0.5333333333333333
0.06666666666666665
0.19999999999999996
0.0
0.33333333333333326
0.0
-0.06666666666666665
0.46666666666666656
0.6666666666666667
-0.2666666666666667
-0.1333333333333333
-0.06666666666666665
-0.4
-0.1333333333333333
-0.4
0.33333333333333326
-0.9333333333333333
0.2666666666666666
-0.1333333333333333
0.8666666666666667
-0.4666666666666667
-0.33333333333333337
0.33333333333333326
-0.33333333333333337
-0.4666666666666667
-0.2666666666666667
0.6000000000000001
-0.06666666666666665
0.1333333333333333
-0.8666666666666667
0.0
0.8666666666666667
-0.4
-0.06666666666666665
0.5333333333333334
-0.2666666666666667
-0.06666666666666665
0.7333333333333334
0.1333333333333333
0.0
-0.6
-0.06666666666666665
-0.6
-0.06666666666666665
0.06666666666666665
0.06666666666666665
-0.33333333333333337
0.19999999999999996
-0.6666666666666667
0.33333333333333326
0.0
-0.2666666666666667
-0.4666666666666667
0.1333333333333333
0.7333333333333334
0.2666666666666666
-0.19999999999999996
0.6000000000000001
0.2666666666666666
-0.33333333333333337
0.19999999999999996
0.2666666666666666
-0.4
0.8
-0.6
0.1333333333333333
-0.6
0.0
-0.19999999999999996
-0.4
0.8
0.06666666666666665
0.5333333333333334
-0.06666666666666665
-0.2666666666666667
-0.6666666666666667
0.6666666666666667
-0.2666666666666667
0.2666666666666666
0.06666666666666665
-0.1333333333333333
0.33333333333333326
0.3999999999999999
-0.2666666666666667
-0.1333333333333333
0.06666666666666665
0.0
0.0
0.8666666666666667
0.19999999999999996
1.0
-0.2666666666666667
0.5333333333333334
0.1333333333333333
0.46666666666666656
-0.4
-0.8666666666666667
-0.06666666666666665
0.6000000000000001
0.1333333333333333
-0.06666666666666665
0.6666666666666667
0.06666666666666665
-0.06666666666666665
-0.6
0.0
-0.7333333333333334
0.06666666666666665
0.7333333333333334
-0.4
-0.19999999999999996
-0.06666666666666665
0.3999999999999999
-0.6666666666666667
-0.2666666666666667
0.06666666666666665
-0.06666666666666665
-0.5333333333333333
-0.19999999999999996
-0.6
0.5333333333333334
-0.06666666666666665
-0.33333333333333337
0.6000000000000001
-0.5333333333333333
0.0
0.1333333333333333
-0.5333333333333333
0.7333333333333334
0.1333333333333333
-0.6
0.3999999999999999
0.19999999999999996
0.8
0.06666666666666665
0.7333333333333334
-0.4
0.06666666666666665
-0.19999999999999996
-0.1333333333333333
-0.2666666666666667
0.19999999999999996
0.6666666666666667
0.6000000000000001
0.33333333333333326
-0.2666666666666667
0.6000000000000001
0.7333333333333334
-0.2666666666666667
0.06666666666666665
-0.19999999999999996
-0.2666666666666667
0.19999999999999996
-0.4
0.0
0.1333333333333333
-0.33333333333333337
0.06666666666666665
-0.5333333333333333
0.1333333333333333
-0.06666666666666665
-0.4666666666666667
-0.5333333333333333
-0.1333333333333333
-0.33333333333333337
0.06666666666666665
-0.19999999999999996
0.1333333333333333
0.6666666666666667
0.33333333333333326
0.9333333333333333
0.8666666666666667
-0.1333333333333333
0.8666666666666667
0.19999999999999996
-0.4
0.5333333333333334
0.7333333333333334
-0.6666666666666667
0.0
-0.06666666666666665
0.33333333333333326
0.1333333333333333
0.6000000000000001
0.2666666666666666
-1.0
0.6000000000000001
0.1333333333333333
0.9333333333333333
0.0
-0.33333333333333337
0.6000000000000001
0.2666666666666666
0.2666666666666666
-0.4666666666666667
-0.06666666666666665
0.19999999999999996
0.1333333333333333
0.19999999999999996
0.1333333333333333
0.0
0.33333333333333326
-0.06666666666666665
-0.5333333333333333
0.06666666666666665
-0.1333333333333333
0.0
-0.5333333333333333
-0.6
0.6666666666666667
-0.2666666666666667
-0.2666666666666667
0.6000000000000001
0.0
0.1333333333333333
-0.06666666666666665
-0.06666666666666665
0.1333333333333333
-0.19999999999999996
0.06666666666666665
0.33333333333333326
-0.6
0.5333333333333334
-0.19999999999999996
-0.1333333333333333
0.8
0.19999999999999996
0.5333333333333334
0.2666666666666666
-0.4666666666666667
-0.19999999999999996
0.3999999999999999
0.8
0.6666666666666667
0.1333333333333333
0.06666666666666665
-0.4666666666666667
-0.2666666666666667
0.2666666666666666
0.2666666666666666
-0.2666666666666667
0.1333333333333333
0.0
0.3999999999999999
-0.8666666666666667
0.0
0.8
-0.8666666666666667
-0.06666666666666665
0.6666666666666667
0.1333333333333333
-0.06666666666666665
0.0
0.06666666666666665
0.8666666666666667
0.8
0.3999999999999999
0.0
-0.5333333333333333
0.7333333333333334
-0.33333333333333337
0.33333333333333326
-0.19999999999999996
0.46666666666666656
-0.9333333333333333
-0.33333333333333337
-0.8
0.0
0.7333333333333334
0.6666666666666667
0.19999999999999996
-0.33333333333333337
0.5333333333333334
-0.33333333333333337
-0.33333333333333337
0.3999999999999999
-0.4666666666666667
-0.4
-0.5333333333333333
-0.19999999999999996
-0.1333333333333333
0.06666666666666665
0.06666666666666665
0.33333333333333326
0.19999999999999996
0.7333333333333334
-0.06666666666666665
-0.6
0.2666666666666666
-0.6
-0.4
0.3999999999999999
-0.6
-0.6
-0.33333333333333337
0.1333333333333333
-1.0
-0.06666666666666665
-0.19999999999999996
0.19999999999999996
-0.2666666666666667
EIGENVECTOR
-0.9664352055732305
-0.9633075216419691
-0.28408135875491436
-0.9978060599127231
-0.8430824502668679
-0.18445619358034537
-0.8265485423941841
-0.8987982580339258
-0.6680676575503265
-0.5416047244826838
-0.9994040271199846
-0.2916232818625225
0.21866116336600472
-0.34444503462021203
-0.27561594318860194
-0.9303913156412155
-0.9060827498926636
-0.8647092925792987
-0.9582517040399761
-0.2174707094585836
-0.9932956068754051
-0.7220281152532293
-0.9651259785414823
-0.9994799040822971
-0.9284924099138363
-0.9969981891840296
-0.7064419899126333
-0.9962554059563103
-0.9026363988685859
-0.25005590113177756
-0.8170682221796333
-0.7514748459285635
0.49134732796316016
0.8200523829709478
-0.9153044268862616
-0.6183848453961054
-0.0950085233082405
-0.20588090900992273
-0.9608803407890767
-0.3390916002482397
-0.7064419899126333
-0.39727559740110474
0.5068785214784002
-0.7924923157527513
-0.9233081648559575
-0.2840813587549146
-0.888204791864923
-0.8466176573422799
-0.9092955943373355
-0.9331385470090148
0.2485020887177536
-0.05664930952127967
-0.6320843113882701
-0.9888274585729313
-0.890169003289392
-0.7958418221155108
-0.9914074358818474
0.1618417821534619
-0.9646200424344475
-0.816152615294097
0.23351084367757435
-0.2974128925674956
-0.9548043366363863
-0.9960286821753627
-0.997559224183157
-0.7519302186064696
-0.9364581840819469
-0.7788639022716557
0.029172733993451327
-0.9978154996033453
-0.9514374465713519
-0.7076241564509361
-0.9547142230741414
-0.8197417979091935
-0.8912972604469895
0.8814065999921326
-0.1131678788912377
0.5993582275603282
-0.9127868967521877
-0.9944716938627771
-0.915825403223665
-0.947603697652238
-0.9982508064978415
-0.9843997055167961
-0.046497532119510465
-0.7878060707282373
-0.9919516666393337
-0.8206229467570756
-0.9786922733095527
-0.9680488017078688
-0.9454248828954972
-0.8159000732194166
-0.999928062217288
-0.808834128677008
-0.45271790372518395
-0.85699468391222
-0.7144429780350448
-0.9978049821832303
-0.804700578848723
-0.42103154552766964
0.6909642874958546
-0.9909431213793655
-0.9766478933444085
-0.9904665698309976
-0.9862871890711129
-0.9426149363135616
-0.9608803407890767
0.10621539068293506
-0.9923494616631976
-0.5147013412955638
-0.9858697966314918
0.6660366900941925
-0.9976566146005044
-0.9982312913728003
0.26210542280571647
-0.9686181939517609
-0.9972953347844048
-0.9908025887465705
-0.30170719399296775
-0.9175308724115909
-0.6191327538709821
-0.9984926230949855
-0.7445387346682912
-0.10592132091032247
-0.999809007479436
-0.959252548944561
0.04434738360028012
-0.9956552180227628
-0.8253613345416289
-0.06333031148576584
-0.6746195261910366
-0.9543385834059219
-0.9943252959085954
-0.6924710364236171
-0.9863733546257353
-0.9528892669376543
-0.7790965927051765
-0.932425392976458
-0.9912001361704397
-0.989402573736429
-0.9989753022076082
-0.9297886588700595
-0.90785245861843
-0.9993004881950701
-0.8862935882622616
-0.9265242560922712
0.6354463305131604
-0.8759863872828485
-0.949102979446508
-0.09362994364167376
-0.8583036579577608
-0.97301012618512
-0.2500559011317772
-0.5906596690339447
-0.9966463559195934
0.7110752099933566
-0.9999551371531326
-0.9006296466219004
-0.9450828937029179
-0.9973749451932232
-0.9989233589415621
-0.9971892299604329
-0.1308628871256422
-0.9977111301868727
-0.20807281408054357
-0.9885898416899205
-0.9823812814316406
-0.9663645193280099
-0.2762381303814253
-0.9055940557428971
-0.9927383625445604
-0.9444063298376397
-0.9797643465181718
-0.3323447290329421
-0.9941702395141224
-0.8144483845893236
-0.9094499256982225
-0.9965166653932707
-0.8674572004973444
-0.9765779629696503
0.028929103786388133
-0.9958965107939647
1.0
-0.9437737886870942
-0.21553786321393897
-0.9945938168484516
-0.9246197025128337
-0.9951701522043884
-0.9998007713643887
-0.7512041104628565
0.6162261628926589
-0.9987875667318574
-0.7176072355113527
-0.2372982598473613
-0.9350813579827325
-0.6841446035202179
-0.9999729250641554
-0.8718400509859126
-0.9987462431673712
-0.9825667687516709
0.7508743312718824
-0.9796619165256878
-0.9508515330742644
-0.9636605847727011
-0.7739186064892265
-1.0
-0.8330205506264267
-0.9802379554778589
-0.923884483137626
-0.9987564888127555
-0.8326918189202358
-0.9999551371531326
0.16053671206742925
-0.7091344513976761
-0.9968674512734063
-0.9173550064891962
-0.9863168181242604
-0.9158254032236651
-0.6707478753270524
-0.9694541079121155
0.7645105480353098
-0.9576788507605857
-0.9918629860109106
-0.922528614414639
-0.9178461593126788
-0.14950632932170171
-0.854131871433217
0.8059241532144856
-0.976158534811173
-0.4737115065366857
-0.9907355480671162
-0.9930941140623093
-0.8352888907107132
-0.9967560738586606
-0.5729278564941664
-0.32990295659549485
-0.9072125725799018
-0.9809803963865852
-0.25133256303529206
-0.004696737775025883
-0.9827930922314201
-0.9891671903866408
-0.9815300397114692
-0.8747133915367273
-0.9543047242854767
-0.9644204298216674
-0.7350030392232251
-0.9868185902480191
-0.9331385470090148
-0.5797794068321243
-0.9999149835257404
-0.9525451176347066
-0.988930985227705
-0.9856932228270197
-0.987564653068799
-0.9834314790110692
-0.9973127083231353
-0.8268338961819751
-0.9532446736183514
-0.9928958374007878
-0.39132123435383126
0.09733606548548135
0.9616340769204477
0.8788665785651073
-0.9820995871892404
0.916351681637241
-0.9599856438551606
-0.8658219327324714
-0.8890657797007485
0.6682473174808552
-1.0
-0.902175669740451
-0.9813676419595142
-0.9865154119362978
-0.8961768195090856
0.522971196303265
-0.8622647778889679
-0.9790376616857163
0.49134732796315816
-0.2833196045248296
0.8232773113763734
-0.930791915695178
-0.9974572170424562
-0.9935240300810303
-0.056746837412749995
-0.6435127650017494
-0.9798214899155925
-0.954609420930524
-0.9927249047437607
-0.9972265094373887
-0.8841577834943979
-0.9259185411199357
-0.8587183755421333
0.09495630982087122
-0.9074744738316234
-0.9999280622172879
-0.996860847150457
-0.9942611562361611
-0.9564747722384228
-0.9983553321838943
-0.9989655768918132
0.7227646221078923
-0.9683188248955251
-0.9452370652536086
0.5643004319117302
-0.6944664136972956
-0.7435026675604759
-0.9629772447175429
-0.989885942542162
-0.8144997046582589
-0.989586714806311
-0.9846990745730316
0.07349785226934746
-0.9988592675747371
-0.18368569409847058
-0.984248266323678
-0.990401493389787
0.6718204410780058
-0.8822329846519401
-0.29717613482766125
-0.9949104037645796
-0.9954888639581515
-0.8435903256864128
-0.9282870417021792
-0.08992636551800426
0.5369813996247235
-0.8974031318495709
-0.8379139277499321
-0.9976566146005043
-0.9830048275453802
-0.800380981643389
-0.881584389313403
-0.9948276228449185
-0.8485945241581352
-0.9399009410405409
-0.893045562052775
-0.9896870033735268
-0.9945906593188456
0.8798039582932646
-0.9928121637824612
-0.891657428380489
0.49004533235220116
-0.9196214329028398
-0.8281003348664664
-0.9914487793307603
-0.8634725807040455
0.02298377569925747
-0.44072073503708564
0.10241525838391419
-0.9159295631041373
-0.995917719778947
0.6173399197806881
-0.9912001361704397
-0.21485421530198723
-0.9987520759313727
-0.8259863948252828
-0.9939230346956947
-0.7682723125191371
-0.9997115738945029
-0.8027424397941249
0.5644479335720136
-0.9136430532483699
-0.6393475456429167
-0.994739036509955
-0.9918430111369578
-0.9915694990565893
-0.890169003289392
-0.9960286821753627
-0.993478917305672
-0.9462639303324722
-0.99817931410106
-0.9910003587073464
-0.9676781291655718
-0.9372727688599203
-0.7171242830472937
-0.9003695331286021
-0.9471146752223977
0.7272621476138199
-0.8474316303663153
-0.9991274430715932
-0.9905270189348955
-0.98011190310599
-0.9962283959445024
-0.9344325352886361
-0.9981051485697999
-0.9979113185874131
-0.9745148182052824
-0.8612770084718464
-0.9740351951794447
-0.992665082497985
-0.8037869645390178
-0.9940300336266424
-0.9996843400800469
CENT
-0.9727971380799726
-0.2992012363593298
-0.8937850864707025
-0.8393061417079883
-0.6997802071433047
-0.6564945879262846
-0.7707963420334093
-0.9625828862083169
-0.44538624030920493
-0.8473738676480207
-0.7319302695490801
-0.6676873963772332
-0.632531404756842
-0.764909664282774
-0.8264036641788314
-0.8629833171795025
-0.9454317147852876
-0.7532141378732009
-0.4105146589063452
-0.7247596843913147
-0.947698159724631
-0.9432546543320436
-0.5404029516833637
-0.9358152693222763
-0.74974457811674
-0.9871299150911215
-0.6114969621536128
-0.9647394258573665
-0.9489857532005834
-0.7249664197337542
-0.8705721758973364
-0.7792124257184323
-0.7750434098643788
-0.7060634374496915
-0.9905744812932623
-0.7610712576772845
-0.6453094854985135
-0.6463770515743559
-0.9864689462632382
-0.5320244209961802
-0.6114969621536128
-0.5993376888108279
-0.4288127222269644
-0.5935892438756859
-0.9454002767497727
-0.8937850864707025
-0.9335048584236507
-0.9805441225059671
-0.780150023405453
-0.9758484366650265
-0.13962609352109445
-0.7072201125072278
-0.6813952013973996
-0.6631623431507068
-0.8060980784247986
-0.7970153381632883
-0.6693874687024117
-0.4502597266198032
-0.9985271382475382
-0.9628436742894978
-0.15816693151110428
-0.7948376273313139
-0.9961681221813978
-0.8220783170612124
-0.9293629854017869
-0.5246473831694973
-0.9505721305347964
-0.05372200621621226
-0.24934507841740639
-0.9175671880622209
-0.9920653592730041
-0.726518473393005
-0.9939630075565732
-0.793541459577527
-0.5099271133981109
-0.6496709869992783
-0.7609293729715854
-0.8944041012941549
-0.9060701904422265
-0.8748308545007153
-0.9951784329310909
-0.814887362643177
-0.9676336519208403
-0.8527810295698621
-0.756141119291148
-0.6752631424529736
-0.8505012786355891
-0.869376849105162
-0.5015055821383233
-0.9263355843371873
-0.9994395895423952
-0.8569595764673831
-0.9987661798907732
-0.7784658037035942
-0.6663509440279269
-0.7180756687369512
-0.7000909846822989
-0.9670811222855332
-0.8968920484090055
-0.736778746251301
-0.5262950044075653
-0.5626869682040427
-0.7939919575674361
-0.8096854866884086
-0.9662013682869783
-0.5788091244547405
-0.9864689462632382
-0.2629260314663461
-0.9999188801077815
-0.6956600095464801
-0.8672467071045433
-0.6119623456738117
-0.9661738851831647
-0.9077198642662876
-0.8627523412534333
-0.8378233703532942
-0.9854273229891654
-0.9624619991259484
-0.32186167848956326
-0.22931748622452675
-0.7036199157756402
-0.9982952521126174
-0.6485802407528498
-0.47287981598945583
-0.9568055844723874
-0.9880619169241796
-0.5283695634129731
-0.9197615290649739
-0.5925542761097117
-0.8073204689905313
-0.8252640465949325
-0.991606858369827
-0.9780517098324014
-0.4714826830216746
-0.9991114124652615
-0.975548943024296
-0.485537149786191
-0.7530340731934511
-0.9488795323132818
-0.8277881690521859
-0.9958936761781086
-0.9380597322756483
-0.9670876351112837
-0.9189036631837606
-0.9915808791073412
-0.8639706650761684
-0.7876881053104263
-0.9285171086219279
-0.9935224494578266
-0.8003101999080308
-0.6649657669840279
-0.9777440796380797
-0.7249664197337542
-0.591868534841584
-0.9385906229864243
-0.6381925621780262
-0.9993692970632342
-0.8370803225805277
-0.6970621879951373
-0.8070744285903036
-0.6520270196269324
-0.9800062525631936
-0.4076068722508218
-0.9629177516367993
-0.6473033180886285
-0.7479470546302693
-0.6156246488952117
-0.9817540410146551
-0.5627782102772232
-0.8363908800435195
-0.6894257263548329
-0.9729779543931013
-0.38565309173156725
-0.4757465807235919
-0.8770507022736161
-0.9619922981541148
-0.9422078309132412
-0.868351233242645
-0.5438686238529409
-0.8294239292412986
-0.734465246206768
-0.8308420122193828
-0.7302859020771199
-0.9872546573767211
-0.5416286636041048
-0.9527395586464159
-0.8803845129498589
-0.9902963836447392
-0.9590808597914456
-0.7715070372522244
-0.9373713863043409
-0.6519592298444303
-0.4999785846568082
-0.7043039106587854
-0.5907990491870332
-0.8365825405016112
-0.9993968828275391
-0.3630612391240273
-0.8549258812423823
-0.5046656740544669
-0.660575770864088
-0.9876971371511661
-0.9461396492171316
-0.3773659417159332
-0.5329052001862968
-1.0
-0.9550297939429157
-0.6383886334380517
-0.942655460548168
-0.9599355057258474
-0.7658380324977587
-0.9993692970632342
-0.6053353065353426
-0.24413092755579435
-0.9634675431447091
-0.8294910377730016
-0.994957101020023
-0.9951784329310909
-0.36530543776260394
-0.9920011022076666
-0.7887149399092029
-0.9313423777941914
-0.9812710896735447
-0.8195102931495677
-0.8990384051775422
-0.3559864846673446
-0.6334874139855013
-0.8483805915049882
-0.9870203810484265
-0.8068676353183133
-0.9391079922091464
-0.9473883926666821
-0.9573884137823747
-0.8811975065709343
-0.544308713273064
-0.6171699279816585
-0.9371360011255925
-0.7731123778086879
-0.9031836839750563
-0.7319342073277164
-0.8901041172875777
-0.6833214352325006
-0.8024022182281516
-0.9273665208010835
-0.8687022849802837
-0.9793376405003801
-0.7911868801546953
-0.6637260799778355
-0.9758484366650265
-0.653594911189072
-0.9692468405930751
-0.701164849118656
-0.8003445571691302
-0.9793599211829348
-0.987353098622756
-0.9249880137993332
-0.9859103125551923
-0.7796978926820286
-0.9402500511362334
-0.8665516674761613
-0.6510825434586287
-0.3711296307161557
-0.8137856522534488
-0.5279002921517081
-0.7180627498016892
-0.8664791004406367
-0.5463299649661691
-0.8852260283106912
-0.7219397804861181
-0.8531957013479781
-1.0
-0.33051516363518685
-0.7535830395110228
-0.7137259479357766
-0.8124449536667939
-0.7526886197810002
-0.9015577661399328
-0.9853589972453494
-0.7750434098643788
-0.16385982313915592
-0.37539159575566605
-0.74284228387916
-0.9170067409956688
-0.6421837509331987
-0.8469820823995263
-0.6240402799094835
-0.9430545000497085
-0.5534216947503032
-0.8380051852063544
-0.7472924366495828
-0.8423548861870551
-0.6671540371767803
-0.8205070629188014
-0.6944901881814172
-0.9274405326426283
-0.9987661798907732
-0.8625994517287479
-0.9498440097981657
-0.9906581235888856
-0.9948554879692769
-0.9762249260311444
-0.830208530736307
-0.7965701057252441
-0.658043328031367
-0.8268016112875
-0.7606710381400814
-0.7503680925544151
-0.9619685317117844
-0.3461153892732046
-0.6575063979856284
-0.8536955190222164
-0.8903476988363311
-0.5411325950647585
-0.9740428129532401
-0.5334131766121455
-0.6229392589785415
-0.8783402919764747
-0.6404995780088106
-0.773366824612404
-0.9250587945288524
-0.3447444375364136
-0.9664336507362349
-0.967647776671286
-0.8989234052630782
-0.7331716493080336
-0.8213715437541194
-0.8633914154826048
-0.8805232415970627
-0.9661738851831647
-0.8562947061316374
-0.753607220894393
-0.9439764221681642
-0.9775104876750031
-0.9053150337339813
-0.9789953544676724
-0.8378808343242858
-0.9996107742289886
-0.7444856511266074
-0.8938285721240984
-0.9985027907235413
-0.9100493850148774
-0.9026623409431896
1.0
-0.8727034771323254
-0.9102789241652314
-0.8154402124280078
-0.7230620968966872
-0.533497003346096
-0.8268786970600425
-0.9381355061020002
-0.988175242781501
-0.6236031504869322
-0.9488795323132818
0.14567679503964537
-0.9251929280475163
-0.7142555363436831
-1.0
-0.7984585556429773
-0.9752543106054039
-0.7622735411913326
-0.7645283962472845
-0.7978237996890926
-0.2488512963565107
-0.9109907844838269
-0.6916788332111923
-0.924517968945298
-0.8060980784247986
-0.8220783170612124
-0.9913486383977789
-0.9826806281452073
-0.6007533143202131
-0.7444128025896372
-0.4283890186663918
-0.8815446113218174
-0.18999133639164434
-0.8507269591586699
-0.9508439768592066
-0.7481797631732536
-0.7689250834912428
-0.9908257774056476
-0.8590564344195023
-0.9968379445640446
-0.9207621304932836
-0.9238005935209616
-0.9964001034903656
-0.9983077899679785
-0.9092437905084535
-0.8535261581461449
-0.9967125408910152
-0.6828994698336384
-0.9065729150297982
-0.9019549406135724
-0.9265076781380954
DEGREE_RANK
-0.3928571428571429
0.015306122448979664
0.6989795918367347
0.15306122448979598
-0.3877551020408164
0.7040816326530612
0.38265306122448983
-0.12244897959183687
0.46938775510204067
0.4744897959183674
-0.2959183673469389
0.38775510204081653
0.6122448979591837
0.15816326530612246
0.7755102040816326
0.47959183673469385
0.48469387755102034
0.020408163265306145
-0.2908163265306123
0.7806122448979591
-0.7551020408163265
-0.38265306122448983
0.29591836734693877
-0.9540816326530612
0.025510204081632848
-0.75
0.03061224489795933
-0.2857142857142858
-0.2806122448979592
0.3010204081632655
-0.11734693877551028
-0.37755102040816324
0.7091836734693877
0.9438775510204083
-0.8571428571428572
-0.6683673469387755
0.392857142857143
0.6173469387755102
-0.7448979591836735
0.3979591836734693
0.03571428571428559
0.6224489795918366
0.9489795918367347
-0.27551020408163274
-0.1122448979591838
0.7142857142857142
0.5612244897959184
-0.5663265306122449
0.6275510204081631
-0.6632653061224489
0.4897959183673468
0.4948979591836735
-0.37244897959183687
0.16326530612244916
-0.6581632653061225
0.6326530612244898
0.04081632653061229
0.8367346938775511
-0.8010204081632653
-0.5612244897959184
0.8979591836734693
0.7857142857142858
-0.653061224489796
0.5663265306122449
0.16836734693877564
0.17346938775510212
0.30612244897959195
-0.3673469387755103
0.653061224489796
0.04591836734693877
-0.6479591836734694
-0.27040816326530615
-0.739795918367347
-0.3622448979591838
-0.1071428571428572
0.9540816326530612
0.8418367346938775
0.7193877551020409
-0.10204081632653073
-0.26530612244897966
-0.09693877551020413
0.17857142857142838
-0.2602040816326532
0.18367346938775508
0.9030612244897958
-0.2551020408163266
-0.3571428571428572
-0.5561224489795918
-0.2500000000000001
-0.6428571428571428
-0.7346938775510203
0.40306122448979576
-0.8520408163265306
0.05102040816326525
0.31122448979591844
-0.09183673469387754
0.5
-0.08673469387755117
-0.24489795918367352
0.6377551020408163
0.7908163265306123
-0.5510204081632653
-0.3520408163265306
-0.23979591836734693
-0.7295918367346939
-0.34693877551020413
-0.7244897959183674
0.5051020408163265
-0.9897959183673469
0.40816326530612246
-0.34183673469387754
0.9591836734693879
-0.7959183673469388
-0.6377551020408163
0.5102040816326532
-0.6326530612244898
-0.7908163265306123
-0.5459183673469388
0.7244897959183674
-0.23469387755102045
0.18877551020408156
-0.9795918367346939
-0.08163265306122458
0.9642857142857144
-0.7193877551020409
-0.22959183673469397
0.6581632653061225
-0.5408163265306123
-0.22448979591836749
0.846938775510204
0.19387755102040805
-0.0765306122448981
-0.923469387755102
-0.2193877551020409
-0.9183673469387755
-0.2142857142857143
0.05612244897959173
0.061224489795918435
-0.6275510204081634
0.3163265306122449
-0.9438775510204082
0.5153061224489797
-0.07142857142857151
-0.5357142857142857
-0.7857142857142857
0.19897959183673475
0.8520408163265305
0.41326530612244894
-0.4591836734693878
0.7295918367346939
0.4183673469387754
-0.6224489795918366
0.3214285714285716
0.4234693877551021
-0.7142857142857143
0.9081632653061225
-0.9132653061224489
0.20408163265306123
-0.9081632653061225
-0.06632653061224492
-0.45408163265306123
-0.7091836734693877
0.9132653061224489
0.06632653061224492
0.6632653061224492
-0.20918367346938782
-0.5306122448979591
-0.9387755102040817
0.7959183673469388
-0.5255102040816326
0.4285714285714286
0.0714285714285714
-0.33673469387755117
0.5204081632653061
0.5714285714285714
-0.5204081632653061
-0.3316326530612246
0.0765306122448981
-0.061224489795918435
-0.056122448979591844
0.9693877551020407
0.3265306122448979
1.0
-0.5153061224489797
0.6683673469387756
0.2091836734693877
0.6428571428571428
-0.7040816326530612
-0.9744897959183674
-0.20408163265306123
0.7346938775510206
0.2142857142857144
-0.19897959183673475
0.8010204081632653
0.08163265306122458
-0.19387755102040827
-0.903061224489796
-0.051020408163265474
-0.9489795918367347
0.08673469387755106
0.8571428571428572
-0.6989795918367347
-0.44897959183673475
-0.1887755102040818
0.5765306122448981
-0.9336734693877551
-0.510204081632653
0.09183673469387754
-0.1836734693877552
-0.846938775510204
-0.44387755102040827
-0.8979591836734694
0.6734693877551021
-0.1785714285714286
-0.6173469387755102
0.739795918367347
-0.8418367346938775
-0.04591836734693888
0.2193877551020409
-0.8367346938775511
0.8622448979591837
0.22448979591836737
-0.8928571428571429
0.5816326530612246
0.33163265306122436
0.9183673469387754
0.09693877551020424
0.8673469387755102
-0.6938775510204082
0.10204081632653073
-0.4387755102040817
-0.326530612244898
-0.5051020408163265
0.33673469387755106
0.806122448979592
0.7448979591836735
0.5255102040816328
-0.5
0.7500000000000002
0.8724489795918369
-0.4948979591836735
0.10714285714285698
-0.4336734693877552
-0.4897959183673469
0.34183673469387754
-0.6887755102040816
-0.04081632653061229
0.22959183673469385
-0.6122448979591837
0.11224489795918369
-0.8316326530612245
0.23469387755102056
-0.17346938775510212
-0.7806122448979592
-0.8265306122448979
-0.3214285714285715
-0.6071428571428572
0.11734693877551017
-0.4285714285714286
0.23979591836734704
0.8112244897959184
0.5306122448979593
0.9897959183673468
0.9744897959183674
-0.3163265306122449
0.9795918367346939
0.346938775510204
-0.6836734693877551
0.6785714285714284
0.8775510204081634
-0.9285714285714286
-0.03571428571428581
-0.16836734693877553
0.5357142857142856
0.24489795918367352
0.7551020408163265
0.4336734693877551
-1.0
0.760204081632653
0.2500000000000002
0.9948979591836735
-0.030612244897959218
-0.6020408163265306
0.7653061224489794
0.4387755102040818
0.44387755102040827
-0.7755102040816326
-0.16326530612244905
0.3520408163265307
0.2551020408163265
0.3571428571428572
0.26020408163265296
-0.025510204081632737
0.5408163265306121
-0.15816326530612257
-0.8214285714285714
0.12244897959183665
-0.31122448979591844
-0.020408163265306145
-0.8163265306122449
-0.8877551020408163
0.8163265306122449
-0.48469387755102045
-0.47959183673469397
0.7704081632653061
-0.015306122448979664
0.26530612244897944
-0.15306122448979598
-0.1479591836734695
0.27040816326530615
-0.4234693877551021
0.12755102040816335
0.5459183673469388
-0.8826530612244898
0.6836734693877551
-0.41836734693877553
-0.30612244897959184
0.9234693877551021
0.3622448979591837
0.6887755102040816
0.44897959183673475
-0.7704081632653061
-0.41326530612244905
0.5867346938775511
0.9285714285714286
0.8214285714285716
0.2755102040816326
0.13265306122448983
-0.7653061224489796
-0.4744897959183675
0.45408163265306123
0.45918367346938793
-0.4693877551020409
0.2806122448979591
-0.010204081632653184
0.5918367346938775
-0.9693877551020408
-0.005102040816326592
0.9336734693877551
-0.9642857142857143
-0.1428571428571429
0.8265306122448979
0.2857142857142858
-0.13775510204081642
-1.1102230246251565e-16
0.1377551020408163
0.9846938775510203
0.9387755102040816
0.5969387755102042
0.005102040816326481
-0.8112244897959183
0.8826530612244898
-0.5969387755102041
0.5510204081632653
-0.40816326530612257
0.6479591836734695
-0.9846938775510204
-0.5918367346938775
-0.9591836734693877
0.010204081632653184
0.8877551020408165
0.8316326530612244
0.36734693877551017
-0.5867346938775511
0.693877551020408
-0.5816326530612245
-0.576530612244898
0.6020408163265307
-0.7602040816326531
-0.6785714285714286
-0.8061224489795918
-0.403061224489796
-0.3010204081632655
0.1428571428571428
0.1479591836734695
0.5561224489795917
0.37244897959183687
0.892857142857143
-0.13265306122448983
-0.8775510204081632
0.4642857142857144
-0.8724489795918368
-0.673469387755102
0.607142857142857
-0.8673469387755102
-0.8622448979591837
-0.5714285714285714
0.2908163265306123
-0.9948979591836735
-0.12755102040816324
-0.3979591836734695
0.37755102040816335
-0.4642857142857143
EIGENVECTOR_RANK
-0.2806122448979592
-0.2500000000000001
0.6326530612244898
-0.8367346938775511
0.26020408163265296
0.7040816326530612
0.29591836734693877
0.10204081632653073
0.5051020408163265
0.5510204081632653
-0.9336734693877551
0.6275510204081631
0.8316326530612244
0.5918367346938775
0.653061224489796
-0.056122448979591844
0.0714285714285714
0.19897959183673475
-0.2193877551020409
0.6785714285714284
-0.6326530612244898
0.4387755102040818
-0.27040816326530615
-0.9387755102040817
-0.04591836734693888
-0.7755102040816326
0.4744897959183674
-0.7448979591836735
0.08163265306122458
0.6632653061224492
0.3214285714285716
0.41326530612244894
0.8622448979591837
0.9642857142857144
0.03061224489795933
0.5306122448979593
0.7346938775510206
0.6989795918367347
-0.23469387755102045
0.5969387755102042
0.46938775510204067
0.5816326530612246
0.8673469387755102
0.37755102040816335
-0.015306122448979664
0.6377551020408163
0.1479591836734695
0.2500000000000002
0.05102040816326525
-0.07142857142857151
0.8418367346938775
0.760204081632653
0.5204081632653061
-0.48469387755102045
0.13265306122448983
0.37244897959183687
-0.5663265306122449
0.8265306122448979
-0.26530612244897966
0.3265306122448979
0.8367346938775511
0.6173469387755102
-0.20408163265306123
-0.7295918367346939
-0.8112244897959183
0.40816326530612246
-0.09183673469387754
0.392857142857143
0.7857142857142858
-0.8418367346938775
-0.16326530612244905
0.4642857142857144
-0.19897959183673475
0.3163265306122449
0.12755102040816335
0.9846938775510203
0.7244897959183674
0.892857142857143
0.04081632653061229
-0.673469387755102
0.025510204081632848
-0.1479591836734695
-0.8673469387755102
-0.4285714285714286
0.7653061224489794
0.38265306122448983
-0.5918367346938775
0.31122448979591844
-0.34183673469387754
-0.2908163265306123
-0.13265306122448983
0.33163265306122436
-0.9744897959183674
0.346938775510204
0.5663265306122449
0.22959183673469385
0.45408163265306123
-0.8316326530612245
0.3520408163265307
0.5765306122448981
0.9285714285714286
-0.5459183673469388
-0.33673469387755117
-0.5255102040816326
-0.44897959183673475
-0.1071428571428572
-0.23979591836734693
0.8163265306122449
-0.5969387755102041
0.5561224489795917
-0.44387755102040827
0.9132653061224489
-0.8163265306122449
-0.8622448979591837
0.846938775510204
-0.3010204081632655
-0.7908163265306123
-0.5408163265306123
0.6122448979591837
0.005102040816326481
0.5255102040816328
-0.8775510204081632
0.4234693877551021
0.7295918367346939
-0.9591836734693877
-0.22448979591836749
0.7908163265306123
-0.7142857142857143
0.30612244897959195
0.7500000000000002
0.4948979591836735
-0.1887755102040818
-0.6683673469387755
0.48469387755102034
-0.4591836734693878
-0.17346938775510212
0.38775510204081653
-0.06632653061224492
-0.5612244897959184
-0.5
-0.9183673469387755
-0.051020408163265474
0.05612244897959173
-0.9285714285714286
0.15306122448979598
-0.03571428571428581
0.9081632653061225
0.17346938775510212
-0.15306122448979598
0.739795918367347
0.22448979591836737
-0.31122448979591844
0.6683673469387756
0.5357142857142856
-0.7551020408163265
0.9336734693877551
-0.9795918367346939
0.09183673469387754
-0.12244897959183687
-0.8010204081632653
-0.9081632653061225
-0.7806122448979592
0.7193877551020409
-0.8265306122448979
0.693877551020408
-0.47959183673469397
-0.3979591836734695
-0.27551020408163274
0.6479591836734695
0.0765306122448981
-0.6122448979591837
-0.11734693877551028
-0.3571428571428572
0.6020408163265307
-0.6581632653061225
0.34183673469387754
0.04591836734693877
-0.75
0.18877551020408156
-0.3316326530612246
0.7806122448979591
-0.7193877551020409
1.0
-0.1122448979591838
0.6836734693877551
-0.6836734693877551
-0.025510204081632737
-0.7040816326530612
-0.9540816326530612
0.4183673469387754
0.8979591836734693
-0.8979591836734694
0.44387755102040827
0.6734693877551021
-0.08673469387755117
0.4897959183673468
-0.9897959183673469
0.18367346938775508
-0.8826530612244898
-0.403061224489796
0.9489795918367347
-0.3520408163265306
-0.15816326530612257
-0.2551020408163266
0.3979591836734693
-0.9948979591836735
0.2755102040816326
-0.37244897959183687
-0.020408163265306145
-0.8928571428571429
0.2806122448979591
-0.9846938775510204
0.8214285714285716
0.45918367346938793
-0.7704081632653061
0.010204081632653184
-0.45408163265306123
0.020408163265306145
0.5
-0.30612244897959184
0.9540816326530612
-0.2142857142857143
-0.5867346938775511
-0.010204081632653184
-1.1102230246251565e-16
0.7142857142857142
0.23469387755102056
0.9591836734693879
-0.326530612244898
0.5612244897959184
-0.5357142857142857
-0.6275510204081634
0.27040816326530615
-0.7602040816326531
0.5459183673469388
0.607142857142857
0.06632653061224492
-0.37755102040816324
0.6581632653061225
0.7704081632653061
-0.40816326530612257
-0.4948979591836735
-0.3877551020408164
0.17857142857142838
-0.1836734693877552
-0.2602040816326532
0.4336734693877551
-0.4693877551020409
-0.0765306122448981
0.5408163265306121
-0.9642857142857143
-0.16836734693877553
-0.4897959183673469
-0.4387755102040817
-0.4744897959183675
-0.41836734693877553
-0.7959183673469388
0.2908163265306123
-0.1785714285714286
-0.6224489795918366
0.5867346938775511
0.806122448979592
0.9948979591836735
0.9744897959183674
-0.3928571428571429
0.9897959183673468
-0.22959183673469397
0.19387755102040805
0.1428571428571428
0.9183673469387754
-1.0
0.08673469387755106
-0.38265306122448983
-0.4642857142857143
0.11224489795918369
0.8724489795918369
0.2091836734693877
-0.34693877551020413
0.8571428571428572
0.6428571428571428
0.9693877551020407
-0.061224489795918435
-0.8061224489795918
-0.6428571428571428
0.7551020408163265
0.5102040816326532
-0.3622448979591838
-0.19387755102040827
-0.6071428571428572
-0.7857142857142857
0.15816326530612246
-0.030612244897959218
0.2193877551020409
0.8010204081632653
0.061224489795918435
-0.9693877551020408
-0.7653061224489796
-0.6632653061224489
-0.20918367346938782
-0.8724489795918368
-0.9132653061224489
0.9387755102040816
-0.2959183673469389
-0.12755102040816324
0.8826530612244898
0.47959183673469385
0.4285714285714286
-0.24489795918367352
-0.5153061224489797
0.33673469387755106
-0.5051020408163265
-0.4336734693877552
0.7959183673469388
-0.903061224489796
0.7091836734693877
-0.4234693877551021
-0.5204081632653061
0.9234693877551021
0.16326530612244916
0.6224489795918366
-0.6989795918367347
-0.7091836734693877
0.2551020408163265
-0.04081632653061229
0.7448979591836735
0.8775510204081634
0.10714285714285698
0.26530612244897944
-0.8214285714285714
-0.41326530612244905
0.36734693877551017
0.16836734693877564
-0.6938775510204082
0.23979591836734704
-0.10204081632653073
0.11734693877551017
-0.510204081632653
-0.6785714285714286
0.9795918367346939
-0.6173469387755102
0.12244897959183665
0.8520408163265305
-0.005102040816326592
0.2857142857142858
-0.5714285714285714
0.20408163265306123
0.7755102040816326
0.5714285714285714
0.8112244897959184
0.015306122448979664
-0.7244897959183674
0.9030612244897958
-0.5561224489795918
0.6887755102040816
-0.8877551020408163
0.3010204081632655
-0.6479591836734694
0.40306122448979576
-0.9489795918367347
0.3622448979591837
0.8877551020408165
0.03571428571428559
0.5153061224489797
-0.6887755102040816
-0.5816326530612245
-0.576530612244898
0.1377551020408163
-0.7346938775510203
-0.6377551020408163
-0.13775510204081642
-0.8571428571428572
-0.5510204081632653
-0.2857142857142858
-0.09693877551020413
0.44897959183673475
0.09693877551020424
-0.1428571428571429
0.9438775510204083
0.24489795918367352
-0.923469387755102
-0.5306122448979591
-0.3673469387755103
-0.739795918367347
-0.08163265306122458
-0.8520408163265306
-0.846938775510204
-0.3214285714285715
0.2142857142857144
-0.3163265306122449
-0.6020408163265306
0.3571428571428572
-0.653061224489796
-0.9438775510204082
CENT_RANK
-0.6632653061224489
0.9387755102040816
-0.23979591836734693
-0.04081632653061229
0.45918367346938793
0.5612244897959184
0.22959183673469385
-0.5918367346938775
0.8571428571428572
-0.056122448979591844
0.36734693877551017
0.5153061224489797
0.6377551020408163
0.24489795918367352
0.03061224489795933
-0.12755102040816324
-0.4948979591836735
0.2908163265306123
0.8724489795918369
0.392857142857143
-0.510204081632653
-0.47959183673469397
0.7653061224489794
-0.4234693877551021
0.31122448979591844
-0.7908163265306123
0.6734693877551021
-0.6122448979591837
-0.5255102040816326
0.38265306122448983
-0.17346938775510212
0.19387755102040805
0.20408163265306123
0.4336734693877551
-0.8265306122448979
0.26020408163265296
0.607142857142857
0.6020408163265307
-0.7806122448979592
0.7857142857142858
0.6785714285714284
0.693877551020408
0.8622448979591837
0.6989795918367347
-0.4897959183673469
-0.23469387755102045
-0.41836734693877553
-0.739795918367347
0.18367346938775508
-0.6938775510204082
0.9846938775510203
0.4285714285714286
0.5
0.5408163265306121
0.10714285714285698
0.1428571428571428
0.5102040816326532
0.8520408163265305
-0.9387755102040817
-0.5969387755102041
0.9795918367346939
0.15306122448979598
-0.903061224489796
0.04081632653061229
-0.40816326530612257
0.806122448979592
-0.5357142857142857
0.9897959183673468
0.9489795918367347
-0.33673469387755117
-0.8622448979591837
0.37755102040816335
-0.8724489795918368
0.16326530612244916
0.8112244897959184
0.5867346938775511
0.26530612244897944
-0.2500000000000001
-0.2959183673469389
-0.1836734693877552
-0.8928571428571429
0.0714285714285714
-0.6479591836734694
-0.0765306122448981
0.2755102040816326
0.5051020408163265
-0.06632653061224492
-0.16836734693877553
0.8214285714285716
-0.38265306122448983
-0.9744897959183674
-0.1071428571428572
-0.9489795918367347
0.19897959183673475
0.5255102040816328
0.40816326530612246
0.45408163265306123
-0.6377551020408163
-0.2551020408163266
0.346938775510204
0.8010204081632653
0.7295918367346939
0.15816326530612246
0.08673469387755106
-0.6275510204081634
0.7193877551020409
-0.7755102040816326
0.9438775510204083
-0.9846938775510204
0.46938775510204067
-0.15306122448979598
0.6683673469387756
-0.6224489795918366
-0.30612244897959184
-0.12244897959183687
-0.025510204081632737
-0.7653061224489796
-0.5867346938775511
0.9336734693877551
0.9642857142857144
0.44387755102040827
-0.923469387755102
0.5918367346938775
0.8418367346938775
-0.5561224489795918
-0.8112244897959183
0.7908163265306123
-0.34693877551020413
0.7040816326530612
0.09183673469387754
0.03571428571428559
-0.8520408163265306
-0.7142857142857143
0.846938775510204
-0.9540816326530612
-0.6836734693877551
0.8316326530612244
0.29591836734693877
-0.5204081632653061
0.015306122448979664
-0.8979591836734694
-0.4387755102040817
-0.6428571428571428
-0.34183673469387754
-0.846938775510204
-0.13775510204081642
0.17857142857142838
-0.403061224489796
-0.8673469387755102
0.12755102040816335
0.5306122448979593
-0.7091836734693877
0.38775510204081653
0.7091836734693877
-0.44897959183673475
0.6275510204081631
-0.9642857142857143
-0.020408163265306145
0.4642857142857144
0.09693877551020424
0.5714285714285714
-0.7346938775510203
0.8775510204081634
-0.6020408163265306
0.5969387755102042
0.3214285714285716
0.6632653061224492
-0.75
0.7244897959183674
-0.010204081632653184
0.48469387755102034
-0.6683673469387755
0.8826530612244898
0.8367346938775511
-0.1887755102040818
-0.5816326530612245
-0.4642857142857143
-0.15816326530612257
0.7500000000000002
0.010204081632653184
0.3520408163265307
-0.005102040816326592
0.37244897959183687
-0.7959183673469388
0.7551020408163265
-0.5459183673469388
-0.19897959183673475
-0.8214285714285714
-0.5663265306122449
0.22448979591836737
-0.4336734693877552
0.5765306122448981
0.8265306122448979
0.4387755102040818
0.7142857142857142
-0.015306122448979664
-0.9693877551020408
0.9081632653061225
-0.09693877551020413
0.8163265306122449
0.5459183673469388
-0.8061224489795918
-0.5
0.8877551020408165
0.7806122448979591
-1.0
-0.5510204081632653
0.6224489795918366
-0.4693877551020409
-0.5714285714285714
0.23979591836734704
-0.9591836734693877
0.6836734693877551
0.9591836734693879
-0.6071428571428572
0.005102040816326481
-0.8826530612244898
-0.8877551020408163
0.9030612244897958
-0.8571428571428572
0.17346938775510212
-0.41326530612244905
-0.7448979591836735
0.061224489795918435
-0.26530612244897966
0.9132653061224489
0.6326530612244898
-0.061224489795918435
-0.7857142857142857
0.10204081632653073
-0.45408163265306123
-0.5051020408163265
-0.5612244897959184
-0.20918367346938782
0.7448979591836735
0.6581632653061225
-0.4285714285714286
0.2193877551020409
-0.2857142857142858
0.3622448979591837
-0.22448979591836749
0.4897959183673468
0.11734693877551017
-0.3928571428571429
-0.16326530612244905
-0.7244897959183674
0.16836734693877564
0.5357142857142856
-0.6887755102040816
0.5663265306122449
-0.6581632653061225
0.44897959183673475
0.12244897959183665
-0.7295918367346939
-0.8010204081632653
-0.3673469387755103
-0.7704081632653061
0.18877551020408156
-0.4591836734693878
-0.1479591836734695
0.5816326530612246
0.8979591836734693
0.0765306122448981
0.7959183673469388
0.41326530612244894
-0.1428571428571429
0.739795918367347
-0.2193877551020409
0.40306122448979576
-0.08163265306122458
-0.9948979591836735
0.9285714285714286
0.2857142857142858
0.4234693877551021
0.08163265306122458
0.3010204081632655
-0.27040816326530615
-0.7602040816326531
0.2091836734693877
0.9744897959183674
0.892857142857143
0.34183673469387754
-0.3316326530612246
0.6122448979591837
-0.051020408163265474
0.6428571428571428
-0.4744897959183675
0.7346938775510206
-0.03571428571428581
0.3265306122448979
-0.04591836734693888
0.5204081632653061
0.05612244897959173
0.4744897959183674
-0.3979591836734695
-0.9438775510204082
-0.11734693877551028
-0.5306122448979591
-0.8316326530612245
-0.8775510204081632
-0.6989795918367347
-1.1102230246251565e-16
0.1479591836734695
0.5510204081632653
0.025510204081632848
0.27040816326530615
0.30612244897959195
-0.576530612244898
0.9183673469387754
0.5561224489795917
-0.09183673469387754
-0.22959183673469397
0.760204081632653
-0.673469387755102
0.7755102040816326
0.653061224489796
-0.19387755102040827
0.6173469387755102
0.2142857142857144
-0.37244897959183687
0.9234693877551021
-0.6326530612244898
-0.653061224489796
-0.2602040816326532
0.3571428571428572
0.05102040816326525
-0.13265306122448983
-0.20408163265306123
-0.6173469387755102
-0.10204081632653073
0.2806122448979591
-0.48469387755102045
-0.7040816326530612
-0.2908163265306123
-0.7193877551020409
-0.030612244897959218
-0.9795918367346939
0.33163265306122436
-0.24489795918367352
-0.9336734693877551
-0.3163265306122449
-0.2806122448979592
1.0
-0.1785714285714286
-0.3214285714285715
0.06632653061224492
0.3979591836734693
0.7704081632653061
0.020408163265306145
-0.44387755102040827
-0.8163265306122449
0.6479591836734695
-0.5153061224489797
0.9948979591836735
-0.37755102040816324
0.4183673469387754
-0.9897959183673469
0.13265306122448983
-0.6785714285714286
0.2551020408163265
0.2500000000000002
0.1377551020408163
0.9540816326530612
-0.326530612244898
0.47959183673469385
-0.3622448979591838
0.11224489795918369
0.04591836734693877
-0.8418367346938775
-0.7551020408163265
0.6887755102040816
0.33673469387755106
0.8673469387755102
-0.2142857142857143
0.9693877551020407
-0.07142857142857151
-0.5408163265306123
0.3163265306122449
0.23469387755102056
-0.8367346938775511
-0.1122448979591838
-0.9183673469387755
-0.3520408163265306
-0.3571428571428572
-0.9081632653061225
-0.9285714285714286
-0.31122448979591844
-0.08673469387755117
-0.9132653061224489
0.4948979591836735
-0.3010204081632655
-0.27551020408163274
-0.3877551020408164
RANK
205
270
356
108
336
90
196
156
211
134
92
295
58
339
385
121
381
388
384
62
140
80
217
216
299
72
148
70
219
131
144
368
379
298
34
187
350
125
201
254
183
25
228
38
106
256
116
277
369
167
222
47
161
253
245
334
132
151
332
300
49
248
135
358
313
171
0
250
322
82
142
97
321
104
112
328
27
214
163
59
7
117
175
307
209
188
232
124
206
185
376
66
297
28
138
352
20
231
202
16
44
331
21
286
208
176
258
230
154
349
141
190
236
23
46
221
64
147
294
243
392
89
354
319
255
365
383
382
127
143
69
282
363
344
340
386
113
390
78
333
238
341
391
276
224
323
98
77
338
2
45
311
240
267
373
233
327
186
316
174
79
343
30
87
244
177
110
259
265
145
326
15
114
296
380
91
329
198
310
387
269
83
375
86
227
9
284
290
3
288
335
115
157
195
169
181
301
215
179
139
348
304
14
130
63
367
325
292
223
345
81
262
274
103
129
159
229
54
366
242
252
149
357
361
55
302
61
102
73
246
220
146
48
257
31
93
32
278
318
237
189
6
378
210
13
360
359
35
76
305
84
330
272
17
137
275
306
24
377
165
289
337
371
281
99
180
324
239
10
182
71
29
152
19
346
268
95
264
355
273
51
33
193
120
251
96
4
158
109
293
364
170
241
389
52
85
56
11
291
94
150
247
53
200
303
309
5
249
160
191
260
75
122
164
37
36
283
317
207
155
226
12
285
351
315
235
166
111
26
40
212
370
41
43
128
153
194
105
168
101
287
266
234
178
184
312
22
347
314
204
39
126
263
100
65
74
199
88
192
136
173
123
133
57
8
42
372
18
162
172
203
280
261
218
197
225
308
320
271
118
1
107
68
362
213
119
374
279
60
50
67
353
342
