DEGREE
0.8775510204081634
0.30612244897959173
0.061224489795918435
0.4285714285714286
0.4693877551020409
0.6734693877551021
0.18367346938775508
-0.18367346938775508
0.26530612244897966
-0.5102040816326531
0.18367346938775508
0.26530612244897966
0.3877551020408163
0.061224489795918435
0.4693877551020409
0.4693877551020409
0.4693877551020409
-0.18367346938775508
0.3877551020408163
-0.1428571428571429
0.5510204081632653
0.6734693877551021
0.22448979591836737
0.9183673469387754
0.3877551020408163
0.510204081632653
0.1428571428571428
0.5918367346938775
-0.4693877551020408
0.30612244897959173
-0.020408163265306145
0.26530612244897966
-0.10204081632653061
0.4285714285714286
-0.7551020408163265
-0.22448979591836737
-0.5510204081632653
-0.020408163265306145
0.3877551020408163
0.8367346938775511
-0.10204081632653061
0.1428571428571428
0.346938775510204
0.7142857142857142
0.30612244897959173
0.5510204081632653
0.1428571428571428
0.22448979591836737
-0.7551020408163265
0.020408163265306145
0.7959183673469388
0.346938775510204
0.6326530612244898
-0.26530612244897955
-0.18367346938775508
-0.6326530612244898
0.346938775510204
0.5918367346938775
0.22448979591836737
0.26530612244897966
0.4285714285714286
-0.26530612244897955
-0.8367346938775511
0.4285714285714286
0.061224489795918435
0.7551020408163265
0.18367346938775508
0.3877551020408163
0.3877551020408163
0.3877551020408163
-0.1428571428571429
-0.34693877551020413
0.3877551020408163
0.020408163265306145
0.4285714285714286
-0.5510204081632653
0.510204081632653
0.3877551020408163
0.26530612244897966
0.510204081632653
0.510204081632653
0.7142857142857142
-0.10204081632653061
0.5510204081632653
-0.34693877551020413
0.1020408163265305
-0.6326530612244898
-0.26530612244897955
0.020408163265306145
-0.10204081632653061
0.020408163265306145
0.1428571428571428
0.26530612244897966
0.30612244897959173
-0.061224489795918324
-0.5918367346938775
-0.7551020408163265
0.5918367346938775
-0.6734693877551021
0.3877551020408163
-0.061224489795918324
-0.061224489795918324
0.4693877551020409
0.020408163265306145
0.020408163265306145
-0.020408163265306145
-0.10204081632653061
-0.1428571428571429
-0.18367346938775508
0.5510204081632653
0.020408163265306145
0.1020408163265305
-0.3877551020408163
0.4285714285714286
0.26530612244897966
0.061224489795918435
0.26530612244897966
0.5510204081632653
-0.22448979591836737
-0.5510204081632653
0.4693877551020409
0.18367346938775508
0.18367346938775508
0.4693877551020409
0.22448979591836737
-0.6734693877551021
0.3877551020408163
0.510204081632653
-0.3877551020408163
-0.10204081632653061
0.26530612244897966
-0.020408163265306145
-0.26530612244897955
0.26530612244897966
0.5918367346938775
0.7959183673469388
-0.8775510204081632
0.510204081632653
-0.5918367346938775
0.30612244897959173
0.6734693877551021
0.1020408163265305
-0.020408163265306145
-0.10204081632653061
0.7142857142857142
-0.1428571428571429
0.7959183673469388
0.18367346938775508
-0.22448979591836737
-0.30612244897959184
0.510204081632653
0.1020408163265305
0.5510204081632653
0.4693877551020409
-0.1428571428571429
0.3877551020408163
0.5510204081632653
0.4285714285714286
-0.4693877551020408
-0.020408163265306145
-0.5510204081632653
0.1428571428571428
0.22448979591836737
0.4285714285714286
0.020408163265306145
0.18367346938775508
0.4285714285714286
-0.18367346938775508
0.5510204081632653
-0.020408163265306145
-0.4285714285714286
0.6734693877551021
0.5918367346938775
0.30612244897959173
0.510204081632653
0.9591836734693877
0.6734693877551021
0.6326530612244898
-0.22448979591836737
0.5510204081632653
0.5510204081632653
0.30612244897959173
-0.18367346938775508
-0.3877551020408163
-0.10204081632653061
0.30612244897959173
-0.10204081632653061
0.22448979591836737
-0.3877551020408163
0.4693877551020409
-0.4285714285714286
-0.9183673469387755
-0.3877551020408163
0.3877551020408163
-0.22448979591836737
0.5918367346938775
0.6326530612244898
0.5918367346938775
-0.22448979591836737
-0.1428571428571429
0.5918367346938775
-0.30612244897959184
0.510204081632653
0.510204081632653
0.30612244897959173
0.1428571428571428
-0.4285714285714286
-0.30612244897959184
0.22448979591836737
0.5918367346938775
0.4693877551020409
0.30612244897959173
0.4693877551020409
0.22448979591836737
0.061224489795918435
0.3877551020408163
-0.7142857142857143
0.5918367346938775
0.510204081632653
0.3877551020408163
0.346938775510204
-0.020408163265306145
0.510204081632653
-0.3877551020408163
-0.061224489795918324
0.26530612244897966
0.8367346938775511
0.510204081632653
0.30612244897959173
0.510204081632653
0.346938775510204
0.3877551020408163
-0.26530612244897955
-0.26530612244897955
-0.6734693877551021
-0.5918367346938775
-0.020408163265306145
-0.26530612244897955
0.5510204081632653
-0.22448979591836737
0.5918367346938775
-0.26530612244897955
0.346938775510204
-0.22448979591836737
0.30612244897959173
-0.30612244897959184
0.4693877551020409
-0.4285714285714286
-0.10204081632653061
0.6734693877551021
0.6326530612244898
0.4693877551020409
-0.5918367346938775
-0.020408163265306145
-0.10204081632653061
0.020408163265306145
0.6326530612244898
0.3877551020408163
0.4285714285714286
0.7142857142857142
0.4693877551020409
0.18367346938775508
-0.5102040816326531
-0.34693877551020413
0.5510204081632653
0.26530612244897966
0.5918367346938775
0.6734693877551021
0.26530612244897966
0.1428571428571428
0.5918367346938775
0.22448979591836737
-0.5918367346938775
-0.26530612244897955
-0.061224489795918324
-0.7959183673469388
0.6326530612244898
-0.3877551020408163
-0.4693877551020408
0.26530612244897966
0.7959183673469388
0.5918367346938775
-0.061224489795918324
0.3877551020408163
0.510204081632653
0.346938775510204
0.26530612244897966
-0.020408163265306145
0.510204081632653
0.510204081632653
-0.1428571428571429
-0.10204081632653061
-0.6326530612244898
0.5918367346938775
-0.8367346938775511
0.4693877551020409
-0.18367346938775508
0.1428571428571428
0.510204081632653
0.18367346938775508
0.26530612244897966
0.4285714285714286
-0.7142857142857143
0.30612244897959173
0.3877551020408163
-0.26530612244897955
0.3877551020408163
-0.6326530612244898
0.6326530612244898
0.061224489795918435
-0.30612244897959184
0.5510204081632653
0.18367346938775508
-0.5918367346938775
0.6734693877551021
-0.1428571428571429
0.30612244897959173
-0.020408163265306145
0.5918367346938775
0.1020408163265305
0.6734693877551021
-0.26530612244897955
0.510204081632653
-0.9183673469387755
-0.6326530612244898
-0.9183673469387755
0.6734693877551021
0.6326530612244898
-0.18367346938775508
0.6734693877551021
0.1020408163265305
0.4285714285714286
-1.0
0.30612244897959173
-0.5918367346938775
0.4693877551020409
0.3877551020408163
-0.10204081632653061
-0.4693877551020408
0.6326530612244898
0.5918367346938775
0.5918367346938775
-0.4693877551020408
0.5510204081632653
0.1020408163265305
0.020408163265306145
-0.34693877551020413
-0.7959183673469388
0.5510204081632653
0.26530612244897966
-0.6326530612244898
0.4693877551020409
-0.7142857142857143
0.26530612244897966
0.6326530612244898
-0.061224489795918324
0.5918367346938775
-0.7142857142857143
0.8775510204081634
-0.30612244897959184
0.6326530612244898
0.5510204081632653
0.18367346938775508
-0.30612244897959184
0.1020408163265305
-0.18367346938775508
-0.10204081632653061
-0.061224489795918324
0.30612244897959173
-0.10204081632653061
-0.18367346938775508
-0.4693877551020408
0.4693877551020409
0.1020408163265305
-0.061224489795918324
0.5918367346938775
0.5918367346938775
0.4693877551020409
0.4285714285714286
0.4285714285714286
0.7551020408163265
0.1020408163265305
0.18367346938775508
-0.3877551020408163
0.4693877551020409
0.6326530612244898
0.4285714285714286
-0.3877551020408163
0.7142857142857142
0.346938775510204
0.4693877551020409
0.4285714285714286
0.3877551020408163
-0.26530612244897955
-0.4693877551020408
0.510204081632653
0.4693877551020409
-0.22448979591836737
0.8775510204081634
0.510204081632653
0.4693877551020409
0.26530612244897966
-0.1428571428571429
0.1428571428571428
0.7142857142857142
0.510204081632653
0.6326530612244898
0.1428571428571428
0.061224489795918435
0.1428571428571428
0.346938775510204
0.346938775510204
0.4693877551020409
0.020408163265306145
-0.5510204081632653
-0.34693877551020413
0.7142857142857142
-0.6734693877551021
0.26530612244897966
-0.7142857142857143
-0.26530612244897955
-0.020408163265306145
0.4285714285714286
0.30612244897959173
-0.6326530612244898
0.7142857142857142
0.4285714285714286
0.5918367346938775
0.30612244897959173
-0.4285714285714286
-0.020408163265306145
-0.061224489795918324
0.3877551020408163
-0.4285714285714286
0.7551020408163265
0.5918367346938775
0.4285714285714286
-0.061224489795918324
0.5918367346938775
-0.18367346938775508
-0.020408163265306145
0.5918367346938775
0.1428571428571428
1.0
0.6734693877551021
0.26530612244897966
-0.1428571428571429
0.4285714285714286
-0.7551020408163265
0.4693877551020409
0.4285714285714286
-0.22448979591836737
-0.4693877551020408
-0.4693877551020408
0.7142857142857142
-0.34693877551020413
-0.020408163265306145
0.5510204081632653
0.30612244897959173
0.22448979591836737
-0.30612244897959184
0.8367346938775511
-0.10204081632653061
0.8367346938775511
EIGENVECTOR
0.8788021903072172
-0.5639256613548409
-0.47568552911843687
0.03936105023349157
-0.7058805817684455
-0.6023876919516573
-0.3367925771768425
-0.8506438262551491
-0.7436485138369797
-0.7920482007604249
-0.6050911531035017
-0.4071239199686527
-0.3305780513547599
-0.7626748030951175
-0.6159944443881203
-0.3845273829075563
0.2887777628699948
-0.7264450739335642
-0.5218540514009284
-0.8271363366431635
-0.4039489411086685
0.6492581521841865
-0.5440245329958602
0.8156239187198111
0.24287023783193384
0.3653093509072427
-0.7964839115872736
-0.029055006651876547
-0.8899626149926522
-0.5417684986095264
-0.8244741473315337
-0.7456458027096947
-0.7032570828298216
-0.4353801180469269
-0.9461117664816338
-0.7262573015909662
-0.803191178993225
-0.33792712461701324
-0.4259102501169719
0.8721427383851243
-0.7167720982486447
-0.7711388432882147
0.24706083550805147
-0.05452232974508742
-0.1259539042298632
-0.13997683691492424
-0.8288848586723414
-0.10294585861961636
-0.9461117664816339
-0.8177324157661768
0.5073130493794002
-0.15150917441745337
0.48934053810933253
-0.9267424684391814
-0.8516593005614814
-0.7192827760640613
-0.1922550005733501
0.0226114445642156
-0.10495245249983887
-0.3877320739495508
0.20766844846733745
-0.6819836775491315
-0.8652766338928326
0.09897849171007467
-0.7486107017436562
0.7330582430081789
-0.5329080257395002
-0.4651026767198808
0.2511749196281683
-0.040114511478666626
-0.6549591201956748
-0.9149957588011502
-0.02826529279024781
-0.6527581608348894
-0.45310571430801216
-0.6592677368469959
0.11228952146176518
0.051124649020020785
-0.198782132844475
-0.5119824383647094
-0.4128034060374668
0.6940058824624078
-0.787525988595215
-0.5832361279135007
-0.647111714670478
-0.12340856722558724
-0.8472556369315474
-0.5409980546386947
-0.8029112293711633
-0.689701237560967
-0.9189736155977973
-0.7697873092454448
-0.6174340597864709
0.04884651471910595
-0.8137504541454045
-0.7972097649854664
-0.9461117664816338
-0.09510744162103968
-0.9208391446119496
-0.4080027025128705
-0.6179140640855589
-0.8120095285139582
0.10472365107627302
-0.8239102594480583
-0.6662087476354625
-0.4677063741264772
-0.8209735722419043
-0.658820768308026
-0.7473834639314163
0.5337509923231141
-0.7657671745343653
-0.7290799118197273
-0.8747456596021704
-0.11302949623618852
0.21512904681344724
-0.6957367224435507
-0.008153569196081123
-0.20913614748072695
-0.6677120824475334
-0.9723620812581009
-0.6855615894642957
-0.3220114012504586
-0.5942375897300489
-0.1922171174162065
-0.5801182702638924
-0.9824477125940547
0.19114102000272437
0.3298744669815463
-0.6284272382032863
-0.6620506016132115
-0.49025708109787136
-0.8330916494136762
-0.9601516708746589
-0.545541352494451
-0.1580663357696882
-0.22909908808160706
-0.9942136656732953
0.0073898188645820095
-0.9771615671470832
-0.09064006817738224
0.6205032373877681
-0.7066529923851487
-0.6755682271805088
-0.8197224357978706
0.6705018169145689
-0.7136698840762539
0.8248505312091461
-0.7394926389520833
-0.7502462233066489
-0.7734835023615025
0.4185254906070015
-0.8134665638670129
0.49422363526174773
-0.4244103404696725
-0.8074619648730845
-0.42591025011697237
-0.6537528345611914
0.17002357375932742
-0.888976993515084
-0.5036573470373307
-0.9493132248381957
-0.6583487667691255
-0.6108726454074467
0.013425015457394496
-0.7952043156125945
-0.7506972533846049
0.10012898447365481
-0.959721858284427
-0.48434656845732005
-0.8063365533001116
-0.7997966737457298
0.6495025055612056
-0.09827257220057684
-0.7142261566439567
-0.5980763961692734
0.8704933749766894
0.6470748644747322
-0.10860964655618788
-0.5119217831495833
0.17668620499369592
-0.38076452263404537
-0.4613795749283963
-0.8241618189329678
-0.7844501661519416
-0.7208399392281882
-0.6983111051063184
-0.653844332255392
-0.5938272550826027
-0.8788058229152618
0.21937502719156132
-0.8099263281246792
-0.8920537056990585
-0.8745587145897291
-0.22380862394465895
-0.7572700426050104
0.3503928725307952
0.11359574813179796
0.593093434298708
-0.6991312183150945
-0.8055371483834265
0.4782410113343971
-0.5818046433007673
-0.26151261272655246
0.4930584417295185
0.011172174842586147
-0.5723147399578058
-0.9707306237054295
-0.85946107516659
-0.5438726918827298
0.5868756908536925
0.30786125608976467
-0.5913969118213538
-0.31877874364777303
-0.5841510710497244
-0.7904111741805357
0.21116252263092683
-0.9244874495730221
0.5989473985575937
-0.3614325730066207
0.1454575425166249
-0.39080379001696397
-0.49161488216367133
-0.3594037631422826
-0.595142486824051
-0.7171748092361743
-0.5996075923552397
0.8679974276553473
-0.31685680585027554
0.09010154892950628
0.3395796764472263
-0.5240086617627279
-0.7283563844000558
-0.5827277496210437
-0.7023895129273462
-0.9886499915009973
-0.9834983231940887
-0.46863325290112934
-0.8822380917082266
0.3740674941752695
-0.8501794561997207
-0.11678161596125003
-0.7029895463167408
-0.5066617973084246
-0.6280653788304912
-0.602469391128865
-0.8593317411462501
-0.2598770194301291
-0.9717155236730359
-0.6099708057210247
-0.5714775345857495
-0.3256121667875135
0.1918624372450064
-0.9853183860573497
-0.5894207926238824
-0.8868200189470179
-0.5745564844942003
-0.03444960546139875
0.22933810007890032
0.0534142915322906
0.25317925245532846
-0.14977943026512097
-0.21387070894282867
-0.6356764088520759
-0.9726034332628504
-0.4218844503722595
-0.7930192045593208
-0.5424963246517547
-0.48165132145431466
-0.7078295145655062
-0.5369346345252236
-0.6317589441457032
-0.45933342049679726
-0.9556620289745605
-0.8726421541503134
-0.8125028825204765
-0.995518446142223
0.44633737466747925
-0.6732970172983095
-0.9657536417573849
-0.545108229918135
-0.5307760022475102
0.5952798261475591
-0.7992732076859249
-0.4692556172512612
-0.1292552498709889
-0.0709982970519415
-0.5359947609236964
-0.8041589752813961
0.4342335682308005
0.233069310722261
-0.5750082841108146
-0.82382838934663
-0.8747321339061326
-0.12624724131109077
-0.9656527317558149
-0.5161662403239125
-0.9040593548449714
-0.44124656706599763
0.02757552906429228
-0.17086367045648498
-0.7343426164206275
-0.5794722891340269
-0.9908029810056999
-0.09064006817738224
-0.28767743255380707
-0.7802769606011701
-0.4421340404710592
-0.9922699818521645
-0.09564059049750195
-0.4938734156478234
-0.873380908871314
0.33545670572898745
-0.3270658350649578
-0.7935454986940683
-0.45912641624158346
-0.8942566674575799
-0.5512557903021702
-0.509902359087812
-0.25742191478753373
-0.45072674957348435
-0.5599970092139939
-0.5132788423634742
0.2938793982322465
-0.9847074432903855
-0.8105696776595617
-0.892712271494291
0.5098721301976317
0.7570664321087905
-0.8113438855757122
-0.03289344586364351
-0.5434675223593081
-0.40197326897895536
-1.0
-0.7058890137846754
-0.9105317547875007
-0.06880376001444577
-0.571447517157007
-0.7996883352564399
-0.746637941717035
-0.44494894490914727
-0.28508473718278626
0.42924724719329044
-0.9604407128669586
-0.6274386660701994
-0.6498351324558798
-0.31648388382093373
-0.8657342231220334
-0.8475822797547875
0.3039386802834867
-0.5118861724198118
-0.7688025151862624
-0.22479058200854563
-0.938366449682352
-0.6340036144903247
0.6167388073552158
-0.5589487031177351
-0.19179151929150462
-0.9266990020701936
0.8961545417959631
-0.7672781436085194
0.6243214840258813
-0.36262263530829697
-0.6427293756190249
-0.8717986376014757
-0.5249097472847184
-0.5942460584908895
-0.7175437359731733
-0.3894646980050418
-0.6438562420813487
-0.8197224357978706
-0.8414103400690398
-0.8931239839173872
0.38017016288186145
-0.5941367813043346
-0.8030368081200316
0.06321336413368939
0.5652639842680178
-0.016611013139982478
-0.7001655492969795
0.20096869239894
0.590869875167394
-0.7581262730252457
-0.5566565459265416
-0.6878814945169762
-0.3786548277183661
0.3390012291727411
0.1544232477192906
-0.8745587145897292
0.5939366280880027
-0.4475413905138884
-0.6159944443881202
-0.3789314566387846
0.2424792469592565
-0.9396805282599905
-0.8905113893134683
-0.6057036003948455
-0.3006544275439026
-0.9634896876673261
0.8438538970999128
-0.1873384793543077
0.4733976930980457
-0.5370406212933205
-0.5926999033307832
-0.6069513542588462
0.7833226363069543
0.007230200333297798
0.6442363410244152
-0.5369346345252238
-0.7721998092507308
-0.7733682820218822
-0.10625933976141744
-0.599716375454537
0.4607512652095982
-0.7946472272112683
-0.9723620812581009
-0.7050495380355747
0.714983354290289
-0.929185059716734
-0.6133474130447696
-0.9383664496823519
-0.6459600115799433
-0.44181677860186963
-0.3004480059160042
-0.6939595819158937
-0.8240509597441261
0.41940087527233594
-0.07509082768370978
0.4951704907243344
-0.7142261566439567
-0.832778531279341
-0.9486462938225626
-0.6543782607302475
-0.6505858020288721
-0.8803981172392217
0.3727937526918099
-0.04664133289470018
-0.6560107650349352
-0.6514540023890139
0.21782813684097557
-0.6853603626715123
-0.6528174726726143
-0.07744085947701551
-0.7600958030539149
1.0
0.6395980670941148
-0.3441724960799526
-0.7160006841350377
-0.37152204653195897
-0.9461117664816338
-0.639821319324049
0.3175673113853237
-0.9044695613333261
-0.889035735456324
-0.9657536417573849
-0.5562989394452689
-0.7072096822678653
-0.5748978269277929
-0.2776685266033362
0.02841776058841483
-0.7322014207216311
-0.9611747900155045
0.8320307946388619
-0.8048604912489671
0.8564280996228864
CENT
0.13829644900593507
-0.3406171968479036
-0.30105522720677635
-0.5901681195336144
-0.11561063962178719
-0.41705140200498036
0.2738106164479779
-0.70404557269727
-0.923064068506635
-0.9950822762385204
-0.45608885823870593
-0.5634032540965985
-0.718161608438315
-0.9491452942682461
-0.4435043055970681
-0.8247145719142543
-0.33097588036476167
-0.8548950547980637
-0.160888356308433
-0.9898688154763469
-0.778223898937523
-0.3524998327353449
-0.592571893394762
1.0
-0.4049480191871824
-0.3443520494476282
-0.8761009755234612
-0.030514849862324556
-0.9978451047901252
-0.5902001084301043
-0.5955600532327047
-0.9001519883685968
-0.08286262201770289
-0.8936024568807533
-1.0
-0.933384207716797
-0.9962387860387367
-0.7172211290026965
-0.9185469382193194
0.2702407058470213
-0.9477151674817835
-0.9559951750348423
-0.22698435949689688
0.14673177886096656
-0.06792897928852515
-0.6074735432368439
-0.39774818563062797
-0.13296909301360438
-1.0
0.09129431775657926
0.3330235598295912
-0.38430541634503457
0.08880379082788714
-0.5321127552380269
-0.9401913507889992
-0.9171945337626836
0.036470639390649096
-0.1271120505942236
-0.11441657713187015
-0.5528855562237374
0.28440742929409635
-0.9520700350771986
-0.8944510590860077
-0.49307896903709614
-0.6115601042782223
0.3521330416892112
0.4053066839361057
-0.9087507275758286
-0.09649018070738524
-0.22592357445708522
-0.9300845662713284
-0.27425759875311106
-0.5207880629779762
-0.5371439281271058
-0.8320658705253495
-0.917091831153884
-0.23242760367525062
-0.32641225459576384
-0.4932249459661583
-0.49015797010486517
-0.410795467185316
-0.29883706911175445
-0.026605345911520195
-0.04304341769771547
-0.9558348245679552
-0.5640098799111581
-0.9472259592381831
-0.8745874997116817
-0.7490684153758671
-0.8607068594636381
-0.4728795646573267
-0.9430056980843121
-0.2700914804969855
0.039484762122131034
-0.9735694936806295
-0.97830677439254
-1.0
0.1297383924125255
-0.9882578300954644
-0.2126258277036036
-0.9177548872426191
-0.9238466668834974
-0.29045497140748666
-0.9296559914534362
-0.8769983681854194
-0.7254355425456758
-0.8086350545790438
-0.973772073521554
-0.9099844333839389
-0.30074480606289367
-0.5427702069532121
-0.1960147449085713
-0.9939814952368136
0.42064872557902233
-0.21802422724817805
-0.37433102260539697
-0.11505982698236106
-0.08321219152182124
-0.5118643546817845
-0.9301749469118463
-0.7917271970814163
-0.4849467793137435
-0.7895043428743314
0.5333198681518483
-0.8180203555888593
-0.9510945768719882
0.03598686641120841
-0.017788168441424945
-0.8984089739776189
-0.9143538755687175
-0.6596708080474506
-0.9311817603926966
-0.9244008469024981
-0.04040412067780719
-0.48670763728175426
-0.4268777300056009
-0.9939923850733694
0.2692451253873416
-0.9342229330868195
-0.629339147645226
0.35189535411087247
0.252470910905934
-0.8814214323390966
-0.9885711672591251
0.9878312033268641
-0.8188396126587634
0.01261645865513894
-0.7849615631724531
-0.8284742997263248
-0.9432026507538404
-0.16825403653140103
-0.30155354952677316
-0.09627546982104873
-0.8813219841720994
-0.8675860503068203
-0.9185469382193194
-0.7400216457805373
-0.32731996967477106
-0.997400477597058
-0.14209080422006926
-0.6123561524758898
-0.5085113894807096
-0.7537961983776447
0.3768588195842193
-0.849056147307161
-0.9099234487775338
-0.3846641827877819
-0.838135360821332
-0.6271644542691217
-0.9715956021946114
-0.9582601821441414
-0.34411567487941286
-0.026338854394186262
-0.818774611782886
-0.41652222519469273
0.9820377144563701
-0.23318897232138458
-0.07126662399765038
-0.8251648966038346
-0.23116663219366895
-0.8040616092677665
-0.5293969570327095
-0.9808723998523583
-0.9399801343038562
0.5812463350646493
-0.4988173123727806
-0.9408837203186856
-0.3718611020904291
-0.8071782734904498
-0.08615025838293966
-0.8640378610736548
-0.9436224436652252
-0.9980822489098239
0.038439235896075674
-0.9680418269807076
0.15371047372908198
0.6427563376557315
-0.39884167622061273
-0.9767956352088141
0.005483947559083546
-0.09678424344425418
-0.8349388928968693
0.18965330700659777
-0.31095219191598644
0.5726442111193868
-0.9521072663079355
-0.710901149291308
-0.989088527277803
-0.590530286302509
-0.10021170298357485
-0.14392096724741688
-0.6820325821974742
-0.3575515631438404
-0.35223146307310926
-0.9616451450076585
-0.06496303238857692
-0.9139456455002615
-0.4560111702888596
-0.14106663247805973
-0.36585800219203146
-0.5264296092036584
-0.802838811288152
-0.0708213308960387
-0.9363844274950944
-0.9485454634032513
-0.318482318593834
0.06786285132449765
-0.5594296728529291
-0.33956767352489126
-0.4065921062583283
-0.08843832193968248
-0.6547444699475736
-0.43357502980564144
-0.9557473818841621
-0.9938286587724218
-0.9394751527632303
-0.823431474992951
-0.5125160293396812
-0.06290081841984241
-0.9502424818058961
0.2043668500850313
-0.9945985810680759
-0.6892534509938166
-0.678106255890093
-0.6095893071624561
-0.8661469734260243
-0.6800933490638882
-0.9293751416472892
-0.412479999350739
-0.5158359709427045
0.1506372667512641
0.16020748560369613
-0.967865907164711
-0.9405605465102689
-0.6583040449645201
-0.6645290118520002
-0.051412403539206064
-0.12780562964786613
0.27790373759315345
0.017431863830495997
-0.43431105967392925
0.5282616460771192
-0.9054656118058152
-0.9337169803324189
-0.12833374850483115
-0.1493810071818069
-0.4059193553836097
-0.14555362922876203
-0.7371172497945686
-0.6385481301001958
-0.601718559247362
-0.43928502942625913
-0.8438430081756301
-0.9781322708163187
-0.9154864646619343
-0.9943462364538009
-0.05529104355967973
-0.9079970608552741
-0.9494502201330222
-0.8129856523225616
-0.2063920248529717
-0.011899839575869375
-0.7997003138867205
-0.681440524541841
-0.34366339656390565
0.005693752861203771
-0.470471082846611
-0.856311983668596
0.037047216869475985
0.21432265640819348
-0.9682326945540078
-0.9853832514255061
-0.880685757284801
-0.20967438914425274
-0.9537921117177426
-0.41831246140757394
-0.34949332648961884
0.052918080206243445
-0.2942583548869555
-0.12442853875216153
-0.882220714574338
-0.6357347714561412
-0.995853558049861
-0.629339147645226
-0.1934489259669947
-0.9472295797145761
-0.4625392231163773
-0.9815429450583429
0.333924063460209
-0.4872486912822085
-0.9819103602392035
-0.20265032287422513
0.6036622022763671
-0.999203832306673
-0.39131975880848446
-0.7067579476995457
-0.6978690875381783
-0.5106208179889247
-0.4268120998672491
-0.09677494128928632
-0.23829930136570343
-0.9278705392375479
-0.23303392272856127
-0.9887069305144564
-0.9679357086647887
-0.9110787149509129
0.02702315445509651
-0.5070688326949141
-0.9761098646674734
0.5818607149267792
0.24695151304556306
-0.500221456061398
-0.9982816442477049
-0.5553628708529375
-0.9997742815478192
-0.10387227407477573
-0.6818536743335455
-0.9647259614920065
-0.5997407844195466
-0.29549478909526605
-0.7305474801181138
-0.172022058221591
-0.8842147322269422
-0.2300458974090952
-0.47326456667183614
-0.6899644974986869
-0.8927022067944654
-0.9997709785913744
-0.3388855206725587
-0.0752856906975854
-0.8912840698712272
-0.1781183598783408
-0.9993255116137845
-0.4743850142256315
-0.3526506205963854
-0.9497845481886189
0.30791647638777286
-0.9893802515047662
-0.0028380233561318136
-0.6751123391292473
0.0203676920249225
-0.8274679650640995
-0.6459000808991102
-0.7470679753030489
-0.46886290156497856
-0.826768298311486
-0.6510578016323187
-0.7436293962127752
-0.8172282300725634
-0.9885711672591251
-0.07221512934638363
-0.9642918872713633
-0.18236018231000706
-0.7556111902504461
-0.9434734478104315
0.6723097072711217
-0.04358516734754281
-0.0354195648820651
-0.8292436282106035
-0.016305701117544147
0.20826572910354724
-0.6469971852812872
-0.9611525516320049
-0.8716990293784677
-0.2849674328202262
0.09989243935840597
-0.1493833616383612
-0.9980822489098239
-0.1656854581928645
-0.4935357058343741
-0.4435043055970681
-0.5403001250255253
-0.14709608391330597
-0.6521750959400863
-0.9989096869052729
-0.6686968054132933
-0.19415621267789396
-0.8563975215716494
0.19868717521276147
-0.7550118677425594
-0.08486301615586667
-0.7980718924656769
-0.9826155913127709
-0.6248839196479719
-0.3953075480735042
-0.09924546568526971
-0.2912806643336817
-0.6385481301001958
-0.9379432394045316
0.14606070261088155
0.7955073854374652
-0.5435796325152803
-0.5979927844296358
-0.8549525417021915
-0.9301749469118463
-0.9830728695725881
-0.3650734067448651
-0.9980149251887734
-0.6977849952923558
-0.9993255116137845
-0.7603342585851636
-0.16269263415872925
-0.17831282626593392
-0.8302718782333338
-0.9992228038710534
0.4721293120310137
-0.2115274881294168
-0.3612267150726859
-0.818774611782886
-0.7756032247726615
-0.6625935819798605
-0.9674616723099702
-0.7360162744010568
-0.9251489997293187
0.6633322301972631
0.066090039401842
-0.7404292875379355
-0.8622790812630636
0.06954914361774844
-0.9908047833455638
-0.21344371781561233
-0.33788398790329477
-0.9195448697579411
0.8112370410187688
-0.3372220240035474
0.3308189339231524
-0.832290135592401
-0.19495445000351808
-1.0
-0.7112119742862623
-0.08681496369295993
-0.4824895103554795
-0.9296708660613617
-0.9494502201330222
-0.33011209366062366
-0.9935888850495314
-0.9530710041201035
-0.5555720198655572
-0.603291400451909
-0.7942285055300399
-0.9360228164472948
0.4295734098432511
-0.8041592839340493
-0.08369097656121416
DEGREE_RANK
0.9784017278617709
0.08423326133909281
-0.2267818574514039
0.3088552915766738
0.39956803455723544
0.8401727861771058
-0.10151187904967596
-0.550755939524838
-0.00647948164146861
-0.8228941684665227
-0.09719222462203025
-0.002159827213822796
0.20950323974082075
-0.22246220302375808
0.40388768898488125
0.40820734341252707
0.41252699784017266
-0.5464362850971922
0.21382289416846634
-0.5032397408207343
0.6025917926565874
0.8444924406047516
-0.049676025917926525
0.9913606911447084
0.21814254859611237
0.5075593952483801
-0.1533477321814254
0.6760259179265657
-0.8142548596112311
0.08855291576673863
-0.3434125269978402
0.002159827213823018
-0.4600431965442764
0.3131749460043196
-0.9611231101511879
-0.5939524838012958
-0.8444924406047516
-0.33909287257019427
0.22246220302375797
0.9611231101511879
-0.4557235421166306
-0.1490280777537797
0.16630669546436283
0.8920086393088551
0.09287257019438444
0.6069114470842334
-0.14470842332613387
-0.04535637149028071
-0.9568034557235421
-0.2742980561555075
0.9438444924406046
0.17062634989200842
0.7840172786177106
-0.6501079913606911
-0.5421166306695464
-0.9049676025917927
0.17494600431965446
0.6803455723542118
-0.04103671706263501
0.00647948164146861
0.3174946004319654
-0.6457883369330453
-0.978401727861771
0.32181425485961124
-0.21814254859611226
0.9308855291576674
-0.09287257019438444
0.22678185745140378
0.23110151187904981
0.2354211663066954
-0.4989200863930885
-0.7105831533477323
0.23974082073434122
-0.2699784017278618
0.32613390928725705
-0.8401727861771058
0.5118790496760259
0.2440604751619868
0.010799136069114423
0.5161987041036715
0.5205183585313176
0.8963282937365011
-0.4514038876889849
0.611231101511879
-0.7062634989200863
-0.1965442764578833
-0.9006479481641468
-0.6414686825053995
-0.265658747300216
-0.44708423326133906
-0.26133909287257007
-0.14038876889848817
0.015118790496760237
0.09719222462203003
-0.3909287257019438
-0.8747300215982721
-0.9524838012958963
0.6846652267818574
-0.9222462203023758
0.24838012958963285
-0.386609071274298
-0.3822894168466522
0.4168466522678185
-0.25701943844492436
-0.25269978401727855
-0.33477321814254857
-0.44276457883369336
-0.4946004319654428
-0.5377969762419006
0.6155507559395248
-0.24838012958963285
-0.1922246220302376
-0.7494600431965444
0.33045356371490264
0.01943844492440605
-0.21382289416846645
0.023758099352051865
0.6198704103671706
-0.5896328293736501
-0.8358531317494601
0.4211663066954643
-0.08855291576673852
-0.08423326133909281
0.4254859611231101
-0.036717062634989084
-0.91792656587473
0.25269978401727866
0.5248380129589634
-0.7451403887688984
-0.43844492440604743
0.028077753779697456
-0.33045356371490275
-0.6371490280777538
0.03239740820734349
0.6889848812095032
0.9481641468682505
-0.9827213822894169
0.529157667386609
-0.8704103671706264
0.10151187904967607
0.8488120950323972
-0.18790496760259168
-0.32613390928725694
-0.4341252699784016
0.900647948164147
-0.49028077753779686
0.9524838012958965
-0.079913606911447
-0.5853131749460043
-0.6846652267818574
0.533477321814255
-0.18358531317494597
0.6241900647948164
0.4298056155507559
-0.48596112311015116
0.25701943844492425
0.6285097192224622
0.3347732181425487
-0.8099352051835853
-0.32181425485961124
-0.8315334773218143
-0.13606911447084225
-0.03239740820734338
0.33909287257019427
-0.24406047516198703
-0.0755939524838013
0.3434125269978401
-0.5334773218142548
0.6328293736501078
-0.3174946004319654
-0.775377969762419
0.8531317494600432
0.693304535637149
0.10583153347732188
0.5377969762419006
0.9956803455723542
0.857451403887689
0.7883369330453562
-0.5809935205183585
0.6371490280777539
0.6414686825053995
0.11015118790496747
-0.529157667386609
-0.7408207343412527
-0.4298056155507559
0.11447084233261329
-0.4254859611231101
-0.028077753779697567
-0.7365010799136069
0.43412526997840173
-0.7710583153347732
-0.9956803455723542
-0.7321814254859611
0.2613390928725703
-0.5766738660907127
0.6976241900647948
0.7926565874730023
0.7019438444924406
-0.5723542116630669
-0.48164146868250535
0.7062634989200864
-0.6803455723542116
0.5421166306695464
0.546436285097192
0.1187904967602591
-0.13174946004319643
-0.7667386609071274
-0.6760259179265659
-0.023758099352051754
0.7105831533477323
0.43844492440604754
0.12311015118790491
0.44276457883369313
-0.01943844492440605
-0.20950323974082063
0.2656587473002159
-0.9438444924406048
0.7149028077753778
0.550755939524838
0.2699784017278617
0.17926565874730027
-0.3131749460043196
0.5550755939524838
-0.7278617710583153
-0.3779697624190065
0.036717062634989084
0.9654427645788337
0.5593952483801294
0.12742980561555073
0.5637149028077755
0.18358531317494586
0.27429805615550773
-0.6328293736501079
-0.6285097192224622
-0.9136069114470842
-0.8660907127429806
-0.3088552915766738
-0.6241900647948164
0.6457883369330453
-0.5680345572354211
0.7192224622030237
-0.6198704103671706
0.1879049676025919
-0.5637149028077754
0.13174946004319654
-0.67170626349892
0.44708423326133917
-0.7624190064794816
-0.4211663066954644
0.8617710583153346
0.7969762419006479
0.451403887688985
-0.8617710583153347
-0.304535637149028
-0.4168466522678186
-0.2397408207343411
0.8012958963282937
0.2786177105831533
0.3477321814254859
0.9049676025917925
0.4557235421166306
-0.07127429805615548
-0.8185745140388769
-0.7019438444924406
0.6501079913606913
0.0410367170626349
0.7235421166306695
0.8660907127429807
0.04535637149028071
-0.12742980561555073
0.7278617710583153
-0.015118790496760237
-0.857451403887689
-0.6155507559395248
-0.37365010799136067
-0.9697624190064795
0.8056155507559395
-0.7235421166306695
-0.8056155507559395
0.049676025917926525
0.9568034557235421
0.7321814254859611
-0.36933045356371486
0.28293736501079914
0.5680345572354211
0.1922246220302375
0.05399568034557234
-0.3002159827213823
0.5723542116630669
0.5766738660907129
-0.47732181425485953
-0.41252699784017266
-0.8963282937365011
0.7365010799136069
-0.9740820734341252
0.4600431965442764
-0.5248380129589633
-0.12311015118790491
0.5809935205183585
-0.06695464362850967
0.05831533477321815
0.3520518358531317
-0.9395248380129589
0.13606911447084236
0.2872570194384447
-0.611231101511879
0.29157667386609076
-0.8920086393088553
0.8099352051835853
-0.20518358531317493
-0.6673866090712743
0.6544276457883369
-0.06263498920086386
-0.8531317494600432
0.8704103671706263
-0.47300215982721383
0.14038876889848795
-0.29589632829373647
0.7408207343412527
-0.17926565874730016
0.8747300215982721
-0.6069114470842332
0.5853131749460043
-0.9913606911447084
-0.8876889848812095
-0.9870410367170627
0.8790496760259181
0.8142548596112311
-0.5205183585313174
0.8833693304535637
-0.17494600431965435
0.3563714902807775
-1.0
0.14470842332613398
-0.8488120950323974
0.4643628509719222
0.29589632829373635
-0.40820734341252696
-0.8012958963282938
0.8185745140388767
0.7451403887688983
0.7494600431965444
-0.796976241900648
0.6587473002159827
-0.17062634989200864
-0.2354211663066954
-0.6976241900647948
-0.9654427645788337
0.6630669546436285
0.06263498920086397
-0.8833693304535637
0.468682505399568
-0.9352051835853131
0.06695464362850956
0.8228941684665227
-0.36501079913606904
0.7537796976241902
-0.9308855291576674
0.982721382289417
-0.6630669546436285
0.8272138228941686
0.6673866090712743
-0.05831533477321804
-0.6587473002159827
-0.16630669546436283
-0.5161987041036717
-0.40388768898488114
-0.36069114470842323
0.1490280777537798
-0.39956803455723544
-0.5118790496760259
-0.7926565874730022
0.4730021598272136
-0.16198704103671702
-0.3563714902807775
0.7580993520518358
0.7624190064794816
0.47732181425485964
0.36069114470842334
0.36501079913606915
0.935205183585313
-0.1576673866090712
-0.05399568034557234
-0.7192224622030237
0.48164146868250546
0.8315334773218142
0.36933045356371474
-0.714902807775378
0.9092872570194386
0.1965442764578833
0.48596112311015105
0.37365010799136056
0.30021598272138217
-0.6025917926565875
-0.7883369330453563
0.5896328293736499
0.4902807775377971
-0.5593952483801296
0.9870410367170626
0.593952483801296
0.4946004319654427
0.07127429805615537
-0.468682505399568
-0.11879049676025921
0.9136069114470842
0.5982721382289415
0.8358531317494602
-0.11447084233261329
-0.20086393088552912
-0.11015118790496747
0.20086393088552912
0.20518358531317493
0.4989200863930885
-0.2311015118790496
-0.8272138228941684
-0.693304535637149
0.91792656587473
-0.9092872570194385
0.07559395248380141
-0.9265658747300216
-0.5982721382289417
-0.29157667386609076
0.3779697624190066
0.1533477321814254
-0.8790496760259179
0.9222462203023758
0.3822894168466522
0.7667386609071274
0.1576673866090712
-0.7580993520518359
-0.28725701943844484
-0.3520518358531317
0.3045356371490282
-0.7537796976241901
0.939524838012959
0.7710583153347732
0.386609071274298
-0.3477321814254859
0.775377969762419
-0.5075593952483801
-0.282937365010799
0.7796976241900648
-0.10583153347732177
1.0
0.8876889848812095
0.079913606911447
-0.4643628509719222
0.3909287257019438
-0.9481641468682506
0.5032397408207343
0.3952483801295896
-0.5550755939524837
-0.7840172786177106
-0.7796976241900648
0.9265658747300216
-0.6889848812095032
-0.2786177105831533
0.6717062634989199
0.16198704103671702
-0.010799136069114312
-0.6544276457883369
0.9697624190064795
-0.3952483801295896
0.9740820734341251
EIGENVECTOR_RANK
0.9913606911447084
0.00647948164146861
0.16198704103671702
0.611231101511879
-0.33477321814254857
-0.09719222462203025
0.32613390928725705
-0.7062634989200863
-0.4254859611231101
-0.5248380129589633
-0.10583153347732177
0.25701943844492425
0.33045356371490264
-0.468682505399568
-0.13606911447084225
0.28293736501079914
0.7408207343412527
-0.39956803455723544
0.10151187904967607
-0.67170626349892
0.2613390928725703
0.9222462203023758
0.0410367170626349
0.9568034557235421
0.7235421166306695
0.7840172786177106
-0.5464362850971922
0.5637149028077755
-0.7883369330453563
0.05831533477321815
-0.6673866090712743
-0.4298056155507559
-0.32613390928725694
0.22678185745140378
-0.8790496760259179
-0.3952483801295896
-0.5766738660907127
0.32181425485961124
0.2354211663066954
0.9870410367170626
-0.37365010799136067
-0.49028077753779686
0.7278617710583153
0.5421166306695464
0.468682505399568
0.4557235421166306
-0.6760259179265659
0.4989200863930885
-0.8747300215982721
-0.6328293736501079
0.8531317494600432
0.44708423326133917
0.8358531317494602
-0.8488120950323974
-0.7105831533477323
-0.386609071274298
0.4211663066954643
0.5982721382289415
0.4946004319654427
0.2786177105831533
0.6889848812095032
-0.2742980561555075
-0.7235421166306695
0.6371490280777539
-0.44276457883369336
0.9438444924406046
0.08423326133909281
0.17926565874730027
0.7321814254859611
0.550755939524838
-0.2311015118790496
-0.8272138228941684
0.5680345572354211
-0.20950323974082063
0.1965442764578833
-0.24838012958963285
0.6501079913606913
0.6198704103671706
0.4168466522678185
0.11447084233261329
0.24838012958963285
0.935205183585313
-0.5161987041036717
-0.04103671706263501
-0.1922246220302376
0.4730021598272136
-0.693304535637149
0.06263498920086397
-0.5680345572354211
-0.29157667386609076
-0.8315334773218143
-0.48596112311015116
-0.14038876889848817
0.6155507559395248
-0.6285097192224622
-0.550755939524838
-0.8704103671706264
0.5118790496760259
-0.8358531317494601
0.25269978401727866
-0.14470842332613387
-0.6155507559395248
0.6457883369330453
-0.6544276457883369
-0.25701943844492436
0.17494600431965446
-0.6457883369330453
-0.24406047516198703
-0.43844492440604743
0.8617710583153346
-0.47300215982721383
-0.40820734341252696
-0.7580993520518359
0.48164146868250546
0.6976241900647948
-0.3002159827213823
0.5766738660907129
0.41252699784017266
-0.26133909287257007
-0.9481641468682506
-0.282937365010799
0.3434125269978401
-0.07127429805615548
0.4254859611231101
-0.028077753779697567
-0.9611231101511879
0.6760259179265657
0.7624190064794816
-0.1576673866090712
-0.25269978401727855
0.1490280777537798
-0.6846652267818574
-0.9049676025917927
0.03239740820734349
0.44276457883369313
0.3952483801295896
-0.9913606911447084
0.5853131749460043
-0.9568034557235421
0.5161987041036715
0.900647948164147
-0.3434125269978402
-0.2699784017278618
-0.6371490280777538
0.9308855291576674
-0.3563714902807775
0.9611231101511879
-0.4211663066954644
-0.44708423326133906
-0.5032397408207343
0.8012958963282937
-0.6241900647948164
0.8444924406047516
0.23974082073434122
-0.5982721382289417
0.23110151187904981
-0.21814254859611226
0.6673866090712743
-0.7796976241900648
0.13606911447084236
-0.8920086393088553
-0.2397408207343411
-0.12311015118790491
0.593952483801296
-0.5421166306695464
-0.4514038876889849
0.6414686825053995
-0.9006479481641468
0.1533477321814254
-0.5939524838012958
-0.5637149028077754
0.9265658747300216
0.5032397408207343
-0.36501079913606904
-0.08423326133909281
0.982721382289417
0.91792656587473
0.48596112311015105
0.1187904967602591
0.6717062634989199
0.2872570194384447
0.18358531317494586
-0.6630669546436285
-0.5118790496760259
-0.3909287257019438
-0.304535637149028
-0.22246220302375808
-0.06263498920086386
-0.7624190064794816
0.7062634989200864
-0.6025917926565875
-0.796976241900648
-0.7494600431965444
0.40388768898488125
-0.4557235421166306
0.7796976241900648
0.6544276457883369
0.8790496760259181
-0.3088552915766738
-0.5896328293736501
0.8315334773218142
-0.03239740820734338
0.3822894168466522
0.8401727861771058
0.5896328293736499
-0.00647948164146861
-0.9352051835853131
-0.7192224622030237
0.04535637149028071
0.8704103671706263
0.7537796976241902
-0.05399568034557234
0.3477321814254859
-0.04535637149028071
-0.5205183585313174
0.693304535637149
-0.8401727861771058
0.8920086393088551
0.3088552915766738
0.6587473002159827
0.2699784017278617
0.14470842332613398
0.3131749460043196
-0.079913606911447
-0.3779697624190065
-0.08855291576673852
0.9784017278617709
0.3520518358531317
0.6328293736501078
0.775377969762419
0.09719222462203003
-0.40388768898488114
-0.036717062634989084
-0.3174946004319654
-0.978401727861771
-0.9654427645788337
0.17062634989200842
-0.7710583153347732
0.7926565874730023
-0.7019438444924406
0.47732181425485964
-0.32181425485961124
0.13174946004319654
-0.1533477321814254
-0.10151187904967596
-0.714902807775378
0.386609071274298
-0.9395248380129589
-0.11879049676025921
-0.002159827213822796
0.33909287257019427
0.6803455723542118
-0.9740820734341252
-0.049676025917926525
-0.775377969762419
-0.010799136069114312
0.5550755939524838
0.7105831533477323
0.6241900647948164
0.7365010799136069
0.451403887688985
0.40820734341252707
-0.17062634989200864
-0.9524838012958963
0.2440604751619868
-0.529157667386609
0.05399568034557234
0.1576673866090712
-0.3520518358531317
0.07559395248380141
-0.16198704103671702
0.1879049676025919
-0.8963282937365011
-0.7365010799136069
-0.6198704103671706
-0.9956803455723542
0.8185745140388767
-0.265658747300216
-0.9308855291576674
0.036717062634989084
0.08855291576673863
0.8876889848812095
-0.5550755939524837
0.16630669546436283
0.4600431965442764
0.533477321814255
0.079913606911447
-0.5809935205183585
0.8142548596112311
0.7149028077753778
-0.01943844492440605
-0.6501079913606911
-0.7537796976241901
0.4643628509719222
-0.9222462203023758
0.10583153347732188
-0.8142548596112311
0.22246220302375797
0.6025917926565874
0.43844492440604754
-0.4168466522678186
-0.023758099352051754
-0.9827213822894169
0.5205183585313176
0.36933045356371474
-0.5075593952483801
0.21382289416846634
-0.9870410367170627
0.5075593952483801
0.14038876889848795
-0.7408207343412527
0.7667386609071274
0.3347732181425487
-0.5334773218142548
0.1922246220302375
-0.8099352051835853
0.028077753779697456
0.12742980561555073
0.3909287257019438
0.20086393088552912
0.010799136069114423
0.11015118790496747
0.7451403887688983
-0.9697624190064795
-0.6069114470842332
-0.8012958963282938
0.857451403887689
0.9481641468682505
-0.611231101511879
0.5593952483801294
0.049676025917926525
0.2656587473002159
-1.0
-0.33909287257019427
-0.8228941684665227
0.5377969762419006
0.002159827213823018
-0.5593952483801296
-0.4341252699784016
0.20950323974082075
0.37365010799136056
0.8099352051835853
-0.9092872570194385
-0.1490280777537797
-0.1965442764578833
0.3563714902807775
-0.7278617710583153
-0.6976241900647948
0.7494600431965444
0.12311015118790491
-0.48164146868250535
0.39956803455723544
-0.857451403887689
-0.16630669546436283
0.8963282937365011
0.015118790496760237
0.4298056155507559
-0.8444924406047516
0.9956803455723542
-0.47732181425485953
0.9049676025917925
0.3045356371490282
-0.17926565874730016
-0.7321814254859611
0.09287257019438444
-0.0755939524838013
-0.3822894168466522
0.27429805615550773
-0.18358531317494597
-0.6414686825053995
-0.6889848812095032
-0.8056155507559395
0.7969762419006479
-0.06695464362850967
-0.5723542116630669
0.6285097192224622
0.8660907127429807
0.5723542116630669
-0.3131749460043196
0.6846652267818574
0.8747300215982721
-0.4600431965442764
0.01943844492440605
-0.28725701943844484
0.29589632829373635
0.7710583153347732
0.6630669546436285
-0.7451403887688984
0.8833693304535637
0.20518358531317493
-0.13174946004319643
0.29157667386609076
0.7192224622030237
-0.8660907127429806
-0.7926565874730022
-0.11015118790496747
0.36069114470842334
-0.91792656587473
0.9697624190064795
0.43412526997840173
0.8272138228941686
0.06695464362850956
-0.05831533477321804
-0.11447084233261329
0.9524838012958965
0.5809935205183585
0.9136069114470842
0.07127429805615537
-0.4946004319654428
-0.4989200863930885
0.4902807775377971
-0.09287257019438444
0.8228941684665227
-0.5377969762419006
-0.9438444924406048
-0.33045356371490275
0.939524838012959
-0.8531317494600432
-0.12742980561555073
-0.8617710583153347
-0.18790496760259168
0.21814254859611237
0.36501079913606915
-0.29589632829373647
-0.6587473002159827
0.8056155507559395
0.529157667386609
0.8488120950323972
-0.36069114470842323
-0.6803455723542116
-0.8876889848812095
-0.2267818574514039
-0.20086393088552912
-0.7667386609071274
0.7883369330453562
0.546436285097192
-0.2354211663066954
-0.20518358531317493
0.7019438444924406
-0.2786177105831533
-0.21382289416846645
0.5248380129589634
-0.4643628509719222
1.0
0.9092872570194386
0.3174946004319654
-0.36933045356371486
0.30021598272138217
-0.8833693304535637
-0.17494600431965435
0.7580993520518358
-0.8185745140388769
-0.7840172786177106
-0.9265658747300216
0.023758099352051865
-0.3477321814254859
-0.015118790496760237
0.3779697624190066
0.6069114470842334
-0.41252699784017266
-0.9136069114470842
0.9654427645788337
-0.5853131749460043
0.9740820734341251
CENT_RANK
0.8185745140388767
0.3131749460043196
0.36501079913606915
-0.002159827213822796
0.5766738660907129
0.20086393088552912
0.8833693304535637
-0.17494600431965435
-0.5680345572354211
-0.91792656587473
0.1576673866090712
0.00647948164146861
-0.1965442764578833
-0.7019438444924406
0.16630669546436283
-0.3434125269978402
0.3347732181425487
-0.39956803455723544
0.5205183585313176
-0.8833693304535637
-0.26133909287257007
0.2872570194384447
-0.015118790496760237
1.0
0.22678185745140378
0.30021598272138217
-0.44708423326133906
0.7062634989200864
-0.9352051835853131
-0.00647948164146861
-0.01943844492440605
-0.4989200863930885
0.6457883369330453
-0.48596112311015116
-1.0
-0.6198704103671706
-0.9265658747300216
-0.1922246220302376
-0.5593952483801296
0.8790496760259181
-0.693304535637149
-0.7537796976241901
0.43412526997840173
0.8272138228941686
0.6673866090712743
-0.04103671706263501
0.2354211663066954
0.5550755939524838
-0.9956803455723542
0.8056155507559395
0.9049676025917925
0.25269978401727866
0.8012958963282937
0.04535637149028071
-0.6544276457883369
-0.5464362850971922
0.7667386609071274
0.5680345572354211
0.5853131749460043
0.023758099352051865
0.8920086393088551
-0.7278617710583153
-0.49028077753779686
0.10583153347732188
-0.049676025917926525
0.91792656587473
0.9265658747300216
-0.5118790496760259
0.611231101511879
0.43844492440604754
-0.6025917926565875
0.39956803455723544
0.05831533477321815
0.0410367170626349
-0.37365010799136067
-0.5421166306695464
0.4211663066954643
0.3477321814254859
0.10151187904967607
0.11015118790496747
0.21382289416846634
0.37365010799136056
0.7105831533477323
0.693304535637149
-0.7494600431965444
0.002159827213823018
-0.6846652267818574
-0.44276457883369336
-0.2354211663066954
-0.4168466522678186
0.14038876889848795
-0.6673866090712743
0.40388768898488125
0.7796976241900648
-0.8056155507559395
-0.8272138228941684
-0.9913606911447084
0.8142548596112311
-0.857451403887689
0.451403887688985
-0.550755939524838
-0.5723542116630669
0.3909287257019438
-0.5939524838012958
-0.4514038876889849
-0.20086393088552912
-0.3088552915766738
-0.8099352051835853
-0.5205183585313174
0.36933045356371474
0.03239740820734349
0.4730021598272136
-0.9006479481641468
0.9308855291576674
0.44276457883369313
0.25701943844492425
0.5809935205183585
0.6414686825053995
0.07127429805615537
-0.611231101511879
-0.2742980561555075
0.12311015118790491
-0.2699784017278618
0.9481641468682505
-0.32181425485961124
-0.7235421166306695
0.7624190064794816
0.7192224622030237
-0.4946004319654428
-0.5334773218142548
-0.11447084233261329
-0.6155507559395248
-0.5766738660907127
0.6976241900647948
0.1187904967602591
0.1879049676025919
-0.9049676025917927
0.8747300215982721
-0.6285097192224622
-0.07127429805615548
0.9136069114470842
0.8704103671706263
-0.4643628509719222
-0.8660907127429806
0.9956803455723542
-0.33477321814254857
0.7451403887688983
-0.265658747300216
-0.36069114470842323
-0.67170626349892
0.5075593952483801
0.36069114470842334
0.6155507559395248
-0.4600431965442764
-0.4341252699784016
-0.5550755939524837
-0.21814254859611226
0.3434125269978401
-0.9308855291576674
0.546436285097192
-0.05399568034557234
0.079913606911447
-0.2397408207343411
0.9222462203023758
-0.3952483801295896
-0.5161987041036717
0.24838012958963285
-0.386609071274298
-0.06263498920086386
-0.8012958963282938
-0.7580993520518359
0.3045356371490282
0.7149028077753778
-0.33045356371490275
0.20518358531317493
0.9913606911447084
0.41252699784017266
0.6587473002159827
-0.3477321814254859
0.4254859611231101
-0.29589632829373647
0.049676025917926525
-0.8315334773218143
-0.6501079913606911
0.9568034557235421
0.09287257019438444
-0.6630669546436285
0.2613390928725703
-0.304535637149028
0.6285097192224622
-0.4254859611231101
-0.6803455723542116
-0.9481641468682506
0.775377969762419
-0.7926565874730022
0.8358531317494602
0.9697624190064795
0.23110151187904981
-0.8185745140388769
0.7365010799136069
0.6025917926565874
-0.3822894168466522
0.8444924406047516
0.3563714902807775
0.9524838012958965
-0.7321814254859611
-0.18358531317494597
-0.8747300215982721
-0.010799136069114312
0.593952483801296
0.5421166306695464
-0.1533477321814254
0.2786177105831533
0.29157667386609076
-0.7667386609071274
0.6717062634989199
-0.529157667386609
0.16198704103671702
0.550755939524838
0.2656587473002159
0.05399568034557234
-0.29157667386609076
0.6630669546436285
-0.6371490280777538
-0.6976241900647948
0.3520518358531317
0.7926565874730023
0.010799136069114423
0.3174946004319654
0.21814254859611237
0.6198704103671706
-0.10583153347732177
0.18358531317494586
-0.7451403887688984
-0.8963282937365011
-0.6457883369330453
-0.33909287257019427
0.06695464362850956
0.6760259179265657
-0.7192224622030237
0.8531317494600432
-0.9136069114470842
-0.1576673866090712
-0.13606911447084225
-0.04535637149028071
-0.4298056155507559
-0.14038876889848817
-0.5896328293736501
0.20950323974082075
0.06263498920086397
0.8315334773218142
0.8401727861771058
-0.7840172786177106
-0.6587473002159827
-0.11015118790496747
-0.12311015118790491
0.6846652267818574
0.5637149028077755
0.8876889848812095
0.7494600431965444
0.17926565874730027
0.9438444924406046
-0.5032397408207343
-0.6241900647948164
0.5593952483801294
0.529157667386609
0.22246220302375797
0.5377969762419006
-0.21382289416846645
-0.08423326133909281
-0.03239740820734338
0.17494600431965446
-0.3909287257019438
-0.8228941684665227
-0.5377969762419006
-0.9092872570194385
0.6803455723542118
-0.5075593952483801
-0.7105831533477323
-0.3131749460043196
0.4643628509719222
0.7278617710583153
-0.28725701943844484
-0.14470842332613387
0.3088552915766738
0.7408207343412527
0.14470842332613398
-0.40820734341252696
0.7710583153347732
0.8617710583153346
-0.796976241900648
-0.8531317494600432
-0.4557235421166306
0.4600431965442764
-0.7408207343412527
0.1965442764578833
0.29589632829373635
0.7840172786177106
0.3822894168466522
0.5723542116630669
-0.468682505399568
-0.0755939524838013
-0.9222462203023758
-0.06695464362850967
0.48596112311015105
-0.6889848812095032
0.1533477321814254
-0.8358531317494601
0.9092872570194386
0.11447084233261329
-0.8401727861771058
0.468682505399568
0.9654427645788337
-0.9611231101511879
0.2440604751619868
-0.17926565874730016
-0.17062634989200864
0.07559395248380141
0.1922246220302375
0.6069114470842334
0.40820734341252707
-0.5853131749460043
0.4168466522678185
-0.8704103671706264
-0.7883369330453563
-0.5248380129589633
0.7580993520518358
0.08423326133909281
-0.8142548596112311
0.9611231101511879
0.8660907127429807
0.08855291576673863
-0.9524838012958963
0.01943844492440605
-0.9827213822894169
0.5896328293736499
-0.1490280777537797
-0.775377969762419
-0.028077753779697567
0.3779697624190066
-0.20518358531317493
0.5032397408207343
-0.47300215982721383
0.4298056155507559
0.13606911447084236
-0.16198704103671702
-0.48164146868250535
-0.978401727861771
0.32181425485961124
0.6501079913606913
-0.47732181425485953
0.4989200863930885
-0.9740820734341252
0.13174946004319654
0.28293736501079914
-0.714902807775378
0.8963282937365011
-0.8790496760259179
0.7321814254859611
-0.13174946004319643
0.7537796976241902
-0.3563714902807775
-0.08855291576673852
-0.2311015118790496
0.1490280777537798
-0.3520518358531317
-0.09719222462203025
-0.2267818574514039
-0.3174946004319654
-0.8617710583153347
0.6544276457883369
-0.7710583153347732
0.4902807775377971
-0.24838012958963285
-0.6760259179265659
0.9784017278617709
0.6889848812095032
0.7019438444924406
-0.36501079913606904
0.7235421166306695
0.857451403887689
-0.09287257019438444
-0.7624190064794816
-0.43844492440604743
0.3952483801295896
0.8099352051835853
0.5248380129589634
-0.9438444924406048
0.5118790496760259
0.09719222462203003
0.17062634989200842
0.036717062634989084
0.533477321814255
-0.10151187904967596
-0.9568034557235421
-0.12742980561555073
0.48164146868250546
-0.41252699784017266
0.8488120950323972
-0.24406047516198703
0.6328293736501078
-0.282937365010799
-0.8444924406047516
-0.05831533477321804
0.23974082073434122
0.5982721382289415
0.386609071274298
-0.079913606911447
-0.6414686825053995
0.8228941684665227
0.982721382289417
0.028077753779697456
-0.023758099352051754
-0.40388768898488114
-0.6069114470842332
-0.8488120950323974
0.2699784017278617
-0.9395248380129589
-0.16630669546436283
-0.9697624190064795
-0.25269978401727855
0.5161987041036715
0.4946004319654427
-0.36933045356371486
-0.9654427645788337
0.939524838012959
0.4557235421166306
0.27429805615550773
-0.32613390928725694
-0.25701943844492436
-0.11879049676025921
-0.7796976241900648
-0.20950323974082063
-0.5809935205183585
0.9740820734341251
0.7883369330453562
-0.22246220302375808
-0.4211663066954644
0.7969762419006479
-0.8876889848812095
0.44708423326133917
0.32613390928725705
-0.5637149028077754
0.9870410367170626
0.33045356371490264
0.900647948164147
-0.3779697624190065
0.47732181425485964
-0.9870410367170627
-0.18790496760259168
0.6241900647948164
0.12742980561555073
-0.5982721382289417
-0.7062634989200863
0.33909287257019427
-0.8920086393088553
-0.7365010799136069
0.015118790496760237
-0.036717062634989084
-0.2786177105831533
-0.6328293736501079
0.935205183585313
-0.3002159827213823
0.6371490280777539
RANK
34
48
96
448
334
347
352
419
424
313
394
332
192
387
417
28
158
36
302
9
241
275
136
112
234
455
439
19
357
207
323
143
369
98
291
415
402
310
307
182
95
273
198
328
107
94
169
290
194
324
252
431
337
371
214
382
170
41
84
233
294
456
205
61
125
239
355
278
453
13
224
40
305
86
191
374
149
91
186
253
54
183
235
408
223
460
138
263
35
131
119
414
70
452
103
247
321
433
132
101
8
442
38
155
100
55
75
274
129
216
325
108
165
67
277
262
31
128
62
33
346
350
342
300
142
153
292
104
26
87
383
154
245
190
437
89
397
287
413
17
164
272
167
201
446
74
423
378
148
361
365
178
15
236
145
173
428
124
368
279
106
188
462
180
221
282
401
459
120
122
147
20
429
420
373
399
162
88
363
367
436
156
268
432
340
105
12
37
449
206
315
7
316
418
345
242
211
336
283
246
243
359
395
255
430
130
254
231
393
366
381
362
269
407
301
139
303
168
403
160
64
244
45
458
270
338
412
30
22
208
29
3
85
11
227
457
333
59
411
110
391
73
53
181
220
72
249
237
118
317
161
327
331
185
389
78
63
79
309
134
121
451
353
344
90
286
364
306
10
217
14
390
271
260
232
135
318
295
5
174
248
80
229
266
24
197
46
404
314
166
51
115
187
219
416
427
212
354
21
213
296
25
171
284
1
228
348
441
444
16
454
157
77
225
203
151
2
109
81
339
298
406
102
384
71
92
320
176
322
76
179
343
42
69
114
440
99
426
293
280
311
111
447
396
304
372
422
351
341
150
388
421
18
386
265
392
267
210
159
218
47
264
257
57
299
4
116
58
335
209
405
200
319
68
152
230
450
189
400
463
117
32
349
370
177
222
44
215
238
276
256
376
83
133
377
27
82
172
127
379
281
358
199
285
146
259
360
326
126
56
288
193
93
297
435
226
438
52
49
385
97
0
409
43
250
195
251
202
398
240
380
289
330
141
137
39
6
258
60
356
445
50
308
140
65
163
66
113
461
425
261
123
204
184
329
312
196
434
375
410
443
175
144
23
