DEGREE
-0.15384615384615385
0.15384615384615374
-0.7692307692307692
0.15384615384615374
0.6153846153846154
-0.07692307692307687
0.15384615384615374
-0.15384615384615385
0.15384615384615374
0.23076923076923084
0.0
-0.23076923076923073
0.15384615384615374
0.07692307692307687
0.7692307692307692
0.6153846153846154
0.07692307692307687
-0.5384615384615384
-0.07692307692307687
0.9230769230769231
-0.23076923076923073
0.07692307692307687
0.5384615384615385
-0.23076923076923073
-0.07692307692307687
-0.3846153846153846
0.15384615384615374
-0.15384615384615385
0.6923076923076923
0.46153846153846145
0.0
-0.15384615384615385
0.5384615384615385
0.15384615384615374
0.3076923076923077
-0.6153846153846154
0.7692307692307692
-0.15384615384615385
0.07692307692307687
0.6153846153846154
0.0
-0.23076923076923073
0.46153846153846145
0.3846153846153846
-0.3076923076923077
0.0
-0.07692307692307687
0.3076923076923077
0.0
-0.15384615384615385
0.46153846153846145
0.6923076923076923
0.0
0.3076923076923077
0.0
0.0
0.3076923076923077
-0.5384615384615384
-0.15384615384615385
0.15384615384615374
0.3846153846153846
0.23076923076923084
0.9230769230769231
0.6923076923076923
0.23076923076923084
-0.3076923076923077
-0.3076923076923077
-0.3076923076923077
0.07692307692307687
-0.15384615384615385
-0.23076923076923073
0.0
-0.15384615384615385
0.5384615384615385
0.15384615384615374
0.07692307692307687
0.3076923076923077
0.6153846153846154
-0.07692307692307687
-0.3076923076923077
0.46153846153846145
-0.5384615384615384
0.46153846153846145
0.3076923076923077
-0.5384615384615384
-0.07692307692307687
0.15384615384615374
0.0
-0.07692307692307687
0.3076923076923077
0.7692307692307692
0.15384615384615374
0.0
0.3846153846153846
-0.07692307692307687
0.07692307692307687
0.3076923076923077
0.23076923076923084
0.8461538461538463
0.3846153846153846
0.3076923076923077
0.46153846153846145
0.5384615384615385
0.0
0.3076923076923077
-0.23076923076923073
0.6153846153846154
-0.3076923076923077
0.3846153846153846
0.3076923076923077
-0.07692307692307687
-0.5384615384615384
0.3846153846153846
0.6153846153846154
0.0
0.46153846153846145
0.6923076923076923
-0.15384615384615385
0.5384615384615385
0.46153846153846145
-0.46153846153846156
0.15384615384615374
0.46153846153846145
0.15384615384615374
0.0
0.07692307692307687
0.15384615384615374
-0.46153846153846156
0.46153846153846145
-0.3846153846153846
0.3846153846153846
0.7692307692307692
0.15384615384615374
0.07692307692307687
-0.23076923076923073
0.6923076923076923
0.15384615384615374
0.3846153846153846
0.3076923076923077
0.5384615384615385
0.3076923076923077
0.6153846153846154
0.15384615384615374
0.3846153846153846
0.15384615384615374
0.6923076923076923
0.0
0.15384615384615374
-0.3076923076923077
0.07692307692307687
0.07692307692307687
0.07692307692307687
0.0
0.0
0.07692307692307687
0.07692307692307687
0.7692307692307692
-0.07692307692307687
0.46153846153846145
0.3846153846153846
-0.6923076923076923
-0.3846153846153846
0.23076923076923084
0.23076923076923084
-0.23076923076923073
0.3076923076923077
-0.07692307692307687
-0.23076923076923073
-0.23076923076923073
0.8461538461538463
-0.23076923076923073
0.23076923076923084
0.3076923076923077
0.23076923076923084
0.6153846153846154
-0.23076923076923073
0.3076923076923077
-0.3846153846153846
-0.3076923076923077
0.0
1.0
0.3076923076923077
-0.07692307692307687
0.7692307692307692
0.6923076923076923
0.5384615384615385
-0.23076923076923073
0.3076923076923077
-0.5384615384615384
0.0
-0.6153846153846154
-0.46153846153846156
-0.3076923076923077
0.46153846153846145
0.46153846153846145
0.6153846153846154
-0.46153846153846156
0.15384615384615374
-0.9230769230769231
0.0
0.3846153846153846
0.3076923076923077
0.7692307692307692
0.8461538461538463
0.15384615384615374
-0.15384615384615385
0.07692307692307687
0.0
-0.6153846153846154
-0.3076923076923077
0.3846153846153846
0.15384615384615374
0.6153846153846154
-0.3076923076923077
0.15384615384615374
0.46153846153846145
0.15384615384615374
0.0
-0.23076923076923073
0.3076923076923077
0.23076923076923084
-0.23076923076923073
-0.6923076923076923
0.6923076923076923
0.07692307692307687
0.5384615384615385
-0.5384615384615384
-0.23076923076923073
0.23076923076923084
0.6923076923076923
-0.15384615384615385
0.07692307692307687
0.3846153846153846
-0.5384615384615384
-0.23076923076923073
0.3076923076923077
0.07692307692307687
0.5384615384615385
0.6923076923076923
-0.6153846153846154
0.7692307692307692
0.15384615384615374
0.3076923076923077
-0.23076923076923073
0.0
0.07692307692307687
0.46153846153846145
0.15384615384615374
0.3846153846153846
-0.23076923076923073
-0.23076923076923073
-0.7692307692307692
0.5384615384615385
-0.15384615384615385
0.6153846153846154
0.23076923076923084
0.0
0.3846153846153846
0.0
-0.3076923076923077
-0.15384615384615385
-0.07692307692307687
0.6153846153846154
0.7692307692307692
0.3846153846153846
0.0
-0.3846153846153846
0.15384615384615374
0.15384615384615374
0.0
0.15384615384615374
0.15384615384615374
-0.5384615384615384
-0.23076923076923073
-0.23076923076923073
0.6153846153846154
0.0
0.0
0.15384615384615374
0.0
0.15384615384615374
0.07692307692307687
0.07692307692307687
-0.23076923076923073
0.07692307692307687
-0.3846153846153846
0.5384615384615385
-0.23076923076923073
0.5384615384615385
-0.6923076923076923
-0.07692307692307687
0.3076923076923077
0.15384615384615374
-0.46153846153846156
0.0
0.3076923076923077
-0.3076923076923077
0.0
-0.15384615384615385
0.15384615384615374
0.3846153846153846
0.15384615384615374
-0.46153846153846156
-0.3846153846153846
0.3076923076923077
0.3076923076923077
-0.5384615384615384
0.07692307692307687
-0.23076923076923073
-0.46153846153846156
-0.15384615384615385
-0.23076923076923073
0.3846153846153846
0.0
0.3076923076923077
-0.15384615384615385
0.07692307692307687
-0.23076923076923073
-0.3846153846153846
0.3846153846153846
0.07692307692307687
0.23076923076923084
-0.23076923076923073
-0.07692307692307687
0.0
-0.46153846153846156
0.07692307692307687
-0.3076923076923077
0.23076923076923084
-0.3076923076923077
0.23076923076923084
0.3846153846153846
-0.23076923076923073
0.15384615384615374
0.6153846153846154
0.15384615384615374
-0.15384615384615385
0.07692307692307687
0.0
-0.07692307692307687
-0.46153846153846156
-0.46153846153846156
0.3846153846153846
-0.3076923076923077
-0.07692307692307687
-0.5384615384615384
0.07692307692307687
-1.0
-0.07692307692307687
-0.15384615384615385
-0.3846153846153846
-0.6153846153846154
-0.23076923076923073
0.0
0.0
0.5384615384615385
0.07692307692307687
-0.15384615384615385
0.0
0.3076923076923077
0.15384615384615374
-0.15384615384615385
0.6153846153846154
0.3846153846153846
-0.23076923076923073
-0.23076923076923073
0.6153846153846154
-0.23076923076923073
0.3846153846153846
0.3076923076923077
0.15384615384615374
0.15384615384615374
0.3076923076923077
0.7692307692307692
-0.15384615384615385
0.07692307692307687
0.0
-0.15384615384615385
0.3076923076923077
0.15384615384615374
0.15384615384615374
0.5384615384615385
0.23076923076923084
0.0
-0.3846153846153846
0.46153846153846145
-0.07692307692307687
-0.23076923076923073
0.46153846153846145
0.8461538461538463
0.07692307692307687
-0.5384615384615384
0.0
-0.23076923076923073
-0.15384615384615385
0.23076923076923084
0.07692307692307687
0.23076923076923084
0.15384615384615374
-0.07692307692307687
0.0
0.07692307692307687
0.6923076923076923
-0.3076923076923077
0.46153846153846145
-0.3076923076923077
-0.3846153846153846
0.07692307692307687
-0.15384615384615385
-0.23076923076923073
-0.23076923076923073
-0.15384615384615385
0.3076923076923077
0.23076923076923084
0.07692307692307687
0.3076923076923077
0.3076923076923077
-0.15384615384615385
0.7692307692307692
0.07692307692307687
-0.46153846153846156
0.0
0.3846153846153846
0.3076923076923077
-0.46153846153846156
-0.15384615384615385
-0.3846153846153846
0.0
0.23076923076923084
0.07692307692307687
-0.6153846153846154
-0.3846153846153846
-0.3846153846153846
0.23076923076923084
-0.07692307692307687
0.6923076923076923
0.0
-0.23076923076923073
-0.07692307692307687
-0.07692307692307687
-0.3846153846153846
-0.15384615384615385
0.0
0.07692307692307687
0.15384615384615374
-0.9230769230769231
0.07692307692307687
0.3076923076923077
EIGENVECTOR
-0.9810265435463281
-0.9884859216250009
-0.9650407030006775
-0.988956751992051
0.10816728775998241
-0.9470583506720963
-0.9919394100059342
-0.9596685553530211
-0.3936716293368927
-0.6232412554037062
-0.9894635993480724
-0.9995587390338706
-0.7065095380780051
-0.9718725829011906
0.2744678733362842
0.6125258962485145
-0.939739857479313
-0.9038346173022016
-0.9667337016301423
0.263922182962538
-0.99901191164248
-0.9996410636777573
-0.9864946849629138
-0.994727993464705
-0.7677226400663817
-0.9700990556734465
-0.9159919823751714
-0.8664136788083805
0.7760874276589644
-0.2624687174068706
-0.9785474107565358
-0.9943684726382501
-0.9965699099540082
-0.9198157910838876
-0.3826904208085973
-0.9761938128325749
0.38622068085464845
-0.9996497621904156
-0.9966643489222785
0.19070333582969834
-0.9897967568515187
-0.9969815437602187
-0.27474850889545466
-0.47653220288174114
-0.9488429898576932
-0.4385714964319498
-0.9884415791621346
-0.40933023350216013
-0.8297554960098088
-0.8963962032148172
-0.027040746371761015
0.2564064518401681
-0.9925620939098379
-0.986991498654257
-0.9976976892379706
-0.9975054010199713
-0.20710500235990614
-0.9692143195630906
-0.9955988374646197
-0.9972385651606913
-0.7924172979615047
-0.9481752200950366
0.32668330246721045
0.6261519831030469
-0.5248614770595026
-0.9991386496472758
-0.9998377590864207
-0.9987145520914148
-0.9971658629339335
-0.9979891109475977
-0.9835667732492225
-0.9996049611400605
-0.9659967912151689
0.10130555024131671
-0.9995695671310147
-0.8540100781867763
0.08060829511002243
0.6589877021683608
-0.9787845601517176
-0.8171642930358449
0.07407558151881322
-0.9990008111670535
-0.9524701252572214
-0.8704946480897453
-0.7712083781434766
-0.99504471508458
-0.98834666571747
-0.9728120899459587
-0.9929338885423995
-0.854150832619989
0.81839738664981
-0.9708576950406902
-0.7396950130174056
-0.8847227284944378
-0.9996779913201103
-0.9110475275063165
0.17052593809857863
-0.25559326284308426
0.22282284866238777
-0.8693051453811451
-0.8179264404776108
-0.17992338552881404
0.08271044034683239
-0.8212455286413716
-0.9846848502368692
-0.9814548291681936
0.5509017398878941
-0.9998465086303409
-0.1614824336117353
-0.49840642560661685
-0.9974251819710616
-0.8600300753830881
-0.9369544959107302
-0.7204382006608213
-0.9962680690735701
-0.9742417799274139
0.3998592923489097
-0.9241997755031739
0.2701492091443056
0.0018258522858292103
-0.9936118340992478
-0.9585000063487064
0.5804937607759226
-0.9857169122565455
-0.9995596296439533
-0.6592319214626149
-0.6236724167273457
-0.9993009352688684
-0.7877069956851939
-0.9994180505400675
-0.9992344725575518
-0.9709068126846004
-0.9887362074995976
-0.9446569339361056
-0.979119384863525
-0.7690110034575942
-0.993368991851261
-0.7924172979615046
-0.38865733805490554
-0.3348910035613585
-0.20680249455091937
0.02596560918457058
-0.7892748171721389
-0.8785925905465887
-0.5071852069907588
-0.9744859697484071
-0.9868962758218265
-0.989146430279988
-0.9987145520914147
-0.9171901956108307
-0.978933933207292
-0.42649856597995406
-0.5788888436289529
-0.805793295711486
-0.8186604060865299
-0.9027607246998736
0.38622068085464867
-0.9911783359527406
-0.1275417864313988
-0.9815732560572772
-0.9997806963948486
-0.9954154926265756
-0.8633553095550558
-0.864276938531966
-0.9997365922919517
-0.18621042541176858
-0.9425219467894742
-0.997893698515518
-0.9952160320664664
0.7125036842468704
-0.9662582632231733
-0.340803602570914
-0.25538358852760723
-0.5324763273046482
0.36228233140804633
-0.8223372974307446
-0.8958412941616475
-0.9997245361709135
-0.9584907739801961
-0.9391587391383845
1.0
-0.5896655219282263
-0.9996724782920191
0.7872242963581983
0.14300882469481668
-0.018250613799036475
-0.9990390455145381
-0.1926505318313717
-0.988150983192885
-0.46655975822213325
-0.9998013097628278
-0.9354197563167989
-0.9992146419374534
-0.19189630022239834
0.06019295200394659
-0.9952804731950414
-0.9883465597609623
-0.5613408655945112
-1.0
-0.4385714964319495
0.10791652987271871
-0.9865126511159554
0.2705855057800217
0.642728002295728
-0.9262756781036743
-0.9926798916799349
-0.9966643489222784
-0.9982259507499834
-0.9961583226767079
-0.9990266555512766
-0.9993045181678378
-0.999545871668442
-0.9842467604442381
-0.9897756733350003
-0.9975996032593898
-0.9763597704997727
-0.697300642123202
-0.6653189216431903
-0.9896347332941599
0.08793082839366151
-0.8890735614100318
-0.9823786719317205
-0.9984082410921254
0.6492273048578934
-0.7975154524220399
0.16445710486236775
-0.9846292429242051
-0.9835667732492226
-0.7695521600297435
0.2736930345049464
-0.9980276275023492
-0.9980054997222255
-0.8145076943929919
-0.987285781695828
-0.9698517900306335
-0.4321669729549713
-0.7369777018003627
0.08736871316702643
0.6430189711893679
-0.9623484476121197
0.2744678733362851
-0.6596609119694288
-0.7686387431396698
-0.9967553516562221
-0.5397364826226754
-0.9996753363189446
-0.9742417799274138
-0.887145481884684
-0.1564460201413097
-0.999378225175913
-0.9901712846828448
-0.9984039690832571
-0.9398970285735432
-0.9994216596673536
0.44689018483635534
-0.995829901900102
-0.9980540447311922
-0.8394377883511239
-0.872021581518674
-0.9838786522471386
-0.9936976911683975
-0.9877781998964541
0.11890423728976729
0.7357042120794701
-0.5095326298566658
-0.9901732422616143
-0.9991151685819505
-0.4177147357024016
-0.24884413633148927
-0.9868962758218265
-0.8974371378189435
-0.8782747916738454
-0.9881509831928849
-0.9991165780109422
-0.9971234087617016
0.08184447116353533
-0.9171473976649069
-0.9592701421511565
-0.9960604044994824
-0.9833454909803797
-0.9564740344180749
-0.999490263567372
-0.9977925727231879
-0.9987625967520977
-0.5102454178621014
-0.9988936480539596
-0.99584091088843
-0.5356887960977692
0.09828091799288763
-0.9999892144061068
-0.9343574200353234
-0.8487768992698987
-0.4133320333114694
-0.9838018070660483
-0.9981908237196653
-0.9966459269523013
-0.9965425871664308
-0.9977576674033537
-0.7556850671225621
-0.8459537700199704
-0.996085084539005
-0.9889567519920511
-0.9989161293496984
-0.9994595459193317
-0.10037307196331369
-0.8179264404776107
-0.9990008111670536
-0.7111199522890446
-0.9996905704236041
-0.9998654762117538
-0.8946298151334632
-0.9635191037594314
-0.7664712575138226
-0.8825835588733588
-0.9981104531775039
-0.9979891109475978
-0.9155569686738927
-0.9902779444240742
-0.9988733615873654
-0.13084903192322184
-0.9952218199971132
-0.9943136368149244
-0.9997365922919518
-0.9726003906761187
-0.9936288584553374
-0.9869939707859035
-0.3865613720475948
-0.9994379664777616
-0.9957546072474333
-0.9987133877642674
-0.23726483960217504
-0.9971244166031029
-0.9945245753346482
-0.796365279063134
-0.9761279451987143
-0.9314273163864185
-0.9163007768861923
-0.3985810635070248
-0.9434098077155209
-0.9705625777074403
-0.9710043746293376
-0.9796131848031374
-0.9489945135698911
-0.7006853402287823
-0.7844484103804993
-0.9916822147789195
-0.9414893137761977
-0.9986188940586589
-0.9547738480372393
-0.9733943792687981
-0.9964029179555993
-0.994383883702139
-0.9829378409167252
-0.997836058009691
-0.9327365871677399
0.23974475419383645
-0.39960099634147805
-0.9535114074114089
-0.9217233721965179
-0.9965170781906973
-0.9996508702666864
-0.9838563145655126
0.04414917274674357
-0.896172395277325
-0.9974303289933882
-0.9978936985155181
0.27169646766990874
-0.9925241131219084
-0.973381226639089
-0.22187112730287162
-0.9891174474170404
-0.9933689918512609
-0.9933728972425897
0.2220258060807454
-0.9976668264444092
-0.995496312382075
-0.8951190096012603
-0.9979891109475977
-0.9981104531775038
-0.6278499642779203
-0.46950056660550654
-0.9738386598078677
-0.5446514306095771
-0.9383595459714333
-0.9744913564154754
-0.4968365418020111
-0.9946235579115175
-0.9985956619952698
-0.76478435648425
0.8711742918696492
-0.9996699889189202
-0.999925622900596
-0.9889242043956026
-0.8512985736329093
-0.877444241438825
-0.9865802274392574
-0.9965756672005744
-0.9993667111308853
-0.9958081456616322
-0.992227063789893
-0.9732949877507803
-0.9975548263910619
0.7613476671690633
-0.9965425871664308
-0.9969389835350315
-0.9683045237378789
-0.9994159666017234
-0.9964659152069523
-0.9902830860128178
-0.9830779767268287
-0.9993782251759131
-0.9990850467914809
-0.7386119198352801
-0.5446514306095773
-0.9679381678242848
-0.9970758317264355
-0.06359415135276159
-0.9984708266656546
0.13042768019762074
-0.996231915603961
-0.9089434071792255
-0.935505566741752
-0.998962911924565
-0.99931244920291
-0.9991266738791011
-0.7570936025168151
-0.8412301397206361
-0.9982232915370258
-0.998901005391406
-0.9966643489222786
-0.9305950882419095
-0.999514643511741
-0.9993144292190351
-0.9199822905964631
-0.9785431831727911
0.5082123987316756
-0.9575807013279154
-0.9464899091104075
-0.9974458837401969
-0.49778117336425387
-0.9790342050185057
-0.974007322636829
-0.9980540447311923
-0.9983743123101005
-0.8501346588685916
-0.9999999999999999
-0.9920918788194316
0.1701027093964924
CENT
-0.7919968010170846
-0.820887345887218
-0.9992788739490424
-0.9209719214199231
-0.9245133659132994
-0.980057680240925
-0.8423037635786792
-0.891263848869761
-0.5981630349620417
-0.7524241576173479
-0.5752760728532221
-0.9947213718159179
-0.8431690788206496
-0.9468437057420271
-0.8547396050556005
-0.8083650824578081
-0.5606557804560582
-0.9644947826444691
-0.5495335903322527
-0.6452402939512304
-0.993302740067992
-0.9807686487091491
-0.378288650800057
-0.8700068680387815
-0.785834619438564
-0.9529739641795308
-0.6943055497030427
-0.9265157822847087
-0.9465555207866478
-0.5578172835701811
-0.9715426198916388
-0.9577727938039694
-0.9353309849138528
-0.9043475248489651
-0.5490586982351254
-0.9999568619428291
-0.571975567215413
-0.9454835403728352
-0.9430110880483368
-0.9646457234833287
-0.7865891749017002
-0.861800817538847
-0.6320962980823737
-0.2875868850202672
-0.9788059823331372
-0.7502275738242965
-0.8904882988944239
-0.8298145683193865
-0.9479806555507209
-0.9163351070253707
-0.7325338943032428
-0.8802400839273296
-0.750825797046297
-0.6761788427138871
-0.9338893477248746
-0.6999246483799131
-0.8643410290635207
-0.9913911671188361
-0.6756522601527191
-0.7299337314466978
-0.8928249574604183
-0.9237072130659767
-0.6163148432783258
-0.822214364286577
-0.7405758570422087
-0.9649974784391717
-0.9514611921868638
-0.9990086853401047
-0.9390924147156894
-0.990715682052818
-0.9861425906826691
-0.987744276870627
-0.6023847887973997
-0.7237057408809138
-0.9432797075120035
-0.8839700857245989
-0.15566702722529036
-0.8184375544790143
-0.9213996557478886
-0.412911883258421
-0.625123393755403
-1.0
-0.7570151858774181
-0.7612557544446422
-0.9695472623772796
-0.7664186010870622
-0.6818956212265652
-0.6851318305465739
-0.6368047805948103
-0.8427103538491788
-0.879674413312079
-0.5749846901605113
-0.759522276592338
-0.6553564832141807
-0.9732137275808148
-0.9060123476763481
-0.8016919344997843
-0.7867234376534198
-0.8458190610492913
-0.7708017708683305
-0.8685980250328305
-0.6776259329722687
-0.9576237399314804
-0.7697558206757625
-0.9322034546018615
-0.9439317762617404
-0.9562736210828588
-0.8825296087902597
-0.851984761714345
-0.39938542078904704
-0.9856893308900896
-0.9837258004727352
-0.7538558877653997
1.0
-0.9099305976517045
-0.743324759646915
-0.6599331883539725
-0.9428576840752737
-0.6545934222352565
-0.7802637190745663
-0.625481433509369
-0.9114864459911034
-0.9633787333596441
-0.44553053809996224
-0.9144892196179137
-0.41688145846474967
-0.5624122538440377
-0.9753017736184226
-0.49615274036547985
-0.9232155862362265
-0.9417108438470904
-0.51846836555833
-0.6521765913191219
-0.9240332023379456
-0.832829142333307
-0.11387632400663616
-0.8649976297068882
-0.8928249574604183
-0.7524130611080511
-0.4242186759543768
-0.8021737390664541
-0.937017247027157
-0.6396178157574954
-0.7446636573089752
-0.7746627571823161
-0.6078872714988643
-0.8489731733368413
-0.6366066177265826
-0.9990086853401047
-0.38927290155263594
-0.1399997384120456
-0.9140996287668943
-0.6496709764262465
-0.6728827782600921
-0.5925743462789816
-0.8795104802819348
-0.571975567215413
-0.7678396772426703
-0.7933691310802452
-0.8915996795597535
-1.0
-0.9302417866445001
-0.8841397849012863
-0.7923505328511982
-0.9280980696398572
-0.8299290739183067
-0.9227805434254188
-0.9851035711051934
-0.8345239814508627
-0.4888884636436379
-0.8532693795222078
-0.5648607954736242
-0.7648084093171705
-0.7753225482018428
-0.7145238968162506
-0.6010955268110779
-0.24041631468582936
-0.9468091600390406
-0.7291011381306985
-0.6444213117133946
-0.7364288898869333
-0.5651351690515534
-0.9755003740401057
-0.8362692990389758
-0.9150896737166005
-0.647650247924104
-0.9657814750058551
-0.7527512055568569
-0.9996541053254929
-0.9495512407787302
-0.9974129240675127
-0.7379528618108777
-0.916984496134512
-0.859556831996308
-0.9663854570075485
-0.8155979555941046
-0.9997332015857042
-0.8582597898781428
-1.0
-0.7502275738242965
-0.6754047533604572
-0.8529741506391066
-0.8409902557300318
-0.4374911182494723
-0.6824469346559952
-0.9387540917117857
-0.9430110880483368
-0.9592135053902128
-0.9905633789338257
-0.8627815882760145
-0.9205701859596598
-0.9522006467038945
-0.3506496085259684
-0.9815162172628668
-0.9795822578207442
-0.8095054629133261
-0.7537550505029618
-0.7867022971101808
-0.9511192038947125
-0.726089818952092
-0.8572568956203952
-0.9799938168577429
-0.9848770048784976
-0.7264821226271101
-0.615192364164797
-0.6679915619299002
-1.0
-0.9861425906826691
-0.8008189761326463
-0.7326874127367609
-0.9644735829789588
-0.9896052980416693
-0.4562151018381445
-0.5734655971664364
-0.648984778181084
-0.11831231553483412
-0.3701246539511931
-0.953181892300819
-0.5538724890493292
-0.9349298605487193
-0.8547396050556005
-0.7442124544933638
-0.8999210488867989
-0.8956414085274985
-0.8890621393838466
-0.9880867218403212
-0.743324759646915
-0.6432671644212654
-0.640669986904334
-0.9288073132770679
-0.6910697262328773
-0.7771823058719242
-0.2775914930137765
-0.9303259067912127
-0.6992188093172749
-0.9326426695529956
-0.995147073868895
-0.0477698732430093
-0.7490872213808227
-0.7871435668179197
-0.8755217006242871
-0.9266315571057266
-0.9300466580083515
-0.7365667998160461
-0.5633983058071803
-0.8993200079717522
-0.8524828028905591
-0.5210958203609877
-0.7621752082052362
-0.8489731733368413
-0.8496917910809277
-0.8076427452885501
-0.9996541053254929
-0.9231875516036919
-0.9737320986928049
-0.35038954114492915
-0.9032170177620957
-0.7948237750359778
-0.905867518402596
-0.7452107309565282
-0.9597675727201953
-0.9763643327424021
-0.9872201375659295
-0.9693306824453018
-0.9311955681805979
-0.874439399717243
-0.8115757173335636
-0.9718220536719595
-0.666983738104968
-0.9999784694188808
-0.23683101166870035
-0.6881879971876053
-0.7116613836336544
-0.9973902475075999
-0.9342446884346831
-0.9034448572882035
-0.9831536074279407
-0.9641257239540353
-0.6741150798695574
-0.7675824764601328
-0.9159322447487169
-0.9209719214199231
-0.9800253408451917
-0.975957727438234
-0.8868954925624928
-0.8685980250328305
-1.0
-0.8536905713347526
-0.9305603035734491
-0.9874468061617561
-0.9651035784864838
-0.9935033092731185
-0.8394285235286874
-0.9232901156499548
-0.8042414377599302
-0.990715682052818
-0.8036100844481096
-0.9538605882347116
-0.9964093417856028
-0.9719313329453135
-0.9439772558577457
-0.7346531906205436
-0.9280980696398572
-0.4883604305701996
-0.878380889390353
-0.9985620021914964
-0.8783482054472651
-0.7983993361461199
-0.9052680785489847
-0.9843542783710716
-0.5027560927410437
-0.72216168853247
-0.9735364184399204
-0.888764171303404
-0.5152844906818348
-0.86196956623445
-0.9299402422027784
-0.9536345963241739
-0.7127761095087326
-0.9908572909117203
-0.9906731623095414
-0.9997087341775814
-0.3500244204104084
-0.7046569236449212
-0.7560931956992113
-0.7821289812325547
-0.6712041141653151
-1.0
-0.6469846517324098
-0.8993801604694602
-0.9508861984561263
-0.9980489779717834
-0.9095676360921751
-0.9978352450797423
-0.7962748664570303
-0.6284708064009309
-0.8916493244553827
-0.31348388971118657
-0.8581294039670793
-0.8583769789481511
-0.9753937902053662
-0.6895723628744077
-0.12340120073715155
-0.8553884622133009
-0.8422563866472857
-0.9851035711051934
-0.804284182161678
-0.9398200237272868
-0.6868871550497052
-0.861342414920497
-0.8424867903639137
-0.8649976297068882
-0.8941290696460319
-0.9031820607931432
-0.7670166936416636
-0.678596409874004
-0.8403562674369599
-0.990715682052818
-0.8042414377599302
-0.8462072903776872
-0.4072667318438543
-0.6040279649124245
-0.8306078764539075
-0.8139867128086109
-0.8652949028827731
-0.0006799611910642822
-0.7598117922787293
-0.9157914116706977
-0.8363439402546838
-0.71374572829413
-0.9771411855472989
-0.9994048551486026
-0.9888818578784913
-0.9779009524154391
-0.7919596658696931
-0.7627933117120425
-0.8965093241239784
-0.968792949561818
-0.9297253276680099
-0.766233795506826
-0.8399953249791501
-0.9156882249517826
-0.8480113230176171
-0.9831536074279407
-0.9238107550745328
-0.8040983104314556
-0.993477050860308
-0.8294189457607761
-0.9584776667761294
-0.7432743545797029
-0.9288073132770679
-0.8905962326924808
-0.7337959769191074
-0.8306078764539075
-0.9603114337324197
-0.944326003760941
-0.7578626392504482
-0.8710383526973279
-0.7824443445426221
-0.8821351419488564
-0.9687943111839292
-0.7662189896973837
-0.8190948705413212
-0.9692289591116514
-0.9540049252305648
-0.6506039872193444
-0.958090669918437
-0.9907042834074945
-0.9069853725801174
-0.9430110880483368
-0.9842432267575909
-0.9543326220525505
-0.9981493203899178
-0.7105359217968377
-0.9595888024959236
-0.4030064916946391
-0.8654143953140667
-0.8391020971560865
-0.9475313682839355
-0.9604049234810271
-0.9306703009918073
-0.3424236312939367
-0.995147073868895
-0.6206000243532572
-0.7711222733200207
-1.0
-0.6629788381027951
-0.8061516724724366
DEGREE_RANK
-0.5123042505592841
0.10067114093959728
-0.9865771812080537
0.10514541387024612
0.7986577181208052
-0.3825503355704697
0.10961968680089473
-0.5078299776286352
0.11409395973154357
0.297539149888143
-0.2796420581655481
-0.6823266219239372
0.11856823266219219
-0.07382550335570459
0.9239373601789709
0.803131991051454
-0.06935123042505587
-0.9373601789709172
-0.37807606263982096
0.9910514541387025
-0.6778523489932886
-0.06487695749440714
0.7360178970917226
-0.6733780760626398
-0.37360178970917224
-0.8299776286353467
0.12304250559284102
-0.5033557046979865
0.8702460850111855
0.6554809843400446
-0.27516778523489926
-0.4988814317673378
0.7404921700223714
0.12751677852349008
0.38702460850111864
-0.9642058165548099
0.9284116331096197
-0.49440715883668906
-0.0604026845637583
0.8076062639821029
-0.27069351230425054
-0.668903803131991
0.6599552572706935
0.5480984340044741
-0.7628635346756152
-0.2662192393736017
-0.3691275167785235
0.39149888143176725
-0.261744966442953
-0.4899328859060402
0.6644295302013423
0.8747203579418343
-0.25727069351230414
0.3959731543624161
-0.2527964205816554
-0.24832214765100669
0.4004474272930647
-0.9328859060402684
-0.4854586129753914
0.1319910514541387
0.552572706935123
0.30201342281879184
0.9955257270693512
0.8791946308724834
0.3064876957494407
-0.7583892617449665
-0.7539149888143177
-0.7494407158836689
-0.055928411633109576
-0.48098434004474266
-0.6644295302013422
-0.24384787472035796
-0.47651006711409394
0.7449664429530201
0.13646532438478753
-0.05145413870246085
0.40492170022371354
0.8120805369127517
-0.3646532438478747
-0.7449664429530201
0.6689038031319912
-0.9284116331096197
0.6733780760626398
0.4093959731543624
-0.9239373601789709
-0.36017897091722584
0.14093959731543615
-0.23937360178970912
-0.3557046979865771
0.4138702460850112
0.9328859060402683
0.145413870246085
-0.23489932885906029
0.5570469798657718
-0.3512304250559284
-0.04697986577181201
0.41834451901566005
0.3109619686800895
0.9731543624161074
0.5615212527964206
0.42281879194630867
0.6778523489932886
0.7494407158836689
-0.23042505592841156
0.4272930648769575
-0.6599552572706935
0.8165548098434006
-0.7404921700223713
0.5659955257270695
0.4317673378076061
-0.34675615212527955
-0.9194630872483222
0.5704697986577181
0.8210290827740492
-0.22595078299776283
0.6823266219239372
0.883668903803132
-0.4720357941834451
0.7539149888143177
0.6868008948545861
-0.883668903803132
0.1498881431767336
0.6912751677852349
0.15436241610738244
-0.221476510067114
-0.042505592841163176
0.15883668903803128
-0.8791946308724832
0.6957494407158835
-0.825503355704698
0.5749440715883669
0.9373601789709172
0.1633109619686801
-0.03803131991051445
-0.6554809843400446
0.8881431767337808
0.16778523489932895
0.5794183445190155
0.43624161073825496
0.7583892617449663
0.4407158836689038
0.825503355704698
0.17225950782997757
0.5838926174496644
0.1767337807606264
0.8926174496644295
-0.21700223713646527
0.18120805369127502
-0.7360178970917226
-0.03355704697986572
-0.029082774049216997
-0.02460850111856816
-0.21252796420581654
-0.20805369127516782
-0.020134228187919434
-0.015659955257270597
0.941834451901566
-0.3422818791946308
0.7002237136465326
0.588366890380313
-0.9776286353467561
-0.8210290827740492
0.31543624161073835
0.31991051454138697
-0.6510067114093959
0.4451901565995524
-0.3378076062639821
-0.6465324384787472
-0.6420581655480984
0.977628635346756
-0.6375838926174496
0.3243847874720358
0.44966442953020147
0.3288590604026844
0.8299776286353466
-0.6331096196868009
0.4541387024608501
-0.8165548098434005
-0.7315436241610738
-0.20357941834451887
1.0
0.4586129753914989
-0.33333333333333337
0.9463087248322146
0.8970917225950783
0.7628635346756152
-0.6286353467561521
0.46308724832214754
-0.9149888143176734
-0.19910514541387014
-0.959731543624161
-0.8747203579418344
-0.7270693512304249
0.7046979865771812
0.70917225950783
0.8344519015659955
-0.8702460850111857
0.18568232662192385
-0.9955257270693513
-0.19463087248322142
0.592841163310962
0.4675615212527964
0.9507829977628637
0.9821029082774049
0.1901565995525727
-0.4675615212527964
-0.01118568232662187
-0.1901565995525727
-0.9552572706935123
-0.7225950782997763
0.5973154362416109
0.1946308724832213
0.8389261744966441
-0.7181208053691275
0.19910514541387037
0.7136465324384786
0.20357941834451898
-0.18568232662192385
-0.6241610738255033
0.4720357941834452
0.33333333333333326
-0.6196868008948545
-0.9731543624161074
0.9015659955257269
-0.006711409395973034
0.7673378076062638
-0.9105145413870246
-0.6152125279642058
0.3378076062639819
0.9060402684563758
-0.46308724832214765
-0.0022371364653243075
0.6017897091722595
-0.9060402684563759
-0.6107382550335569
0.4765100671140938
0.0022371364653244186
0.7718120805369129
0.9105145413870246
-0.9507829977628636
0.9552572706935123
0.20805369127516782
0.48098434004474266
-0.6062639821029083
-0.18120805369127513
0.006711409395973034
0.7181208053691275
0.21252796420581643
0.6062639821029083
-0.6017897091722595
-0.5973154362416107
-0.9821029082774049
0.7762863534675615
-0.4586129753914989
0.8434004474272931
0.34228187919463093
-0.1767337807606264
0.6107382550335569
-0.17225950782997757
-0.7136465324384786
-0.45413870246085
-0.3288590604026844
0.847874720357942
0.9597315436241611
0.6152125279642058
-0.16778523489932873
-0.8120805369127517
0.21700223713646527
0.2214765100671141
-0.16331096196868
0.22595078299776272
0.23042505592841156
-0.901565995525727
-0.5928411633109619
-0.5883668903803132
0.8523489932885906
-0.15883668903803128
-0.15436241610738255
0.2348993288590604
-0.1498881431767337
0.23937360178970923
0.01118568232662187
0.015659955257270486
-0.5838926174496644
0.020134228187919545
-0.8076062639821029
0.7807606263982103
-0.5794183445190156
0.7852348993288591
-0.9686800894854586
-0.3243847874720357
0.4854586129753915
0.24384787472035785
-0.8657718120805369
-0.145413870246085
0.48993288590604034
-0.7091722595078299
-0.14093959731543615
-0.44966442953020125
0.24832214765100669
0.6196868008948544
0.2527964205816555
-0.8612975391498882
-0.8031319910514542
0.49440715883668895
0.4988814317673378
-0.8970917225950783
0.02460850111856816
-0.5749440715883669
-0.8568232662192394
-0.4451901565995525
-0.5704697986577181
0.6241610738255032
-0.13646532438478742
0.5033557046979866
-0.4407158836689038
0.029082774049216997
-0.5659955257270692
-0.7986577181208054
0.6286353467561523
0.033557046979865834
0.34675615212527977
-0.5615212527964206
-0.31991051454138697
-0.13199105145413859
-0.8523489932885906
0.03803131991051445
-0.7046979865771812
0.3512304250559284
-0.7002237136465324
0.3557046979865772
0.6331096196868009
-0.5570469798657718
0.25727069351230414
0.8568232662192394
0.261744966442953
-0.43624161073825496
0.04250559284116329
-0.12751677852348986
-0.31543624161073824
-0.8478747203579419
-0.843400447427293
0.6375838926174497
-0.6957494407158836
-0.3109619686800894
-0.8926174496644295
0.0469798657718119
-1.0
-0.3064876957494407
-0.43176733780760623
-0.7941834451901566
-0.9463087248322147
-0.552572706935123
-0.12304250559284113
-0.11856823266219241
0.7897091722595078
0.05145413870246074
-0.4272930648769575
-0.11409395973154357
0.5078299776286352
0.2662192393736016
-0.42281879194630867
0.861297539149888
0.6420581655480984
-0.5480984340044742
-0.5436241610738255
0.8657718120805369
-0.5391498881431767
0.6465324384787472
0.5123042505592841
0.27069351230425065
0.27516778523489926
0.5167785234899327
0.9642058165548097
-0.41834451901565983
0.055928411633109576
-0.10961968680089473
-0.4138702460850111
0.5212527964205818
0.2796420581655481
0.28411633109619694
0.7941834451901566
0.36017897091722584
-0.10514541387024601
-0.7897091722595079
0.7225950782997763
-0.30201342281879195
-0.5346756152125279
0.7270693512304249
0.9865771812080537
0.06040268456375841
-0.8881431767337807
-0.10067114093959728
-0.5302013422818792
-0.4093959731543624
0.3646532438478747
0.06487695749440725
0.3691275167785233
0.28859060402684555
-0.2975391498881431
-0.09619686800894844
0.06935123042505587
0.9149888143176734
-0.6912751677852349
0.7315436241610738
-0.6868008948545861
-0.785234899328859
0.0738255033557047
-0.40492170022371365
-0.5257270693512304
-0.5212527964205815
-0.4004474272930648
0.5257270693512304
0.3736017897091721
0.07829977628635332
0.5302013422818792
0.534675615212528
-0.3959731543624161
0.9686800894854586
0.08277404921700215
-0.8389261744966443
-0.09172259507829972
0.6510067114093958
0.5391498881431767
-0.8344519015659955
-0.39149888143176725
-0.7807606263982103
-0.08724832214765099
0.3780760626398212
0.08724832214765077
-0.941834451901566
-0.7762863534675615
-0.7718120805369127
0.3825503355704698
-0.2930648769574943
0.9194630872483223
-0.08277404921700227
-0.5167785234899329
-0.28859060402684555
-0.28411633109619683
-0.767337807606264
-0.3870246085011185
-0.07829977628635332
0.09172259507829983
0.2930648769574944
-0.9910514541387024
0.09619686800894867
0.5436241610738255
EIGENVECTOR_RANK
-0.145413870246085
-0.2796420581655481
0.01118568232662187
-0.2930648769574943
0.8165548098434006
0.07829977628635332
-0.3557046979865771
0.02460850111856816
0.6375838926174497
0.5123042505592841
-0.3109619686800894
-0.8970917225950783
0.4765100671140938
-0.04697986577181201
0.8926174496644295
0.941834451901566
0.10961968680089473
0.20805369127516782
-0.0022371364653243075
0.8702460850111855
-0.785234899328859
-0.9149888143176734
-0.21700223713646527
-0.43624161073825496
0.4317673378076061
-0.02460850111856816
0.1901565995525727
0.28859060402684555
0.9821029082774049
0.6689038031319912
-0.11856823266219241
-0.41834451901565983
-0.5346756152125279
0.17225950782997757
0.6510067114093958
-0.10514541387024601
0.9149888143176734
-0.9194630872483222
-0.552572706935123
0.847874720357942
-0.3243847874720357
-0.5704697986577181
0.6644295302013423
0.5838926174496644
0.06935123042505587
0.5973154362416109
-0.27516778523489926
0.6241610738255032
0.34228187919463093
0.2214765100671141
0.7494407158836689
0.8657718120805369
-0.37360178970917224
-0.23937360178970912
-0.6286353467561521
-0.6107382550335569
0.6957494407158835
-0.015659955257270597
-0.4675615212527964
-0.5928411633109619
0.3959731543624161
0.0738255033557047
0.9015659955257269
0.9463087248322146
0.552572706935123
-0.8165548098434005
-0.9731543624161074
-0.7449664429530201
-0.5883668903803132
-0.6599552572706935
-0.18120805369127513
-0.9105145413870246
0.006711409395973034
0.8076062639821029
-0.9060402684563759
0.3109619686800895
0.7807606263982103
0.9642058165548097
-0.12304250559284113
0.3691275167785233
0.7762863534675615
-0.7762863534675615
0.06040268456375841
0.2796420581655481
0.4138702460850112
-0.4407158836689038
-0.27069351230425054
-0.055928411633109576
-0.3825503355704697
0.3064876957494407
0.9910514541387025
-0.03355704697986572
0.4541387024608501
0.2527964205816555
-0.941834451901566
0.19910514541387037
0.8434004474272931
0.6733780760626398
0.8568232662192394
0.28411633109619694
0.3646532438478747
0.7181208053691275
0.7897091722595078
0.3512304250559284
-0.20805369127516782
-0.1498881431767337
0.9328859060402683
-0.9776286353467561
0.7225950782997763
0.5704697986577181
-0.5973154362416107
0.30201342281879184
0.12304250559284102
0.4675615212527964
-0.5078299776286352
-0.08277404921700227
0.9194630872483223
0.15883668903803128
0.8747203579418343
0.7583892617449663
-0.4004474272930648
0.033557046979865834
0.9373601789709172
-0.21252796420581654
-0.901565995525727
0.4988814317673378
0.5078299776286352
-0.8299776286353467
0.40492170022371354
-0.8657718120805369
-0.825503355704698
-0.03803131991051445
-0.28411633109619683
0.08724832214765077
-0.13646532438478742
0.42281879194630867
-0.39149888143176725
0.39149888143176725
0.6420581655480984
0.6599552572706935
0.7002237136465326
0.7628635346756152
0.4004474272930647
0.261744966442953
0.5659955257270695
-0.09172259507829972
-0.23489932885906029
-0.3064876957494407
-0.7404921700223713
0.1767337807606264
-0.12751677852348986
0.6107382550335569
0.5212527964205818
0.3780760626398212
0.3557046979865772
0.21252796420581643
0.9105145413870246
-0.34675615212527955
0.7360178970917226
-0.15436241610738255
-0.9642058165548099
-0.4586129753914989
0.297539149888143
0.2930648769574944
-0.959731543624161
0.7136465324384786
0.09619686800894867
-0.6465324384787472
-0.4451901565995525
0.9686800894854586
0.0022371364653244186
0.6554809843400446
0.6778523489932886
0.5480984340044741
0.9060402684563758
0.34675615212527977
0.23042505592841156
-0.9507829977628636
0.03803131991051445
0.11409395973154357
1.0
0.5167785234899327
-0.9328859060402684
0.9865771812080537
0.8299776286353466
0.7539149888143177
-0.7941834451901566
0.7046979865771812
-0.261744966442953
0.592841163310962
-0.9686800894854586
0.1319910514541387
-0.8210290827740492
0.70917225950783
0.7718120805369129
-0.45413870246085
-0.2662192393736017
0.5257270693512304
-1.0
0.6017897091722595
0.8120805369127517
-0.221476510067114
0.8791946308724834
0.9507829977628637
0.15436241610738244
-0.37807606263982096
-0.5570469798657718
-0.7046979865771812
-0.4988814317673378
-0.7897091722595079
-0.8344519015659955
-0.8926174496644295
-0.19910514541387014
-0.31991051454138697
-0.6196868008948545
-0.10961968680089473
0.4854586129753915
0.48993288590604034
-0.31543624161073824
0.7986577181208052
0.24384787472035785
-0.15883668903803128
-0.7181208053691275
0.9597315436241611
0.3825503355704698
0.8344519015659955
-0.20357941834451887
-0.1767337807606264
0.41834451901566005
0.8881431767337808
-0.6733780760626398
-0.668903803131991
0.3736017897091721
-0.24832214765100669
-0.020134228187919434
0.6062639821029083
0.46308724832214754
0.7941834451901566
0.9552572706935123
0.020134228187919545
0.8970917225950783
0.49440715883668895
0.4272930648769575
-0.5615212527964206
0.5391498881431767
-0.9373601789709172
-0.08724832214765099
0.24832214765100669
0.7270693512304249
-0.8568232662192394
-0.3288590604026844
-0.7136465324384786
0.10514541387024612
-0.8702460850111857
0.9239373601789709
-0.48098434004474266
-0.6778523489932886
0.3378076062639819
0.27516778523489926
-0.19463087248322142
-0.4093959731543624
-0.2527964205816554
0.8210290827740492
0.9731543624161074
0.5615212527964206
-0.33333333333333337
-0.8031319910514542
0.6152125279642058
0.6823266219239372
-0.23042505592841156
0.21700223713646527
0.2662192393736016
-0.25727069351230414
-0.8076062639821029
-0.5794183445190156
0.7852348993288591
0.18120805369127502
0.029082774049216997
-0.4899328859060402
-0.17225950782997757
0.0469798657718119
-0.883668903803132
-0.6375838926174496
-0.7494407158836689
0.5570469798657718
-0.7583892617449665
-0.4854586129753914
0.5436241610738255
0.803131991051454
-0.9910514541387024
0.13646532438478753
0.3243847874720358
0.6196868008948544
-0.18568232662192385
-0.6957494407158836
-0.5436241610738255
-0.5257270693512304
-0.6331096196868009
0.44966442953020147
0.3288590604026844
-0.49440715883668906
-0.2975391498881431
-0.767337807606264
-0.8791946308724832
0.7404921700223714
0.36017897091722584
-0.7807606263982103
0.4720357941834452
-0.9463087248322147
-0.9821029082774049
0.23937360178970923
0.015659955257270486
0.43624161073825496
0.25727069351230414
-0.6868008948545861
-0.6644295302013422
0.1946308724832213
-0.3378076062639821
-0.7539149888143177
0.7315436241610738
-0.44966442953020125
-0.4138702460850111
-0.9552572706935123
-0.05145413870246085
-0.40492170022371365
-0.24384787472035796
0.6465324384787472
-0.8747203579418344
-0.4720357941834451
-0.7360178970917226
0.6868008948545861
-0.5838926174496644
-0.4272930648769575
0.38702460850111864
-0.10067114093959728
0.145413870246085
0.18568232662192385
0.6331096196868009
0.09172259507829983
-0.029082774049216997
-0.042505592841163176
-0.14093959731543615
0.06487695749440725
0.48098434004474266
0.4093959731543624
-0.3512304250559284
0.10067114093959728
-0.7315436241610738
0.05145413870246074
-0.06935123042505587
-0.5123042505592841
-0.42281879194630867
-0.16331096196868
-0.6420581655480984
0.14093959731543615
0.861297539149888
0.6286353467561523
0.055928411633109576
0.1633109619686801
-0.5212527964205815
-0.9239373601789709
-0.1901565995525727
0.7673378076062638
0.22595078299776272
-0.6017897091722595
-0.6510067114093959
0.883668903803132
-0.3691275167785235
-0.06487695749440714
0.6912751677852349
-0.30201342281879195
-0.3870246085011185
-0.3959731543624161
0.8523489932885906
-0.6241610738255033
-0.46308724832214765
0.2348993288590604
-0.6554809843400446
-0.6912751677852349
0.5033557046979866
0.588366890380313
-0.07382550335570459
0.5302013422818792
0.11856823266219219
-0.09619686800894844
0.5794183445190155
-0.43176733780760623
-0.7270693512304249
0.4407158836689038
0.9955257270693512
-0.9284116331096197
-0.9865771812080537
-0.28859060402684555
0.31543624161073835
0.27069351230425065
-0.22595078299776283
-0.5391498881431767
-0.8478747203579419
-0.47651006711409394
-0.3646532438478747
-0.0604026845637583
-0.6152125279642058
0.977628635346756
-0.5302013422818792
-0.5659955257270692
-0.01118568232662187
-0.8612975391498882
-0.5167785234899329
-0.3422818791946308
-0.16778523489932873
-0.8523489932885906
-0.7986577181208054
0.4586129753914989
0.534675615212528
-0.006711409395973034
-0.5749440715883669
0.7449664429530201
-0.7225950782997763
0.825503355704698
-0.5033557046979865
0.20357941834451898
0.12751677852349008
-0.7718120805369127
-0.8389261744966443
-0.8120805369127517
0.4451901565995524
0.33333333333333326
-0.7002237136465324
-0.7628635346756152
-0.5480984340044742
0.1498881431767336
-0.8881431767337807
-0.843400447427293
0.16778523489932895
-0.11409395973154357
0.9284116331096197
0.04250559284116329
0.08277404921700215
-0.6062639821029083
0.5749440715883669
-0.13199105145413859
-0.07829977628635332
-0.6823266219239372
-0.7091722595078299
0.31991051454138697
-0.9955257270693513
-0.36017897091722584
0.8389261744966441
CENT_RANK
0.261744966442953
0.15883668903803128
-0.9373601789709172
-0.2930648769574943
-0.33333333333333337
-0.7449664429530201
0.08277404921700215
-0.1498881431767337
0.7718120805369129
0.4138702460850112
0.7807606263982103
-0.883668903803132
0.06935123042505587
-0.4988814317673378
0.01118568232662187
0.1901565995525727
0.8210290827740492
-0.6196868008948545
0.8344519015659955
0.6912751677852349
-0.8702460850111857
-0.7494407158836689
0.9194630872483223
-0.06935123042505587
0.28859060402684555
-0.5346756152125279
0.5659955257270695
-0.3378076062639821
-0.4899328859060402
0.825503355704698
-0.668903803131991
-0.5704697986577181
-0.42281879194630867
-0.21252796420581654
0.8389261744966441
-0.9642058165548099
0.7941834451901566
-0.4854586129753914
-0.46308724832214765
-0.6241610738255033
0.28411633109619694
-0.02460850111856816
0.7225950782997763
0.9507829977628637
-0.7270693512304249
0.4272930648769575
-0.14093959731543615
0.145413870246085
-0.5078299776286352
-0.27516778523489926
0.4988814317673378
-0.10514541387024601
0.42281879194630867
0.6107382550335569
-0.4093959731543624
0.5570469798657718
-0.03803131991051445
-0.8657718120805369
0.6152125279642058
0.5033557046979866
-0.16778523489932873
-0.31991051454138697
0.7449664429530201
0.15436241610738244
0.4675615212527964
-0.6286353467561521
-0.5257270693512304
-0.9328859060402684
-0.43624161073825496
-0.8568232662192394
-0.8031319910514542
-0.8165548098434005
0.7628635346756152
0.5212527964205818
-0.4675615212527964
-0.11856823266219241
0.9686800894854586
0.16778523489932895
-0.2975391498881431
0.8970917225950783
0.7360178970917226
-1.0
0.39149888143176725
0.3736017897091721
-0.6644295302013422
0.34675615212527977
0.5973154362416109
0.588366890380313
0.7136465324384786
0.0738255033557047
-0.10067114093959728
0.7852348993288591
0.3825503355704698
0.6554809843400446
-0.6823266219239372
-0.22595078299776283
0.23042505592841156
0.27516778523489926
0.06487695749440725
0.3243847874720358
-0.06487695749440714
0.6062639821029083
-0.5659955257270692
0.3288590604026844
-0.4004474272930648
-0.4720357941834451
-0.5615212527964206
-0.11409395973154357
0.03803131991051445
0.9105145413870246
-0.7941834451901566
-0.767337807606264
0.4004474272930647
1.0
-0.23937360178970912
0.4541387024608501
0.6510067114093958
-0.44966442953020125
0.6599552572706935
0.30201342281879184
0.7315436241610738
-0.24384787472035796
-0.6062639821029083
0.8791946308724834
-0.2527964205816554
0.8926174496644295
0.8165548098434006
-0.6957494407158836
0.861297539149888
-0.3109619686800894
-0.4451901565995525
0.847874720357942
0.6644295302013423
-0.3288590604026844
0.12751677852349008
0.9865771812080537
-0.04697986577181201
-0.16331096196868
0.41834451901566005
0.8881431767337808
0.22595078299776272
-0.4272930648769575
0.70917225950783
0.4451901565995524
0.31543624161073835
0.7539149888143177
0.0469798657718119
0.7181208053691275
-0.9284116331096197
0.9149888143176734
0.9731543624161074
-0.24832214765100669
0.6733780760626398
0.6286353467561523
0.7762863534675615
-0.09619686800894844
0.7986577181208052
0.33333333333333326
0.2527964205816555
-0.15436241610738255
-0.9955257270693513
-0.37807606263982096
-0.12304250559284113
0.25727069351230414
-0.3512304250559284
0.14093959731543615
-0.30201342281879195
-0.7897091722595079
0.12304250559284102
0.8657718120805369
0.02460850111856816
0.8076062639821029
0.36017897091722584
0.3109619686800895
0.5302013422818792
0.7673378076062638
0.9597315436241611
-0.49440715883668906
0.5078299776286352
0.6957494407158835
0.48098434004474266
0.803131991051454
-0.7046979865771812
0.11856823266219219
-0.25727069351230414
0.6823266219239372
-0.6375838926174496
0.4093959731543624
-0.9507829977628636
-0.5123042505592841
-0.9060402684563759
0.4720357941834452
-0.2796420581655481
-0.015659955257270597
-0.6420581655480984
0.17225950782997757
-0.959731543624161
-0.006711409395973034
-0.9910514541387024
0.4317673378076061
0.6196868008948544
0.029082774049216997
0.09172259507829983
0.883668903803132
0.592841163310962
-0.43176733780760623
-0.4586129753914989
-0.5838926174496644
-0.8344519015659955
-0.03355704697986572
-0.28411633109619683
-0.5302013422818792
0.9284116331096197
-0.7539149888143177
-0.7315436241610738
0.18568232662192385
0.40492170022371354
0.2796420581655481
-0.5212527964205815
0.5167785234899327
0.0022371364653244186
-0.7360178970917226
-0.7807606263982103
0.5123042505592841
0.7494407158836689
0.6375838926174497
-0.9865771812080537
-0.7986577181208054
0.2348993288590604
0.49440715883668895
-0.6152125279642058
-0.8299776286353467
0.8747203579418343
0.7897091722595078
0.6778523489932886
0.9821029082774049
0.9239373601789709
-0.5391498881431767
0.8299776286353466
-0.41834451901565983
0.015659955257270486
0.44966442953020147
-0.19463087248322142
-0.1767337807606264
-0.13646532438478742
-0.8210290827740492
0.4586129753914989
0.7002237136465326
0.7046979865771812
-0.36017897091722584
0.5704697986577181
0.3064876957494407
0.9552572706935123
-0.3825503355704697
0.5615212527964206
-0.40492170022371365
-0.8926174496644295
0.9910514541387025
0.43624161073825496
0.27069351230425065
-0.08277404921700227
-0.3422818791946308
-0.37360178970917224
0.4765100671140938
0.8120805369127517
-0.18568232662192385
0.033557046979865834
0.8434004474272931
0.3691275167785233
0.05145413870246074
0.04250559284116329
0.1946308724832213
-0.9463087248322147
-0.3064876957494407
-0.6912751677852349
0.9328859060402683
-0.20357941834451887
0.24832214765100669
-0.221476510067114
0.4407158836689038
-0.5928411633109619
-0.7136465324384786
-0.8076062639821029
-0.6599552572706935
-0.3959731543624161
-0.07829977628635332
0.18120805369127502
-0.6733780760626398
0.6420581655480984
-0.9686800894854586
0.9642058165548097
0.5794183445190155
0.5436241610738255
-0.901565995525727
-0.4138702460850111
-0.20805369127516782
-0.7628635346756152
-0.6107382550335569
0.6241610738255032
0.3378076062639819
-0.27069351230425054
-0.28859060402684555
-0.7404921700223713
-0.7091722595078299
-0.12751677852348986
-0.0604026845637583
-0.9821029082774049
0.020134228187919545
-0.3870246085011185
-0.8120805369127517
-0.6331096196868009
-0.8791946308724832
0.10514541387024612
-0.31543624161073824
0.20805369127516782
-0.8523489932885906
0.2214765100671141
-0.5480984340044742
-0.8970917225950783
-0.6778523489932886
-0.47651006711409394
0.4854586129753915
-0.34675615212527955
0.8702460850111855
-0.09172259507829972
-0.9239373601789709
-0.08724832214765099
0.23937360178970923
-0.21700223713646527
-0.7762863534675615
0.8568232662192394
0.5257270693512304
-0.6868008948545861
-0.13199105145413859
0.8523489932885906
-0.029082774049216997
-0.3691275167785235
-0.5436241610738255
0.5391498881431767
-0.8612975391498882
-0.8389261744966443
-0.9552572706935123
0.9373601789709172
0.552572706935123
0.3959731543624161
0.297539149888143
0.6331096196868009
-0.9776286353467561
0.6868008948545861
-0.1901565995525727
-0.5167785234899329
-0.9149888143176734
-0.23489932885906029
-0.9105145413870246
0.24384787472035785
0.7270693512304249
-0.15883668903803128
0.9463087248322146
-0.0022371364653243075
-0.01118568232662187
-0.7002237136465324
0.5749440715883669
0.977628635346756
0.006711409395973034
0.08724832214765077
-0.785234899328859
0.20357941834451898
-0.4407158836689038
0.5838926174496644
-0.020134228187919434
0.07829977628635332
-0.042505592841163176
-0.17225950782997757
-0.19910514541387014
0.34228187919463093
0.6017897091722595
0.09619686800894867
-0.8478747203579419
0.21252796420581643
0.06040268456375841
0.9015659955257269
0.7583892617449663
0.1319910514541387
0.1767337807606264
-0.05145413870246085
0.9955257270693512
0.3780760626398212
-0.2662192393736017
0.11409395973154357
0.534675615212528
-0.7181208053691275
-0.941834451901566
-0.825503355704698
-0.7225950782997763
0.2662192393736016
0.3646532438478747
-0.18120805369127513
-0.6465324384787472
-0.3646532438478747
0.3512304250559284
0.10067114093959728
-0.261744966442953
0.055928411633109576
-0.7583892617449665
-0.3243847874720357
0.21700223713646527
-0.8747203579418344
0.1498881431767336
-0.5794183445190156
0.46308724832214754
-0.3557046979865771
-0.145413870246085
0.48993288590604034
0.13646532438478753
-0.5973154362416107
-0.48098434004474266
0.38702460850111864
-0.07382550335570459
0.2930648769574944
-0.10961968680089473
-0.6510067114093959
0.3557046979865772
0.1633109619686801
-0.6554809843400446
-0.552572706935123
0.6689038031319912
-0.5749440715883669
-0.843400447427293
-0.23042505592841156
-0.45413870246085
-0.7718120805369127
-0.5570469798657718
-0.9194630872483222
0.5480984340044741
-0.5883668903803132
0.9060402684563758
-0.055928411633109576
0.10961968680089473
-0.5033557046979865
-0.6017897091722595
-0.39149888143176725
0.941834451901566
-0.8881431767337807
0.7404921700223714
0.31991051454138697
-0.9731543624161074
0.6465324384787472
0.19910514541387037
RANK
81
160
198
226
306
347
445
289
35
196
341
188
272
391
2
67
148
325
432
351
353
190
293
318
256
442
11
311
406
20
57
339
69
315
377
427
340
208
231
392
245
71
309
282
70
227
110
167
365
222
329
430
111
296
403
213
21
5
302
221
214
44
393
390
281
303
182
360
127
274
332
94
319
287
30
84
283
423
420
397
194
186
310
65
39
17
230
297
122
439
414
280
434
207
408
426
31
102
106
431
424
317
337
237
25
211
66
218
350
189
48
438
13
177
28
37
415
320
105
74
38
206
429
117
130
367
68
205
141
32
239
294
54
255
104
284
440
308
253
161
262
336
398
249
410
164
322
261
27
4
133
404
61
313
129
273
166
78
3
301
210
192
49
300
387
401
184
124
151
121
114
352
428
95
278
328
33
295
276
373
242
349
265
396
243
372
60
137
356
159
7
411
46
244
333
304
162
75
107
419
51
90
155
324
326
260
285
417
23
100
305
436
384
136
371
56
209
335
41
369
193
359
197
358
220
363
14
240
307
170
201
266
108
270
146
269
402
379
98
12
89
370
6
364
202
376
400
312
437
388
183
168
134
382
413
165
47
407
63
1
422
77
195
383
286
215
15
271
447
366
314
378
405
316
140
96
228
327
354
277
158
163
0
394
259
97
217
40
24
418
345
119
251
173
144
444
99
103
157
299
374
85
399
421
172
395
268
83
386
92
416
82
344
112
216
187
9
138
52
45
199
258
279
143
241
115
246
409
64
191
263
180
321
412
229
50
59
178
223
219
73
331
174
389
338
292
433
343
55
254
26
250
361
291
368
87
204
86
375
101
53
58
200
298
153
346
225
288
446
116
93
118
132
425
152
234
185
348
19
179
247
248
142
88
147
42
355
120
80
443
62
224
145
381
72
175
8
154
10
91
233
36
156
181
171
264
126
16
29
238
18
34
267
131
334
330
128
169
323
232
123
203
139
125
79
380
435
109
149
22
236
212
275
342
441
357
43
252
176
290
76
150
362
235
135
257
385
113
