DEGREE
0.8
0.3999999999999999
0.5
0.3999999999999999
0.10000000000000009
-0.19999999999999996
0.3999999999999999
-0.09999999999999998
0.8
0.19999999999999996
0.19999999999999996
0.10000000000000009
0.19999999999999996
-0.09999999999999998
0.0
-0.09999999999999998
0.19999999999999996
0.6000000000000001
0.30000000000000004
0.10000000000000009
0.19999999999999996
0.30000000000000004
-0.30000000000000004
0.30000000000000004
0.5
0.30000000000000004
-0.4
0.30000000000000004
0.30000000000000004
0.19999999999999996
0.7
0.19999999999999996
-0.5
0.10000000000000009
0.10000000000000009
0.19999999999999996
0.19999999999999996
0.7
0.19999999999999996
0.8
-0.09999999999999998
0.30000000000000004
0.10000000000000009
0.10000000000000009
0.8999999999999999
0.10000000000000009
-0.19999999999999996
0.8
0.0
-0.19999999999999996
0.30000000000000004
-0.4
-0.19999999999999996
0.5
-0.30000000000000004
0.19999999999999996
0.19999999999999996
0.6000000000000001
0.19999999999999996
0.0
-0.09999999999999998
-0.4
0.0
0.3999999999999999
0.6000000000000001
-0.09999999999999998
0.6000000000000001
-0.09999999999999998
0.30000000000000004
0.7
-0.19999999999999996
0.3999999999999999
-0.9
0.10000000000000009
0.5
0.3999999999999999
0.30000000000000004
0.5
-0.19999999999999996
1.0
-0.09999999999999998
0.3999999999999999
0.6000000000000001
0.6000000000000001
0.3999999999999999
0.10000000000000009
0.7
-0.09999999999999998
0.10000000000000009
0.10000000000000009
0.0
0.30000000000000004
0.30000000000000004
-0.30000000000000004
0.10000000000000009
0.8999999999999999
0.19999999999999996
0.6000000000000001
-1.0
0.0
0.30000000000000004
0.10000000000000009
0.6000000000000001
-0.09999999999999998
-0.30000000000000004
0.0
-0.30000000000000004
0.30000000000000004
0.19999999999999996
0.3999999999999999
0.7
0.19999999999999996
0.10000000000000009
-0.19999999999999996
0.0
0.10000000000000009
-0.4
-0.30000000000000004
0.0
0.8999999999999999
0.3999999999999999
-0.4
0.6000000000000001
-0.09999999999999998
-0.30000000000000004
-1.0
0.6000000000000001
-0.5
0.0
-0.19999999999999996
-0.4
-0.30000000000000004
0.0
0.6000000000000001
0.8
0.30000000000000004
0.19999999999999996
0.10000000000000009
0.5
0.3999999999999999
-0.09999999999999998
-0.09999999999999998
0.6000000000000001
0.3999999999999999
0.8999999999999999
0.10000000000000009
-0.5
0.8999999999999999
0.19999999999999996
-0.9
0.8
-0.8
0.5
-0.19999999999999996
0.30000000000000004
0.5
0.10000000000000009
0.0
0.0
0.5
-0.4
0.6000000000000001
0.30000000000000004
-0.7
0.10000000000000009
0.10000000000000009
0.19999999999999996
0.30000000000000004
0.19999999999999996
0.3999999999999999
0.0
0.7
0.19999999999999996
0.7
0.30000000000000004
0.19999999999999996
0.19999999999999996
0.10000000000000009
0.6000000000000001
-0.09999999999999998
-0.09999999999999998
0.19999999999999996
0.0
0.19999999999999996
0.10000000000000009
-0.19999999999999996
0.0
-0.30000000000000004
0.19999999999999996
-0.5
0.30000000000000004
-0.30000000000000004
0.6000000000000001
-0.4
-0.09999999999999998
0.10000000000000009
0.8
0.10000000000000009
0.5
-0.4
-0.09999999999999998
-0.09999999999999998
-0.19999999999999996
0.0
0.0
0.10000000000000009
0.30000000000000004
0.0
0.30000000000000004
0.0
-0.09999999999999998
-0.09999999999999998
0.10000000000000009
0.7
-0.30000000000000004
0.19999999999999996
0.6000000000000001
-0.09999999999999998
0.5
0.10000000000000009
0.0
0.3999999999999999
0.8999999999999999
-0.4
-0.19999999999999996
0.3999999999999999
-0.4
0.0
0.10000000000000009
0.6000000000000001
-0.5
EIGENVECTOR
1.0
-0.9171211218106154
0.6607168446157308
-0.6611403197485626
-0.9324497232841255
-0.7342115091689763
-0.31635774436236785
-0.8606464950519284
0.6226193357353789
-0.5872192437237292
-0.9274252085216813
-0.9434069519132436
-0.8844299968818193
-0.9647084308952356
0.05428125498886849
-0.7587962022096834
-0.9258411934711038
-0.8417644661479818
0.1758914518292607
-0.8943857506544547
-0.6156526184549607
-0.9239694613505555
-0.9648981226964993
-0.9438088704432098
0.8459566440644526
-0.9069687415205105
-0.7046953484760264
0.41257957627740827
-0.6670128392186054
-0.6693414322482689
-0.8948647192151864
-0.8745085007341462
-0.7560034240463238
-0.6401644781236779
-0.8714819676335132
-0.9591344670693362
-0.8288877232536402
0.506904199563605
-0.15337927954489095
0.6688119933804144
-0.5436861092571998
-0.9336604817057566
-0.8714819676335132
-0.5298971627851159
0.4333847910724222
-0.8787387003690355
-0.8735195362291556
0.6226193357353795
-0.8642212091669396
-0.6718714044405766
-0.07630214279131475
-0.8861941465263384
-0.7917122137522455
0.2657504185801747
-0.21201236308513582
-0.8149236337335349
-0.6997541736580727
0.26094050890467657
-0.788186749697241
-0.7847813045363488
-0.537379623728208
-0.6876284930964729
-0.8166952839415116
-0.9362604962504308
-0.34517770060092856
-0.9546970028748456
-0.49114400298869976
-0.6415702378747089
-0.04199793279071362
0.6358128372972243
-0.9659745452785387
-0.4848848276696881
-1.0
-0.8787387003690356
0.5116003276825449
-0.927344598042887
-0.9507919605583272
-0.9268971897564875
-0.8840934871740918
0.7954477558749031
-0.7548439144124404
-0.5910649034605377
0.25336604896781956
-0.5351938937038505
-0.6393673628739442
-0.8787387003690351
0.7633368113111993
-0.7758704047189888
-0.9313270014199222
-0.9627630459779587
-0.8745424638067678
-0.35678307520399877
0.05059594411169899
-0.6074539864159011
-0.9558872878311413
0.46264017560837045
-0.4724757757236664
0.5022651737782284
-0.9906881553227233
-0.7187123929447228
-0.5017857414638893
-0.04910610705938756
0.531971353503004
-0.905847581417774
-0.09831356950446479
-0.4767647751747307
-0.779891586197179
-0.9496015514700941
-0.94307925367404
0.15073230382690617
0.3724422377828558
-0.9565644877682226
-0.2944044160150395
-0.9610368789490652
-0.918464109282476
-0.0978660440899285
-0.5742741376867004
-0.9343965942535426
-0.7721967892348602
0.6803172182263304
-0.917121121810615
-0.9744965540499702
-0.5957925062055904
-0.5233134188969563
-0.8010724426099254
-0.9906881553227231
0.8853269216887605
-0.756003424046324
-0.7812662272071855
-0.5957643611422743
-0.9708430448774481
-0.6588318490704741
-0.9550310130323019
0.8919907049685154
0.9772683758078218
-0.6404716562586108
-0.6027767622564962
-0.6188240610012511
-0.7036076657325205
-0.9171211218106152
-0.5625934025675345
-0.5351417553716203
0.7233034810337065
-0.6808564145305103
0.8942234769887398
-0.4736670688685317
-0.9620043232638219
0.7332036354262144
-0.5872192437237294
-0.9947210610319328
0.9415409397804579
-0.9825241423256463
-0.6996059548436354
-0.5557764992123954
0.27319886674487326
-0.627358361976051
-0.9653844656364388
-0.20023639338758303
-0.5748032706612782
-0.14183958551592135
-0.9146657713105076
-0.9054434179303666
-0.9336604817057563
-0.9177357238743561
-0.952176987287916
-0.63852421083914
-0.9342267862692248
-0.8714032842312043
-0.49750259479646464
-0.9171211218106151
-0.1204064228246855
-0.902723121984474
-0.9525503204167771
0.8797965914856403
-0.9500030189707371
-0.2650099890093798
-0.9525503204167773
-0.11037707155981347
0.7470587153527235
-0.905847581417774
-0.06451605623083245
0.06025459259236632
-0.5831879130433887
-0.01663689329810003
-0.8787387003690355
-0.5587600701767355
-0.8166952839415116
-0.4978336318683978
-0.5872192437237294
-0.7720076079159002
-0.6717239856035493
-0.905174989013706
-0.8980687957076418
-0.9275816062717805
-0.3090073236154439
-0.47588464356192217
0.9153562870204843
-0.8943857506544548
0.4841797404371164
-0.9708430448774482
-0.34988539529843177
-0.7021158076495715
-0.5876167611581294
-0.9435184838639593
-0.5074504993323825
-0.30047031333555063
-0.9472364817058434
-0.4585098781785071
0.17589145182926025
-0.041640540956976224
-0.25100713063023505
-0.6999366485535133
-0.8787387003690352
0.4767053309006133
-0.5773707347943899
-0.9258411934711042
0.747058715352724
-0.4948528795969177
0.8569101879528542
-0.9313270014199221
-0.9431122511831806
-0.7882887376212007
-0.3800940010756976
-0.9146657713105076
-0.7772975235795487
-0.6370471771633712
-0.561493266675869
0.002888699868065725
-0.127069188559638
-0.4248125065244155
-0.7664982386461738
CENT
-0.5634446006637271
-0.9073742543718861
-0.5113739628233974
0.5024594005882723
-0.7911761761422109
0.742263483399727
-0.6296110521445322
-0.05413099672905619
-0.7421109376748105
-0.9646959184448093
-0.8768925124378767
-0.9409836654863404
-0.6095914782396767
-0.936504488019
-0.8223523123643058
-0.11458511308034791
-0.9402769612570481
0.18885724910954838
0.031058884742223958
-0.7455629200071077
0.044273566993746405
-0.8378328501110275
-0.9973090349548976
-0.8451119513619029
-0.8777971742832498
-0.73758057122116
-0.6497370692002045
-0.34635136519035015
-0.2926996649334004
0.43086537001668246
0.21787461655084006
-0.5837278593741952
-0.9993448282289694
-0.5771898699542031
-0.7677876785233856
-0.5498237875827408
-0.32605850813387827
-0.05541816047340076
-0.10170723559645989
-0.8124958541023288
-0.7712635544853481
-0.8305161621983483
-0.7677876785233856
-0.6653263734607965
0.041209207788464486
-0.9324330654039674
-0.6421838490819113
-0.7421109376748105
0.4941872292291247
-0.9354038297063619
0.49128103568205295
-0.9730059293060715
-0.88434661253907
-0.5716991091923953
-0.9797116267859638
-0.4387277193228827
-0.5766269322596781
-0.22825136166487725
-0.4409385339752998
-0.13484946489898197
-0.925099408043563
-0.9958536413912208
-0.09646479503756078
0.4513141661926947
-0.4952510889764188
-0.9843713618297643
-0.7281493370220573
-0.25841238066117833
-0.7295390155678259
-0.7269603898155923
-0.9810153334737486
-0.861732729927344
-0.9566592186432262
-0.9324330654039674
-0.3678629180584234
-0.37109983999564733
-0.6383464446733216
-0.5764841374477789
-0.7355010396329111
-0.6031244703204341
-0.6694754284256708
0.3346418643615152
-0.37251648061130727
-0.8122411000463712
-0.8092094317601554
-0.9324330654039674
-0.002370419109296029
-0.4270018535984128
-0.9171247605927908
-0.9337990453880923
0.34914275454318
-0.69484489476008
-0.2080865502851592
-0.8866805812989189
-0.5886642064251547
0.057543566410442226
-0.37068507661411754
-0.34226586530076997
-0.992120818661633
0.6915303045389734
-0.8983647834951795
-0.8963323437642433
-0.9184441885072427
0.027656839677848044
-0.9934905735545434
-0.8426899298538315
-0.4152088574502457
-0.2946348603952652
-0.6176420257118311
-0.8434455366847557
-0.5566274479173068
-0.47008334312873257
-0.8984749113164348
-0.9901829574755194
-0.8247827763057943
-0.8290145825721673
-0.9535685594588035
-0.7664391493255653
0.43095212796300064
-0.6792756312916517
-0.9073742543718861
-0.9824220127514416
-0.7074013771275962
0.08821860840494478
-0.3583180621586429
-0.992120818661633
-0.6149920994803741
-0.9993448282289694
-0.42923162169339735
-0.5432964504449145
-1.0
-0.9761419811647722
0.25982657157355216
-0.6329375720726753
-0.49840552909181735
-0.4641579387978241
-0.9718191382818054
-0.5350072607038776
0.2942416230674747
-0.9073742543718861
0.34514769749686147
-0.9831064703244972
-0.7385293524360272
0.450246481034126
-0.24100405540201786
0.21361849985185977
-0.8925021395681265
-0.6627837297995848
-0.9646959184448093
-1.0
-0.12548293642519837
-0.9980584157657024
0.06037801613196225
-0.9718099271507135
-0.9505494934277766
-0.7844098295204954
-0.88942067607902
-0.9502452086656719
0.14931776751042936
-0.46904479887182315
-0.8861209331796149
-0.07047219019303763
-0.8305161621983483
-0.23724377820221476
-0.9365354244850805
-0.9335353040654818
-0.7579242027479316
-0.7258523568770396
-0.8855116937174714
-0.9073742543718861
-0.3884868237197886
0.01265098508471918
-0.7615332809705367
-0.788803833491642
-0.21236676052211578
1.0
-0.7615332809705367
-0.9158056689911456
-0.8334277072069683
0.027656839677848044
-0.9279122491560139
-0.013261351967520318
0.5384981729048264
-0.7643516630988518
-0.9324330654039674
-0.796918285136399
-0.09646479503756078
-0.33381938623748575
-0.9646959184448093
0.03186728947026163
-0.4553263761655477
-0.719866361412663
-0.4780454109428439
-0.6878974169244227
-0.7286206680504039
-0.927591090166791
-0.6813323785996144
-0.7455629200071077
-0.9592796337579599
-1.0
-0.6398751854270587
0.299705104850722
-0.9618187514847116
-0.9731909701666692
-0.9770459711828328
0.5295513283616824
-0.5896786639518478
-0.8936303676744298
0.031058884742223958
-0.561847226049162
-0.9845120299460426
-0.9606571564385556
-0.9324330654039674
0.04217647494967269
-0.8635407715664183
-0.9402769612570481
-0.8334277072069683
-0.9368519318092194
-0.9054041846915141
-0.9171247605927908
-0.8978426079375195
0.6533109492427245
0.5540178581061928
-0.8861209331796149
-0.6978679598086718
-0.24153364275366962
-0.12024714855357421
-0.9223700268570988
0.37078430907928706
-0.3592330657793624
-0.9965088131622514
DEGREE_RANK
0.8869565217391304
0.4434782608695651
0.5739130434782609
0.4521739130434783
-0.23478260869565226
-0.7130434782608696
0.4608695652173913
-0.6086956521739131
0.8956521739130434
0.01739130434782621
0.026086956521739202
-0.22608695652173916
0.034782608695652195
-0.6000000000000001
-0.4260869565217392
-0.5913043478260869
0.04347826086956541
0.6695652173913045
0.25217391304347814
-0.21739130434782616
0.05217391304347818
0.26086956521739135
-0.808695652173913
0.26956521739130435
0.5826086956521741
0.27826086956521734
-0.9043478260869565
0.28695652173913055
0.29565217391304355
0.060869565217391175
0.817391304347826
0.06956521739130439
-0.9478260869565217
-0.20869565217391306
-0.20000000000000007
0.07826086956521738
0.08695652173913038
0.8260869565217392
0.09565217391304359
0.9043478260869564
-0.5826086956521739
0.30434782608695654
-0.19130434782608707
-0.18260869565217397
0.9478260869565218
-0.17391304347826086
-0.7043478260869565
0.9130434782608696
-0.4173913043478261
-0.6956521739130435
0.31304347826086976
-0.8956521739130434
-0.6869565217391305
0.5913043478260869
-0.8
0.10434782608695659
0.11304347826086958
0.6782608695652175
0.1217391304347828
-0.4086956521739131
-0.5739130434782609
-0.8869565217391304
-0.4
0.4695652173913043
0.6869565217391302
-0.5652173913043479
0.6956521739130435
-0.5565217391304348
0.3217391304347825
0.8347826086956522
-0.6782608695652174
0.4782608695652175
-0.9826086956521739
-0.16521739130434787
0.5999999999999999
0.4869565217391305
0.3304347826086955
0.6086956521739131
-0.6695652173913044
1.0
-0.5478260869565217
0.4956521739130435
0.7043478260869565
0.7130434782608694
0.5043478260869565
-0.15652173913043488
0.8434782608695652
-0.5391304347826087
-0.14782608695652188
-0.13913043478260878
-0.39130434782608703
0.33913043478260874
0.34782608695652173
-0.7913043478260869
-0.13043478260869568
0.9565217391304346
0.1304347826086958
0.7217391304347827
-1.0
-0.38260869565217404
0.3565217391304347
-0.12173913043478268
0.7304347826086957
-0.5304347826086957
-0.782608695652174
-0.37391304347826093
-0.7739130434782608
0.36521739130434794
0.13913043478260856
0.5130434782608695
0.8521739130434784
0.14782608695652177
-0.11304347826086969
-0.6608695652173913
-0.36521739130434794
-0.10434782608695659
-0.8782608695652174
-0.7652173913043478
-0.35652173913043483
0.9652173913043478
0.5217391304347825
-0.8695652173913043
0.7391304347826086
-0.5217391304347826
-0.7565217391304349
-0.991304347826087
0.7478260869565219
-0.9391304347826087
-0.34782608695652173
-0.6521739130434783
-0.8608695652173913
-0.7478260869565218
-0.33913043478260885
0.7565217391304349
0.9217391304347826
0.37391304347826093
0.15652173913043477
-0.09565217391304359
0.6173913043478261
0.5304347826086957
-0.5130434782608695
-0.5043478260869565
0.7652173913043478
0.5391304347826087
0.9739130434782608
-0.08695652173913049
-0.9304347826086956
0.9826086956521738
0.16521739130434776
-0.9739130434782609
0.9304347826086956
-0.9652173913043478
0.6260869565217391
-0.6434782608695653
0.3826086956521739
0.6347826086956523
-0.07826086956521738
-0.33043478260869574
-0.32173913043478264
0.6434782608695653
-0.8521739130434782
0.7739130434782608
0.39130434782608714
-0.9565217391304348
-0.06956521739130439
-0.0608695652173914
0.17391304347826098
0.40000000000000013
0.18260869565217397
0.5478260869565217
-0.31304347826086965
0.8608695652173914
0.19130434782608696
0.8695652173913042
0.4086956521739131
0.20000000000000018
0.20869565217391317
-0.052173913043478404
0.7826086956521738
-0.4956521739130435
-0.4869565217391305
0.21739130434782616
-0.30434782608695654
0.22608695652173916
-0.0434782608695653
-0.6347826086956522
-0.29565217391304344
-0.7391304347826086
0.23478260869565215
-0.9217391304347826
0.4173913043478261
-0.7304347826086957
0.7913043478260868
-0.8434782608695652
-0.4782608695652174
-0.034782608695652195
0.9391304347826088
-0.026086956521739202
0.6521739130434783
-0.8347826086956522
-0.4695652173913044
-0.4608695652173914
-0.6260869565217391
-0.28695652173913055
-0.27826086956521745
-0.01739130434782621
0.4260869565217391
-0.26956521739130446
0.4347826086956521
-0.26086956521739135
-0.4521739130434783
-0.4434782608695652
-0.008695652173913104
0.8782608695652174
-0.7217391304347827
0.24347826086956514
0.8
-0.4347826086956522
0.6608695652173915
-1.1102230246251565e-16
-0.25217391304347825
0.5565217391304349
0.991304347826087
-0.8260869565217391
-0.6173913043478261
0.5652173913043479
-0.8173913043478261
-0.24347826086956537
0.008695652173912993
0.808695652173913
-0.9130434782608696
EIGENVECTOR_RANK
1.0
-0.5478260869565217
0.8434782608695652
0.008695652173912993
-0.6782608695652174
-0.11304347826086969
0.4521739130434783
-0.30434782608695654
0.8260869565217392
0.15652173913043477
-0.6434782608695653
-0.7478260869565218
-0.4260869565217392
-0.9043478260869565
0.6521739130434783
-0.14782608695652188
-0.6173913043478261
-0.29565217391304344
0.6782608695652175
-0.4521739130434783
0.09565217391304359
-0.6000000000000001
-0.9130434782608696
-0.7652173913043478
0.9217391304347826
-0.5217391304347826
-0.09565217391304359
0.7391304347826086
-1.1102230246251565e-16
-0.008695652173913104
-0.4608695652173914
-0.35652173913043483
-0.13913043478260878
0.04347826086956541
-0.33913043478260885
-0.8695652173913043
-0.28695652173913055
0.7913043478260868
0.5217391304347825
0.8521739130434784
0.25217391304347814
-0.6956521739130435
-0.33043478260869574
0.28695652173913055
0.7478260869565219
-0.39130434782608703
-0.34782608695652173
0.817391304347826
-0.31304347826086965
-0.026086956521739202
0.5826086956521741
-0.4347826086956522
-0.24347826086956537
0.7130434782608694
0.5043478260869565
-0.26086956521739135
-0.0608695652173914
0.7043478260869565
-0.22608695652173916
-0.21739130434782616
0.26086956521739135
-0.0434782608695653
-0.27826086956521745
-0.7217391304347827
0.4434782608695651
-0.8347826086956522
0.34782608695652173
0.026086956521739202
0.6086956521739131
0.8347826086956522
-0.9304347826086956
0.3565217391304347
-1.0
-0.4
0.8
-0.6347826086956522
-0.8
-0.6260869565217391
-0.4173913043478261
0.9130434782608696
-0.12173913043478268
0.13913043478260856
0.6956521739130435
0.26956521739130435
0.05217391304347818
-0.38260869565217404
0.9043478260869564
-0.18260869565217397
-0.6608695652173913
-0.8956521739130434
-0.36521739130434794
0.4260869565217391
0.6434782608695653
0.10434782608695659
-0.8521739130434782
0.7565217391304349
0.39130434782608714
0.7826086956521738
-0.9826086956521739
-0.10434782608695659
0.31304347826086976
0.5999999999999999
0.808695652173913
-0.5043478260869565
0.5652173913043479
0.36521739130434794
-0.20000000000000007
-0.782608695652174
-0.7304347826086957
0.6695652173913045
0.7304347826086957
-0.8608695652173913
0.4782608695652175
-0.8782608695652174
-0.5913043478260869
0.5739130434782609
0.20869565217391317
-0.7130434782608696
-0.17391304347826086
0.8608695652173914
-0.5652173913043479
-0.9565217391304348
0.1217391304347828
0.29565217391304355
-0.25217391304347825
-0.9739130434782609
0.9478260869565218
-0.13043478260869568
-0.20869565217391306
0.1304347826086958
-0.9391304347826087
0.01739130434782621
-0.8434782608695652
0.9565217391304346
0.991304347826087
0.034782608695652195
0.11304347826086958
0.08695652173913038
-0.08695652173913049
-0.5739130434782609
0.21739130434782616
0.27826086956521734
0.8695652173913042
-0.034782608695652195
0.9652173913043478
0.3826086956521739
-0.8869565217391304
0.8782608695652174
0.17391304347826098
-0.991304347826087
0.9826086956521738
-0.9652173913043478
-0.052173913043478404
0.24347826086956514
0.7217391304347827
0.07826086956521738
-0.9217391304347826
0.5130434782608695
0.20000000000000018
0.5304347826086957
-0.5391304347826087
-0.4956521739130435
-0.6869565217391305
-0.5826086956521739
-0.808695652173913
0.060869565217391175
-0.7043478260869565
-0.32173913043478264
0.3304347826086955
-0.5565217391304348
0.5478260869565217
-0.4782608695652174
-0.8260869565217391
0.9391304347826088
-0.7913043478260869
0.4869565217391305
-0.8173913043478261
0.5565217391304349
0.8869565217391304
-0.5130434782608695
0.5913043478260869
0.6608695652173915
0.18260869565217397
0.6260869565217391
-0.37391304347826093
0.23478260869565215
-0.26956521739130446
0.3217391304347825
0.16521739130434776
-0.16521739130434787
-0.01739130434782621
-0.4869565217391305
-0.4695652173913044
-0.6521739130434783
0.4608695652173913
0.37391304347826093
0.9739130434782608
-0.4434782608695652
0.7739130434782608
-0.9478260869565217
0.4347826086956521
-0.07826086956521738
0.14782608695652177
-0.7565217391304349
0.30434782608695654
0.4695652173913043
-0.7739130434782608
0.40000000000000013
0.6869565217391302
0.6173913043478261
0.4956521739130435
-0.06956521739130439
-0.4086956521739131
0.7652173913043478
0.19130434782608696
-0.6086956521739131
0.8956521739130434
0.33913043478260874
0.9304347826086956
-0.6695652173913044
-0.7391304347826086
-0.23478260869565226
0.4173913043478261
-0.5304347826086957
-0.19130434782608707
0.06956521739130439
0.22608695652173916
0.6347826086956523
0.5391304347826087
0.4086956521739131
-0.15652173913043488
CENT_RANK
0.24347826086956514
-0.5043478260869565
0.29565217391304355
0.9391304347826088
-0.19130434782608707
0.991304347826087
0.13913043478260856
0.6608695652173915
-0.07826086956521738
-0.782608695652174
-0.34782608695652173
-0.6956521739130435
0.16521739130434776
-0.6521739130434783
-0.23478260869565226
0.6086956521739131
-0.6869565217391305
0.8
0.7130434782608694
-0.09565217391304359
0.7565217391304349
-0.29565217391304344
-0.9478260869565217
-0.32173913043478264
-0.35652173913043483
-0.052173913043478404
0.09565217391304359
0.4695652173913043
0.5130434782608695
0.8869565217391304
0.817391304347826
0.20000000000000018
-0.9739130434782609
0.20869565217391317
-0.15652173913043488
0.26956521739130435
0.4956521739130435
0.6521739130434783
0.6173913043478261
-0.22608695652173916
-0.16521739130434787
-0.26956521739130446
-0.14782608695652188
0.07826086956521738
0.7391304347826086
-0.6173913043478261
0.10434782608695659
-0.06956521739130439
0.9304347826086956
-0.6434782608695653
0.9217391304347826
-0.808695652173913
-0.36521739130434794
0.23478260869565215
-0.8434782608695652
0.37391304347826093
0.21739130434782616
0.5565217391304349
0.36521739130434794
0.5826086956521741
-0.5565217391304348
-0.9304347826086956
0.6260869565217391
0.9130434782608696
0.31304347826086976
-0.8782608695652174
-0.01739130434782621
0.5217391304347825
-0.034782608695652195
-0.008695652173913104
-0.8521739130434782
-0.33043478260869574
-0.7304347826086957
-0.6086956521739131
0.4434782608695651
0.4260869565217391
0.1217391304347828
0.22608695652173916
-0.0434782608695653
0.17391304347826098
0.06956521739130439
0.8521739130434784
0.4173913043478261
-0.21739130434782616
-0.20869565217391306
-0.6000000000000001
0.6782608695652175
0.39130434782608714
-0.5304347826086957
-0.6347826086956522
0.8695652173913042
0.034782608695652195
0.5739130434782609
-0.4
0.19130434782608696
0.7652173913043478
0.4347826086956521
0.4782608695652175
-0.9130434782608696
0.9826086956521738
-0.4521739130434783
-0.4347826086956522
-0.5391304347826087
0.6956521739130435
-0.9217391304347826
-0.30434782608695654
0.40000000000000013
0.5043478260869565
0.14782608695652177
-0.31304347826086965
0.26086956521739135
0.3304347826086955
-0.4608695652173914
-0.8956521739130434
-0.24347826086956537
-0.25217391304347825
-0.7217391304347827
-0.13913043478260878
0.8956521739130434
0.060869565217391175
-0.4956521739130435
-0.8608695652173913
0.01739130434782621
0.7826086956521738
0.4608695652173913
-0.9043478260869565
0.15652173913043477
-0.9652173913043478
0.3826086956521739
0.27826086956521734
-1.0
-0.8260869565217391
0.8260869565217392
0.1304347826086958
0.30434782608695654
0.34782608695652173
-0.8
0.28695652173913055
0.8347826086956522
-0.4869565217391305
0.8608695652173914
-0.8695652173913043
-0.0608695652173914
0.9043478260869564
0.5391304347826087
0.808695652173913
-0.4173913043478261
0.08695652173913038
-0.7739130434782608
-0.991304347826087
0.5913043478260869
-0.9565217391304348
0.7739130434782608
-0.7913043478260869
-0.7130434782608696
-0.17391304347826086
-0.4086956521739131
-0.7043478260869565
0.7913043478260868
0.33913043478260874
-0.39130434782608703
0.6434782608695653
-0.26086956521739135
0.5478260869565217
-0.6608695652173913
-0.6260869565217391
-0.10434782608695659
-1.1102230246251565e-16
-0.37391304347826093
-0.4782608695652174
0.4086956521739131
0.6869565217391302
-0.12173913043478268
-0.18260869565217397
0.5652173913043479
1.0
-0.11304347826086969
-0.5130434782608695
-0.28695652173913055
0.7043478260869565
-0.5739130434782609
0.6695652173913045
0.9565217391304346
-0.13043478260869568
-0.5913043478260869
-0.20000000000000007
0.6347826086956523
0.4869565217391305
-0.7652173913043478
0.7304347826086957
0.3565217391304347
0.008695652173912993
0.3217391304347825
0.04347826086956541
-0.026086956521739202
-0.5652173913043479
0.05217391304347818
-0.08695652173913049
-0.7391304347826086
-0.9826086956521739
0.11304347826086958
0.8434782608695652
-0.7565217391304349
-0.8173913043478261
-0.8347826086956522
0.9478260869565218
0.18260869565217397
-0.4260869565217392
0.7217391304347827
0.25217391304347814
-0.8869565217391304
-0.7478260869565218
-0.5826086956521739
0.7478260869565219
-0.33913043478260885
-0.6782608695652174
-0.27826086956521745
-0.6695652173913044
-0.4695652173913044
-0.5217391304347826
-0.4434782608695652
0.9739130434782608
0.9652173913043478
-0.38260869565217404
0.026086956521739202
0.5304347826086957
0.5999999999999999
-0.5478260869565217
0.8782608695652174
0.4521739130434783
-0.9391304347826087
RANK
130
149
199
32
127
151
22
230
61
104
98
125
113
210
65
141
121
70
54
204
131
203
51
136
153
9
148
188
202
211
198
72
116
154
157
11
16
215
217
164
13
49
89
165
45
73
85
184
212
180
195
60
227
102
88
219
177
1
120
139
169
218
112
100
220
101
207
146
156
93
160
223
168
52
24
10
214
71
23
109
105
21
178
216
41
162
115
114
14
39
83
84
185
4
173
155
40
34
42
117
183
172
176
166
19
197
8
47
142
25
78
68
194
66
69
167
191
122
224
91
193
196
119
80
43
147
26
46
200
76
133
6
108
126
12
79
206
94
31
33
56
77
53
0
209
110
35
129
137
2
134
64
192
111
159
135
190
58
55
128
87
106
170
82
75
96
74
229
124
27
97
187
36
107
28
67
225
144
163
57
174
92
59
150
226
15
38
62
186
161
37
7
181
86
171
103
179
18
208
189
44
213
20
95
152
123
158
17
145
30
132
138
201
81
140
90
228
29
118
143
63
50
48
3
205
182
222
221
99
5
175
