DEGREE
-0.6551724137931034
0.5862068965517242
-0.10344827586206895
-0.6551724137931034
-0.03448275862068961
0.17241379310344818
-0.24137931034482762
-0.10344827586206895
0.7241379310344827
0.3793103448275863
0.4482758620689655
-0.3793103448275862
-0.4482758620689655
0.10344827586206895
0.24137931034482762
-0.5862068965517242
0.3793103448275863
0.10344827586206895
0.4482758620689655
-0.4482758620689655
0.4482758620689655
-0.03448275862068961
0.17241379310344818
-0.5862068965517242
1.0
0.4482758620689655
-0.03448275862068961
-0.24137931034482762
0.10344827586206895
-0.10344827586206895
0.17241379310344818
0.31034482758620685
0.24137931034482762
0.7241379310344827
0.10344827586206895
0.034482758620689724
-0.1724137931034483
0.10344827586206895
0.17241379310344818
0.10344827586206895
0.5862068965517242
-0.4482758620689655
-0.7241379310344828
-0.4482758620689655
0.31034482758620685
-0.03448275862068961
0.034482758620689724
0.31034482758620685
-0.10344827586206895
0.24137931034482762
-0.3793103448275862
0.17241379310344818
-0.24137931034482762
0.034482758620689724
-0.10344827586206895
0.034482758620689724
0.24137931034482762
0.31034482758620685
-0.24137931034482762
0.4482758620689655
-0.10344827586206895
0.24137931034482762
0.17241379310344818
0.10344827586206895
0.7931034482758621
0.4482758620689655
0.17241379310344818
0.10344827586206895
0.6551724137931034
-0.24137931034482762
-0.31034482758620685
0.31034482758620685
0.24137931034482762
0.7931034482758621
-0.3793103448275862
-0.1724137931034483
0.31034482758620685
0.10344827586206895
-0.7931034482758621
0.24137931034482762
-0.31034482758620685
0.6551724137931034
-0.24137931034482762
0.7931034482758621
0.5172413793103448
0.5172413793103448
-0.5862068965517242
0.24137931034482762
0.5172413793103448
-0.1724137931034483
0.3793103448275863
0.17241379310344818
0.10344827586206895
0.6551724137931034
-0.5862068965517242
-0.03448275862068961
0.4482758620689655
0.034482758620689724
-0.1724137931034483
-0.3793103448275862
-1.0
0.5172413793103448
0.31034482758620685
-0.10344827586206895
0.10344827586206895
-0.03448275862068961
-0.1724137931034483
0.17241379310344818
0.5862068965517242
-0.1724137931034483
0.6551724137931034
-0.31034482758620685
0.10344827586206895
0.17241379310344818
0.7931034482758621
-0.24137931034482762
0.24137931034482762
0.10344827586206895
0.4482758620689655
-0.24137931034482762
0.31034482758620685
-0.7241379310344828
0.31034482758620685
0.17241379310344818
-0.24137931034482762
0.17241379310344818
-0.10344827586206895
0.4482758620689655
0.17241379310344818
-0.10344827586206895
0.034482758620689724
0.3793103448275863
0.5862068965517242
0.7241379310344827
0.6551724137931034
-0.03448275862068961
0.31034482758620685
0.7241379310344827
-0.24137931034482762
-0.31034482758620685
-0.5862068965517242
0.6551724137931034
0.10344827586206895
-0.5862068965517242
0.31034482758620685
-0.03448275862068961
-0.10344827586206895
-0.4482758620689655
0.31034482758620685
-0.1724137931034483
0.8620689655172413
0.4482758620689655
0.4482758620689655
-0.10344827586206895
-0.31034482758620685
-0.5172413793103448
-0.6551724137931034
-0.24137931034482762
0.3793103448275863
0.5172413793103448
0.31034482758620685
0.31034482758620685
-0.4482758620689655
0.5172413793103448
0.6551724137931034
-0.7241379310344828
0.4482758620689655
0.3793103448275863
-0.1724137931034483
-0.10344827586206895
0.31034482758620685
-0.03448275862068961
0.24137931034482762
0.10344827586206895
0.7931034482758621
0.24137931034482762
0.4482758620689655
0.24137931034482762
-0.5862068965517242
0.17241379310344818
0.17241379310344818
0.3793103448275863
0.034482758620689724
-0.31034482758620685
0.31034482758620685
0.24137931034482762
-0.1724137931034483
0.3793103448275863
0.034482758620689724
0.10344827586206895
-0.1724137931034483
0.17241379310344818
0.17241379310344818
0.034482758620689724
0.3793103448275863
0.034482758620689724
-0.03448275862068961
-0.7241379310344828
0.6551724137931034
0.6551724137931034
-0.1724137931034483
-0.5172413793103448
0.3793103448275863
0.17241379310344818
0.3793103448275863
-0.10344827586206895
0.4482758620689655
0.034482758620689724
0.31034482758620685
-0.7931034482758621
-0.4482758620689655
0.24137931034482762
-0.4482758620689655
-0.3793103448275862
-0.3793103448275862
-0.03448275862068961
0.034482758620689724
0.4482758620689655
0.6551724137931034
-0.1724137931034483
0.7241379310344827
0.31034482758620685
0.5862068965517242
0.6551724137931034
0.31034482758620685
-0.10344827586206895
-0.3793103448275862
0.5862068965517242
0.10344827586206895
0.3793103448275863
0.10344827586206895
0.31034482758620685
0.3793103448275863
0.3793103448275863
0.5172413793103448
0.7931034482758621
-0.03448275862068961
0.10344827586206895
0.034482758620689724
-0.31034482758620685
0.31034482758620685
0.31034482758620685
-0.10344827586206895
0.3793103448275863
-0.10344827586206895
0.5862068965517242
-0.24137931034482762
0.4482758620689655
0.4482758620689655
0.24137931034482762
-0.24137931034482762
0.17241379310344818
0.034482758620689724
0.10344827586206895
-0.10344827586206895
-0.3793103448275862
0.034482758620689724
-0.10344827586206895
-0.31034482758620685
-0.03448275862068961
0.17241379310344818
-0.24137931034482762
0.31034482758620685
-0.10344827586206895
-0.24137931034482762
0.3793103448275863
-0.03448275862068961
-0.31034482758620685
0.6551724137931034
0.8620689655172413
0.31034482758620685
-0.3793103448275862
0.7241379310344827
-0.03448275862068961
-0.31034482758620685
0.034482758620689724
0.3793103448275863
-0.24137931034482762
0.3793103448275863
0.5172413793103448
0.10344827586206895
-0.31034482758620685
0.5862068965517242
-0.1724137931034483
-0.7931034482758621
-0.5862068965517242
0.10344827586206895
-0.1724137931034483
0.3793103448275863
0.24137931034482762
0.24137931034482762
0.24137931034482762
0.4482758620689655
0.31034482758620685
0.17241379310344818
0.31034482758620685
0.17241379310344818
0.034482758620689724
-0.3793103448275862
-0.03448275862068961
0.7931034482758621
-0.10344827586206895
-0.31034482758620685
0.3793103448275863
0.7931034482758621
0.17241379310344818
0.4482758620689655
-0.3793103448275862
0.5862068965517242
-0.24137931034482762
-0.5172413793103448
0.3793103448275863
-0.3793103448275862
0.31034482758620685
-0.03448275862068961
0.6551724137931034
-0.03448275862068961
-0.1724137931034483
0.5172413793103448
0.7931034482758621
0.10344827586206895
0.10344827586206895
-0.4482758620689655
0.10344827586206895
0.7241379310344827
0.17241379310344818
-0.3793103448275862
0.3793103448275863
-0.24137931034482762
0.6551724137931034
-0.3793103448275862
-0.4482758620689655
0.5172413793103448
0.31034482758620685
0.10344827586206895
0.4482758620689655
-0.03448275862068961
-0.03448275862068961
0.17241379310344818
-0.31034482758620685
0.24137931034482762
0.10344827586206895
-0.6551724137931034
0.24137931034482762
0.24137931034482762
-0.31034482758620685
-0.4482758620689655
0.5862068965517242
0.17241379310344818
0.5862068965517242
-0.31034482758620685
-0.03448275862068961
0.3793103448275863
0.31034482758620685
0.17241379310344818
-0.24137931034482762
0.31034482758620685
0.7931034482758621
-0.5862068965517242
0.5862068965517242
0.6551724137931034
-0.3793103448275862
-0.24137931034482762
-0.1724137931034483
0.034482758620689724
-0.31034482758620685
-0.24137931034482762
0.5862068965517242
0.034482758620689724
-0.31034482758620685
0.24137931034482762
0.6551724137931034
-0.31034482758620685
0.24137931034482762
-0.7241379310344828
0.31034482758620685
0.7241379310344827
-0.31034482758620685
0.4482758620689655
0.10344827586206895
EIGENVECTOR
-0.9768931529564818
0.4583682407228906
-0.9507154768798751
-0.9736451224137588
-0.942244133732045
-0.9889881058032318
-0.7969218372196598
-0.9811955253687321
0.8848702301394284
-0.5597110041122769
-0.8967824206749335
-0.8854385139120956
-0.993020675154336
-0.5981381555285791
-0.7942128278855293
-0.9997916380179404
-0.678980061087828
-0.44114369955749255
-0.5074650630518633
-0.9979305608228726
-0.04195970176241448
-0.9479378305991908
-0.2166323588932968
-0.9994709897261934
0.9751593294348355
-0.8623957602605015
-0.9963377838208736
-0.996805155543491
-0.8973509183268747
-0.9815669256907164
-0.893636981641588
-0.9601990178008657
-0.8569654394559321
0.8605383732630156
-0.9280180125741065
-0.7795570054054363
-0.9536754096602523
-0.3477187588129509
-0.9733538207076875
-0.9744608275851425
-0.9802321015884558
-0.9987337412623915
-0.9810857926076972
-0.9989333277031952
-0.4805989487629587
-0.9909631010742445
-0.9323059643426641
-0.9927586754850622
-0.9588262906086806
-0.9828784682175011
-0.9961325993378656
-0.5657273063266904
-0.8364430551926839
-0.7732787763287279
-0.9765426386824636
-0.9335601804256319
0.04260052473260023
-0.596138474864114
-0.9965954666982049
-0.04027623137850367
-0.9531790165941466
-0.9025044451163118
-0.987396608158618
-0.4210305521630452
0.998397630987818
-0.5871714969716
-0.26964617283755477
-0.874439119237665
0.6471804075350027
-0.8378088982198009
-0.7946759412478518
-0.729718393073226
-0.8957736568250025
0.9237950374355561
-0.9993089308932638
-0.9906689795204001
-0.5671221638724449
-0.9691700693858201
-0.9359301355801419
-0.9231905815232216
-0.9593724271655771
0.7754876103529591
-0.9619870665421806
0.8949610831839001
0.03462974687735887
0.1745360568495793
-0.9977247290786421
-0.9355719035148283
-0.9569969988755411
-0.9810432719751239
-0.8653808223840531
-0.9533604547195439
-0.9205072333949268
-0.9787801843230781
-0.994968202422004
-0.9837914870218061
-0.9031449150873044
-0.8604787873526869
-0.9474163189527696
-0.9994181468424149
-0.998957896702315
-0.9707047095297624
-0.8944151945070727
-0.9776102424338659
-0.8436727879382238
-0.9285939879030201
-0.9898510483910673
-0.8034162701123908
-0.980186793656917
-0.9924791049601548
0.32639387161553435
-0.9984770637196583
-0.8871541064712365
-0.962982038059888
1.0
-0.9785529692268118
-0.11887315329464143
-0.25596620656566604
-0.8342139112966519
-0.9610190847976767
-0.6851653628107468
-0.9980689741513529
-0.9246411944116736
-0.989769781315231
-0.9874691534229769
-0.5674553757442053
-0.901345397586623
-0.4693888780136878
-0.3779331676769042
-0.7425429716681669
-0.9442808739671472
0.11189554111904831
0.3147917024627329
0.25589990242160865
-0.9692950616814706
-0.8979718917606174
-0.23736529741403278
0.06051910751723266
-0.9943321734354724
-0.9787569091879138
-0.9839252010345721
0.7706183021132229
-0.6379484893072039
-0.9998672106425415
-0.611229921470215
-0.8769121013014857
-0.9789216083688053
-0.9992518356873664
-0.947077918863078
-0.9590469140479866
0.4609062996798452
-0.8878011907581908
-0.6405444893076833
-0.9728938879129633
-0.9295615773553291
-0.9987398352916113
-0.9981356444751546
-0.837808898219801
-0.8475930923015401
-0.8943240219521837
-0.9095914438498401
-0.5893424570139024
-0.9989333277031952
-0.6550447350207591
0.22833393950491288
-0.9754500331358577
-0.06540924378894408
-0.9848943972662966
-0.9038913649766351
-0.9956130076664143
-0.5961384748641141
-0.6359232839299633
-0.9861039313142651
-0.9122373092193279
0.8982628611535142
-0.9242182715953914
-0.9668983921673514
-0.1370975299521371
-0.9766787236437777
-0.9873966081586182
-0.8042763114683944
-0.8471929484634442
-0.48329038919682177
-0.8191471739687248
-0.507810820994146
-0.2388104255580692
-0.977809838540813
-0.6975897066953916
-0.9199654884065348
-0.9816995389344401
-0.9886123646212627
-0.1818611999806954
-0.24977752966787403
-0.9250456811878314
-0.848953765009605
-0.4473770072668647
-0.9507319427699167
-1.0
0.2808362497254202
0.35699487834223387
-0.9903992836572435
-0.9766157749329388
-0.985950329707447
-0.8737534223483696
-0.14940630986898196
-0.9507154768798748
-0.8878011907581902
-0.9445666426447684
-0.10609572565692083
-0.9977178967035818
-0.9957270518117552
-0.19331718152915922
-0.9987718687754243
-0.994521749395532
-0.9618507327528198
-0.9335050436869712
-0.9286825468930828
-0.9839504932732163
0.8612968569089803
-0.9918146566771502
0.55222436303678
-0.22148167394382723
0.17775573472929795
-0.8778132846553222
-0.17242604580868437
-0.989737496307104
-0.961978185247043
-0.9801867936569166
-0.5161731783477284
-0.9175763389400631
-0.7949205952611322
-0.7529319316534461
-0.7358882943876981
-0.37004874777035424
-0.9707047095297627
-0.9747135419839039
-0.5332337462797581
-0.8564346774328959
-0.9166294423185981
-0.9626865033779194
-0.2291204755814722
-0.6417104846616012
-0.9423556697745804
-0.8625411861245362
-0.9696032189472705
-0.7334181379958504
-0.9940831509369538
-0.9638892876629559
-0.9559779900405736
-0.950324057118114
-0.9928132680103027
-0.9836133689663188
-0.9555861545068594
-0.837707436289762
-0.9979426356645202
-0.9020666441829813
-0.861755731372311
-0.9949919327115248
-0.9969619615878843
-0.93359239695705
-0.1969634419920444
-0.9872868930372033
-0.5106339752662026
-0.9013453975866228
-0.9812600319621597
-0.6766284841031196
-0.9263505811630426
-0.9822431764649042
0.33416338541316115
0.9283073169541001
-0.5490974376388726
-0.9510298797638559
0.8300250693724796
-0.9776292696401853
-0.8562022037373249
-0.9969867931349279
-0.28111173770215925
-0.9428900253314879
-0.9855975071204104
-0.8230434694206737
-0.9314805322488544
-0.8197212093057864
0.3835907028867307
-0.7840136058957066
-0.9985396547731666
-0.9953588792178338
-0.3477187588129509
-0.9916304948439701
-0.9843624897211514
-0.8653454717659169
-0.9880405775666098
-0.715613394670172
-0.44916891743745413
-0.49211825111915575
-0.8361367962168811
-0.35618352834999756
-0.9107972092519666
-0.7088639182009129
-0.9961523004755121
-0.9788357644459179
0.607892109614157
-0.9034232049913085
-0.9605326642582258
0.16503550799565758
0.9275966507566773
-0.9440075441328867
-0.6972709672819069
-0.9542560197246069
0.1653960253320197
-0.9552847281356207
-0.9989826443862504
-0.7608752365071446
-0.999418146842415
-0.40012624975773625
-0.9677880533850873
0.7593608178173161
-0.4060135082493269
-0.958053425844985
-0.5940047920682807
0.898262861153514
-0.9774155910027087
-0.8973509183268747
-0.9935115752773516
-0.9769691869275867
0.4732003897033421
-0.9911116029429109
-0.997132181110757
0.10675616506831132
-0.9859738969191612
-0.9742652436884562
-0.9630665714709015
-0.9074441920238354
-0.8168304381055674
-0.878156402497462
-0.8756698824178918
-0.7179721999394781
-0.9479378305991908
-0.8967893876634981
-0.867756411270986
-0.8856201896546512
-0.9849144740426812
-0.912237309219328
-0.9868258617601513
-0.514729581935121
-0.856965439455932
-0.9562878917651668
-0.971205186094002
0.190982281317579
-0.9870482923067764
0.10578009912004793
-0.9562878917651669
-0.9922360135280412
-0.5158875955372058
-0.745402052497856
-0.35195125744556044
-0.9364685205834098
-0.8964294274501055
0.8968626298348756
-0.9975788248211437
-0.8794725871287388
0.4142897485474779
-0.9542560197246072
-0.9711841850255235
-0.9402122188272944
-0.9892470789976178
-0.8718322740832238
-0.995051685365414
0.6533326165866742
-0.958229628337771
-0.9949040124239108
-0.2745838374677446
-0.8701469787514223
-0.9642283130870763
-0.23198546262386
-0.9884041495543247
-0.11024162599588516
0.6399291077203992
-0.8197212093057866
-0.9720504463186691
-0.8471293082408836
CENT
-0.9608384243487369
-0.36046434957157125
-0.6512038084123343
-0.9162373797771342
-0.8484524198950028
-0.9185747015565005
-0.9610412632493235
-0.6214812275705479
-0.5533325255516832
-0.35534552154261423
-0.8792244968282571
-0.8382582175231286
-0.9981267078073
-0.48039044562080124
-0.5042656711774915
-0.9898711446001419
-0.3445787970949348
-0.6051711871758712
-0.3693195072535007
-0.8513172779079674
-0.6385423970436033
-0.8102164843634675
-0.5735961246917909
-0.8989319873151304
-0.32628146238762035
-0.6461711159285606
-0.8759049766886974
-0.6743898977144129
-0.4674211948292063
-0.8965614704638274
-0.5364999048670313
-0.6009917549607398
-0.8386021523215934
-0.6967282842148814
-0.6045595185906866
-0.7691779417313945
-0.9748820780639061
-0.7882630661743418
-0.5587363221869429
-0.8405463373637911
-0.7881971808200059
-0.9889032230064465
-0.9189547606520592
-0.8505856850412901
-0.40471744786371155
-0.7810830707332295
-0.7292226835928495
-0.5958011266411005
-0.9783293567872144
-0.6845783210854899
-0.945555634482802
-0.7005923270874352
-0.7236269108030333
-0.46913028001657153
-0.5900863650056206
-0.9837502859535991
-0.7686147314587377
-0.8070916211102424
-0.9421904159485867
-0.5206039388620027
-0.9345558401598546
-0.7952193720981622
-0.9340237411258723
-0.7706137253547197
-0.48805797456402866
-0.17243989793951797
-0.8434781810795218
-0.47433603428017546
-0.734069432508212
-0.9527167954362126
-0.7584657687689771
-0.8524324097353952
-0.8083131740165725
-0.43042926151667593
-0.9968634901407044
-0.9206390516706597
-0.5751994300267655
-0.6388967012255338
-0.9611688125676995
-0.948927245788071
-0.7009539890239294
-0.6984655042501784
-0.9501408170568806
-0.2721896577607569
-0.43702217189302606
-0.9222893318805089
-0.9962860617711548
-0.8359375445907427
-0.6088246938744091
-0.7575425726720033
-0.6577443944769893
-0.8312170198058797
-0.9303355279583585
-0.7050935670197916
-0.971575729654889
-0.8212225534338076
-0.8970807318228962
-0.927369448752903
-0.9934396547085412
-0.9685441983350201
-0.99853960130089
-0.5559850746544095
-0.9218411655781197
-0.9247372476327522
-0.6738809591962881
-0.6389103329664663
-0.6479962233331859
-0.8154285312228826
-0.8297007723614517
-0.9750822133809781
-0.8023736692745723
-0.6744981028557782
-0.8635478200308413
-0.5805912294275636
-0.4350484198059029
-0.9712428880405559
-0.572829409929685
-0.9001581768381501
-0.8481783809042966
-0.9820128392675527
-0.42891697732537604
-0.9986732335286926
0.09516536921278518
-0.9375222676720291
-0.9527250986263875
1.0
-0.9699943967364603
-0.4060471725468858
-0.8533448945260772
-0.8360417254845299
-0.8027865100181361
-0.7131835332102698
-0.7338841643431191
-0.19671487131119292
-0.5701282195874446
-0.8174092993895401
-0.7197562382471043
0.5853674164240699
-0.9456873023261513
-0.8285053499905093
-0.9917544370608201
-0.6152138200209267
-0.7669869308203143
-0.9990823605769124
-0.5969185698824608
-0.8148513783006004
-0.9197946645392506
-0.9962390205992252
-0.7117180119681421
-0.9751106549088967
-0.3090565379884658
-0.47207003631471234
-0.3071011961935828
-0.2654903212300542
0.15938033964057485
-0.9932621478876466
-0.9978849234678926
-0.9527167954362126
-0.7429278457501569
-0.7724606177548647
-0.5654491615212863
-0.5624701870877318
-0.8505856850412901
-0.7171987803239895
-0.3514863809713
-0.9953272194402368
-0.1647707711010984
-0.736403993143061
-0.9871552935221711
-0.8164766053163827
-0.8070916211102424
-0.9144838174236254
-0.4572166429236504
-0.9741682944809397
-0.6830514305699826
-0.8920565286349912
-0.7495861351812305
-0.7987943557979631
-0.9275407513127363
-0.9340237411258723
-0.8286503985210564
-0.5817326134843908
-0.8472327316203206
-0.9844691799389695
-0.8061162901055259
-0.7740267232717151
-0.9645386651490876
-0.8540043091453348
-0.47657839315533745
-0.9272388829811595
-0.9115254921429292
-0.883128865976624
-0.5795376999931352
-0.4132854801144906
-0.8228632040624572
-0.6650692345563645
-0.24876438024952574
-0.999904235191116
0.016298047686967854
-0.09654778502329509
-0.9683321440738872
-0.8342749825255316
-0.8632201892658884
-0.8081359994768635
-0.24737421927538739
-0.6512038084123343
-0.47207003631471234
-0.7191458347775473
-0.5556790690346346
-0.9071673295629552
-0.9880574629705038
-0.2581123655843305
-0.9858233015537798
-0.9877764691385892
-0.9873806393371839
-0.9943945699042898
-0.7257116252558726
-0.8646787872388135
-0.701249284578806
-0.9573619823646385
-0.4140424407143327
-0.30854365986884247
-0.35473610970353076
-0.5397588783164542
-0.8684216170322159
-0.4208956438251422
-0.9857025662326844
-0.8297007723614517
-0.718167805426014
-0.9260121539979149
-0.47348840640850554
-0.6681664927867921
-0.5595248272352922
-0.6798201679008186
-0.5559850746544095
-0.6664831084849768
-0.8846392418480112
-0.8764223733974453
-0.9466231177340341
-0.9951743541671334
-0.6697851666363763
-0.3761580627000072
-0.6833630556980026
-0.8844550715589453
-0.9067205223709858
-0.5191563711143269
-0.9789431992106336
-0.3282787131663156
-0.6231910753038041
-0.7956281350761334
-0.9847318186463536
-0.79052228200146
-0.8735638719201093
-0.7496002299629314
-0.9142357490221685
-0.261120208288523
-0.005964797979376435
-0.779945718645972
-0.9673612661630681
-0.6415163498980334
-0.5207891156363138
-0.8684131177391117
-0.5629728954884505
-0.9699943967364603
-0.6530435124181293
-0.3244479679220069
-0.7788412255257071
-0.985601223806559
-0.5863435961448669
-0.7127096846347366
0.6245801561794051
-0.7566791975176612
-0.5742841885314021
-0.33705253984311745
-0.955996304778065
-0.7855431377129032
-0.0968232461083669
-0.3375166153200133
-0.9222703035061989
-0.5581395568081203
-0.6813224176842217
-0.9907764320461998
-0.5197310390593493
-0.9713089786197108
-1.0
-0.9741287309526935
-0.7882630661743418
-0.7831974302223565
-0.8523979791995822
-0.8181910138480311
-0.8248671470397134
-0.3216317009105628
-0.49612358137347135
-0.6672775245574445
-0.6517422036785219
-0.48882293518654196
-0.9523920933907076
-0.8391040132767628
-0.9905476720829101
-0.8577827759679503
-0.2344928205007144
-0.17043929549301906
-0.9878208793027641
-0.7807078480352893
-0.5653572309538318
-0.8698923509670468
0.5201285560123792
-0.9846468798866349
-0.7435325363411677
-0.9852302289576993
-0.99660423932133
-0.5849638356392282
-0.9685441983350201
-0.6038806126835476
-0.7931623997851365
-0.6365397369450678
-0.9600030695099018
-0.523899542506769
-0.3204315196322064
-0.6830514305699826
-0.7855723900949407
-0.4674211948292063
-0.9480918137184123
-0.8188243042602968
-0.32678985520544135
-0.9251257361582788
-0.9827221027795199
-0.7189302199818821
-0.9474014205538147
-0.8125784050111979
-0.9986308508993534
-0.8652414152355555
-0.7706109247659388
-0.91985943116203
-0.4567020614188606
-0.41323801131512317
-0.8102164843634675
-0.791375905196125
-0.6674110300759474
-0.7810189536842436
-0.5870149419189628
-0.9741682944809397
-0.9968395455779532
-0.5405557385609276
-0.8386021523215934
-0.9900627688986343
-0.9970077262165732
-0.6408155585910937
-0.6669491355146071
-0.7453389918109548
-0.9900627688986343
-0.6381771939613283
-0.45528803023734643
-0.677813210840903
0.12686784111182714
-0.8256228963394152
-0.8802355438610462
-0.7671933027004211
-0.9970349816357158
-0.824638589681269
-0.145176732176722
-0.9846468798866349
-0.612052946750393
-0.8720320281599907
-0.9024415716821252
-0.6957389882448467
-0.9891526786258844
-0.779794895576672
-0.9276766127870342
-0.9894281389963364
-0.5641696369224846
-0.5626924733905657
-0.5017325834723175
0.38382126318953746
-0.9991469867401005
-0.4995791306559816
-0.5601482959785757
-0.9907764320461998
-0.7578319556391081
-0.8571178228341085
DEGREE_RANK
-0.9525065963060686
0.7414248021108181
-0.4353562005277045
-0.9472295514511874
-0.32981530343007914
0.029023746701847042
-0.6306068601583114
-0.4300791556728232
0.8944591029023745
0.45646437994722966
0.5778364116094987
-0.8100263852242744
-0.8680738786279683
-0.1187335092348285
0.17150395778364125
-0.9313984168865436
0.461741424802111
-0.11345646437994727
0.5831134564643801
-0.862796833773087
0.5883905013192612
-0.3245382585751979
0.03430079155672816
-0.9261213720316623
1.0
0.5936675461741425
-0.3192612137203166
-0.6253298153034301
-0.10817941952506593
-0.42480211081794195
0.0395778364116095
0.2928759894459103
0.17678100263852237
0.8997361477572559
-0.1029023746701847
-0.21899736147757254
-0.5197889182058048
-0.09762532981530336
0.04485488126649062
-0.09234828496042213
0.7467018469656994
-0.8575197889182058
-0.978891820580475
-0.8522427440633246
0.29815303430079165
-0.31398416886543534
-0.2137203166226913
0.30343007915567277
-0.4195250659630606
0.18205804749340349
-0.804749340369393
0.05013192612137196
-0.6200527704485488
-0.20844327176780997
-0.4142480211081795
-0.20316622691292874
0.18733509234828483
0.3087071240105541
-0.6147757255936676
0.5989445910290239
-0.40897097625329826
0.19261213720316617
0.0554089709762533
-0.0870712401055409
0.9366754617414248
0.6042216358839052
0.06068601583113442
-0.08179419525065967
0.8100263852242744
-0.6094986807387863
-0.7308707124010554
0.31398416886543545
0.1978891820580475
0.9419525065963061
-0.7994722955145118
-0.5145118733509235
0.3192612137203168
-0.07651715039577833
-0.9947229551451188
0.20316622691292863
-0.7255936675461742
0.8153034300791557
-0.604221635883905
0.9472295514511875
0.6886543535620051
0.6939313984168864
-0.920844327176781
0.20844327176780997
0.6992084432717678
-0.5092348284960422
0.4670184696569919
0.06596306068601576
-0.0712401055408971
0.8205804749340371
-0.9155672823218998
-0.308707124010554
0.6094986807387861
-0.1978891820580475
-0.503957783641161
-0.7941952506596306
-1.0
0.7044854881266491
0.3245382585751977
-0.4036939313984169
-0.06596306068601576
-0.3034300791556729
-0.4986807387862797
0.0712401055408971
0.7519788918205803
-0.4934036939313984
0.8258575197889182
-0.7203166226912929
-0.06068601583113453
0.07651715039577844
0.9525065963060686
-0.5989445910290238
0.2137203166226913
-0.05540897097625341
0.6147757255936674
-0.5936675461741425
0.32981530343007903
-0.9736147757255936
0.3350923482849604
0.08179419525065956
-0.5883905013192612
0.0870712401055409
-0.3984168865435357
0.6200527704485488
0.09234828496042224
-0.39313984168865435
-0.19261213720316628
0.47229551451187324
0.7572559366754616
0.9050131926121372
0.8311345646437993
-0.29815303430079154
0.3403693931398417
0.9102902374670183
-0.5831134564643801
-0.7150395778364116
-0.9102902374670184
0.8364116094986807
-0.05013192612137207
-0.9050131926121372
0.34564643799472283
-0.2928759894459103
-0.3878627968337731
-0.8469656992084433
0.3509234828496042
-0.48812664907651715
0.9894459102902375
0.6253298153034301
0.6306068601583112
-0.3825857519788918
-0.7097625329815304
-0.8839050131926122
-0.941952506596306
-0.5778364116094987
0.4775725593667546
0.7097625329815302
0.3562005277044855
0.36147757255936686
-0.841688654353562
0.7150395778364116
0.841688654353562
-0.9683377308707124
0.6358839050131926
0.4828496042216359
-0.4828496042216359
-0.37730870712401066
0.366754617414248
-0.2875989445910291
0.21899736147757265
-0.04485488126649084
0.9577836411609499
0.22427440633245377
0.6411609498680739
0.2295514511873351
-0.899736147757256
0.09762532981530359
0.1029023746701847
0.48812664907651704
-0.18733509234828494
-0.7044854881266491
0.3720316622691293
0.23482849604221645
-0.4775725593667547
0.4934036939313984
-0.1820580474934037
-0.0395778364116095
-0.47229551451187335
0.10817941952506582
0.11345646437994716
-0.17678100263852237
0.4986807387862797
-0.17150395778364114
-0.28232189973614774
-0.9630606860158312
0.8469656992084433
0.8522427440633245
-0.4670184696569921
-0.8786279683377308
0.5039577836411611
0.1187335092348285
0.5092348284960422
-0.3720316622691293
0.6464379947229553
-0.1662269129287599
0.37730870712401066
-0.9894459102902374
-0.8364116094986808
0.2401055408970978
-0.8311345646437994
-0.7889182058047494
-0.7836411609498681
-0.2770448548812665
-0.16094986807387868
0.6517150395778364
0.8575197889182058
-0.4617414248021108
0.9155672823218997
0.382585751978892
0.762532981530343
0.8627968337730871
0.3878627968337731
-0.3667546174142481
-0.7783641160949868
0.7678100263852241
-0.03430079155672827
0.5145118733509235
-0.02902374670184693
0.39313984168865423
0.5197889182058049
0.5250659630606862
0.7203166226912929
0.9630606860158313
-0.27176781002638517
-0.0237467018469657
-0.15567282321899745
-0.6992084432717678
0.3984168865435356
0.4036939313984169
-0.36147757255936674
0.5303430079155673
-0.3562005277044855
0.7730870712401055
-0.5725593667546174
0.6569920844327177
0.6622691292875991
0.2453825857519789
-0.5672823218997362
0.12401055408970962
-0.1503957783641161
-0.01846965699208447
-0.3509234828496042
-0.7730870712401056
-0.14511873350923488
-0.34564643799472294
-0.6939313984168866
-0.26649076517150405
0.12928759894459096
-0.5620052770448549
0.40897097625329804
-0.3403693931398417
-0.5567282321899736
0.5356200527704484
-0.2612137203166227
-0.6886543535620053
0.8680738786279685
0.9947229551451187
0.4142480211081794
-0.7678100263852243
0.920844327176781
-0.2559366754617415
-0.683377308707124
-0.13984168865435354
0.5408970976253298
-0.5514511873350924
0.5461741424802109
0.7255936675461743
-0.013192612137203241
-0.6781002638522428
0.7783641160949868
-0.45646437994722955
-0.9841688654353562
-0.8944591029023747
-0.0079155672823219
-0.4511873350923482
0.5514511873350922
0.25065963060686003
0.25593667546174137
0.2612137203166227
0.6675461741424802
0.4195250659630607
0.1345646437994723
0.42480211081794184
0.13984168865435365
-0.1345646437994723
-0.762532981530343
-0.25065963060686014
0.9683377308707124
-0.3350923482849605
-0.6728232189973615
0.5567282321899736
0.9736147757255935
0.14511873350923477
0.6728232189973615
-0.7572559366754618
0.7836411609498681
-0.5461741424802111
-0.8733509234828496
0.5620052770448549
-0.7519788918205804
0.4300791556728232
-0.2453825857519789
0.8733509234828496
-0.24010554089709757
-0.4459102902374671
0.7308707124010554
0.9788918205804749
-0.0026385224274406704
0.0026385224274405594
-0.8258575197889182
0.0079155672823219
0.9261213720316623
0.1503957783641161
-0.7467018469656992
0.567282321899736
-0.5408970976253298
0.8786279683377309
-0.741424802110818
-0.820580474934037
0.7361477572559367
0.4353562005277045
0.013192612137203241
0.6781002638522426
-0.23482849604221645
-0.2295514511873351
0.15567282321899745
-0.6675461741424802
0.26649076517150383
0.018469656992084582
-0.9366754617414248
0.27176781002638517
0.2770448548812665
-0.662269129287599
-0.8153034300791556
0.7889182058047493
0.1609498680738788
0.7941952506596306
-0.6569920844327177
-0.22427440633245388
0.5725593667546174
0.44063324538258586
0.1662269129287599
-0.5356200527704486
0.445910290237467
0.9841688654353562
-0.8891820580474934
0.7994722955145119
0.8839050131926123
-0.7361477572559367
-0.5303430079155673
-0.44063324538258575
-0.12928759894459096
-0.6517150395778364
-0.525065963060686
0.8047493403693933
-0.12401055408970985
-0.6464379947229552
0.28232189973614785
0.8891820580474934
-0.6411609498680739
0.28759894459102897
-0.9577836411609498
0.4511873350923483
0.9313984168865435
-0.6358839050131926
0.683377308707124
0.0237467018469657
EIGENVECTOR_RANK
-0.47229551451187335
0.8733509234828496
-0.20844327176780997
-0.4300791556728232
-0.14511873350923488
-0.6939313984168866
0.3192612137203168
-0.5567282321899736
0.9472295514511875
0.5145118733509235
0.06068601583113442
0.11345646437994716
-0.7730870712401056
0.4670184696569919
0.3350923482849604
-0.9894459102902374
0.42480211081794184
0.5936675461741425
0.5567282321899736
-0.8944591029023747
0.7572559366754616
-0.19261213720316628
0.6992084432717678
-0.9841688654353562
0.9894459102902375
0.18733509234828483
-0.8469656992084433
-0.8575197889182058
0.04485488126649062
-0.5672823218997362
0.0870712401055409
-0.308707124010554
0.20844327176780997
0.9366754617414248
-0.07651715039577833
0.34564643799472283
-0.23482849604221645
0.6358839050131926
-0.42480211081794195
-0.44063324538258575
-0.5408970976253298
-0.9261213720316623
-0.5514511873350924
-0.9472295514511874
0.5725593667546174
-0.7308707124010554
-0.1029023746701847
-0.762532981530343
-0.2928759894459103
-0.5831134564643801
-0.8364116094986808
0.5092348284960422
0.26649076517150383
0.3509234828496042
-0.45646437994722955
-0.11345646437994727
0.7730870712401055
0.4775725593667546
-0.8522427440633246
0.762532981530343
-0.22427440633245388
0.018469656992084582
-0.6675461741424802
0.5989445910290239
0.9947229551451187
0.4934036939313984
0.6569920844327177
0.14511873350923477
0.9050131926121372
0.25593667546174137
0.32981530343007903
0.3878627968337731
0.0712401055408971
0.9736147757255935
-0.9683377308707124
-0.7255936675461742
0.5039577836411611
-0.37730870712401066
-0.12928759894459096
-0.05013192612137207
-0.3034300791556729
0.9261213720316623
-0.3350923482849605
0.9525065963060686
0.7678100263852241
0.8100263852242744
-0.8891820580474934
-0.12401055408970985
-0.2770448548812665
-0.5461741424802111
0.17150395778364125
-0.2295514511873351
-0.04485488126649084
-0.5145118733509235
-0.804749340369393
-0.5936675461741425
0.013192612137203241
0.1978891820580475
-0.1820580474934037
-0.978891820580475
-0.9525065963060686
-0.3984168865435357
0.07651715039577844
-0.48812664907651715
0.2453825857519789
-0.08179419525065967
-0.7150395778364116
0.31398416886543545
-0.5356200527704486
-0.7572559366754618
0.8469656992084433
-0.9155672823218998
0.1029023746701847
-0.34564643799472294
1.0
-0.503957783641161
0.7361477572559367
0.6622691292875991
0.2770448548812665
-0.3192612137203166
0.4195250659630607
-0.9050131926121372
-0.06068601583113453
-0.7097625329815304
-0.6728232189973615
0.4986807387862797
0.029023746701847042
0.5778364116094987
0.6147757255936674
0.3720316622691293
-0.1662269129287599
0.7941952506596306
0.841688654353562
0.8311345646437993
-0.3825857519788918
0.0395778364116095
0.6781002638522426
0.7783641160949868
-0.7889182058047494
-0.5092348284960422
-0.5989445910290238
0.920844327176781
0.4511873350923483
-0.9947229551451188
0.461741424802111
0.1345646437994723
-0.525065963060686
-0.9630606860158312
-0.17678100263852237
-0.29815303430079154
0.8786279683377309
0.09762532981530359
0.445910290237467
-0.4195250659630606
-0.09234828496042213
-0.9313984168865436
-0.9102902374670184
0.25065963060686003
0.2295514511873351
0.08179419525065956
-0.0079155672823219
0.48812664907651704
-0.941952506596306
0.4353562005277045
0.8258575197889182
-0.4511873350923482
0.7519788918205803
-0.6147757255936676
0.0026385224274405594
-0.8258575197889182
0.47229551451187324
0.45646437994722966
-0.6411609498680739
-0.01846965699208447
0.9683377308707124
-0.05540897097625341
-0.3667546174142481
0.7308707124010554
-0.4670184696569921
-0.662269129287599
0.3087071240105541
0.23482849604221645
0.567282321899736
0.29815303430079165
0.5514511873350922
0.6728232189973615
-0.4986807387862797
0.40897097625329804
-0.0395778364116095
-0.5725593667546174
-0.6886543535620053
0.7150395778364116
0.6675461741424802
-0.06596306068601576
0.22427440633245377
0.5883905013192612
-0.2137203166226913
-1.0
0.8364116094986807
0.8575197889182058
-0.7203166226912929
-0.4617414248021108
-0.6306068601583114
0.1503957783641161
0.7255936675461743
-0.20316622691292874
0.09234828496042224
-0.17150395778364114
0.7467018469656994
-0.8839050131926122
-0.8311345646437994
0.7097625329815302
-0.9366754617414248
-0.7941952506596306
-0.3245382585751979
-0.10817941952506593
-0.0870712401055409
-0.604221635883905
0.9419525065963061
-0.7467018469656992
0.8891820580474934
0.6939313984168864
0.8153034300791557
0.12928759894459096
0.7203166226912929
-0.7044854881266491
-0.32981530343007914
-0.5303430079155673
0.5303430079155673
-0.03430079155672827
0.3245382585751977
0.36147757255936686
0.37730870712401066
0.6200527704485488
-0.39313984168865435
-0.4459102902374671
0.5250659630606862
0.2137203166226913
-0.02902374670184693
-0.3403693931398417
0.6886543535620051
0.44063324538258586
-0.1503957783641161
0.18205804749340349
-0.3878627968337731
0.382585751978892
-0.7836411609498681
-0.3562005277044855
-0.2612137203166227
-0.1978891820580475
-0.7678100263852243
-0.5883905013192612
-0.2559366754617415
0.2612137203166227
-0.899736147757256
0.0237467018469657
0.19261213720316617
-0.8100263852242744
-0.862796833773087
-0.1187335092348285
0.7044854881266491
-0.6569920844327177
0.5461741424802109
0.03430079155672816
-0.5620052770448549
0.4300791556728232
-0.0712401055408971
-0.5778364116094987
0.8522427440633245
0.9841688654353562
0.5197889182058049
-0.21899736147757254
0.9313984168865435
-0.4934036939313984
0.21899736147757265
-0.8680738786279683
0.6464379947229553
-0.15567282321899745
-0.6253298153034301
0.28232189973614785
-0.09762532981530336
0.28759894459102897
0.8627968337730871
0.3403693931398417
-0.920844327176781
-0.820580474934037
0.6411609498680739
-0.741424802110818
-0.6094986807387863
0.17678100263852237
-0.6781002638522428
0.3984168865435356
0.5831134564643801
0.5620052770448549
0.27176781002638517
0.6253298153034301
-0.013192612137203241
0.4036939313984169
-0.841688654353562
-0.5197889182058048
0.8944591029023745
0.0079155672823219
-0.31398416886543534
0.7994722955145119
0.9788918205804749
-0.16094986807387868
0.4142480211081794
-0.24010554089709757
0.8047493403693933
-0.25065963060686014
-0.9577836411609498
0.3562005277044855
-0.9736147757255936
0.6094986807387861
-0.3720316622691293
0.9155672823218997
0.6042216358839052
-0.28232189973614774
0.4828496042216359
0.9630606860158313
-0.4828496042216359
0.05013192612137196
-0.7783641160949868
-0.4775725593667547
0.8839050131926123
-0.7361477572559367
-0.8733509234828496
0.7889182058047493
-0.6358839050131926
-0.4353562005277045
-0.3509234828496042
-0.0026385224274406704
0.30343007915567277
0.12401055408970962
0.13984168865435365
0.39313984168865423
-0.18733509234828494
0.0554089709762533
0.1662269129287599
0.10817941952506582
-0.6200527704485488
-0.0237467018469657
-0.6464379947229552
0.5408970976253298
0.20316622691292863
-0.27176781002638517
-0.40897097625329826
0.8205804749340371
-0.6517150395778364
0.7836411609498681
-0.26649076517150405
-0.7519788918205804
0.5356200527704484
0.366754617414248
0.6306068601583112
-0.1345646437994723
0.06596306068601576
0.9577836411609499
-0.8786279683377308
0.1187335092348285
0.8680738786279685
-0.2453825857519789
-0.4036939313984169
-0.13984168865435354
-0.6992084432717678
0.15567282321899745
-0.8153034300791556
0.9102902374670183
-0.2875989445910291
-0.7994722955145118
0.6517150395778364
0.1609498680738788
-0.36147757255936674
0.683377308707124
-0.683377308707124
0.7414248021108181
0.8997361477572559
0.2928759894459103
-0.4142480211081795
0.2401055408970978
CENT_RANK
-0.6464379947229552
0.7941952506596306
0.3403693931398417
-0.45646437994722955
-0.2612137203166227
-0.4617414248021108
-0.6517150395778364
0.4036939313984169
0.5883905013192612
0.7994722955145119
-0.3720316622691293
-0.21899736147757254
-0.9630606860158312
0.6675461741424802
0.6358839050131926
-0.8575197889182058
0.8153034300791557
0.42480211081794184
0.7889182058047493
-0.2770448548812665
0.382585751978892
-0.10817941952506593
0.5039577836411611
-0.4142480211081795
0.841688654353562
0.3562005277044855
-0.36147757255936674
0.2770448548812665
0.7044854881266491
-0.4036939313984169
0.6042216358839052
0.44063324538258586
-0.2295514511873351
0.22427440633245377
0.4300791556728232
0.0554089709762533
-0.7308707124010554
-0.02902374670184693
0.5620052770448549
-0.24010554089709757
-0.01846965699208447
-0.841688654353562
-0.4670184696569921
-0.27176781002638517
0.7783641160949868
0.0026385224274405594
0.13984168865435365
0.4511873350923483
-0.7467018469656992
0.23482849604221645
-0.5725593667546174
0.2137203166226913
0.1503957783641161
0.6992084432717678
0.45646437994722966
-0.7678100263852243
0.06068601583113442
-0.0870712401055409
-0.5672823218997362
0.6200527704485488
-0.5567282321899736
-0.05013192612137207
-0.5514511873350924
0.04485488126649062
0.6622691292875991
0.920844327176781
-0.2453825857519789
0.6781002638522426
0.12928759894459096
-0.6200527704485488
0.07651715039577844
-0.2875989445910291
-0.09762532981530336
0.7414248021108181
-0.941952506596306
-0.4828496042216359
0.4934036939313984
0.37730870712401066
-0.6569920844327177
-0.5989445910290238
0.20844327176780997
0.21899736147757265
-0.604221635883905
0.8786279683377309
0.7308707124010554
-0.4986807387862797
-0.9261213720316623
-0.20844327176780997
0.4195250659630607
0.0870712401055409
0.3245382585751977
-0.1978891820580475
-0.5408970976253298
0.1978891820580475
-0.7097625329815304
-0.1503957783641161
-0.40897097625329826
-0.525065963060686
-0.899736147757256
-0.683377308707124
-0.9683377308707124
0.5725593667546174
-0.48812664907651715
-0.503957783641161
0.28232189973614785
0.3720316622691293
0.3509234828496042
-0.12401055408970985
-0.19261213720316628
-0.7361477572559367
-0.06596306068601576
0.27176781002638517
-0.3192612137203166
0.4828496042216359
0.7361477572559367
-0.6992084432717678
0.5092348284960422
-0.4195250659630606
-0.2559366754617415
-0.7572559366754618
0.7467018469656994
-0.978891820580475
0.9630606860158313
-0.5620052770448549
-0.6253298153034301
1.0
-0.6939313984168866
0.7730870712401055
-0.2928759894459103
-0.2137203166226913
-0.0712401055408971
0.18205804749340349
0.1345646437994723
0.9155672823218997
0.5145118733509235
-0.1345646437994723
0.15567282321899745
0.9894459102902375
-0.5778364116094987
-0.17678100263852237
-0.8891820580474934
0.40897097625329804
0.0712401055408971
-0.9841688654353562
0.445910290237467
-0.1187335092348285
-0.47229551451187335
-0.920844327176781
0.19261213720316617
-0.741424802110818
0.8627968337730871
0.6886543535620051
0.8733509234828496
0.8839050131926123
0.9736147757255935
-0.8944591029023747
-0.9577836411609498
-0.6147757255936676
0.1187335092348285
0.0395778364116095
0.5197889182058049
0.5461741424802109
-0.26649076517150405
0.17678100263852237
0.8100263852242744
-0.9155672823218998
0.9313984168865435
0.12401055408970962
-0.8153034300791556
-0.12928759894459096
-0.08179419525065967
-0.4511873350923482
0.7150395778364116
-0.7255936675461742
0.2453825857519789
-0.3984168865435357
0.1029023746701847
-0.06068601583113453
-0.5303430079155673
-0.5461741424802111
-0.1820580474934037
0.4775725593667546
-0.25065963060686014
-0.7730870712401056
-0.07651715039577833
0.03430079155672816
-0.662269129287599
-0.29815303430079154
0.6728232189973615
-0.5197889182058048
-0.44063324538258575
-0.3825857519788918
0.48812664907651704
0.762532981530343
-0.15567282321899745
0.3192612137203168
0.8997361477572559
-0.9947229551451188
0.9577836411609499
0.9472295514511875
-0.6728232189973615
-0.20316622691292874
-0.31398416886543534
-0.09234828496042213
0.9050131926121372
0.34564643799472283
0.6939313984168864
0.1609498680738788
0.5831134564643801
-0.4353562005277045
-0.8364116094986808
0.8944591029023745
-0.8100263852242744
-0.8258575197889182
-0.820580474934037
-0.9050131926121372
0.14511873350923477
-0.3245382585751979
0.20316622691292863
-0.6358839050131926
0.7572559366754616
0.8680738786279685
0.8047493403693933
0.5989445910290239
-0.3403693931398417
0.7519788918205803
-0.804749340369393
-0.18733509234828494
0.17150395778364125
-0.5145118733509235
0.683377308707124
0.2928759894459103
0.5567282321899736
0.2612137203166227
0.5778364116094987
0.31398416886543545
-0.39313984168865435
-0.3667546174142481
-0.5831134564643801
-0.9102902374670184
0.28759894459102897
0.7836411609498681
0.2401055408970978
-0.3878627968337731
-0.4300791556728232
0.6306068601583112
-0.7519788918205804
0.8311345646437993
0.3984168865435356
-0.05540897097625341
-0.7889182058047494
-0.03430079155672827
-0.3562005277044855
0.09762532981530359
-0.4459102902374671
0.8891820580474934
0.9525065963060686
0.018469656992084582
-0.6675461741424802
0.36147757255936686
0.6147757255936674
-0.3350923482849605
0.5356200527704484
-0.6886543535620053
0.32981530343007903
0.8469656992084433
0.029023746701847042
-0.7994722955145118
0.4670184696569919
0.18733509234828483
0.9947229551451187
0.09234828496042224
0.4986807387862797
0.8258575197889182
-0.6306068601583114
-0.0079155672823219
0.9419525065963061
0.8205804749340371
-0.4934036939313984
0.567282321899736
0.25593667546174137
-0.8839050131926122
0.6253298153034301
-0.7044854881266491
-1.0
-0.7150395778364116
-0.0237467018469657
-0.0026385224274406704
-0.28232189973614774
-0.13984168865435354
-0.1662269129287599
0.8522427440633245
0.6517150395778364
0.30343007915567277
0.3350923482849604
0.6569920844327177
-0.6094986807387863
-0.23482849604221645
-0.8733509234828496
-0.308707124010554
0.9102902374670183
0.9261213720316623
-0.8311345646437994
0.013192612137203241
0.5250659630606862
-0.34564643799472294
0.9841688654353562
-0.7836411609498681
0.11345646437994716
-0.7941952506596306
-0.9313984168865436
0.47229551451187324
-0.6781002638522428
0.4353562005277045
-0.04485488126649084
0.39313984168865423
-0.6411609498680739
0.6094986807387861
0.8575197889182058
0.25065963060686003
-0.013192612137203241
0.7097625329815302
-0.5936675461741425
-0.14511873350923488
0.8364116094986807
-0.5092348284960422
-0.762532981530343
0.1662269129287599
-0.5883905013192612
-0.11345646437994727
-0.9736147757255936
-0.32981530343007914
0.05013192612137196
-0.4775725593667547
0.7203166226912929
0.7678100263852241
-0.1029023746701847
-0.0395778364116095
0.29815303430079165
0.0079155672823219
0.461741424802111
-0.7203166226912929
-0.9366754617414248
0.5936675461741425
-0.22427440633245388
-0.8680738786279683
-0.9472295514511874
0.366754617414248
0.3087071240105541
0.10817941952506582
-0.862796833773087
0.3878627968337731
0.7255936675461743
0.26649076517150383
0.9683377308707124
-0.17150395778364114
-0.37730870712401066
0.06596306068601576
-0.9525065963060686
-0.16094986807387868
0.9366754617414248
-0.7783641160949868
0.4142480211081794
-0.3509234828496042
-0.42480211081794195
0.2295514511873351
-0.8469656992084433
0.0237467018469657
-0.5356200527704486
-0.8522427440633246
0.5303430079155673
0.5408970976253298
0.6411609498680739
0.9788918205804749
-0.9894459102902374
0.6464379947229553
0.5514511873350922
-0.8786279683377308
0.08179419525065956
-0.3034300791556729
RANK
284
197
374
143
121
330
100
12
156
358
346
74
342
310
86
147
165
239
215
98
155
140
281
377
298
345
350
15
369
366
41
210
302
213
214
168
212
226
267
309
250
307
361
183
55
326
119
246
48
149
109
36
173
341
285
94
283
115
126
263
99
312
200
258
186
78
6
0
316
219
274
124
69
157
296
82
79
322
328
238
138
50
58
123
60
62
179
92
368
178
97
189
229
325
103
85
278
102
75
333
146
42
5
3
171
254
190
209
244
364
117
23
96
29
175
236
243
191
356
10
237
26
252
363
305
224
261
331
217
112
202
299
379
187
128
71
288
19
43
162
4
118
182
66
39
297
32
344
11
129
87
201
91
108
227
180
139
355
290
359
194
95
323
289
135
169
107
145
329
21
336
72
203
57
170
184
130
110
177
249
61
314
337
251
37
286
40
320
275
287
45
339
303
257
367
266
185
159
63
332
35
56
357
142
70
378
89
271
253
176
349
308
158
167
68
132
46
216
52
136
207
327
228
163
131
269
148
93
218
80
51
81
33
365
49
242
174
319
280
233
353
111
27
104
240
231
338
293
348
235
195
90
264
294
2
205
106
25
259
347
105
77
20
351
315
248
7
141
362
88
17
34
313
31
144
47
54
340
268
311
181
113
192
76
272
22
116
134
160
304
370
262
371
161
376
232
38
279
101
234
208
8
343
223
30
317
260
59
282
245
14
372
375
292
295
64
13
188
67
230
151
206
53
28
321
172
334
352
84
114
73
120
225
220
193
335
127
44
241
18
1
9
222
164
16
277
273
247
324
24
265
291
318
150
221
152
83
153
255
211
196
204
300
133
65
301
166
360
276
199
256
198
122
354
154
373
306
137
270
125
