DEGREE
-0.6585365853658536
0.2195121951219512
0.6585365853658536
0.1707317073170731
0.36585365853658547
0.5609756097560976
0.5609756097560976
0.2195121951219512
0.07317073170731714
0.36585365853658547
-0.46341463414634143
-0.12195121951219512
0.36585365853658547
-0.2682926829268293
-0.7073170731707317
0.46341463414634143
0.6097560975609757
0.46341463414634143
0.5609756097560976
-0.07317073170731703
0.46341463414634143
0.9024390243902438
0.024390243902439046
-0.36585365853658536
-0.5121951219512195
-0.6097560975609756
-0.2682926829268293
0.024390243902439046
-0.1707317073170732
-0.12195121951219512
-0.9512195121951219
0.5121951219512195
0.41463414634146334
0.3170731707317074
-0.12195121951219512
0.7073170731707317
-0.1707317073170732
-0.9512195121951219
0.2682926829268293
-0.31707317073170727
0.41463414634146334
0.36585365853658547
-0.8048780487804879
0.6097560975609757
0.6097560975609757
0.41463414634146334
-0.46341463414634143
0.1707317073170731
0.2195121951219512
0.36585365853658547
0.12195121951219523
-0.36585365853658536
0.07317073170731714
0.2195121951219512
0.7560975609756098
0.3170731707317074
0.6097560975609757
-0.7560975609756098
0.07317073170731714
0.6097560975609757
0.41463414634146334
-0.07317073170731703
0.024390243902439046
-0.07317073170731703
0.2682926829268293
-0.2682926829268293
0.41463414634146334
0.41463414634146334
0.46341463414634143
-0.2195121951219512
-0.31707317073170727
0.12195121951219523
-0.36585365853658536
0.6585365853658536
-0.41463414634146345
-0.5609756097560976
0.024390243902439046
-0.9024390243902439
-0.07317073170731703
0.36585365853658547
0.024390243902439046
-0.2195121951219512
0.3170731707317074
0.2682926829268293
-0.41463414634146345
0.36585365853658547
-0.024390243902439046
-0.024390243902439046
-0.07317073170731703
0.024390243902439046
0.36585365853658547
0.12195121951219523
0.6097560975609757
0.6097560975609757
0.46341463414634143
-0.12195121951219512
0.2682926829268293
0.6585365853658536
0.12195121951219523
0.2682926829268293
0.7073170731707317
0.7560975609756098
-0.36585365853658536
-0.6097560975609756
0.46341463414634143
0.41463414634146334
-0.6585365853658536
0.5121951219512195
0.5121951219512195
0.07317073170731714
-0.2682926829268293
0.3170731707317074
0.2195121951219512
-0.7560975609756098
0.3170731707317074
1.0
0.024390243902439046
-0.31707317073170727
-0.1707317073170732
0.5121951219512195
0.6097560975609757
-0.7073170731707317
0.3170731707317074
0.5121951219512195
0.07317073170731714
0.7073170731707317
0.1707317073170731
0.2195121951219512
0.1707317073170731
0.36585365853658547
0.5121951219512195
0.7073170731707317
0.36585365853658547
0.5121951219512195
0.9024390243902438
0.46341463414634143
0.8048780487804879
0.7560975609756098
0.46341463414634143
0.46341463414634143
0.1707317073170731
-1.0
-0.46341463414634143
-0.36585365853658536
0.3170731707317074
-0.07317073170731703
0.6585365853658536
0.5609756097560976
-0.36585365853658536
-0.2682926829268293
0.6585365853658536
0.6097560975609757
0.2682926829268293
0.7560975609756098
0.46341463414634143
0.5121951219512195
0.853658536585366
0.3170731707317074
0.7073170731707317
0.46341463414634143
0.5121951219512195
0.3170731707317074
0.024390243902439046
0.5609756097560976
0.2682926829268293
0.8048780487804879
0.07317073170731714
-0.5609756097560976
0.36585365853658547
0.5121951219512195
-0.07317073170731703
0.2682926829268293
0.1707317073170731
0.41463414634146334
-0.5609756097560976
0.3170731707317074
0.5121951219512195
0.5121951219512195
-0.07317073170731703
0.41463414634146334
-0.2682926829268293
0.46341463414634143
-0.024390243902439046
0.8048780487804879
0.2682926829268293
-0.5121951219512195
-0.12195121951219512
0.46341463414634143
0.5609756097560976
-0.024390243902439046
-0.2682926829268293
0.41463414634146334
0.36585365853658547
0.7073170731707317
-0.2682926829268293
0.6097560975609757
0.024390243902439046
0.12195121951219523
-0.07317073170731703
-0.41463414634146345
0.5121951219512195
0.5121951219512195
-0.024390243902439046
0.3170731707317074
0.6097560975609757
0.41463414634146334
-0.41463414634146345
0.3170731707317074
0.1707317073170731
0.7560975609756098
-0.5609756097560976
-0.2195121951219512
-0.1707317073170732
0.853658536585366
0.36585365853658547
0.5121951219512195
0.41463414634146334
0.2682926829268293
-0.5609756097560976
0.1707317073170731
0.12195121951219523
0.5121951219512195
-0.46341463414634143
-0.6097560975609756
0.6585365853658536
0.2682926829268293
-0.12195121951219512
-0.5121951219512195
0.2682926829268293
-0.6585365853658536
0.2682926829268293
0.41463414634146334
0.41463414634146334
0.07317073170731714
-0.024390243902439046
0.7560975609756098
0.5121951219512195
0.6097560975609757
0.12195121951219523
0.6585365853658536
0.7073170731707317
-0.5609756097560976
0.6585365853658536
-0.5121951219512195
0.6097560975609757
0.36585365853658547
-0.1707317073170732
0.36585365853658547
-0.024390243902439046
-0.07317073170731703
0.46341463414634143
0.6585365853658536
-0.2195121951219512
0.6097560975609757
-0.024390243902439046
0.3170731707317074
0.41463414634146334
-0.8536585365853658
0.5609756097560976
0.36585365853658547
0.3170731707317074
0.46341463414634143
0.46341463414634143
-0.31707317073170727
0.2682926829268293
-0.6097560975609756
-0.7073170731707317
0.46341463414634143
0.41463414634146334
0.7560975609756098
-0.2195121951219512
0.2682926829268293
0.41463414634146334
0.3170731707317074
0.1707317073170731
0.6585365853658536
0.2195121951219512
0.07317073170731714
-0.1707317073170732
0.024390243902439046
0.7073170731707317
0.6097560975609757
-0.36585365853658536
0.3170731707317074
0.5121951219512195
0.12195121951219523
0.7073170731707317
0.5609756097560976
0.5121951219512195
0.024390243902439046
0.2682926829268293
0.5609756097560976
0.6097560975609757
0.9024390243902438
0.7560975609756098
-0.46341463414634143
0.5609756097560976
0.2682926829268293
0.46341463414634143
0.1707317073170731
0.41463414634146334
0.7073170731707317
0.5609756097560976
0.5121951219512195
0.6585365853658536
0.36585365853658547
0.2682926829268293
0.3170731707317074
0.46341463414634143
0.6097560975609757
0.5609756097560976
-0.1707317073170732
0.12195121951219523
-0.5121951219512195
0.5121951219512195
-0.5121951219512195
0.12195121951219523
-0.6097560975609756
0.5121951219512195
0.41463414634146334
0.8048780487804879
0.36585365853658547
-0.36585365853658536
0.024390243902439046
0.36585365853658547
0.7560975609756098
0.6585365853658536
0.07317073170731714
0.7073170731707317
-0.36585365853658536
0.41463414634146334
0.5609756097560976
0.5121951219512195
-0.31707317073170727
-0.2682926829268293
0.2195121951219512
0.3170731707317074
0.1707317073170731
0.36585365853658547
0.1707317073170731
0.07317073170731714
0.6097560975609757
0.5609756097560976
-0.07317073170731703
-0.31707317073170727
0.6097560975609757
0.5609756097560976
0.024390243902439046
0.2682926829268293
0.2195121951219512
0.2682926829268293
0.46341463414634143
0.3170731707317074
-0.31707317073170727
0.3170731707317074
0.46341463414634143
0.36585365853658547
-0.7560975609756098
0.6097560975609757
0.6097560975609757
-0.46341463414634143
-0.2195121951219512
0.46341463414634143
-0.46341463414634143
0.07317073170731714
0.2195121951219512
-0.5609756097560976
-0.7073170731707317
-0.1707317073170732
0.1707317073170731
-0.2682926829268293
-0.024390243902439046
0.5609756097560976
0.8048780487804879
0.6097560975609757
-0.8048780487804879
0.41463414634146334
0.6585365853658536
0.46341463414634143
-0.2682926829268293
0.8048780487804879
0.41463414634146334
0.36585365853658547
-0.2682926829268293
0.36585365853658547
0.7560975609756098
0.2195121951219512
-0.2195121951219512
-0.31707317073170727
0.6585365853658536
-0.12195121951219512
0.8048780487804879
-0.46341463414634143
0.5609756097560976
0.9024390243902438
0.5609756097560976
0.2195121951219512
-0.1707317073170732
0.1707317073170731
-0.6585365853658536
0.7073170731707317
-0.41463414634146345
-0.07317073170731703
0.41463414634146334
0.12195121951219523
0.41463414634146334
0.5121951219512195
0.6585365853658536
0.7560975609756098
0.41463414634146334
1.0
0.46341463414634143
0.7073170731707317
0.6585365853658536
0.6097560975609757
-0.07317073170731703
0.46341463414634143
0.41463414634146334
0.5609756097560976
0.2682926829268293
0.36585365853658547
0.024390243902439046
0.12195121951219523
0.2682926829268293
0.2682926829268293
0.2682926829268293
-0.1707317073170732
0.6097560975609757
0.12195121951219523
-0.6585365853658536
0.1707317073170731
0.5121951219512195
0.7073170731707317
0.3170731707317074
0.36585365853658547
0.46341463414634143
0.7073170731707317
0.8048780487804879
0.41463414634146334
0.36585365853658547
0.2195121951219512
-0.7560975609756098
0.6097560975609757
0.5121951219512195
0.1707317073170731
0.12195121951219523
0.6097560975609757
0.7073170731707317
0.36585365853658547
0.6585365853658536
0.024390243902439046
-0.7560975609756098
0.41463414634146334
-0.12195121951219512
0.6097560975609757
0.07317073170731714
-0.36585365853658536
-0.46341463414634143
0.41463414634146334
0.7073170731707317
-0.07317073170731703
-0.2682926829268293
-0.1707317073170732
0.12195121951219523
-0.5121951219512195
-0.024390243902439046
0.9024390243902438
0.12195121951219523
0.5609756097560976
0.6097560975609757
0.1707317073170731
0.6097560975609757
-0.2195121951219512
0.41463414634146334
0.1707317073170731
0.36585365853658547
0.6097560975609757
0.1707317073170731
0.36585365853658547
-0.12195121951219512
EIGENVECTOR
-0.9038478324795293
-0.16060209843723483
0.7219057556022168
-0.06631377234125102
0.14508727726137716
-0.4686046038451792
0.17559454662629714
-0.6011488982927297
-0.3691616494148915
-0.46547465846767877
-0.9779851615291113
-0.5997249313269865
-0.4898336555429611
-0.82896827872989
-0.8717044266390398
-0.30090857034270524
-0.05312738307427678
-0.2886963966784494
-0.07694074938190287
-0.6447668696714683
-0.19703324614227757
0.4340590586643551
-0.4729304642340113
-0.7159644654965978
-0.6970058332713578
-0.8012608754221777
-0.6367598660614451
-0.4272971164004379
-0.6120930850231299
-0.378992155611345
-0.9046480153362211
0.6008392265047002
-0.2719295694810995
-0.4614624797664486
-0.6279834200837255
0.20941213421117677
-0.9169529832859865
-0.9029828080610659
-0.13046775591243054
-0.8684310731058257
0.6581579875331014
-0.5388628900542247
-0.927267773192838
0.7126063918950873
0.7185389305383076
-0.03129550556729077
-0.7667849154310649
-0.4292410901365997
0.3545475009121104
-0.40922157058877007
-0.5540554074955362
-0.9251574447286404
-0.2502391845924261
-0.8566697838085574
0.20729610940469256
0.03724699803235132
0.3392255902446881
-0.8715272648160897
-0.2030892714319419
0.8283525295988865
0.4453207135207067
-0.7266550038793117
-0.6021992811287716
-0.643289750685335
-0.5379169580759546
-0.73558420683009
0.6178928921458198
0.5502288729749256
0.42451060654318895
-0.6495779393190497
-0.9462405205440138
-0.13034656862331673
-0.9691990042806348
0.09392280789791085
-0.7765899547502065
-0.6234650831372004
-0.49526250808289274
-0.9633688132656419
-0.32733237619494704
0.14960419641424627
-0.574305083834467
-0.49126216454979554
-0.4555772807534315
0.0054499317038883
-0.9720520751630962
0.18942553976854803
-0.9121725053429048
-0.6002189853255594
-0.6455141810909043
-0.7683635444892745
0.03018805635077282
-0.5525310438228496
0.4809125238364689
0.5671355202231803
0.18503724297103874
-0.6575621363054506
0.03781305624854925
0.4698813102394517
-0.6207055359745379
0.4783370743071951
0.5156607515138572
-0.25401322337301724
-0.9674014657050302
-0.9971469291175381
0.2200960162382266
-0.4236588229831807
-0.8152908924541771
-0.12696171291597325
0.7395943233668822
-0.3797885406347813
-0.7389431226242986
0.5169323891097288
0.0869684758320235
-0.9674419221926579
0.026095358431290405
-0.15262378101837892
-0.3695943188416102
-0.4550887017097708
-0.7557101748207503
-0.383022074760039
0.6641834317964403
-0.8908919147175212
0.055896240038024736
-0.08221608575129125
-0.6442021971101226
0.3860607130504159
-0.4419907645254433
-0.24036625105853482
-0.7752434085490544
0.6341633293905822
0.6088725678355846
0.7476673310524427
-0.11772785037210642
0.19745595213098488
0.797718660555758
0.15542962275004646
0.6479291831036176
-0.044642793929379754
0.5175900955552848
0.4854851100684392
-0.6806031537326983
-0.9130658207409175
-0.9075149263592769
-0.8591345188155024
-0.18919909855922856
-0.6447668696714686
0.4153100207098648
0.6485317539863515
-0.6492509039392256
-0.7355842068300904
-0.7524399894044086
0.3984254552000035
-0.6379791806100594
0.9254156633584725
0.05865859979899746
-0.13430012577600725
1.0
-0.4629807045347263
0.21479587191569482
0.3966642249461767
-0.8147860669158764
0.4834590517998014
-0.5830365481974633
0.3271236334602088
0.06940732835032204
0.7831010070438504
-0.709892880098983
-0.7265558626057398
0.3906394975784402
0.02946212785850566
-0.7881041834603433
0.15132555182263752
-0.014499788319436546
-0.12204535793351245
-0.7387716088432437
-0.4628657988077267
0.31742447207890545
0.6494940123238946
-0.6330534559833014
0.23111902561137376
-0.8707522615001868
-0.32546569068728903
-0.521775833925091
0.7402597702059459
-0.2024053007724771
-0.9219617997733335
-0.648549765559883
0.31460917557882473
-0.21184884146606586
-0.741599516361181
-0.5944384969342411
-0.007179143667306875
0.01829969553221833
0.8768566841301413
-0.6932556996747303
0.07389574726013626
-0.16731339038603077
-0.7024979014340367
-0.6192852886800655
-0.7266336814029053
0.4793452155278959
0.13773349407884106
-0.7028628067865375
0.5744851507419535
-0.11885227370659468
-0.15228242035842787
-0.971315844998746
-0.010068556111650362
-0.09939658574239285
-0.22756454636060175
-0.9925620887912616
-0.5266978616955043
-0.59777332614219
0.9951808809519966
-0.13653774515380757
-0.44613610633054657
0.38643718997778365
0.3722790487587566
-0.7507340328907955
-0.44080062781792073
-0.3679898804982261
0.5891658029129387
-0.9181080210274531
-0.7052776263899124
-0.15723774125826617
-0.578028436220263
-0.9287485698749078
-0.8999354184406942
-0.15758120013981136
-0.7712506782204365
-0.302858356681029
0.3014884493135741
-0.3114167781270426
-0.576396135829548
-0.3224140730176115
0.4274514485824661
0.45439947568925954
0.7052217884976826
-0.12003814148335112
0.650294654568919
0.32656332972529056
-0.7895232761351305
0.5480574536894749
-0.716237681834947
0.23749176858091636
0.16836691271974003
-0.7040791331339733
0.0747705853858045
-0.6292164294034226
-0.5138129112024905
0.3940676338295537
0.6008796983715969
-0.6482497813131058
0.03748436769916608
-0.35391777071728014
-0.3775429378150529
-0.32915578619498576
-0.8622459314322555
-0.653087591411827
-0.06476128190129815
-0.13893722912232886
0.32454616366330247
0.08409278144430687
-0.8504160839659957
-0.6764155087259196
-0.7623848950073324
-0.9618746549240579
-0.028627062401089698
-0.35434475747318706
0.16198305973462346
-0.6016852299822284
-0.4989790502347822
-0.31555777988805156
-0.6506786368814788
-0.4778979236537624
-0.7377881715328748
-0.27305720116377186
-0.8364635896664713
-0.8104208599916563
-0.3599648266593415
0.7074826490238368
0.6095401784231933
-0.9674014657050303
0.04389232203762217
-0.25155680831584437
-0.5430578616855183
0.7597513785821788
0.5481844487459748
0.5641960807949249
-0.8778618514745166
0.039785419330687244
0.6412206128902664
0.5531108943429242
0.4692741600212056
-0.07741688453723983
-0.9723108574162622
0.4484547766497444
-0.6510777439822513
-0.01470951235590301
-0.5451259287181823
-0.08119887546997517
-0.14081998204236845
0.23891560973613157
-0.44317424896267343
0.25823668183558723
-0.10961998033395048
-0.6727191958424218
-0.48442158307133987
-0.034475009808491386
0.5934453168917195
0.4810265451478739
-0.6310506592945605
-0.46841081206678226
-0.8817502342656995
0.587169098542274
-0.7807233818528803
-0.7595753499094132
-0.7345524417448134
0.5523262681641512
0.10946578250356742
0.6504243389730195
0.1944319506474177
-0.628980992221355
-0.5847903690921721
0.5218123159365298
0.3502046910889045
0.5297225136872528
-0.7079291345624062
-0.2082145493933989
-0.5667634131980424
-0.33193318694588836
0.3135380939262469
0.3732263584592215
-0.4244650869980119
-0.5670740509120873
-0.09780887658112991
-0.10588647126829975
-0.4587953839389337
0.3389659283950519
-0.10502838644131851
-0.8807952889061617
-0.6516670270158729
-0.2798425454757072
-0.5471203905257274
-0.6682328323767053
0.7373573433373024
0.13184140932500799
-0.5950166226997862
-0.48512252101884534
-0.354550958107654
-0.014699542641379848
0.10202287913683672
-0.27152221947148536
-0.7066506382314865
-0.23698481553391426
0.38118193572856907
0.4710073705475213
-0.9674419221926581
0.42534986315930623
0.8100843396570283
-0.6981224514935793
-0.5082633892386936
-0.3011339220143199
-0.6487984765914827
-0.5809065857135692
-0.26346666887299985
-0.9465951489168145
-0.8163687995016087
-0.5856208239569654
-0.43828698877956984
-0.4884476301933076
-0.7783468922588642
0.6784481673324416
-0.11848912532952915
0.6941272970945886
-0.8662166621594916
0.26797315042905745
0.6095299379118979
0.570757119651599
-0.7525689576338723
0.456541223589618
-0.06969530151990422
0.22004225500514596
-0.9491170381547557
-0.6408599306658544
0.3413590745486448
-0.2231396733857477
-0.6482497813131058
-0.4696285807918287
0.6712654297397342
-0.5714769131401667
0.9645624006640878
-0.7667849154310646
0.038496164311581094
0.569750757188924
0.45899151596681875
-0.38061627704754786
-0.8698095523321699
-0.7451264903411988
-0.811818926655054
0.49681785220314545
-0.6530048003915376
-0.626319365919779
0.038860640584903905
-0.4591167386827023
0.5638853916958371
0.5447053713396022
0.5480574536894751
0.9402033204211317
-0.295695509028443
-0.17186154899171802
0.06803588392946858
-0.3397618977029413
-0.028030511541220826
0.453340965719113
-0.41385449594017654
-0.27703872531782314
0.22866587608918176
0.5005982584264217
0.06495630456283896
0.07263100585983961
-0.6114939341149694
-0.3863353871357734
0.5125333568331598
-0.6208206787018684
-0.6863505850812852
-0.8940567216911126
0.28864502535441927
-0.45134177513391804
-1.0
-0.1050356584206853
0.48322736487876883
0.517588725067905
0.2302873984619398
0.05145905145648699
0.2850076875745988
-0.2047079498465748
0.32999420095542487
0.48480588684602344
-0.10930952698883367
-0.6117203154097222
-0.9674419221926582
0.34090993060592845
0.014095013906455511
0.04789021289846396
-0.889872095837899
0.6936726741615211
0.6117619286522535
-0.3253030076427347
-0.06521870560673482
-0.5891586841299106
-0.8420712156394563
-0.6646180455732582
-0.6749426282892861
-0.06598150135839387
-0.1605729172570739
-0.7014935886413693
-0.8716725127618485
-0.05426915899387352
-0.04360506756054139
-0.6165280751487126
-0.7525689576338724
-0.7834469417981074
-0.237354404067878
-0.7701852818593522
-0.5588581595431911
-0.1934710174616714
-0.5080630487295069
0.5338672329651348
-0.7550303809614132
-0.10618488979350016
0.42934653591924654
-0.32244913470319425
0.4774102450728033
-0.14911344158713824
0.377699134798531
-0.018479068477655125
-0.4442234809322082
-0.47653692415601934
-0.6450541964730887
CENT
-0.9363683830889813
0.3791787355060059
-0.23337951904191967
-0.6809603006789016
-0.44538458332322384
-0.2869401032856692
-0.5131385538532587
-0.5204200139947692
-0.6176858654824416
-0.5238338271033505
-0.9980890161709941
-0.9502419656331107
-0.3371349158744923
-0.9522301253150394
-0.9960765274691252
-0.6986768656316262
-0.5680147172306761
-0.5230803242192705
-0.6245752933133498
-0.919781886389395
-0.7585935358827096
0.328903765536968
-0.9636910060488543
-0.8334365557628587
-0.7556704885299037
-0.997679154283403
-0.9392528583795252
-0.9140143658888584
-0.9608817153839988
-0.9257836701887814
-0.9999305970948396
-0.472713272781485
-0.8351182655384868
-0.44123212803839684
-0.9276348530752934
0.31003103134065846
-0.9309838712215104
-0.9823348996849355
0.6597859093458178
-0.958143947160335
-0.34967545913378006
-0.17307934519901202
-0.9345714032145225
-0.1156164529036805
-0.13965572485807176
-0.6916489710368457
-0.9307643699775812
-0.9093324908063302
-0.3185512658685601
-0.865599112127651
-0.737514277685098
-0.9603559903344001
-0.6874867119968675
-0.8511416994273369
-0.7700761941309764
-0.3639031983727907
-0.7692800886107634
-0.8244162635821343
-0.5672074906322131
0.5181502054449205
-0.15439274345171217
-0.6414562074034903
-0.9738386115767589
-0.9159622541163078
-0.3163670930633571
-0.9580677224296095
0.22724821591911382
0.11628583082069976
-0.6616472484033799
-0.9947264424596832
-0.9787135168848944
-0.22471353389231952
-0.9952974247991211
-0.6770833811866956
-0.3906039284861258
-0.8481426585655124
-0.8897337980998609
-0.9997759304700427
-0.6272807112821348
-0.34514769491809727
-0.9228382195368521
-0.7045943542291424
-0.3686407739119135
-0.8752617497931501
-0.9968840131752728
0.4950097433346683
-0.9490156420225054
-0.9335941933147098
-0.8565053323777568
-0.890003922726678
-0.20907230262841425
-0.40039408151243916
-0.3801944266564037
-0.12947543344502344
0.26354110280020837
-0.9446911569877027
-0.7094874079111906
-0.4185457490069793
-0.7679195939592411
-0.44470600821481054
-0.33842853241300186
-0.817261802427061
-0.993677677150216
-0.9993623676220519
0.19596183150695823
-0.6759231936628904
-0.9990702738899321
-0.07103669025459747
-0.09601327460625553
-0.6530580366388352
-0.9460435969098014
-0.04370280476203792
-0.7764533174047732
-0.9994820585176163
-0.5856786981813977
-0.3835592658309821
-0.6409382536903327
-0.6991283680812193
-0.8598182709619376
-0.6468299940398972
-0.04460166521407183
-0.9784467970750935
-0.3829410713784175
0.10847241043487177
-0.8475727510569608
-0.6139715647262387
-0.765291848189398
-0.6466325149370904
-0.692221988813352
-0.3181096505165747
-0.35774804680621175
0.5446194183815822
-0.7171722833531553
-0.7657454768827163
0.17539052263204158
-0.2355776423417617
-0.10029628778039157
-0.4592751019931539
-0.17313335741540326
-0.2099881696288598
-0.8847458165387299
-0.9938133045606022
-0.9715854954510054
-0.9810288027441365
-0.500262143329982
-0.919781886389395
-0.5004930064133498
-0.18702350697499004
-0.9901373184737685
-0.9580677224296095
0.0052900532781587906
-0.5869747262221574
-0.7543082664283041
0.9297385184285831
-0.25456235573240704
-0.43926563787977935
0.026922468486356044
-0.42805070246192245
-0.19443900524679247
-0.26460626647620333
-0.7789584883239369
-0.29877644033384965
-0.9859782283295364
-0.06118323947861026
-0.3892841811226876
0.14875683715797705
-0.7020278585193869
-0.8936263794078008
-0.6210672664507593
-0.7775555349088128
-0.8059925204969034
0.275279802272409
-0.57536343390128
-0.5054198845390447
-0.9749779656985519
-0.884761625590472
-0.26689542582232195
-0.21210411931788775
-0.833740524346302
-0.3773002896890022
-0.8192119226655585
-0.6095292217316681
-0.9707973415209058
0.03649148655630574
-0.6242352077488739
-0.9795325345748377
-0.9657931144070473
-0.22232287073348966
0.11394567293707003
-0.825371821623175
-0.5120481788832354
0.2694704744596206
-0.7685329910403944
-0.2977647584443095
-0.9856360336933452
0.3258413708220338
-0.7583304444499581
-0.6355084286179082
-0.9386196478815922
-0.9826038455799401
-0.2664614098590007
-0.7869934536719415
-0.8778371074179154
-0.41373853727104015
-0.2072372754873033
-0.6527190461733356
-0.9808068760490203
-0.49209644815373166
-0.9437226421101922
-0.7598647550598566
-0.9989353517625418
-0.7774764414790358
-0.9855630597073499
0.4434237215957155
-0.7977261177827908
-0.23501568332436773
0.11653837436288073
-0.07659650136069351
-0.9721704888714854
-0.8445623082035434
-0.8065232022049955
-0.2768226253066721
-0.9724758000484907
-0.7926185894554268
-0.4578333541238929
-0.5386202327843879
-0.9785465692271295
-0.9865244550755699
-0.8621902592536068
-0.8924907637834889
-0.6825209429630265
-0.04878298884545118
-0.675660224329756
-0.8154280862251453
-0.5004442271952744
-0.4983284951107111
-0.48581170789684436
-0.3265193868865224
-0.9329899324811944
-0.06032141332591623
-0.2854406944680896
-0.997159171416429
-0.3631996365063479
-0.9404789719657008
-0.42274671070249215
-0.5131831568241362
-0.8973449866951404
-0.620213986063777
-0.9484801774526647
-0.9445175373718847
-0.6136532489583282
-0.3616971751401158
-0.8441662164482215
-0.45231799934741046
-0.47979225912635437
-0.9380441693317549
-0.6357082346363474
-0.9939314728297187
-0.45726708514896774
-0.47275699902496204
-0.5511565231692621
-0.37083178922562166
-0.6535029542424351
-0.9589093182909675
-0.6005861398056762
-0.957104184865837
-0.9816431552508671
-0.5699778782947544
-0.9041354358194438
-0.8042685336378718
-0.9867491760433416
-0.5636520991269302
-0.896152468447811
-0.6114622234436862
-0.6135021071062097
-0.31449441218925334
-0.5625040092281405
-0.7193704586550849
-0.9389741463510634
-0.64705321511068
0.08350095897182763
-0.3604617855912964
-0.993677677150216
-0.6453867364284636
-0.6934278969938824
-0.9798324021689475
-0.024273975873169262
0.7239298218891921
-0.28771744361733187
-0.9152311523618045
-0.4868266199122505
0.04708659548602201
-0.2816864106087794
0.159777997946571
-0.3131285809119053
-0.9972415294455819
-0.07521001946901751
-0.5012207623479709
-0.6562075974309602
-0.7885405924143359
-0.6273777853389284
-0.4586089888537257
-0.5219508770772997
-0.3185653175037485
-0.6959191750706806
-0.8028528902756894
-0.7246061298877395
-0.15713499863534042
0.14146097445283612
0.07615782030578555
-0.4064744549107878
-0.993072066297048
-0.8254717388333879
-0.9451766669222621
-0.07618429276435157
-0.9345805632001617
-0.7068005732058187
-0.8977709279625022
-0.3154747898503587
-0.7625310827968252
0.27822904637153134
-0.20832384205452692
-0.7114319219070224
-0.8569423286652853
-0.38038600352624874
-0.6071305717344158
-0.25579373836216357
-0.7824360615107672
-0.7258845679509005
-0.7459802620070316
-0.4380426254417936
-0.041342225891689566
-0.5780655835844859
-0.9698203832111582
-0.9633183814446208
-0.7177019804853697
-0.3719595863326379
-0.7925019047633162
0.06923220777891403
-0.8863114271778854
-0.928557489515039
-0.3597096795471444
0.6138237524794539
-0.9858753558059544
-0.9104790081910397
0.5120763734757565
-0.4183893786108812
-0.8194433214875804
-0.8922412582726124
-0.8808830393824865
-0.861978659237286
-0.1424526545680309
-0.6331189570138656
-0.9360895429138534
0.030408115488436582
-0.5531889729241193
-0.34320012561191104
-0.9994820585176163
-0.6690799816291176
0.8663318864918306
-0.9793280825032069
-0.6838132463887852
-0.6056985466761218
-0.7892374408135052
-0.8405859336785588
-0.596516573743856
-0.9424871763056482
-0.9973817128145094
-0.9823964458773182
-0.8337032052005326
-0.9440595780688593
-0.7676052221366187
-0.08994873352386024
0.06562193474307554
-0.12371168969145285
-0.89219447027018
-0.7343472100279655
-0.24570376017533968
-0.11843584611313318
-0.9079554477217332
-0.1647741200972711
-0.5023285017063133
0.059967351671323055
-0.9593663329515482
-0.4665314987504383
-0.6184755871790455
-0.5761221266739365
-0.8441662164482215
-0.7899225068117199
0.5290546545971953
-0.9876681260398386
-0.09472797229672225
-0.9307643699775812
0.4757629582752312
-0.2459965854998396
-0.32740738412833825
-0.8009318112371999
-0.8321962678700239
-0.7277720862567942
-0.998604253565148
1.0
-0.7143622117276647
-0.961725293390955
-0.31356657128446985
-0.7687610340305716
-0.3937819981922286
-0.13777686211252105
-0.3631996365063479
0.8320353315021538
-0.47839610485131046
-0.5929014590156111
0.07029630051635616
-0.8489940193684619
-0.5070624781160966
-0.5272680889215398
-0.45992033195568427
-0.7303128904218108
-0.4027116790015852
-0.12954383971169392
-0.3170770100233685
-0.5533220338634867
-0.9415380841044545
-0.2512630015834101
-0.25107403530599626
-0.6181817348484829
-0.6084570023872213
-0.9214862647016119
-0.11240408801743418
-0.3600568762846018
-1.0
-0.8765874992400411
-0.16189298405634178
-0.25592001161993594
-0.7295229452429288
-0.6887000546672204
-0.184037307440732
-0.7501430247659793
-0.733374020957595
-0.409823999380301
-0.8258994285277893
-0.5117187325071537
-0.9994820585176163
-0.2691835626658927
-0.45345520250753935
-0.8005629255101581
-0.8691620221832627
0.031798685857588715
-0.34615290072983196
-0.8037347009374929
-0.522314300607174
-0.8996868135576376
-0.9984175780952976
-0.6384037776017468
-0.7840120494976455
0.3204342807667917
-0.7119953620611983
-0.8891105383312343
-0.943078026959939
-0.054583876032826883
-0.05706632175065718
-0.990314775335088
-0.9079554477217332
-0.9476824354639898
-0.5494914056152749
-0.9173387945528173
-0.9462443502593874
-0.4826830824018967
-0.6364585556544176
-0.3780373630240129
-0.46995062727575654
-0.3899764537922752
-0.20276823300364877
-0.925145936314103
-0.28880897181724274
-0.8769686539652994
0.002950844736687719
-0.2716859872080759
-0.515512664023497
-0.5501560297220052
-0.9867418688863067
DEGREE_RANK
-0.9331941544885177
-0.16910229645093944
0.7453027139874739
-0.24843423799582465
0.07306889352818358
0.536534446764092
0.5407098121085596
-0.16492693110647183
-0.36534446764091866
0.0772442588726514
-0.8329853862212944
-0.5657620041753653
0.08141962421711901
-0.6993736951983298
-0.9498956158663883
0.3194154488517744
0.6200417536534446
0.323590814196242
0.5448851774530272
-0.5281837160751566
0.32776617954070986
0.9749478079331941
-0.4279749478079332
-0.7745302713987474
-0.8622129436325678
-0.9123173277661796
-0.6951983298538622
-0.4237995824634655
-0.6116910229645094
-0.5615866388308977
-0.9958246346555324
0.4279749478079333
0.1941544885177453
-0.014613778705636737
-0.55741127348643
0.8162839248434237
-0.6075156576200418
-0.9916492693110647
-0.1148225469728602
-0.732776617954071
0.1983298538622129
0.08559498956158662
-0.9791231732776617
0.6242171189979122
0.62839248434238
0.20250521920668052
-0.8288100208768268
-0.24425887265135704
-0.1607515657620041
0.08977035490605423
-0.3152400835073069
-0.7703549060542798
-0.36116910229645083
-0.1565762004175365
0.8872651356993737
-0.010438413361169019
0.6325678496868476
-0.9707724425887265
-0.3569937369519832
0.6367432150313153
0.20668058455114813
-0.524008350730689
-0.4196242171189979
-0.5198329853862214
-0.11064718162839238
-0.6910229645093946
0.21085594989561574
0.21503131524008334
0.33194154488517746
-0.6450939457202505
-0.7286012526096033
-0.3110647181628392
-0.7661795407098122
0.7494780793319415
-0.7954070981210856
-0.8914405010438413
-0.4154488517745303
-0.9874739039665971
-0.5156576200417536
0.09394572025052206
-0.41127348643006256
-0.6409185803757829
-0.006263048016701411
-0.10647181628392477
-0.791231732776618
0.09812108559498967
-0.4697286012526096
-0.465553235908142
-0.511482254697286
-0.40709812108559496
0.10229645093945727
-0.3068893528183716
0.6409185803757829
0.6450939457202505
0.33611691022964507
-0.5532359081419624
-0.10229645093945716
0.7536534446764092
-0.302713987473904
-0.09812108559498955
0.8204592901878913
0.8914405010438413
-0.7620041753653445
-0.9081419624217119
0.3402922755741127
0.21920668058455117
-0.9290187891440501
0.43215031315240093
0.43632567849686854
-0.3528183716075156
-0.686847599164927
-0.0020876826722338038
-0.1524008350730689
-0.9665970772442589
0.0020876826722338038
0.9958246346555324
-0.40292275574112735
-0.7244258872651357
-0.6033402922755741
0.44050104384133615
0.6492693110647181
-0.9457202505219207
0.006263048016701411
0.44467640918580376
-0.348643006263048
0.8246346555323589
-0.24008350730688943
-0.1482254697286013
-0.2359081419624216
0.10647181628392488
0.44885177453027136
0.8288100208768268
0.11064718162839249
0.45302713987473897
0.979123173277662
0.3444676409185805
0.9331941544885178
0.8956158663883089
0.3486430062630481
0.3528183716075157
-0.231732776617954
-1.0
-0.8246346555323592
-0.7578288100208769
0.010438413361169019
-0.5073068893528183
0.7578288100208768
0.5490605427974948
-0.7536534446764092
-0.6826722338204593
0.7620041753653444
0.6534446764091857
-0.09394572025052195
0.8997912317327765
0.35699373695198333
0.4572025052192066
0.9665970772442587
0.014613778705636626
0.8329853862212944
0.36116910229645094
0.4613778705636742
0.018789144050104234
-0.39874739039665974
0.5532359081419624
-0.08977035490605434
0.9373695198329854
-0.3444676409185804
-0.8872651356993737
0.1148225469728601
0.4655532359081418
-0.5031315240083507
-0.08559498956158662
-0.2275574112734864
0.22338204592901878
-0.8830897703549061
0.02296450939457184
0.4697286012526096
0.47390396659707723
-0.4989561586638831
0.2275574112734866
-0.6784968684759916
0.36534446764091855
-0.4613778705636743
0.941544885177453
-0.08141962421711901
-0.8580375782881002
-0.5490605427974948
0.36951983298538615
0.55741127348643
-0.4572025052192067
-0.674321503131524
0.23173277661795422
0.1189979123173277
0.837160751565762
-0.6701461377870563
0.6576200417536535
-0.39457202505219213
-0.29853862212943627
-0.4947807933194155
-0.7870563674321504
0.47807933194154506
0.48225469728601267
-0.45302713987473897
0.02713987473903967
0.6617954070981211
0.23590814196242182
-0.7828810020876826
0.0313152400835075
-0.22338204592901878
0.9039665970772441
-0.8789144050104384
-0.6367432150313153
-0.5991649269311065
0.9707724425887265
0.12317327766179531
0.4864300626304803
0.24008350730688943
-0.0772442588726513
-0.8747390396659708
-0.21920668058455117
-0.29436325678496866
0.4906054279749479
-0.8204592901878914
-0.9039665970772442
0.766179540709812
-0.07306889352818369
-0.5448851774530272
-0.8538622129436326
-0.06889352818371608
-0.9248434237995825
-0.06471816283924847
0.24425887265135704
0.24843423799582465
-0.3402922755741128
-0.44885177453027136
0.908141962421712
0.4947807933194155
0.6659707724425887
-0.29018789144050106
0.7703549060542796
0.8413361169102296
-0.8705636743215032
0.7745302713987472
-0.8496868475991649
0.6701461377870563
0.12734864300626314
-0.5949895615866388
0.13152400835073075
-0.44467640918580376
-0.4906054279749479
0.37369519832985376
0.778705636743215
-0.6325678496868476
0.674321503131524
-0.44050104384133615
0.03549060542797511
0.25260960334029225
-0.9832985386221295
0.5615866388308977
0.13569937369519836
0.039665970772442716
0.3778705636743216
0.3820459290187892
-0.7202505219206681
-0.06054279749478075
-0.8997912317327766
-0.941544885177453
0.3862212943632568
0.25678496868475986
0.9123173277661796
-0.6283924843423799
-0.056367432150313146
0.26096033402922747
0.04384133611691032
-0.21503131524008356
0.7828810020876829
-0.14405010438413368
-0.33611691022964507
-0.5908141962421711
-0.3903966597077244
0.8455114822546974
0.6784968684759918
-0.7494780793319415
0.04801670146137793
0.4989561586638831
-0.28601252609603334
0.849686847599165
0.5657620041753653
0.5031315240083507
-0.3862212943632567
-0.05219206680584554
0.5699373695198329
0.6826722338204594
0.9832985386221296
0.9164926931106472
-0.8162839248434238
0.5741127348643005
-0.04801670146137782
0.3903966597077244
-0.21085594989561585
0.2651356993736951
0.8538622129436326
0.5782881002087683
0.5073068893528183
0.7870563674321505
0.13987473903966596
-0.04384133611691021
0.05219206680584554
0.394572025052192
0.686847599164927
0.5824634655532359
-0.5866388308977035
-0.28183716075156573
-0.8455114822546973
0.5114822546972859
-0.8413361169102297
-0.2776617954070981
-0.8956158663883089
0.5156576200417535
0.2693110647181627
0.9457202505219207
0.14405010438413357
-0.7453027139874739
-0.3820459290187891
0.14822546972860118
0.9206680584551148
0.7912317327766181
-0.33194154488517746
0.8580375782881002
-0.7411273486430062
0.2734864300626303
0.5866388308977035
0.5198329853862211
-0.7160751565762005
-0.6659707724425887
-0.13987473903966596
0.056367432150313146
-0.20668058455114824
0.15240083507306879
-0.20250521920668052
-0.32776617954070975
0.6910229645093946
0.5908141962421711
-0.48643006263048005
-0.7118997912317327
0.6951983298538622
0.594989561586639
-0.3778705636743215
-0.039665970772442605
-0.13569937369519824
-0.035490605427974886
0.39874739039665963
0.06054279749478075
-0.7077244258872651
0.06471816283924836
0.40292275574112724
0.15657620041753662
-0.9624217118997912
0.6993736951983298
0.7035490605427974
-0.8121085594989561
-0.6242171189979123
0.40709812108559507
-0.8079331941544885
-0.32359081419624214
-0.13152400835073064
-0.8663883089770354
-0.9373695198329854
-0.5824634655532359
-0.1983298538622129
-0.6617954070981211
-0.43632567849686843
0.5991649269311066
0.9498956158663883
0.707724425887265
-0.9749478079331941
0.2776617954070981
0.7954070981210857
0.4112734864300627
-0.6576200417536535
0.9540709812108559
0.28183716075156595
0.16075156576200422
-0.6534446764091858
0.16492693110647183
0.9248434237995824
-0.12734864300626303
-0.6200417536534446
-0.7035490605427974
0.7995824634655533
-0.5407098121085594
0.9582463465553235
-0.8037578288100209
0.6033402922755742
0.9874739039665972
0.6075156576200418
-0.12317327766179542
-0.5782881002087683
-0.1941544885177453
-0.9206680584551148
0.8622129436325678
-0.778705636743215
-0.48225469728601245
0.28601252609603356
-0.2734864300626305
0.29018789144050117
0.5240083507306887
0.8037578288100209
0.9290187891440502
0.2943632567849688
1.0
0.4154488517745303
0.8663883089770354
0.8079331941544885
0.7118997912317326
-0.47807933194154484
0.4196242171189979
0.2985386221294364
0.6116910229645094
-0.03131524008350728
0.16910229645093944
-0.3736951983298539
-0.2693110647181629
-0.02713987473903967
-0.022964509394572064
-0.018789144050104456
-0.5741127348643007
0.7160751565762002
-0.2651356993736952
-0.9164926931106472
-0.1899791231732777
0.5281837160751566
0.8705636743215031
0.06889352818371597
0.17327766179540705
0.4237995824634655
0.8747390396659707
0.9624217118997911
0.302713987473904
0.17745302713987487
-0.11899791231732781
-0.9582463465553236
0.7202505219206681
0.5323590814196244
-0.18580375782880998
-0.26096033402922747
0.7244258872651357
0.8789144050104385
0.18162839248434248
0.8121085594989561
-0.36951983298538627
-0.954070981210856
0.3068893528183716
-0.5365344467640918
0.7286012526096035
-0.31941544885177453
-0.7369519832985386
-0.7995824634655533
0.3110647181628392
0.8830897703549061
-0.47390396659707723
-0.6492693110647181
-0.569937369519833
-0.25678496868475986
-0.837160751565762
-0.4321503131524008
0.9916492693110648
-0.25260960334029225
0.615866388308977
0.7327766179540711
-0.18162839248434237
0.7369519832985387
-0.615866388308977
0.3152400835073068
-0.17745302713987476
0.1858037578288101
0.7411273486430063
-0.17327766179540705
0.1899791231732777
-0.5323590814196242
EIGENVECTOR_RANK
-0.8830897703549061
0.08977035490605423
0.9373695198329854
0.22338204592901878
0.4237995824634655
-0.22338204592901878
0.44885177453027136
-0.39457202505219213
-0.09812108559498955
-0.21503131524008356
-0.9874739039665971
-0.3862212943632567
-0.25678496868475986
-0.791231732776618
-0.8455114822546973
-0.022964509394572064
0.24425887265135704
-0.014613778705636737
0.21503131524008334
-0.4906054279749479
0.06889352818371597
0.6492693110647181
-0.231732776617954
-0.6283924843423799
-0.5866388308977035
-0.7661795407098122
-0.465553235908142
-0.1482254697286013
-0.4154488517745303
-0.11064718162839238
-0.8872651356993737
0.837160751565762
0.0020876826722338038
-0.20250521920668052
-0.44467640918580376
0.47390396659707723
-0.9039665970772442
-0.8789144050104384
0.13569937369519836
-0.8246346555323592
0.8956158663883089
-0.29853862212943627
-0.9206680584551148
0.9290187891440502
0.9331941544885178
0.26096033402922747
-0.7202505219206681
-0.1524008350730689
0.5824634655532359
-0.13152400835073064
-0.31941544885177453
-0.9164926931106472
0.02296450939457184
-0.8079331941544885
0.4697286012526096
0.323590814196242
0.5657620041753653
-0.837160751565762
0.06054279749478075
0.9749478079331941
0.6534446764091857
-0.6450939457202505
-0.40292275574112735
-0.47807933194154484
-0.29436325678496866
-0.6576200417536535
0.8622129436325678
0.7870563674321505
0.6325678496868476
-0.524008350730689
-0.9290187891440501
0.13987473903966596
-0.9707724425887265
0.40292275574112724
-0.7411273486430062
-0.43632567849686843
-0.2651356993736952
-0.9457202505219207
-0.06054279749478075
0.4279749478079333
-0.3402922755741128
-0.26096033402922747
-0.1899791231732777
0.2985386221294364
-0.9791231732776617
0.4572025052192066
-0.8956158663883089
-0.3903966597077244
-0.4989561586638831
-0.7244258872651357
0.3194154488517744
-0.3152400835073069
0.7035490605427974
0.8079331941544885
0.45302713987473897
-0.5490605427974948
0.33194154488517746
0.6826722338204594
-0.4279749478079332
0.6951983298538622
0.7411273486430063
0.014613778705636626
-0.954070981210856
-0.9958246346555324
0.4864300626304803
-0.13987473903966596
-0.7828810020876826
0.14405010438413357
0.9457202505219207
-0.1148225469728602
-0.6701461377870563
0.7453027139874739
0.39874739039665963
-0.9665970772442589
0.3110647181628392
0.10647181628392488
-0.10229645093945716
-0.18580375782880998
-0.7035490605427974
-0.12317327766179542
0.8997912317327765
-0.8663883089770354
0.36116910229645094
0.20250521920668052
-0.48225469728601245
0.6033402922755742
-0.16492693110647183
0.02713987473903967
-0.7369519832985386
0.8663883089770354
0.8455114822546974
0.9540709812108559
0.16492693110647183
0.4655532359081418
0.9665970772442587
0.43632567849686854
0.8747390396659707
0.24843423799582465
0.7536534446764092
0.7244258872651357
-0.5741127348643007
-0.8997912317327766
-0.8914405010438413
-0.8121085594989561
0.0772442588726514
-0.48643006263048005
0.62839248434238
0.8789144050104385
-0.5198329853862214
-0.6534446764091858
-0.686847599164927
0.6242171189979122
-0.4697286012526096
0.9832985386221296
0.36534446764091855
0.13152400835073075
1.0
-0.21085594989561585
0.47807933194154506
0.6200417536534446
-0.778705636743215
0.7160751565762002
-0.3569937369519832
0.5532359081419624
0.3778705636743216
0.9624217118997911
-0.6242171189979123
-0.6367432150313153
0.6116910229645094
0.3152400835073068
-0.7578288100208769
0.43215031315240093
0.28601252609603356
0.14822546972860118
-0.6659707724425887
-0.20668058455114824
0.5407098121085596
0.8830897703549061
-0.4613778705636743
0.4989561586638831
-0.8329853862212944
-0.056367432150313146
-0.28601252609603334
0.9498956158663883
0.06471816283924836
-0.9123173277661796
-0.511482254697286
0.536534446764092
0.04801670146137793
-0.674321503131524
-0.3736951983298539
0.2943632567849688
0.3068893528183716
0.979123173277662
-0.5824634655532359
0.3862212943632568
0.08559498956158662
-0.5991649269311065
-0.4237995824634655
-0.6409185803757829
0.6993736951983298
0.4196242171189979
-0.6033402922755741
0.8204592901878913
0.15657620041753662
0.11064718162839249
-0.9749478079331941
0.29018789144050117
0.1941544885177453
0.039665970772442716
-0.9916492693110647
-0.29018789144050106
-0.3820459290187891
0.9958246346555324
0.12734864300626314
-0.17745302713987476
0.6075156576200418
0.5866388308977035
-0.6826722338204593
-0.1607515657620041
-0.09394572025052195
0.8288100208768268
-0.9081419624217119
-0.6116910229645094
0.10229645093945727
-0.348643006263048
-0.9248434237995825
-0.8747390396659708
0.09812108559498967
-0.732776617954071
-0.03131524008350728
0.5281837160751566
-0.035490605427974886
-0.3444676409185804
-0.04384133611691021
0.6409185803757829
0.6659707724425887
0.9206680584551148
0.15240083507306879
0.8872651356993737
0.5490605427974948
-0.7620041753653445
0.778705636743215
-0.6325678496868476
0.5031315240083507
0.44467640918580376
-0.6075156576200418
0.3903966597077244
-0.45302713987473897
-0.28183716075156573
0.615866388308977
0.8413361169102296
-0.5031315240083507
0.32776617954070986
-0.0772442588726513
-0.10647181628392477
-0.06471816283924847
-0.8162839248434238
-0.5448851774530272
0.23590814196242182
0.12317327766179531
0.5448851774530272
0.394572025052192
-0.8037578288100209
-0.569937369519833
-0.7118997912317327
-0.941544885177453
0.2651356993736951
-0.08141962421711901
0.44050104384133615
-0.39874739039665974
-0.2693110647181629
-0.039665970772442605
-0.5281837160751566
-0.24008350730688943
-0.6617954070981211
-0.0020876826722338038
-0.7954070981210856
-0.7703549060542798
-0.08977035490605434
0.9248434237995824
0.8538622129436326
-0.9498956158663883
0.3486430062630481
0.018789144050104234
-0.302713987473904
0.9582463465553235
0.7828810020876829
0.8037578288100209
-0.8496868475991649
0.3444676409185805
0.8705636743215031
0.7954070981210857
0.6784968684759918
0.21085594989561574
-0.9832985386221295
0.6576200417536535
-0.5323590814196242
0.2776617954070981
-0.3068893528183716
0.20668058455114813
0.1189979123173277
0.5073068893528183
-0.16910229645093944
0.5114822546972859
0.16910229645093944
-0.5615866388308977
-0.24425887265135704
0.25678496868475986
0.8329853862212944
0.707724425887265
-0.4572025052192067
-0.21920668058455117
-0.8580375782881002
0.8246346555323589
-0.7494780793319415
-0.7077244258872651
-0.6492693110647181
0.7912317327766181
0.4112734864300627
0.8914405010438413
0.4613778705636742
-0.44885177453027136
-0.36116910229645083
0.7578288100208768
0.5782881002087683
0.7620041753653444
-0.6200417536534446
0.05219206680584554
-0.32776617954070975
-0.06889352818371608
0.5323590814196244
0.5908141962421711
-0.14405010438413368
-0.33194154488517746
0.1983298538622129
0.18162839248434248
-0.1941544885177453
0.5615866388308977
0.1899791231732777
-0.8538622129436326
-0.5365344467640918
-0.010438413361169019
-0.3110647181628392
-0.55741127348643
0.941544885177453
0.4154488517745303
-0.3778705636743215
-0.24843423799582465
-0.08559498956158662
0.28183716075156595
0.40709812108559507
0.006263048016701411
-0.615866388308977
0.03549060542797511
0.5991649269311066
0.686847599164927
-0.9624217118997912
0.6367432150313153
0.9707724425887265
-0.5908141962421711
-0.2776617954070981
-0.02713987473903967
-0.5156576200417536
-0.3528183716075156
0.010438413361169019
-0.9331941544885177
-0.7870563674321504
-0.36534446764091866
-0.1565762004175365
-0.25260960334029225
-0.7453027139874739
0.908141962421712
0.16075156576200422
0.9164926931106472
-0.8204592901878914
0.5156576200417535
0.849686847599165
0.8162839248434237
-0.6951983298538622
0.6701461377870563
0.21920668058455117
0.48225469728601267
-0.9373695198329854
-0.47390396659707723
0.5741127348643005
0.04384133611691032
-0.5073068893528183
-0.2275574112734864
0.9039665970772441
-0.33611691022964507
0.9916492693110648
-0.7160751565762005
0.33611691022964507
0.8121085594989561
0.674321503131524
-0.11899791231732781
-0.8288100208768268
-0.6784968684759916
-0.7745302713987474
0.7286012526096035
-0.5407098121085594
-0.44050104384133615
0.3402922755741127
-0.1983298538622129
0.7995824634655533
0.7703549060542796
0.7745302713987472
0.9874739039665972
-0.018789144050104456
0.08141962421711901
0.37369519832985376
-0.07306889352818369
0.2693110647181627
0.6617954070981211
-0.13569937369519824
-0.006263048016701411
0.4906054279749479
0.7327766179540711
0.36951983298538615
0.3820459290187892
-0.40709812108559496
-0.12734864300626303
0.7369519832985387
-0.4321503131524008
-0.5782881002087683
-0.8705636743215032
0.5240083507306887
-0.18162839248434237
-1.0
0.1858037578288101
0.7118997912317326
0.7494780793319415
0.4947807933194155
0.35699373695198333
0.5198329853862211
0.056367432150313146
0.55741127348643
0.7202505219206681
0.17327766179540705
-0.41127348643006256
-0.9582463465553236
0.5699373695198329
0.302713987473904
0.3528183716075157
-0.8622129436325678
0.9123173277661796
0.8580375782881002
-0.05219206680584554
0.23173277661795422
-0.36951983298538627
-0.7995824634655533
-0.5532359081419624
-0.5657620041753653
0.2275574112734866
0.09394572025052206
-0.5949895615866388
-0.8413361169102297
0.24008350730688943
0.25260960334029225
-0.4196242171189979
-0.6910229645093946
-0.7536534446764092
0.0313152400835075
-0.7286012526096033
-0.32359081419624214
0.07306889352818358
-0.2734864300626305
0.766179540709812
-0.6993736951983298
0.17745302713987487
0.6450939457202505
-0.04801670146137782
0.6910229645093946
0.1148225469728601
0.594989561586639
0.2734864300626303
-0.17327766179540705
-0.2359081419624216
-0.4947807933194155
CENT_RANK
-0.6409185803757829
0.941544885177453
0.62839248434238
-0.06889352818371608
0.3194154488517744
0.5532359081419624
0.20250521920668052
0.1899791231732777
0.05219206680584554
0.17327766179540705
-0.954070981210856
-0.7202505219206681
0.4864300626304803
-0.7244258872651357
-0.9290187891440501
-0.10647181628392477
0.12734864300626314
0.17745302713987487
0.02713987473903967
-0.5782881002087683
-0.21085594989561585
0.9373695198329854
-0.7703549060542798
-0.3778705636743215
-0.20250521920668052
-0.9498956158663883
-0.6576200417536535
-0.55741127348643
-0.7578288100208769
-0.5949895615866388
-0.9958246346555324
0.2776617954070981
-0.3903966597077244
0.32776617954070986
-0.5991649269311065
0.9248434237995824
-0.615866388308977
-0.8455114822546973
0.979123173277662
-0.7411273486430062
0.4655532359081418
0.6826722338204594
-0.6283924843423799
0.7327766179540711
0.707724425887265
-0.08977035490605434
-0.6116910229645094
-0.5490605427974948
0.5031315240083507
-0.44885177453027136
-0.18580375782880998
-0.7536534446764092
-0.08141962421711901
-0.4237995824634655
-0.25260960334029225
0.43215031315240093
-0.24843423799582465
-0.3569937369519832
0.13152400835073075
0.9624217118997911
0.6993736951983298
-0.010438413361169019
-0.7995824634655533
-0.5657620041753653
0.5156576200417535
-0.7369519832985386
0.9039665970772441
0.8747390396659707
-0.04801670146137782
-0.9206680584551148
-0.8162839248434238
0.6325678496868476
-0.9248434237995825
-0.06471816283924847
0.3820459290187892
-0.4154488517745303
-0.4947807933194155
-0.9916492693110647
0.02296450939457184
0.47390396659707723
-0.5866388308977035
-0.11899791231732781
0.4279749478079333
-0.4572025052192067
-0.9331941544885177
0.9540709812108559
-0.7160751565762005
-0.6242171189979123
-0.4279749478079332
-0.4989561586638831
0.6492693110647181
0.37369519832985376
0.40709812108559507
0.7202505219206681
0.908141962421712
-0.6910229645093946
-0.12734864300626303
0.3486430062630481
-0.2359081419624216
0.323590814196242
0.48225469728601267
-0.3444676409185804
-0.9081419624217119
-0.9749478079331941
0.8997912317327765
-0.06054279749478075
-0.9707724425887265
0.7703549060542796
0.7453027139874739
-0.035490605427974886
-0.6993736951983298
0.7995824634655533
-0.25678496868475986
-0.9874739039665971
0.10647181628392488
0.394572025052192
-0.006263048016701411
-0.11064718162839238
-0.43632567849686843
-0.022964509394572064
0.7954070981210857
-0.8079331941544885
0.39874739039665963
0.8663883089770354
-0.41127348643006256
0.056367432150313146
-0.22338204592901878
-0.018789144050104456
-0.09394572025052195
0.5073068893528183
0.4613778705636742
0.9707724425887265
-0.14405010438413368
-0.2275574112734864
0.8956158663883089
0.6200417536534446
0.7411273486430063
0.2943632567849688
0.6784968684759918
0.6450939457202505
-0.47807933194154484
-0.9123173277661796
-0.7870563674321504
-0.837160751565762
0.24008350730688943
-0.5741127348643007
0.23173277661795422
0.6701461377870563
-0.8914405010438413
-0.732776617954071
0.8162839248434237
0.10229645093945727
-0.1983298538622129
0.9958246346555324
0.5991649269311066
0.33194154488517746
0.8204592901878913
0.3402922755741127
0.6659707724425887
0.5866388308977035
-0.2693110647181629
0.536534446764092
-0.8705636743215032
0.7745302713987472
0.3903966597077244
0.8872651356993737
-0.1148225469728602
-0.5156576200417536
0.03549060542797511
-0.2651356993736952
-0.33194154488517746
0.9164926931106472
0.1189979123173277
0.21920668058455117
-0.8037578288100209
-0.48225469728601245
0.5782881002087683
0.6409185803757829
-0.3862212943632567
0.4154488517745303
-0.348643006263048
0.07306889352818358
-0.7828810020876826
0.8329853862212944
0.0313152400835075
-0.8246346555323592
-0.7745302713987474
0.6367432150313153
0.8705636743215031
-0.36116910229645083
0.20668058455114813
0.9123173277661796
-0.24008350730688943
0.5407098121085596
-0.8622129436325678
0.9331941544885178
-0.20668058455114824
0.010438413361169019
-0.6492693110647181
-0.8538622129436326
0.5824634655532359
-0.28183716075156573
-0.4697286012526096
0.35699373695198333
0.6576200417536535
-0.03131524008350728
-0.8329853862212944
0.24843423799582465
-0.6784968684759916
-0.21503131524008356
-0.9665970772442589
-0.26096033402922747
-0.8580375782881002
0.9457202505219207
-0.3068893528183716
0.6242171189979122
0.8789144050104385
0.7578288100208768
-0.791231732776618
-0.40709812108559496
-0.33611691022964507
0.5657620041753653
-0.7954070981210856
-0.302713987473904
0.302713987473904
0.16492693110647183
-0.8121085594989561
-0.8747390396659708
-0.44467640918580376
-0.511482254697286
-0.07306889352818369
0.7912317327766181
-0.056367432150313146
-0.3402922755741128
0.23590814196242182
0.24425887265135704
0.25678496868475986
0.4947807933194155
-0.6200417536534446
0.778705636743215
0.55741127348643
-0.9373695198329854
0.43632567849686854
-0.6617954070981211
0.3444676409185805
0.1983298538622129
-0.524008350730689
0.039665970772442716
-0.7118997912317327
-0.686847599164927
0.06054279749478075
0.44467640918580376
-0.40292275574112735
0.3152400835073068
0.2651356993736951
-0.6450939457202505
0.006263048016701411
-0.9164926931106472
0.3068893528183716
0.2734864300626303
0.15240083507306879
0.4237995824634655
-0.039665970772442605
-0.7453027139874739
0.08977035490605423
-0.7286012526096033
-0.8413361169102297
0.12317327766179531
-0.5365344467640918
-0.32776617954070975
-0.8830897703549061
0.13569937369519836
-0.5198329853862214
0.06889352818371597
0.06471816283924836
0.5240083507306887
0.13987473903966596
-0.1524008350730689
-0.6534446764091858
-0.02713987473903967
0.8622129436325678
0.44885177453027136
-0.9039665970772442
-0.014613778705636737
-0.09812108559498955
-0.8288100208768268
0.8079331941544885
0.9832985386221296
0.5490605427974948
-0.5615866388308977
0.25260960334029225
0.837160751565762
0.5615866388308977
0.8914405010438413
0.5323590814196244
-0.941544885177453
0.766179540709812
0.2275574112734866
-0.04384133611691021
-0.28601252609603334
0.018789144050104234
0.2985386221294364
0.1858037578288101
0.4989561586638831
-0.10229645093945716
-0.31941544885177453
-0.1565762004175365
0.6951983298538622
0.8830897703549061
0.8580375782881002
0.36534446764091855
-0.8997912317327766
-0.36534446764091866
-0.6951983298538622
0.7620041753653444
-0.6325678496868476
-0.12317327766179542
-0.5281837160751566
0.5198329853862211
-0.21920668058455117
0.9206680584551148
0.6534446764091857
-0.13152400835073064
-0.4321503131524008
0.40292275574112724
0.08141962421711901
0.594989561586639
-0.2734864300626305
-0.1607515657620041
-0.1899791231732777
0.33611691022964507
0.8037578288100209
0.11064718162839249
-0.778705636743215
-0.7661795407098122
-0.1482254697286013
0.4196242171189979
-0.29853862212943627
0.849686847599165
-0.48643006263048005
-0.6033402922755741
0.4572025052192066
0.9749478079331941
-0.8663883089770354
-0.5532359081419624
0.9582463465553235
0.3528183716075157
-0.3528183716075156
-0.5073068893528183
-0.47390396659707723
-0.44050104384133615
0.7035490605427974
0.014613778705636626
-0.6367432150313153
0.8246346555323589
0.14822546972860118
0.47807933194154506
-0.9832985386221295
-0.05219206680584554
0.9916492693110648
-0.8204592901878914
-0.0772442588726513
0.08559498956158662
-0.29018789144050106
-0.39457202505219213
0.09394572025052206
-0.6701461377870563
-0.9457202505219207
-0.8496868475991649
-0.3820459290187891
-0.6826722338204593
-0.231732776617954
0.7536534446764092
0.8455114822546974
0.7244258872651357
-0.5031315240083507
-0.18162839248434237
0.615866388308977
0.7286012526096035
-0.5448851774530272
0.686847599164927
0.22338204592901878
0.8413361169102296
-0.7494780793319415
0.28601252609603356
0.04384133611691032
0.1148225469728601
-0.39874739039665974
-0.29436325678496866
0.9665970772442587
-0.8872651356993737
0.7494780793319415
-0.6075156576200418
0.9498956158663883
0.6116910229645094
0.4906054279749479
-0.3152400835073069
-0.3736951983298539
-0.16492693110647183
-0.9624217118997912
1.0
-0.13987473903966596
-0.7620041753653445
0.5281837160751566
-0.24425887265135704
0.3778705636743216
0.7118997912317326
0.44050104384133615
0.9874739039665972
0.2693110647181627
0.09812108559498967
0.8538622129436326
-0.4196242171189979
0.21503131524008334
0.16910229645093944
0.29018789144050117
-0.17327766179540705
0.36951983298538615
0.7160751565762002
0.5114822546972859
0.14405010438413357
-0.6659707724425887
0.6033402922755742
0.6075156576200418
0.04801670146137793
0.0772442588726514
-0.5824634655532359
0.7369519832985387
0.45302713987473897
-1.0
-0.4613778705636743
0.6910229645093946
0.5908141962421711
-0.16910229645093944
-0.08559498956158662
0.674321503131524
-0.1941544885177453
-0.17745302713987476
0.36116910229645094
-0.36951983298538627
0.21085594989561574
-0.9791231732776617
0.5741127348643005
0.3110647181628392
-0.3110647181628392
-0.45302713987473897
0.8288100208768268
0.4697286012526096
-0.32359081419624214
0.18162839248434248
-0.5323590814196242
-0.9582463465553236
-0.0020876826722338038
-0.2776617954070981
0.9290187891440502
-0.13569937369519824
-0.4906054279749479
-0.674321503131524
0.7870563674321505
0.7828810020876829
-0.8956158663883089
-0.5407098121085594
-0.7077244258872651
0.16075156576200422
-0.569937369519833
-0.7035490605427974
0.26096033402922747
0.0020876826722338038
0.4112734864300627
0.28183716075156595
0.3862212943632568
0.6617954070981211
-0.5908141962421711
0.5448851774530272
-0.465553235908142
0.8121085594989561
0.5699373695198329
0.1941544885177453
0.15657620041753662
-0.8789144050104384
RANK
429
30
77
113
357
441
103
106
210
399
451
10
25
367
295
241
84
14
72
69
257
141
102
282
311
460
148
390
270
479
227
162
343
194
212
199
368
37
266
143
206
285
185
360
70
226
121
174
62
222
218
142
182
333
186
22
334
402
28
51
383
263
39
65
149
265
13
11
86
248
462
465
110
313
95
249
370
208
457
366
421
243
26
278
198
255
0
353
315
42
87
238
36
46
392
340
34
29
472
80
426
19
145
464
63
289
27
344
47
379
461
268
450
317
246
272
167
229
348
375
89
76
456
339
175
140
349
202
474
430
83
445
49
228
350
118
323
88
53
412
75
124
219
252
387
364
32
178
369
23
397
439
312
189
57
347
180
101
233
220
170
269
448
305
396
444
214
223
337
388
363
299
201
453
327
160
169
211
112
54
56
404
192
98
371
133
126
319
209
20
196
24
152
436
329
50
376
437
416
433
398
328
306
277
335
132
401
455
322
96
316
81
166
117
15
304
284
128
45
434
52
361
230
3
73
105
232
358
68
298
262
109
205
279
119
127
283
61
116
452
467
256
197
352
300
78
18
184
168
247
385
424
8
125
250
274
273
181
425
325
362
264
365
410
151
114
332
386
172
267
16
58
271
276
420
355
260
478
463
225
414
9
17
449
302
7
477
245
6
190
440
413
173
381
297
146
234
144
235
207
290
236
466
254
409
259
31
469
384
415
137
301
224
258
443
253
4
99
33
155
330
157
244
97
346
203
438
310
417
91
405
74
470
164
115
122
324
92
468
179
336
261
82
55
242
407
251
281
428
341
130
40
447
79
356
100
12
395
237
303
48
129
419
64
318
275
403
294
161
193
473
288
5
240
292
221
476
442
176
200
159
432
326
154
422
423
394
377
135
215
2
71
187
177
139
90
321
204
471
158
147
435
138
41
380
431
307
60
351
44
406
418
93
374
378
43
427
136
108
391
372
217
314
296
107
163
239
459
458
231
120
111
331
286
475
150
156
354
446
183
291
382
373
338
411
309
280
123
188
67
216
308
165
293
134
104
66
94
191
171
320
35
454
195
21
1
213
393
85
345
59
389
131
342
38
287
408
359
153
400
