DEGREE
-0.33333333333333337
0.6666666666666667
-0.5
-0.33333333333333337
1.0
-0.5
0.6666666666666667
0.33333333333333326
-0.16666666666666663
0.16666666666666674
-0.16666666666666663
-0.6666666666666667
0.6666666666666667
0.0
0.33333333333333326
-0.33333333333333337
-0.8333333333333334
-0.33333333333333337
0.0
0.5
0.0
0.33333333333333326
0.5
0.0
0.33333333333333326
0.0
-0.16666666666666663
0.0
0.16666666666666674
0.16666666666666674
-0.33333333333333337
-0.33333333333333337
-0.6666666666666667
-0.33333333333333337
-0.5
-0.16666666666666663
-0.16666666666666663
-0.33333333333333337
-0.33333333333333337
-0.5
0.0
0.6666666666666667
-0.5
-0.33333333333333337
0.5
-0.16666666666666663
0.16666666666666674
-0.16666666666666663
-0.33333333333333337
-0.5
0.33333333333333326
-0.33333333333333337
-0.5
-0.33333333333333337
-0.16666666666666663
-0.33333333333333337
0.0
-0.16666666666666663
0.16666666666666674
0.16666666666666674
0.33333333333333326
-0.6666666666666667
0.33333333333333326
0.33333333333333326
0.5
-0.16666666666666663
0.33333333333333326
0.16666666666666674
0.5
0.6666666666666667
0.0
0.33333333333333326
-0.5
-0.6666666666666667
0.5
0.33333333333333326
0.6666666666666667
0.0
0.0
0.0
-0.16666666666666663
0.33333333333333326
0.33333333333333326
-0.6666666666666667
0.0
0.33333333333333326
-0.16666666666666663
-0.5
-0.5
-0.16666666666666663
-0.8333333333333334
0.5
0.6666666666666667
0.0
-1.0
0.33333333333333326
-0.6666666666666667
0.33333333333333326
-0.16666666666666663
-0.6666666666666667
0.0
0.0
-0.33333333333333337
0.5
0.16666666666666674
-1.0
-0.5
0.16666666666666674
0.6666666666666667
-0.33333333333333337
-0.5
0.33333333333333326
-0.5
EIGENVECTOR
-0.9975345032845508
0.741448138272651
-0.9988823989882601
-0.9327207461446905
1.0
-0.8718331627737597
0.5365737051195312
-0.9991266268666276
-0.9996968755810788
0.24919317889236203
-0.9563414628819475
-1.0
0.6294623240255406
-0.9996006885541442
-0.9991528479421726
-0.8846389567562729
-0.9724341341480748
-0.4071585520163784
-0.9982706000810264
0.5691490262253767
-0.2788473346978616
-0.9954352560875809
-0.9928545327711151
-0.996003808955918
-0.3464426420431139
-0.04849251634625196
-0.06260788874939938
-0.9095803212866169
-0.9964639494455065
0.07191737208302218
-0.997534503284551
-0.8846389567562729
-0.9798027461684881
-0.9999853323638836
-0.7803051631886202
-0.9978534397433972
-0.8824145766785354
-0.9996435868901311
-0.9999950243036719
-0.9999968396170164
-0.9963990450206229
0.7018003703321118
-0.9400009928871457
-0.3623105182361829
0.5691490262253767
-0.4058476752054354
-0.9958872061786319
-0.9999851117884117
-0.7772692572512031
-0.6876142795021216
-0.8508890799516525
-0.9975345032845507
-0.6831069798140857
-0.9998984876309146
-0.9405982708056091
-0.9543926772077252
-0.48085348038105413
-0.9999946762418509
0.08832230229358418
-0.7590402001472321
-0.9990016370631767
-0.9994246726527322
0.07718624326580503
0.4205987970536649
0.40420519400353294
-0.9999946762418512
0.2093430594169503
-0.9958963170010882
-0.8705055496378445
0.6447984874234509
-0.23783352690656956
-0.9940693375342445
-0.6831069798140856
-1.0
0.42685319142945066
0.16639963233414146
0.6447984874234505
-0.9962037982284424
-0.25818656551772323
-0.999381936456802
-0.9875350116880403
-0.9986225907969943
-0.8002560997853831
-0.9993918945769564
-0.9977372349465904
0.2838327783403356
-0.9998971094861164
-0.9938364339881348
-0.9983910319425814
-0.9974748982685874
-0.9999872659424193
-0.9928545327711149
0.46052441849380954
-0.23783352690656934
-0.9999999999999998
-0.850823300063268
-0.9999999999999999
-0.8036064134678326
-0.9808152477912871
-0.9092051434994846
-0.003743520407560985
-0.9947042609027812
-0.9994587895975633
0.2757199009627367
-0.9976141504200448
-0.9999999999999998
-0.9992863547933052
-0.8607814722803087
0.6440427895124654
-0.723327945083978
-0.7195345089797295
-0.9980811138275744
-0.9832054499664039
CENT
-1.0
-0.8211510549980886
-0.9641857915416016
0.41367083761739276
-0.4618529974025124
0.06125850940007038
-0.47480804042510505
-0.345397770170615
-0.6562095283874299
-0.9100069974584277
0.6289674264577381
-1.0
-0.788848417905107
-0.36046913959033333
-0.6547907167107673
-0.9614260005447326
-1.0
-0.9831718343786605
-0.7070371579997412
-0.8548341043528498
-0.4841488082208337
-0.9799221755591017
-0.7989263754506521
-0.18406846056409087
-0.41959976338854776
-0.3628502695080611
-1.0
-0.839976640643004
-0.4438003766053249
-0.8801849842580647
-1.0
-0.9614260005447326
-1.0
-0.8249189830549755
-0.9980338495423287
-0.41760916057471553
-0.8445804876316894
-0.993480940591367
-0.9996254951509197
-1.0
-0.9975033010061316
-0.8004351731079262
-1.0
-0.9706407067948121
-0.8548341043528498
-0.8762030675878615
-0.9916688158122272
-0.7163125768216982
-0.8789413075348039
0.8975101710132083
-0.8935461559909209
-1.0
-1.0
-0.607706170588421
-0.5613143047479197
-0.9988764854527592
-0.327374284330856
-0.9979402233300585
-0.9369858868168386
-0.8558966394082579
-0.45013694811006877
-1.0
-0.8575443207796697
-0.8521354939483592
-0.8726485750601187
-0.9979402233300585
-0.45839619010095733
-0.9896889616683489
1.0
-0.8014913720238261
-0.930324368375547
-0.3932331802198281
-1.0
-1.0
-0.7200161761164741
-0.8790130032590074
-0.8014913720238261
-0.9978403553703038
-0.9813938741245373
-0.9586669691143019
-0.5710683742783977
-0.7592950787590113
-0.6261996022273368
-1.0
-0.9016233485897766
-0.8939869812012098
-0.6017140930031368
0.2529136505757392
-1.0
-0.5504444145315028
-1.0
-0.7989263754506521
0.3717723365170402
-0.930324368375547
-1.0
-0.9294108489540961
-1.0
-0.6581410205075224
0.5520630741475514
-0.5458779074878068
0.3625189422308217
-0.8240607427758331
-0.516386765220501
-0.7029636427424186
-0.8982215962106308
-1.0
-0.9996254951509197
-0.9552015403432323
-0.8687051719243912
-0.9223169941622076
-1.0
0.09267556808026245
-0.2160751272057767
DEGREE_RANK
-0.5714285714285714
0.8571428571428572
-0.8035714285714286
-0.5535714285714286
1.0
-0.7857142857142857
0.875
0.4107142857142856
-0.2857142857142857
0.25
-0.2678571428571428
-0.9285714285714286
0.892857142857143
-0.03571428571428581
0.4285714285714286
-0.5357142857142856
-0.9642857142857143
-0.5178571428571429
-0.017857142857142905
0.7142857142857142
0.0
0.4464285714285714
0.7321428571428572
0.017857142857142794
0.4642857142857144
0.03571428571428581
-0.2500000000000001
0.0535714285714286
0.2678571428571428
0.2857142857142858
-0.5
-0.4821428571428571
-0.9107142857142857
-0.4642857142857143
-0.7678571428571428
-0.2321428571428572
-0.2142857142857143
-0.4464285714285715
-0.4285714285714286
-0.75
0.0714285714285714
0.9107142857142858
-0.7321428571428572
-0.4107142857142857
0.75
-0.1964285714285714
0.3035714285714286
-0.1785714285714286
-0.3928571428571429
-0.7142857142857143
0.4821428571428572
-0.375
-0.6964285714285714
-0.3571428571428571
-0.1607142857142857
-0.3392857142857143
0.08928571428571419
-0.1428571428571429
0.3214285714285714
0.3392857142857144
0.4999999999999998
-0.8928571428571429
0.5178571428571428
0.5357142857142856
0.767857142857143
-0.125
0.5535714285714286
0.357142857142857
0.7857142857142856
0.9285714285714284
0.10714285714285698
0.5714285714285714
-0.6785714285714285
-0.875
0.8035714285714284
0.5892857142857144
0.9464285714285714
0.125
0.1428571428571428
0.1607142857142858
-0.1071428571428572
0.6071428571428572
0.625
-0.8571428571428572
0.1785714285714286
0.6428571428571428
-0.0892857142857143
-0.6607142857142858
-0.6428571428571428
-0.0714285714285714
-0.9464285714285714
0.8214285714285714
0.9642857142857142
0.19642857142857162
-1.0
0.6607142857142856
-0.8392857142857143
0.6785714285714286
-0.05357142857142849
-0.8214285714285714
0.2142857142857142
0.23214285714285698
-0.3214285714285715
0.8392857142857142
0.375
-0.9821428571428571
-0.625
0.3928571428571428
0.9821428571428572
-0.3035714285714286
-0.6071428571428571
0.6964285714285714
-0.5892857142857143
EIGENVECTOR_RANK
-0.4107142857142857
0.9821428571428572
-0.5535714285714286
0.03571428571428581
1.0
0.1428571428571428
0.8392857142857142
-0.5892857142857143
-0.75
0.7142857142857142
-0.03571428571428581
-0.9285714285714286
0.892857142857143
-0.7142857142857143
-0.6071428571428571
0.10714285714285698
-0.05357142857142849
0.4285714285714286
-0.5
0.8571428571428572
0.4999999999999998
-0.2321428571428572
-0.1607142857142857
-0.2857142857142857
0.4821428571428572
0.5892857142857144
0.5714285714285714
0.0535714285714286
-0.3392857142857143
0.625
-0.375
0.08928571428571419
-0.0714285714285714
-0.8214285714285714
0.2678571428571428
-0.4642857142857143
0.125
-0.7321428571428572
-0.8928571428571429
-0.9107142857142857
-0.3214285714285715
0.9642857142857142
0.017857142857142794
0.4642857142857144
0.875
0.4464285714285714
-0.2500000000000001
-0.8035714285714286
0.2857142857142858
0.357142857142857
0.19642857142857162
-0.3928571428571429
0.3928571428571428
-0.7857142857142857
0.0
-0.017857142857142905
0.4107142857142856
-0.875
0.6607142857142856
0.3035714285714286
-0.5714285714285714
-0.6785714285714285
0.6428571428571428
0.7857142857142856
0.767857142857143
-0.8571428571428572
0.6964285714285714
-0.2678571428571428
0.1607142857142858
0.9285714285714284
0.5535714285714286
-0.1964285714285714
0.375
-0.9642857142857143
0.8035714285714284
0.6785714285714286
0.9464285714285714
-0.3035714285714286
0.5178571428571428
-0.6428571428571428
-0.125
-0.5357142857142856
0.25
-0.6607142857142858
-0.4464285714285715
0.75
-0.7678571428571428
-0.1785714285714286
-0.5178571428571429
-0.3571428571428571
-0.8392857142857143
-0.1428571428571429
0.8214285714285714
0.5357142857142856
-1.0
0.2142857142857142
-0.9821428571428571
0.23214285714285698
-0.0892857142857143
0.0714285714285714
0.6071428571428572
-0.2142857142857143
-0.6964285714285714
0.7321428571428572
-0.4285714285714286
-0.9464285714285714
-0.625
0.1785714285714286
0.9107142857142858
0.3214285714285714
0.3392857142857144
-0.4821428571428571
-0.1071428571428572
CENT_RANK
-1.0
0.1607142857142858
-0.375
0.9285714285714284
0.6071428571428572
0.8392857142857142
0.5892857142857144
0.767857142857143
0.3928571428571428
-0.1964285714285714
0.9642857142857142
-0.9821428571428571
0.2678571428571428
0.75
0.4107142857142856
-0.3571428571428571
-0.9642857142857143
-0.4464285714285715
0.3392857142857144
0.03571428571428581
0.5714285714285714
-0.4107142857142857
0.23214285714285698
0.8214285714285714
0.6785714285714286
0.7321428571428572
-0.9464285714285714
0.10714285714285698
0.6607142857142856
-0.1071428571428572
-0.9285714285714286
-0.3392857142857143
-0.9107142857142857
0.125
-0.5892857142857143
0.6964285714285714
0.08928571428571419
-0.5
-0.6428571428571428
-0.8928571428571429
-0.5178571428571429
0.2142857142857142
-0.875
-0.3928571428571429
0.0535714285714286
-0.05357142857142849
-0.4821428571428571
0.3214285714285714
-0.0714285714285714
0.9821428571428572
-0.125
-0.8571428571428572
-0.8392857142857143
0.4464285714285714
0.4999999999999998
-0.6071428571428571
0.7857142857142856
-0.5714285714285714
-0.2857142857142857
0.017857142857142794
0.6428571428571428
-0.8214285714285714
0.0
0.0714285714285714
-0.03571428571428581
-0.5535714285714286
0.625
-0.4642857142857143
1.0
0.1785714285714286
-0.2678571428571428
0.7142857142857142
-0.8035714285714286
-0.7857142857142857
0.3035714285714286
-0.0892857142857143
0.19642857142857162
-0.5357142857142856
-0.4285714285714286
-0.3214285714285715
0.4821428571428572
0.2857142857142858
0.4285714285714286
-0.7678571428571428
-0.1785714285714286
-0.1428571428571429
0.4642857142857144
0.875
-0.75
0.5178571428571428
-0.7321428571428572
0.25
0.9107142857142858
-0.2500000000000001
-0.7142857142857143
-0.2321428571428572
-0.6964285714285714
0.375
0.9464285714285714
0.5357142857142856
0.892857142857143
0.1428571428571428
0.5535714285714286
0.357142857142857
-0.1607142857142857
-0.6785714285714285
-0.625
-0.3035714285714286
-0.017857142857142905
-0.2142857142857143
-0.6607142857142858
0.8571428571428572
0.8035714285714284
RANK
0
11
16
26
30
32
39
42
51
52
61
72
73
83
88
90
94
96
105
110
38
106
55
34
57
65
77
40
37
46
67
17
78
21
43
2
15
31
79
107
58
70
93
95
109
9
84
104
85
50
29
75
48
45
64
108
62
59
19
44
63
36
27
33
101
1
69
76
41
22
91
12
81
74
47
18
103
97
8
14
82
53
86
80
54
89
99
102
20
6
4
66
60
28
24
35
71
25
13
7
56
112
23
5
111
87
100
92
3
98
10
49
68
