DEGREE
0.8
0.19999999999999996
0.1333333333333333
-0.33333333333333337
-0.06666666666666665
-0.6666666666666667
0.3999999999999999
0.2666666666666666
0.06666666666666665
0.2666666666666666
0.33333333333333326
0.6666666666666667
0.8666666666666667
-0.2666666666666667
0.2666666666666666
-0.06666666666666665
0.06666666666666665
-0.6
0.7333333333333334
-0.2666666666666667
-0.4
-0.19999999999999996
-0.06666666666666665
0.3999999999999999
-0.8
0.06666666666666665
0.6000000000000001
0.46666666666666656
0.2666666666666666
-0.5333333333333333
0.1333333333333333
-0.19999999999999996
0.3999999999999999
0.33333333333333326
0.33333333333333326
0.2666666666666666
-0.1333333333333333
-0.06666666666666665
0.46666666666666656
0.7333333333333334
0.33333333333333326
0.33333333333333326
-0.06666666666666665
-0.19999999999999996
0.0
-0.1333333333333333
-0.6
0.33333333333333326
0.33333333333333326
-0.8666666666666667
0.1333333333333333
-0.4666666666666667
-0.5333333333333333
-0.06666666666666665
0.6000000000000001
0.7333333333333334
0.33333333333333326
0.19999999999999996
0.19999999999999996
0.6000000000000001
-0.4
0.19999999999999996
0.19999999999999996
-0.1333333333333333
-0.2666666666666667
-0.06666666666666665
0.33333333333333326
0.33333333333333326
0.0
0.8
-0.5333333333333333
0.6666666666666667
0.7333333333333334
-0.7333333333333334
0.6000000000000001
0.06666666666666665
-0.1333333333333333
0.6666666666666667
-0.7333333333333334
-0.6
-0.06666666666666665
0.1333333333333333
0.06666666666666665
0.6666666666666667
-0.2666666666666667
0.0
-0.8
0.19999999999999996
0.33333333333333326
0.06666666666666665
0.19999999999999996
0.19999999999999996
0.0
-0.6
0.2666666666666666
-0.5333333333333333
0.9333333333333333
-0.4666666666666667
0.6666666666666667
0.19999999999999996
-0.5333333333333333
-0.7333333333333334
-0.06666666666666665
0.33333333333333326
-0.6666666666666667
0.3999999999999999
-0.1333333333333333
-1.0
0.6666666666666667
0.3999999999999999
-0.19999999999999996
0.06666666666666665
0.6666666666666667
-0.2666666666666667
0.46666666666666656
0.3999999999999999
0.46666666666666656
-0.2666666666666667
-0.33333333333333337
0.0
0.33333333333333326
-0.8666666666666667
0.0
-0.4666666666666667
0.1333333333333333
0.46666666666666656
0.33333333333333326
-0.4
0.06666666666666665
0.0
-0.19999999999999996
-0.2666666666666667
0.1333333333333333
0.6000000000000001
0.06666666666666665
-0.06666666666666665
0.0
-0.4
0.6000000000000001
0.2666666666666666
-0.5333333333333333
0.0
-0.5333333333333333
0.46666666666666656
-0.19999999999999996
-0.1333333333333333
0.19999999999999996
0.2666666666666666
0.0
0.46666666666666656
0.7333333333333334
-0.06666666666666665
0.0
-0.06666666666666665
-0.6
-0.33333333333333337
0.0
-0.19999999999999996
-0.06666666666666665
-0.06666666666666665
0.3999999999999999
0.2666666666666666
-0.4
0.1333333333333333
0.33333333333333326
-0.2666666666666667
-0.1333333333333333
0.1333333333333333
0.6000000000000001
0.2666666666666666
-0.19999999999999996
0.46666666666666656
0.19999999999999996
0.3999999999999999
-0.19999999999999996
-0.06666666666666665
0.8666666666666667
0.1333333333333333
-0.6
0.3999999999999999
-0.5333333333333333
0.46666666666666656
0.33333333333333326
0.0
-0.6666666666666667
0.2666666666666666
0.06666666666666665
-0.2666666666666667
-0.2666666666666667
-0.06666666666666665
-0.7333333333333334
0.1333333333333333
0.19999999999999996
0.6000000000000001
0.9333333333333333
0.3999999999999999
0.0
1.0
0.19999999999999996
0.2666666666666666
0.33333333333333326
-0.1333333333333333
0.19999999999999996
-0.5333333333333333
0.19999999999999996
0.3999999999999999
-0.06666666666666665
0.6000000000000001
-0.4666666666666667
0.5333333333333334
-0.19999999999999996
0.33333333333333326
-0.5333333333333333
-0.06666666666666665
-1.0
-0.7333333333333334
-0.19999999999999996
0.46666666666666656
-0.06666666666666665
0.3999999999999999
0.2666666666666666
0.19999999999999996
-0.06666666666666665
0.3999999999999999
-0.06666666666666665
-0.8
0.06666666666666665
-0.06666666666666665
-0.19999999999999996
-0.7333333333333334
0.2666666666666666
0.19999999999999996
0.6666666666666667
-0.33333333333333337
-0.1333333333333333
0.19999999999999996
0.3999999999999999
0.06666666666666665
0.33333333333333326
0.46666666666666656
-0.06666666666666665
0.2666666666666666
0.33333333333333326
0.2666666666666666
0.7333333333333334
-0.06666666666666665
0.1333333333333333
-0.2666666666666667
-0.1333333333333333
-0.6666666666666667
0.6000000000000001
0.33333333333333326
0.1333333333333333
0.06666666666666665
-0.06666666666666665
0.33333333333333326
0.0
0.0
-0.2666666666666667
0.6666666666666667
0.33333333333333326
0.46666666666666656
0.0
-0.8666666666666667
0.19999999999999996
0.2666666666666666
-0.8
0.3999999999999999
0.06666666666666665
0.3999999999999999
0.6666666666666667
0.19999999999999996
-0.19999999999999996
-0.4666666666666667
0.5333333333333334
0.19999999999999996
0.1333333333333333
-0.06666666666666665
-0.19999999999999996
-0.4
0.2666666666666666
-0.4
-0.1333333333333333
-0.19999999999999996
-0.2666666666666667
0.46666666666666656
0.46666666666666656
-0.1333333333333333
-0.33333333333333337
-0.06666666666666665
-0.06666666666666665
0.06666666666666665
0.3999999999999999
-0.8
0.8
0.06666666666666665
0.06666666666666665
0.06666666666666665
0.46666666666666656
-0.6
-0.06666666666666665
0.46666666666666656
0.5333333333333334
-0.6666666666666667
0.19999999999999996
0.6666666666666667
-0.7333333333333334
0.1333333333333333
0.33333333333333326
0.7333333333333334
0.5333333333333334
-0.4
0.6666666666666667
0.2666666666666666
-0.4
-0.33333333333333337
-0.06666666666666665
0.1333333333333333
0.1333333333333333
0.1333333333333333
0.3999999999999999
0.33333333333333326
0.1333333333333333
-0.4
0.8
0.1333333333333333
0.06666666666666665
0.5333333333333334
-0.4
0.33333333333333326
-0.1333333333333333
0.46666666666666656
0.0
-0.06666666666666665
0.6000000000000001
-0.1333333333333333
-0.06666666666666665
0.19999999999999996
0.06666666666666665
0.0
-0.8
0.8
-0.2666666666666667
-0.1333333333333333
-0.4666666666666667
EIGENVECTOR
0.7282123328132355
-0.8585041963562273
-0.47920063169510463
-0.9426038436745665
-0.6916012828192406
-0.8180842973548949
-0.9192926461270379
-0.8720229363084332
-0.28011417916949766
-0.903004786570909
-0.9019494090672614
0.583215340087673
-0.10948377402388543
-0.565575176003596
-0.15918488493738414
-0.6962241795811195
-0.785740145981702
-0.9368084040118982
0.8543068422807405
-0.9859620554161361
-0.9173770376668389
-0.9845257941462859
-0.3619476369010123
-0.40381299366715107
-0.9943873710093886
-0.2761517452564747
0.43742408432241153
0.25430583364775683
0.03570089942557497
-0.8420993927146052
-0.9074227301009933
-0.773997151884049
0.1337552640810773
-0.4441257815964308
-0.6015454621653862
-0.9402044066132464
-0.978266233198789
-0.4855118965092581
-0.2526184474009221
-0.1310730796653169
-0.09860310777444026
-0.8745528279775208
-0.937968138569984
-0.7561819452365844
-0.705712407048272
-0.5432874298734076
-0.9053800771716563
-0.16852652135503754
-0.17396660500077488
-0.9923358470579189
-0.5317619128165303
-0.8827647977300026
-0.9728924742003925
-0.6575100247864201
0.6882015845899947
-0.1405837636865983
-0.7934014843914463
-0.905361726203257
-0.1761151931613033
-0.3920898631411883
-0.7566228880303897
-0.9247305124064895
-0.8598671001704993
-0.978266233198789
-0.9392053716623107
-0.34644332799873323
-0.3395978580775063
-0.6862101540270737
-0.6353025059023911
0.9193872319706111
-0.982247127850473
0.6116059826824314
0.28802630513782757
-0.802698494883844
0.648318953314347
-0.692655898395113
-0.6495538839829975
0.40644097626286335
-0.9892715456356709
-0.9875619968832146
-0.9666099244972736
-0.06872480884913512
-0.8058258076363037
0.6667389620911834
-0.8324541960802009
-0.9034843764997476
-0.9387846931527631
-0.935501068369708
-0.8341964091638533
-0.947045964578469
0.08021285780126552
-0.8333775193441334
-0.8690131810320583
-0.9836366163061309
-0.2685473780189138
-0.8138357073323801
1.0
-0.8495440055335323
-0.16525436699416196
-0.7069958740040807
-0.8415339662479581
-0.9917650769475538
-0.6924563082151997
-0.6327525162840777
-0.9137152118570717
0.5023504307417179
-0.9439169657975305
-1.0
0.8861229915496045
0.17181828713350145
-0.9335194897749793
-0.6547848638526419
-0.2333215284840865
-0.9536455910096556
0.2946256269180061
0.1565963177828138
0.6911653935840858
-0.9586355443376768
-0.5660804258352226
-0.33943752950744865
-0.7805615721812034
-0.9733876580169794
-0.9705714467695694
-0.9604849668210699
-0.9330022022498498
-0.30020924383291236
-0.4094477732740244
-0.9695850721940265
-0.7572764660126112
-0.9492454159063379
-0.7697572901527769
-0.634259281725221
-0.35394763561905096
0.724619138038767
-0.8675432579175443
-0.5247675035351544
-0.9268262315743118
-0.9359525661755131
0.8138361107982688
-0.8595043702554982
-0.982247127850473
-0.8384457399542519
-0.8961101973227101
0.4009967995491377
-0.9846957915105453
-0.9752373039087546
-0.49187934212653694
-0.7953771488833792
-0.9501625826441386
-0.33025072972522573
0.9517729342206036
-0.9797910436111493
-0.9399225236452217
-0.5408868677748984
-0.9827225967812816
-0.837196514523574
-0.5071644824005896
-0.9323231467460993
-0.9649137681789924
-0.524576509613871
-0.34315958011887393
-0.6400219071789557
-0.9667995113607033
-0.47565589628904026
-0.1671925585454349
-0.7310234672050075
-0.9804078340859522
-0.8808655449040651
-0.19208576472833727
-0.6385153486894471
-0.9595494754228873
0.35401361582071145
-0.8480834620986819
-0.8285934905526898
-0.6565216136543625
-0.7854439608849774
-0.11977880345050718
-0.9077975213423419
-0.9857798405587318
-0.33290555023183854
-0.9864596074225515
-0.3498586461052393
-0.7494869324743592
-0.8384457399542518
-0.9913951385507545
-0.3920701587536032
-0.9477466623316372
-0.6288258143745133
-0.9563408884588069
-0.7737172750302448
-0.9261254728850271
-0.885792266686628
0.1683676045582545
0.65908112389089
0.8336389649607796
-0.4827281634853118
-0.8476593599714277
-0.07283065742190475
-0.203164608084054
0.06355476398356874
-0.8828325463000322
-0.9824954178962123
-0.5919185211715974
-0.9753799531935466
-0.446753726962144
-0.3125804214902106
-0.9504042560337528
0.16165823273905855
-0.565449649779926
0.4225639211249159
-0.9197847953489097
-0.09860310777444059
-0.9782887827785528
-0.9205824903389423
-0.9999999999999999
-0.9923168010679541
-0.9857430122268203
-0.29118392746482125
-0.9773539668267348
-0.7860436393347957
-0.7865960359653882
-0.4159934792277613
-0.7828701669474223
0.07382542748819665
-0.975507418438678
-0.9943873710093886
-0.9087812748909164
-0.749953678216728
-0.9857430122268199
-0.8693382093621025
-0.48701748375465814
-0.8586472186027901
0.6103916416266744
-0.9297465065864302
-0.6617780167173615
0.16859094097151428
-0.17046244818900225
-0.6789119547781499
0.01957394442613647
0.3905078353965066
-0.8818473873974613
-0.9105551968105172
0.11794562511782902
-0.4244706307567814
-0.20190600608287224
-0.6250087181018009
-0.915428732129244
-0.6633626861700139
-0.9491777516705882
-0.9137152118570716
0.7346297882095285
-0.8335891431127783
-0.5512739198936366
-0.8675432579175443
-0.9712058637712683
-0.41756540439795997
-0.7389910234599253
-0.6898823054228727
-0.7921084882403998
0.40994974180973465
-0.06361048410167025
-0.2382253173588218
-0.44006593209681066
-0.9733876580169792
-0.9121087390027225
-0.36646621207922947
-0.8144536020683018
-0.34781064468092615
-0.44445248315034347
-0.8451191081925997
-0.5259164371571727
-0.18169101374720265
-0.5808817251388103
-0.9784898772974744
-0.2092852204934713
-0.4377431845901134
-0.4663801839296904
-0.49822272114152466
-0.9566739352865061
-0.7441974798321936
-0.8966347216916724
-0.9743319376291334
-0.48286974005566474
-0.4773612637283736
-0.9773480852899724
-0.7302021623195596
-0.2889438942650374
-0.5432874298734074
-0.8308633200843216
-0.7233206008228918
-0.6593031893973014
-0.92046408282178
-0.8930005872543678
-0.9659606112603287
0.9585032338114077
-0.895270982351211
-0.9263895520193294
-0.8751362021466316
-0.3828955584400945
-0.9388462846436884
-0.6505316651466699
-0.905582784133474
-0.20928522049347098
-0.7979993571339843
0.002332600150750652
-0.20785167750429834
-0.7602278019361333
-0.8441365951209265
-0.8041808627238769
-0.14059565295839205
0.5891533407705443
-0.9836101347962003
0.6332630000888819
-0.5802701066677428
-0.8752542133496894
-0.9865964724178348
-0.6962241795811195
-0.7672603667147484
-0.8703658412250569
-0.6833631423659343
0.28611897789071783
0.07946531459583861
-0.29606692944272894
-0.9535482541202066
-0.12061519142522414
-0.7805834258334361
-0.5360490362501698
0.17902505919352252
-0.8740585791182258
-0.3555225270552066
-0.4284361446961834
-0.08959115586032773
-0.4058125893945951
-0.8950458251676346
0.4709287705701306
-0.3146115776780469
-0.8130827382039069
-0.03027456420545216
-0.4777261594118508
-0.949245415906338
-0.88216133714446
0.7123184852644753
-0.9245094578054072
-0.7186893016095707
-0.9784739022525312
CENT
-0.23076118090713926
-0.4386949966178383
-0.5140707662064736
-0.8850060830253041
-0.27389258678077677
-0.9890937807923643
-0.670592879956353
-0.6900795684848894
-0.927131176499422
-0.9336728128178667
-0.8865133398922025
-0.6458591599097974
-0.5816109605181115
-0.8368237133772012
-0.7818979701008545
-0.8673574687111347
-0.8212374989440561
-0.9407149841515392
-0.4775642943705761
-0.9944257675631412
-0.7959532377668669
-0.9567077706805466
-0.1326612931713539
-0.7433144949206304
-1.0
-0.5958334212170431
-0.7121708104574898
-0.7375262359433084
-0.594801000690682
-0.7690643915905224
-0.9450857283732108
-0.611421559483509
-0.3250408858479331
-0.4161354364317299
-0.2952591327007861
-0.0548655906065465
-0.809609408923714
-0.6590924925489838
-0.6127704177770541
-0.7124626946821044
-0.7264943270050834
-0.4517659517391871
-0.7777203901072912
-0.9837371888247652
0.09716707701119409
-0.8039819829514042
-0.9974623181356678
-0.673846818650079
-0.4541932315029912
-0.9995532693299424
-0.8552180582797998
-0.8580670141919112
-0.9082645643438775
-0.4915363679947946
-0.6215012205674952
-0.5243612146434721
-0.6634180450484767
-0.9354557055042132
-0.8189948287088585
-0.008581289530359526
-0.9863950545703307
-0.7519374598874847
-0.8011285268756111
-0.809609408923714
-0.9565851089806712
-0.3682409059486659
-0.3506553227119378
-0.4228217742927005
-0.1707097320571298
-0.6038156280101721
-0.9499445245872326
-0.769142811684439
0.6935766909906487
-0.9942786112733241
-0.4098105165026894
-0.3493856210505025
-0.6476307101193415
-0.2020284864172298
-0.9990785056243218
-0.9756717273529003
-0.770572403669242
-0.7685656290177936
-0.6594215297034629
-0.08332512606984366
-0.09575984074533128
-0.6705138791945973
-1.0
-0.8480279458158069
-0.6224702889791203
-0.8807470975463243
-0.37459792729427677
-0.4090530070088948
-0.822029651896806
-0.9977698570763985
-0.7227305612350958
-0.9499587180128439
0.0011283540235387246
-0.9915154372466037
-0.34434502264314715
-0.1875798976547437
-0.9793518973290732
-0.9986128864440357
0.23499535241933733
-0.6410968187312666
-0.9957731086479525
-0.8140050144061143
-0.829325280303603
-1.0
-0.5929265525459786
-0.7438024127985658
-0.8361382588225782
-0.8796112514549448
-0.5673737901524021
-0.8277548790104382
-0.6353746626384188
-0.6721559602776941
-0.8297494702163698
-0.9838028931754831
-0.868550504619797
-0.6932742132744328
-0.3274015033174912
-0.986608113630771
-0.7891937930490696
-0.9738784527329734
-0.780282392722391
-0.43035897798680023
-0.8001115419749902
-0.8924409055782204
-0.41064286697975605
-0.9355192148628128
-0.9727035095028469
-0.8641539683874804
-0.8561393174848005
-0.7171573374819034
-0.8388622868450053
-0.879616980897741
-0.7685386535830945
-0.8460500886476253
-0.6082793760255241
-0.8045431724956218
-0.9499445245872326
-0.9112801996554493
-0.9638955059820318
-0.7062042381467171
-0.9649449386939524
-0.925854916459951
-0.8267957912447489
-0.6511500569051355
-0.7659119927790962
-0.7957911294672807
-0.6058922447180191
-0.8855197428950101
-0.5816666885335797
-0.9020244813861064
-0.9932621865300962
-0.9412010729471176
-0.8552344632357934
-0.9171806044767407
-0.7250349357122882
-0.938708621161077
-0.32953801521690873
0.005590689602718024
-0.9792905382345711
-0.5124816433816083
-0.7296568511333782
-0.9742108316507181
-0.9324219443672404
-0.6150138325565151
-0.8803882337394562
-0.4672940189027279
-0.9711322238390264
-0.8034377302225773
-0.6537061512083079
0.08070773870003567
-0.8938641271376966
-0.7188575069887291
-0.6631615544992393
-0.7669913510426258
-0.9851037016931199
-0.7702717557387115
-0.9359148282855747
-0.35109626443441366
-0.6066901933917965
-0.9112801996554493
-0.982724756107349
0.19071121178191608
-0.9535340770834841
-0.4565951308145393
-0.9062544082512224
-0.867459512641054
-0.9998742635830378
-0.869496483366097
-0.8515131905968822
-0.3071619862944047
-0.3443883872520923
-0.6997470225187634
-0.632458308992405
-0.30005173150709996
-0.7400487610375295
-0.4769148503061432
-0.5791652209368386
-0.9161514553114045
-0.3981625710568648
-0.9950216891221382
-0.5425256168373227
-0.7583845386857744
-0.8703289170067238
-0.3785703039567525
-0.9366620717855194
-0.42004004891060076
-0.9325495644009378
-0.7264943270050834
-0.9874019148120001
-0.6669108671039212
-1.0
-0.9931476703146204
-0.975496132862092
-0.5806902958190563
-0.8490974530614684
-0.49494249082789143
-0.7738102273731342
-0.22690732659861468
-0.756970711569284
-0.6978304079339455
-0.7394620784836914
-1.0
-0.8506985972852151
-0.6658685610504362
-0.975496132862092
-0.8916752269482723
-0.5565130314051261
-0.755997559749221
-0.6782377953812837
-0.8775095223767208
0.11887887058621316
-0.8520513764595501
-0.7759888095449696
-0.9112078378714273
-0.7286947438678608
-0.7840947021228705
-0.92680743560576
-0.8665587903104487
-0.777356582999424
-0.07089134371807349
-0.6896770313066243
-0.5199710431338871
-0.5435916190046444
-0.662455283871167
-0.9524030843944551
-0.9957731086479525
-0.6298342749836677
-0.6595855594629303
0.05498010284981647
-0.8388622868450053
-0.8855161686884646
-0.8337627125645105
-0.506086796716678
0.3353774543670456
-0.9282257135140451
1.0
-0.4488749199596207
-0.8226173772018409
-0.27236761588491354
-0.986608113630771
-0.8926787365360512
-0.3509785811382756
-0.9758631915668925
-0.72712145298292
-0.9340261042800353
-0.5990387152469367
-0.1551910073922007
-0.7227727443899366
-0.8880627275220749
-0.8429015417186291
-0.9133574225506759
-0.7488209332535612
0.5302960766873552
-0.3071949018676068
-0.9107010224832167
-0.8781186599541272
-0.9222071414621072
-0.9754467754629078
-0.2682052672584978
0.2776562015595516
-0.9080753953581169
-0.2818799828732331
-0.4060130872776917
-0.8039819829514042
-0.98725683349025
-0.25492685826463624
-0.07371501764538146
-0.6272351838492891
-0.8533567136035008
-0.977980609697939
-0.6338570540079187
-0.8010405781589871
-0.8284304479940794
-0.8778597873205408
-0.6189254133456866
-0.9987776279215758
-0.7872417315722876
-0.6713559890282201
-0.9133574225506759
-0.9258661953586265
-0.8133264853289988
-0.6589000187550536
-0.9617810228607298
-0.41296946045051075
-0.6390438385809627
-0.7111277687340134
-0.42096148178602166
-0.9307780303704382
-0.6418900275061673
-0.5660522965639299
-0.7829308138552655
-0.9866946015711998
-0.8673574687111347
-0.8317383328338986
-0.7599890777955516
-0.31682873410052004
-0.6397098355391544
-0.7239855262641168
-0.8548263445551498
-0.9812631928098033
-0.7158254250444736
0.04780017460384589
-0.65184615831132
-0.3122960861018115
-0.9672334971584334
-0.8313656811702228
-0.16742142709875962
-0.019810873253698236
-0.8620382538354138
-0.08912688351111608
-0.7456938812586609
-0.8954820651105704
-0.32025306106478235
-0.17429711673264114
-0.4325488813771784
-0.9355192148628128
-0.843409505160025
-0.0924884253157282
-0.9397601776618917
-0.5533043864901386
-0.9940888277226173
DEGREE_RANK
0.9476744186046513
0.14534883720930236
0.03488372093023262
-0.6686046511627908
-0.37790697674418605
-0.8953488372093024
0.5406976744186047
0.2790697674418605
-0.08139534883720934
0.2848837209302324
0.38953488372093026
0.8372093023255813
0.9767441860465116
-0.6337209302325582
0.2906976744186047
-0.37209302325581395
-0.07558139534883723
-0.8662790697674418
0.9069767441860466
-0.627906976744186
-0.7325581395348837
-0.5523255813953489
-0.36627906976744196
0.5465116279069766
-0.9709302325581395
-0.06976744186046513
0.7732558139534884
0.6453488372093021
0.2965116279069766
-0.8255813953488372
0.04069767441860472
-0.5465116279069768
0.5523255813953489
0.39534883720930236
0.40116279069767447
0.30232558139534893
-0.4651162790697675
-0.36046511627906985
0.6511627906976745
0.9127906976744187
0.40697674418604657
0.41279069767441867
-0.35465116279069775
-0.5406976744186047
-0.19186046511627908
-0.4593023255813954
-0.8604651162790697
0.4186046511627908
0.4244186046511629
-0.9883720930232558
0.04651162790697683
-0.7674418604651163
-0.8197674418604651
-0.34883720930232565
0.7790697674418605
0.9186046511627906
0.430232558139535
0.15116279069767447
0.15697674418604657
0.7848837209302326
-0.7267441860465116
0.16279069767441867
0.16860465116279078
-0.4534883720930233
-0.622093023255814
-0.34302325581395354
0.4360465116279071
0.4418604651162792
-0.18604651162790697
0.9534883720930232
-0.813953488372093
0.8430232558139534
0.9244186046511629
-0.936046511627907
0.7906976744186047
-0.06395348837209303
-0.4476744186046512
0.8488372093023255
-0.9302325581395349
-0.8546511627906976
-0.33720930232558144
0.05232558139534893
-0.05813953488372092
0.8546511627906976
-0.6162790697674418
-0.18023255813953498
-0.9651162790697675
0.17441860465116288
0.4476744186046513
-0.05232558139534882
0.18023255813953498
0.18604651162790686
-0.17441860465116288
-0.8488372093023255
0.3081395348837208
-0.8081395348837209
0.9883720930232558
-0.7616279069767442
0.8604651162790697
0.1918604651162792
-0.8023255813953488
-0.9244186046511628
-0.33139534883720934
0.4534883720930232
-0.8895348837209303
0.5581395348837208
-0.4418604651162791
-1.0
0.8662790697674418
0.5639534883720931
-0.5348837209302326
-0.046511627906976716
0.872093023255814
-0.6104651162790697
0.6569767441860463
0.569767441860465
0.6627906976744187
-0.6046511627906976
-0.6627906976744187
-0.16860465116279078
0.4593023255813953
-0.9825581395348837
-0.16279069767441867
-0.7558139534883721
0.058139534883721034
0.6686046511627906
0.4651162790697674
-0.7209302325581395
-0.04069767441860472
-0.15697674418604657
-0.5290697674418605
-0.5988372093023255
0.06395348837209314
0.7965116279069768
-0.03488372093023262
-0.32558139534883723
-0.15116279069767447
-0.7151162790697674
0.8023255813953489
0.31395348837209314
-0.7965116279069768
-0.14534883720930236
-0.7906976744186047
0.6744186046511629
-0.5232558139534884
-0.436046511627907
0.19767441860465107
0.319767441860465
-0.13953488372093026
0.6802325581395348
0.9302325581395348
-0.31976744186046513
-0.13372093023255827
-0.31395348837209314
-0.8430232558139535
-0.6569767441860466
-0.12790697674418616
-0.5174418604651163
-0.30813953488372103
-0.30232558139534893
0.5755813953488373
0.32558139534883734
-0.7093023255813953
0.06976744186046524
0.4709302325581395
-0.5930232558139535
-0.43023255813953487
0.07558139534883734
0.808139534883721
0.3313953488372092
-0.5116279069767442
0.6860465116279071
0.2034883720930234
0.5813953488372092
-0.5058139534883721
-0.2965116279069768
0.9825581395348839
0.08139534883720945
-0.8372093023255814
0.5872093023255816
-0.7848837209302326
0.691860465116279
0.4767441860465116
-0.12209302325581406
-0.8837209302325582
0.33720930232558155
-0.029069767441860517
-0.5872093023255814
-0.5813953488372093
-0.2906976744186047
-0.9186046511627907
0.08720930232558155
0.20930232558139528
0.8139534883720931
0.9941860465116281
0.5930232558139534
-0.11627906976744196
1.0
0.2151162790697676
0.34302325581395343
0.4825581395348837
-0.42441860465116277
0.22093023255813948
-0.7790697674418605
0.2267441860465118
0.5988372093023258
-0.2848837209302326
0.819767441860465
-0.75
0.7441860465116279
-0.5
0.4883720930232558
-0.7732558139534884
-0.2790697674418605
-0.9941860465116279
-0.9127906976744187
-0.494186046511628
0.6976744186046513
-0.2732558139534884
0.6046511627906976
0.34883720930232576
0.2325581395348837
-0.2674418604651163
0.61046511627907
-0.2616279069767442
-0.9593023255813954
-0.023255813953488413
-0.2558139534883721
-0.4883720930232559
-0.9069767441860466
0.35465116279069764
0.23837209302325602
0.877906976744186
-0.6511627906976745
-0.41860465116279066
0.2441860465116279
0.6162790697674418
-0.01744186046511631
0.4941860465116279
0.7034883720930232
-0.25
0.36046511627906996
0.5
0.36627906976744184
0.9360465116279071
-0.2441860465116279
0.09302325581395343
-0.5755813953488372
-0.41279069767441856
-0.877906976744186
0.8255813953488371
0.5058139534883721
0.09883720930232553
-0.011627906976744207
-0.2383720930232558
0.5116279069767442
-0.11046511627906985
-0.10465116279069775
-0.5697674418604651
0.8837209302325582
0.5174418604651163
0.7093023255813955
-0.09883720930232565
-0.9767441860465116
0.2500000000000002
0.37209302325581395
-0.9534883720930233
0.6220930232558142
-0.005813953488372103
0.627906976744186
0.8895348837209303
0.2558139534883721
-0.4825581395348838
-0.7441860465116279
0.75
0.26162790697674443
0.10465116279069764
-0.2325581395348837
-0.4767441860465117
-0.7034883720930233
0.37790697674418605
-0.6976744186046512
-0.40697674418604657
-0.4709302325581396
-0.5639534883720931
0.7151162790697674
0.7209302325581397
-0.40116279069767447
-0.6453488372093024
-0.2267441860465117
-0.2209302325581396
0.0
0.6337209302325584
-0.9476744186046512
0.9593023255813955
0.005813953488372103
0.011627906976744207
0.01744186046511631
0.7267441860465116
-0.8313953488372093
-0.2151162790697675
0.7325581395348837
0.7558139534883721
-0.872093023255814
0.2674418604651163
0.8953488372093024
-0.9011627906976745
0.11046511627906974
0.5232558139534884
0.941860465116279
0.7616279069767442
-0.6918604651162791
0.9011627906976745
0.38372093023255816
-0.6860465116279071
-0.6395348837209303
-0.2093023255813954
0.11627906976744184
0.12209302325581395
0.12790697674418605
0.6395348837209303
0.5290697674418605
0.13372093023255816
-0.680232558139535
0.9651162790697674
0.13953488372093026
0.023255813953488413
0.7674418604651163
-0.6744186046511629
0.5348837209302326
-0.39534883720930236
0.7383720930232558
-0.09302325581395354
-0.20348837209302328
0.8313953488372092
-0.38953488372093026
-0.19767441860465118
0.2732558139534882
0.029069767441860517
-0.08720930232558144
-0.9418604651162791
0.9709302325581397
-0.558139534883721
-0.38372093023255816
-0.7383720930232558
EIGENVECTOR_RANK
0.9476744186046513
-0.2790697674418605
0.30232558139534893
-0.6395348837209303
0.05232558139534893
-0.18023255813953498
-0.5116279069767442
-0.33139534883720934
0.5232558139534884
-0.43023255813953487
-0.42441860465116277
0.877906976744186
0.6686046511627906
0.19767441860465107
0.6337209302325584
0.03488372093023262
-0.10465116279069775
-0.5988372093023255
0.9709302325581397
-0.9302325581395349
-0.5058139534883721
-0.9011627906976745
0.4244186046511629
0.39534883720930236
-0.9883720930232558
0.5290697674418605
0.8604651162790697
0.8023255813953489
0.7267441860465116
-0.2441860465116279
-0.4593023255813954
-0.07558139534883723
0.7616279069767442
0.34302325581395343
0.16860465116279078
-0.6337209302325582
-0.8313953488372093
0.2848837209302324
0.5406976744186047
0.6511627906976745
0.6744186046511629
-0.34302325581395354
-0.6046511627906976
-0.03488372093023262
0.023255813953488413
0.2151162790697676
-0.4476744186046512
0.6162790697674418
0.6046511627906976
-0.9767441860465116
0.23837209302325602
-0.37790697674418605
-0.7732558139534884
0.09883720930232553
0.9244186046511629
0.6453488372093021
-0.12790697674418616
-0.4418604651162791
0.5988372093023258
0.40116279069767447
-0.04069767441860472
-0.5406976744186047
-0.2965116279069768
-0.8255813953488372
-0.622093023255814
0.4534883720930232
0.4651162790697674
0.06395348837209314
0.13953488372093026
0.9825581395348839
-0.872093023255814
0.8953488372093024
0.8139534883720931
-0.14534883720930236
0.9069767441860466
0.04069767441860472
0.12209302325581395
0.8430232558139534
-0.9534883720930233
-0.9476744186046512
-0.7441860465116279
0.6976744186046513
-0.15697674418604657
0.9186046511627906
-0.19767441860465118
-0.436046511627907
-0.6104651162790697
-0.5872093023255814
-0.2151162790697675
-0.6511627906976745
0.75
-0.20348837209302328
-0.31395348837209314
-0.8953488372093024
0.5348837209302326
-0.16860465116279078
1.0
-0.2732558139534884
0.627906976744186
0.01744186046511631
-0.2383720930232558
-0.9651162790697675
0.04651162790697683
0.15116279069767447
-0.494186046511628
0.872093023255814
-0.6453488372093024
-1.0
0.9767441860465116
0.7906976744186047
-0.5813953488372093
0.11046511627906974
0.5523255813953489
-0.6976744186046512
0.819767441860465
0.7674418604651163
0.9302325581395348
-0.7151162790697674
0.1918604651162792
0.4709302325581395
-0.08139534883720934
-0.7790697674418605
-0.7616279069767442
-0.7267441860465116
-0.5755813953488372
0.5
0.38372093023255816
-0.7558139534883721
-0.046511627906976716
-0.6686046511627908
-0.06395348837209303
0.14534883720930236
0.4360465116279071
0.941860465116279
-0.30232558139534893
0.2500000000000002
-0.558139534883721
-0.5930232558139535
0.9593023255813955
-0.2906976744186047
-0.8662790697674418
-0.2267441860465117
-0.41279069767441856
0.8372093023255813
-0.9069767441860466
-0.7965116279069768
0.2732558139534882
-0.13372093023255827
-0.680232558139535
0.4825581395348837
0.9883720930232558
-0.8546511627906976
-0.627906976744186
0.2267441860465118
-0.8837209302325582
-0.2209302325581396
0.26162790697674443
-0.5697674418604651
-0.7325581395348837
0.2558139534883721
0.4593023255813953
0.12790697674418605
-0.75
0.319767441860465
0.6220930232558142
-0.005813953488372103
-0.8604651162790697
-0.36046511627906985
0.5872093023255816
0.13372093023255816
-0.7209302325581395
0.8255813953488371
-0.2674418604651163
-0.18604651162790697
0.10465116279069764
-0.09883720930232565
0.6627906976744187
-0.4651162790697675
-0.9244186046511628
0.4767441860465116
-0.936046511627907
0.4418604651162792
-0.023255813953488413
-0.2325581395348837
-0.9593023255813954
0.40697674418604657
-0.6569767441860466
0.15697674418604657
-0.7034883720930233
-0.06976744186046513
-0.5465116279069768
-0.38953488372093026
0.7790697674418605
0.9127906976744187
0.9651162790697674
0.2965116279069766
-0.2616279069767442
0.691860465116279
0.5755813953488373
0.7325581395348837
-0.38372093023255816
-0.877906976744186
0.17441860465116288
-0.8023255813953488
0.3313953488372092
0.4941860465116279
-0.6860465116279071
0.7732558139534884
0.2034883720930234
0.8546511627906976
-0.5174418604651163
0.6802325581395348
-0.8372093023255814
-0.5290697674418605
-0.9941860465116279
-0.9709302325581395
-0.9186046511627907
0.5116279069767442
-0.8197674418604651
-0.11046511627906985
-0.11627906976744196
0.37790697674418605
-0.09302325581395354
0.7383720930232558
-0.8081395348837209
-0.9825581395348837
-0.4709302325581396
-0.029069767441860517
-0.9127906976744187
-0.31976744186046513
0.2790697674418605
-0.2848837209302326
0.8895348837209303
-0.5639534883720931
0.08720930232558155
0.7848837209302326
0.61046511627907
0.07558139534883734
0.7209302325581397
0.8313953488372092
-0.36627906976744196
-0.4767441860465117
0.7558139534883721
0.36627906976744184
0.5813953488372092
0.16279069767441867
-0.5
0.08139534883720945
-0.6627906976744187
-0.4883720930232559
0.9534883720930232
-0.2093023255813954
0.20930232558139528
-0.30813953488372103
-0.7674418604651163
0.37209302325581395
-0.011627906976744207
0.058139534883721034
-0.12209302325581406
0.8488372093023255
0.7034883720930232
0.5465116279069766
0.34883720930232576
-0.7848837209302326
-0.4825581395348838
0.4186046511627908
-0.17441860465116288
0.4476744186046513
0.33720930232558155
-0.2558139534883721
0.2441860465116279
0.5930232558139534
0.18023255813953498
-0.8488372093023255
0.5581395348837208
0.35465116279069764
0.32558139534883734
0.2674418604651163
-0.7093023255813953
-0.01744186046511631
-0.41860465116279066
-0.7906976744186047
0.2906976744186047
0.31395348837209314
-0.813953488372093
0.0
0.5174418604651163
0.22093023255813948
-0.19186046511627908
0.005813953488372103
0.09302325581395343
-0.5232558139534884
-0.39534883720930236
-0.7383720930232558
0.9941860465116281
-0.40697674418604657
-0.5523255813953489
-0.34883720930232565
0.41279069767441867
-0.6162790697674418
0.11627906976744184
-0.4534883720930233
0.5639534883720931
-0.13953488372093026
0.7151162790697674
0.569767441860465
-0.05232558139534882
-0.25
-0.15116279069767447
0.6395348837209303
0.8837209302325582
-0.8895348837209303
0.9011627906976745
0.18604651162790686
-0.35465116279069775
-0.9418604651162791
0.029069767441860517
-0.05813953488372092
-0.32558139534883723
0.06976744186046524
0.808139534883721
0.7441860465116279
0.5058139534883721
-0.6918604651162791
0.6569767441860463
-0.08720930232558144
0.2325581395348837
0.7965116279069768
-0.33720930232558144
0.430232558139535
0.36046511627906996
0.6860465116279071
0.38953488372093026
-0.40116279069767447
0.8662790697674418
0.4883720930232558
-0.16279069767441867
0.7093023255813955
0.3081395348837208
-0.6744186046511629
-0.37209302325581395
0.9360465116279071
-0.5348837209302326
0.011627906976744207
-0.8430232558139535
CENT_RANK
0.819767441860465
0.6046511627906976
0.5348837209302326
-0.43023255813953487
0.7965116279069768
-0.877906976744186
0.23837209302325602
0.2034883720930234
-0.5813953488372093
-0.6104651162790697
-0.4476744186046512
0.32558139534883734
0.4709302325581395
-0.2383720930232558
-0.05813953488372092
-0.36046511627906985
-0.16860465116279078
-0.6627906976744187
0.5639534883720931
-0.9127906976744187
-0.09302325581395354
-0.7151162790697674
0.8662790697674418
0.06976744186046524
-1.0
0.4476744186046513
0.16860465116279078
0.08720930232558155
0.4534883720930232
-0.005813953488372103
-0.6744186046511629
0.41279069767441867
0.7441860465116279
0.6395348837209303
0.7848837209302326
0.9069767441860466
-0.14534883720930236
0.2906976744186047
0.40697674418604657
0.16279069767441867
0.11046511627906974
0.5930232558139534
-0.046511627906976716
-0.8255813953488372
0.9534883720930232
-0.12790697674418616
-0.936046511627907
0.22093023255813948
0.5872093023255816
-0.9651162790697675
-0.31395348837209314
-0.33139534883720934
-0.5058139534883721
0.5581395348837208
0.38953488372093026
0.5232558139534884
0.26162790697674443
-0.622093023255814
-0.16279069767441867
0.9186046511627906
-0.8430232558139535
0.04651162790697683
-0.11046511627906985
-0.13953488372093026
-0.7093023255813953
0.691860465116279
0.7093023255813955
0.6220930232558142
0.8488372093023255
0.4360465116279071
-0.6860465116279071
-0.011627906976744207
0.9941860465116281
-0.9069767441860466
0.6569767441860463
0.7151162790697674
0.319767441860465
0.8313953488372092
-0.9593023255813954
-0.7848837209302326
-0.023255813953488413
0.0
0.2848837209302324
0.8895348837209303
0.872093023255814
0.2441860465116279
-0.9941860465116279
-0.2732558139534884
0.38372093023255816
-0.42441860465116277
0.6860465116279071
0.6627906976744187
-0.17441860465116288
-0.9418604651162791
0.13953488372093026
-0.6918604651162791
0.9244186046511629
-0.8837209302325582
0.7267441860465116
0.8372093023255813
-0.8081395348837209
-0.9476744186046512
0.9709302325581397
0.33720930232558155
-0.9302325581395349
-0.15697674418604657
-0.20348837209302328
-0.9883720930232558
0.4593023255813953
0.06395348837209314
-0.2325581395348837
-0.40697674418604657
0.4883720930232558
-0.19186046511627908
0.35465116279069764
0.2267441860465118
-0.2093023255813954
-0.8313953488372093
-0.37209302325581395
0.19767441860465107
0.7383720930232558
-0.8546511627906976
-0.08139534883720934
-0.7558139534883721
-0.05232558139534882
0.6162790697674418
-0.09883720930232565
-0.4651162790697675
0.6511627906976745
-0.6337209302325582
-0.75
-0.34302325581395354
-0.32558139534883723
0.15116279069767447
-0.25
-0.41279069767441856
0.005813953488372103
-0.2674418604651163
0.4186046511627908
-0.13372093023255827
-0.680232558139535
-0.5290697674418605
-0.7267441860465116
0.18023255813953498
-0.7325581395348837
-0.5639534883720931
-0.18604651162790697
0.31395348837209314
0.01744186046511631
-0.08720930232558144
0.430232558139535
-0.4418604651162791
0.4651162790697674
-0.4883720930232559
-0.8953488372093024
-0.6686046511627908
-0.31976744186046513
-0.5523255813953489
0.12209302325581395
-0.6511627906976745
0.7325581395348837
0.9302325581395348
-0.8023255813953488
0.5406976744186047
0.09302325581395343
-0.7616279069767442
-0.5988372093023255
0.40116279069767447
-0.41860465116279066
0.5755813953488373
-0.7441860465116279
-0.11627906976744196
0.30232558139534893
0.9476744186046513
-0.4767441860465117
0.14534883720930236
0.2674418604651163
0.011627906976744207
-0.8372093023255814
-0.01744186046511631
-0.6395348837209303
0.6976744186046513
0.4244186046511629
-0.5232558139534884
-0.8197674418604651
0.9651162790697674
-0.7034883720930233
0.5813953488372092
-0.494186046511628
-0.36627906976744196
-0.9709302325581395
-0.37790697674418605
-0.2906976744186047
0.7732558139534884
0.7209302325581397
0.18604651162790686
0.36627906976744184
0.7790697674418605
0.07558139534883734
0.569767441860465
0.4825581395348837
-0.5465116279069768
0.6744186046511629
-0.9186046511627907
0.5174418604651163
0.029069767441860517
-0.38372093023255816
0.6802325581395348
-0.6453488372093024
0.6337209302325584
-0.6046511627906976
0.11627906976744184
-0.872093023255814
0.2500000000000002
-0.9825581395348837
-0.8895348837209303
-0.7790697674418605
0.4767441860465116
-0.2790697674418605
0.5523255813953489
-0.029069767441860517
0.8255813953488371
0.03488372093023262
0.1918604651162792
0.08139534883720945
-0.9767441860465116
-0.2848837209302326
0.2558139534883721
-0.7732558139534884
-0.4593023255813954
0.5
0.04069767441860472
0.2151162790697676
-0.38953488372093026
0.9593023255813955
-0.2965116279069768
-0.03488372093023262
-0.5174418604651163
0.09883720930232553
-0.06976744186046513
-0.5755813953488372
-0.34883720930232565
-0.04069767441860472
0.9011627906976745
0.20930232558139528
0.5290697674418605
0.5116279069767442
0.2732558139534882
-0.6976744186046512
-0.9244186046511628
0.37209302325581395
0.2790697674418605
0.941860465116279
-0.2441860465116279
-0.436046511627907
-0.2267441860465117
0.5465116279069766
0.9825581395348839
-0.5872093023255814
1.0
0.5988372093023258
-0.18023255813953498
0.8023255813953489
-0.8488372093023255
-0.4709302325581396
0.7034883720930232
-0.7906976744186047
0.10465116279069764
-0.6162790697674418
0.4418604651162792
0.8604651162790697
0.13372093023255816
-0.4534883720930233
-0.2558139534883721
-0.5406976744186047
0.05232558139534893
0.9883720930232558
0.7674418604651163
-0.5116279069767442
-0.40116279069767447
-0.558139534883721
-0.7674418604651163
0.808139534883721
0.9767441860465116
-0.5
0.7906976744186047
0.6686046511627906
-0.12209302325581406
-0.8662790697674418
0.8139534883720931
0.8953488372093024
0.37790697674418605
-0.30232558139534893
-0.7965116279069768
0.36046511627906996
-0.10465116279069775
-0.19767441860465118
-0.39534883720930236
0.39534883720930236
-0.9534883720930233
-0.07558139534883723
0.2325581395348837
-0.5348837209302326
-0.5697674418604651
-0.15116279069767447
0.2965116279069766
-0.7209302325581395
0.6453488372093021
0.34883720930232576
0.17441860465116288
0.627906976744186
-0.5930232558139535
0.3313953488372092
0.4941860465116279
-0.06395348837209303
-0.8604651162790697
-0.35465116279069775
-0.2209302325581396
0.023255813953488413
0.7558139534883721
0.34302325581395343
0.12790697674418605
-0.30813953488372103
-0.813953488372093
0.15697674418604657
0.9360465116279071
0.3081395348837208
0.7616279069767442
-0.7383720930232558
-0.2151162790697675
0.8546511627906976
0.9127906976744187
-0.33720930232558144
0.8837209302325582
0.058139534883721034
-0.4825581395348838
0.75
0.8430232558139534
0.61046511627907
-0.627906976744186
-0.2616279069767442
0.877906976744186
-0.6569767441860466
0.5058139534883721
-0.9011627906976745
RANK
24
86
107
214
225
190
49
78
299
101
93
46
104
249
203
19
73
344
154
215
97
5
212
288
315
121
263
60
178
117
43
184
323
100
162
293
266
79
216
228
281
165
123
130
170
328
144
142
306
21
64
186
248
95
70
140
30
155
17
342
159
208
180
129
339
57
268
9
210
166
311
258
8
240
303
145
280
157
201
274
302
141
183
237
278
52
284
188
153
335
174
264
127
229
272
10
151
254
3
89
168
135
111
279
297
233
206
191
118
189
15
316
241
131
332
51
132
156
50
322
292
235
192
226
218
87
137
340
273
134
253
13
110
255
317
329
116
106
296
113
146
261
92
16
58
105
304
36
63
139
45
287
171
62
295
126
20
149
122
300
239
314
14
124
42
242
236
220
80
179
71
29
81
136
177
148
318
205
222
231
61
275
334
109
23
198
224
27
164
238
267
40
211
158
321
271
94
175
133
324
39
26
309
143
195
223
119
7
244
232
47
115
301
6
85
213
227
56
176
247
251
82
37
305
172
326
147
76
11
312
103
320
308
114
294
196
250
291
88
54
298
167
38
31
138
182
150
69
269
25
28
108
152
12
217
200
112
313
230
343
246
204
55
245
2
163
256
219
53
18
199
169
187
48
41
260
1
338
125
67
310
209
33
307
128
74
91
286
202
207
90
65
181
265
66
75
194
98
160
120
32
336
319
327
277
193
197
34
285
4
262
282
289
0
221
77
99
337
68
330
270
22
84
341
333
83
290
243
35
331
59
96
161
325
252
173
44
234
185
102
283
257
276
72
259
