DEGREE
0.7021276595744681
0.02127659574468077
0.6170212765957446
0.44680851063829796
-0.021276595744680882
0.6170212765957446
0.4042553191489362
0.31914893617021267
-0.4042553191489362
0.7446808510638299
0.9574468085106382
0.1063829787234043
0.1914893617021276
-0.021276595744680882
0.1914893617021276
0.14893617021276606
0.4893617021276595
0.36170212765957444
-0.14893617021276595
-0.3191489361702128
-0.19148936170212771
0.14893617021276606
0.574468085106383
0.4042553191489362
0.7021276595744681
-0.06382978723404253
0.02127659574468077
0.1063829787234043
0.5319148936170213
0.23404255319148937
0.4042553191489362
0.5319148936170213
-0.23404255319148937
0.8723404255319149
0.31914893617021267
0.27659574468085113
0.4042553191489362
-0.19148936170212771
0.4042553191489362
-0.4042553191489362
0.4042553191489362
0.06382978723404253
-0.276595744680851
-0.276595744680851
-0.19148936170212771
0.1914893617021276
0.7021276595744681
0.5319148936170213
0.36170212765957444
0.5319148936170213
0.36170212765957444
-0.19148936170212771
-0.3191489361702128
0.36170212765957444
0.7872340425531914
0.4042553191489362
0.36170212765957444
0.5319148936170213
-0.06382978723404253
1.0
0.6595744680851063
-0.06382978723404253
-0.021276595744680882
0.23404255319148937
0.1914893617021276
-0.4042553191489362
0.14893617021276606
0.31914893617021267
0.6595744680851063
-0.06382978723404253
0.31914893617021267
0.23404255319148937
0.574468085106383
-0.36170212765957444
0.14893617021276606
-0.06382978723404253
0.36170212765957444
0.44680851063829796
0.31914893617021267
0.06382978723404253
0.574468085106383
-0.4893617021276596
0.31914893617021267
-0.4893617021276596
-0.8723404255319149
0.1914893617021276
0.23404255319148937
0.14893617021276606
0.5319148936170213
0.1063829787234043
0.574468085106383
0.31914893617021267
0.44680851063829796
0.4042553191489362
-0.1063829787234043
0.4042553191489362
-0.19148936170212771
-0.06382978723404253
0.8297872340425532
0.5319148936170213
0.31914893617021267
0.4042553191489362
-0.276595744680851
-0.1063829787234043
0.1063829787234043
0.4893617021276595
0.574468085106383
0.4893617021276595
0.7872340425531914
-0.23404255319148937
0.6595744680851063
-0.6170212765957447
0.574468085106383
0.31914893617021267
0.6170212765957446
0.36170212765957444
-0.23404255319148937
0.4893617021276595
0.6595744680851063
0.6170212765957446
0.23404255319148937
0.4042553191489362
0.574468085106383
0.6170212765957446
0.5319148936170213
0.36170212765957444
0.1914893617021276
0.23404255319148937
0.36170212765957444
0.36170212765957444
0.5319148936170213
0.1914893617021276
0.23404255319148937
0.1063829787234043
0.14893617021276606
0.574468085106383
0.44680851063829796
0.4042553191489362
0.6170212765957446
0.27659574468085113
0.36170212765957444
-0.276595744680851
0.1063829787234043
0.44680851063829796
0.574468085106383
-0.06382978723404253
0.1914893617021276
0.8297872340425532
0.36170212765957444
0.574468085106383
0.31914893617021267
-0.276595744680851
-0.19148936170212771
0.6170212765957446
0.1914893617021276
0.7446808510638299
0.31914893617021267
0.14893617021276606
0.44680851063829796
0.1063829787234043
-0.3191489361702128
0.14893617021276606
0.31914893617021267
0.02127659574468077
-0.4042553191489362
0.4042553191489362
-0.8723404255319149
0.4042553191489362
0.23404255319148937
-0.1063829787234043
-0.23404255319148937
0.7446808510638299
0.44680851063829796
-0.23404255319148937
0.8297872340425532
0.574468085106383
0.27659574468085113
0.02127659574468077
0.7021276595744681
-0.14893617021276595
0.6170212765957446
-0.4893617021276596
0.23404255319148937
0.06382978723404253
-0.06382978723404253
0.27659574468085113
-0.23404255319148937
0.44680851063829796
-0.021276595744680882
0.44680851063829796
0.1063829787234043
0.7872340425531914
0.44680851063829796
-0.14893617021276595
0.36170212765957444
0.6170212765957446
0.23404255319148937
0.6170212765957446
-0.021276595744680882
0.574468085106383
-0.36170212765957444
0.4893617021276595
0.1914893617021276
-0.36170212765957444
0.31914893617021267
-0.1063829787234043
-0.021276595744680882
-0.44680851063829785
0.23404255319148937
0.02127659574468077
-0.021276595744680882
0.02127659574468077
0.27659574468085113
-0.06382978723404253
0.14893617021276606
0.27659574468085113
0.36170212765957444
0.4042553191489362
0.36170212765957444
0.36170212765957444
-0.276595744680851
0.27659574468085113
-0.021276595744680882
0.4893617021276595
-0.021276595744680882
0.1914893617021276
0.44680851063829796
-0.36170212765957444
0.44680851063829796
0.36170212765957444
-0.23404255319148937
-0.44680851063829785
-0.021276595744680882
0.27659574468085113
0.23404255319148937
0.574468085106383
0.7021276595744681
0.06382978723404253
0.4042553191489362
0.5319148936170213
0.36170212765957444
-0.8297872340425532
0.6170212765957446
-0.06382978723404253
-0.021276595744680882
0.7021276595744681
0.4042553191489362
0.9574468085106382
0.6595744680851063
0.14893617021276606
0.4042553191489362
0.1914893617021276
0.6595744680851063
0.1914893617021276
0.02127659574468077
-0.3191489361702128
0.36170212765957444
0.31914893617021267
0.4893617021276595
0.8723404255319149
0.06382978723404253
0.36170212765957444
0.4042553191489362
-0.6170212765957447
0.4042553191489362
-1.0
0.4893617021276595
-0.276595744680851
0.27659574468085113
-0.021276595744680882
0.7872340425531914
-0.276595744680851
-0.23404255319148937
-0.23404255319148937
-0.7021276595744681
-0.1063829787234043
0.7446808510638299
0.23404255319148937
-0.6170212765957447
0.44680851063829796
0.4893617021276595
-0.14893617021276595
0.23404255319148937
-0.44680851063829785
-0.5319148936170213
0.4893617021276595
0.1063829787234043
0.1914893617021276
0.5319148936170213
0.5319148936170213
-0.7872340425531915
0.6170212765957446
0.1063829787234043
-0.23404255319148937
1.0
0.1914893617021276
-0.574468085106383
0.02127659574468077
0.5319148936170213
-0.14893617021276595
0.6595744680851063
0.14893617021276606
0.7446808510638299
0.7446808510638299
0.06382978723404253
-0.06382978723404253
0.8297872340425532
0.23404255319148937
0.1914893617021276
0.1914893617021276
0.36170212765957444
0.6170212765957446
0.31914893617021267
0.5319148936170213
0.1063829787234043
-0.7872340425531915
0.31914893617021267
0.02127659574468077
0.8297872340425532
-0.06382978723404253
0.36170212765957444
-0.23404255319148937
0.44680851063829796
0.06382978723404253
0.9148936170212767
-0.23404255319148937
0.8297872340425532
-0.19148936170212771
-0.36170212765957444
0.06382978723404253
-0.021276595744680882
0.23404255319148937
0.4042553191489362
0.14893617021276606
-0.6595744680851063
0.14893617021276606
0.6595744680851063
0.36170212765957444
-0.021276595744680882
0.1063829787234043
0.36170212765957444
-0.4893617021276596
0.44680851063829796
-0.1063829787234043
-0.06382978723404253
0.574468085106383
0.27659574468085113
0.4042553191489362
0.27659574468085113
-0.276595744680851
-0.4042553191489362
0.1914893617021276
0.27659574468085113
0.4893617021276595
0.44680851063829796
0.14893617021276606
0.06382978723404253
0.7446808510638299
-0.23404255319148937
0.6595744680851063
-0.06382978723404253
0.4893617021276595
0.36170212765957444
0.1914893617021276
-0.4042553191489362
0.23404255319148937
0.27659574468085113
0.8297872340425532
0.5319148936170213
0.5319148936170213
0.23404255319148937
-0.23404255319148937
-0.5319148936170213
-0.021276595744680882
0.7021276595744681
0.9148936170212767
0.6170212765957446
0.06382978723404253
-0.19148936170212771
-0.06382978723404253
0.44680851063829796
0.4042553191489362
-0.06382978723404253
0.36170212765957444
0.44680851063829796
0.4042553191489362
0.36170212765957444
-0.5319148936170213
0.5319148936170213
-0.3191489361702128
0.574468085106383
0.27659574468085113
-0.276595744680851
0.14893617021276606
-0.276595744680851
-0.14893617021276595
0.5319148936170213
0.31914893617021267
-0.3191489361702128
-0.4042553191489362
0.4042553191489362
-0.6595744680851063
0.06382978723404253
0.7446808510638299
0.23404255319148937
0.06382978723404253
-0.6170212765957447
0.8297872340425532
-0.276595744680851
0.02127659574468077
-0.021276595744680882
0.1063829787234043
0.36170212765957444
0.31914893617021267
0.06382978723404253
0.574468085106383
-0.23404255319148937
-0.5319148936170213
0.1914893617021276
0.44680851063829796
-0.6170212765957447
0.574468085106383
0.06382978723404253
0.14893617021276606
-0.6595744680851063
0.574468085106383
-0.7446808510638299
0.9148936170212767
0.1063829787234043
-0.19148936170212771
0.31914893617021267
0.31914893617021267
0.14893617021276606
-0.44680851063829785
0.8297872340425532
0.36170212765957444
0.4893617021276595
0.36170212765957444
0.5319148936170213
0.1063829787234043
0.6170212765957446
0.9574468085106382
-0.4042553191489362
0.36170212765957444
0.31914893617021267
-0.1063829787234043
0.31914893617021267
0.1914893617021276
0.5319148936170213
0.23404255319148937
-0.6170212765957447
0.1914893617021276
-0.276595744680851
0.6170212765957446
-0.36170212765957444
-0.3191489361702128
EIGENVECTOR
0.6719220550334766
-0.39833004097063807
-0.18583752575132373
-0.8567073115890896
-0.9576879475817143
0.2393637625187468
-0.8209146412173594
-0.8805951360131962
-0.8116672612165818
-0.8253238412041328
-0.8155884998189644
-0.8337037022247721
-0.9119608657607621
-0.9454550374172612
-0.5304221860579719
-0.6090682961996455
-0.8297453442261228
-0.19879426865477756
-0.9379829755357103
-0.2572533512904699
-0.7605721582845613
-0.8878520840992932
0.36924574653971987
0.2533798849268667
-0.764234809777145
-0.9522727158259047
-0.9105865435938731
-0.3680948327037463
-0.24965382961634786
-0.32298395078310005
-0.2008935215962928
0.06928589119288886
-0.8155410440617841
0.8403309623038127
-0.1322876691860656
-0.8861350350739068
-0.7286256732155634
-0.8162302077768717
-0.238196053137827
-0.9784459547405266
-0.861974338076621
-0.9162314951510027
-0.9646508093560158
-0.9487061319490953
-0.7605721582845612
-0.47601543746815045
0.6817904724504298
-0.8244468535506734
-0.9306296531680545
-0.9233484758303846
-0.8003732816765086
-0.9675015021778149
-0.9658941045469638
0.4407271485277131
-0.8294467837319932
-0.8303740329029925
-0.9312756846189478
-0.8646458536282997
-0.9434878215848068
0.7218928386058092
0.2666214489038403
-0.8965927209891159
-0.9434510411406714
-0.5394290372813102
-0.8776566897556577
-0.9634762089824874
-0.9317899997211628
0.08643971408958362
-0.81395062597162
-0.9444200442746746
-0.9103962953682426
-0.9229827173515062
-0.8216707625190514
-0.8323285403491827
-0.8369422655473524
-0.5119781786156519
-0.33988381397089296
-0.3566918481764644
0.08027408997650953
-0.6947795806730295
-0.900688506331329
-0.9697807467628309
0.10830382220564161
-0.466944784181053
-1.0
-0.7279973266382767
-0.22424952900113626
-0.9318721619352741
-0.7681543226440513
-0.847737515791184
0.6786350250725448
0.3718807481539179
-0.8827106378791723
-0.8303740329029925
-0.954222396524084
-0.7286256732155636
-0.9209338081509038
-0.9530648543271151
-0.8209710279294471
-0.872753085303803
-0.8356164853865745
0.07170252286600265
-0.9689072942164371
-0.6679235437165685
-0.9438484922201235
-0.8347756236307255
0.6835614303069515
0.14770957601712364
-0.8124495107289691
-0.9622775455413387
0.8894650264855197
-0.9873106531212563
-0.6529864204105444
-0.8244703462386158
0.8463615632188681
0.01812279410927764
-0.9724926843141943
-0.1306852359407903
-0.8830187015457651
0.219261693766454
0.12408702100375302
0.08849522563949308
0.24461842557324953
-0.8302023456494189
0.6626416650877407
-0.24039639633517595
-0.4870979524176887
-0.0005521392251511825
-0.07681129678385568
-0.8719760896166064
-0.9032402303561878
-0.8630724943648997
-0.5390484943875027
-0.30466400229807
-0.9491684979812616
-0.8359380123978493
-0.8277134677528044
-0.8225874529997871
0.8273852199543847
-0.9041360446985692
0.4445051200113834
-0.9544007186557116
7.266473010592023e-05
-0.15839886099762013
-0.759334756704006
-0.9434878215848068
-0.899500199662194
0.7171640146271345
0.16269675353360324
0.29414282456478347
0.24299532952240988
-0.9760080285411553
-0.8579117468352808
-0.815270062351331
-0.944729857239377
0.9077820353448678
-0.37230658633868396
-0.8930071124541141
-0.8256647557241485
-0.8303348633897323
-0.9278955569142543
-0.5495250655119345
0.24299532952240965
-0.9126154896898023
-0.9758059139356025
-0.8462085799261561
-0.9999999999999999
0.19720073148295314
-0.3434592391888148
-0.8359098221327131
-0.8329423989225583
-0.7594256123183865
0.22372122379482873
-0.9636414643325112
-0.8231496776515204
-0.759334756704006
-0.8331378092405645
-0.02600764860458682
0.8866477442787857
-0.9585877957964403
-0.8566708246330634
-0.9857143458850384
-0.22424952900113615
-0.5829632019842091
-0.6239931772218006
-0.8081488845796616
-0.9685722370541738
-0.9221810690208125
-0.9593643770713365
-0.7828283769314267
-0.8903308194805307
0.9179853006027439
-0.7828283769314266
-0.8457085469618578
-0.3756539741906054
-0.7797093995412105
-0.6536738459930307
0.7422170576477747
-0.9188430543939143
-0.8625987382641593
-0.977245181285561
-0.6748188303430942
-0.9043216009640007
-0.9675643826590099
-0.17567649193687296
-0.9308474854015374
0.07424819501311508
-0.9646725376498763
-0.8754542248923923
-0.9169410859323496
-0.7077141295672127
0.06891072688144106
-0.7157544959119657
-0.9090465500144292
0.15152882955170877
-0.8839173490353377
-0.8335668112592115
-0.7614686188183084
-0.14109457298997918
-0.4518219488324402
-0.9710159117039585
-0.8729232470597417
-0.8925167083864006
-0.9315807800000819
-0.3494115972447732
-0.9254944497148259
0.33278852450194174
-0.7520811055852975
0.0895278572884366
-0.9033523565480867
-0.9507900249625386
-0.9705887345220368
-0.9461457205757784
-0.8399453725513455
-0.47426633761482895
0.2340473242143919
0.879300017958109
-0.9340034748950126
-0.8447643160944526
0.07946895660538855
-0.8752962276884071
-0.998838006423104
-0.8479680983793382
-0.9551367166976276
-0.9423716468460425
0.8143129972038932
-0.8332734559599962
0.7433385488756039
-0.8117261244353982
-0.6205688047410378
-0.8884326673269112
0.30016134402553196
-0.8259310787228976
-0.8672533963675325
-0.8360899229005186
-0.9632134103363157
0.18634115689915265
-0.8805951360131963
-0.8219271440596685
-0.8075104158035029
-0.8577441954138142
0.10005891165913128
-0.7768695753474992
-0.9812080081564521
-0.8669425764926358
-0.9612539140561369
-0.7917386561694045
-0.19914284883065103
-0.14015169867889488
-0.9549297257719922
-0.8181077758889915
-0.9468837651047404
-0.9657265756630506
-0.8057365761632431
-0.921359235999562
-0.6754007091849192
0.7543230486082828
-0.8740138986645812
-0.9881428661159231
-0.21456333643896408
-0.8175428645095055
-0.9453336891229053
-0.892785163598282
-0.9835425329973368
-0.7459689010737938
-0.885830100467315
-0.6108486334119261
-0.8152371991134191
0.08192059856628986
-0.7745635744553792
-0.9959624164982366
-0.8675809376036643
-0.5109673929870631
-0.9578914173258757
0.8013175458829251
-0.81719097674664
-0.9516297688525233
-0.22810292232493723
-0.6112846333141488
-0.9464818263186389
0.7917069434134756
-0.9307647711062077
0.7676858568458591
-0.8541698278920039
-0.9537658797319014
-0.9399022085061954
0.9123883005512561
-0.8051422710338444
-0.1420785640685902
-0.6306918030302796
0.35568255453929254
0.23724308451735987
-0.14683694707511863
-0.9029906635265619
-0.9343519573280751
-0.8054423514082798
-0.9048840036113096
-0.9397954032029927
0.8974300771439754
-0.5403848425822513
-0.9106707783558016
-0.9186617855077813
0.08369273701980817
-0.7760647624854872
0.8769952808325703
-0.9597781192810636
-0.8228121939436036
-0.9721422621716482
-0.6695163507489826
-0.8971325421413949
-0.6851277196877414
-0.8844457840684833
-0.8798095338393956
-0.20873548600136604
-0.9873171577622109
-0.905421674479654
-0.7978886556604542
0.35568255453929254
-0.9256817619396527
-0.8141597092099131
-0.8562524141611979
-0.40667887891378973
-0.31408519702815874
-0.7458924252287411
-0.508284122634996
0.23404732421439212
-0.7424849502642954
-0.8888844463297048
-0.903069096740412
-0.7452174216527343
-0.9580981365551116
-0.5583629512771198
-0.809732505813233
-0.8366846684475878
-0.7828283769314266
-0.9343746349655799
0.1629809827477673
0.6211917517094603
-0.9718431343449819
-0.8137700415084863
-0.9581857235996485
-0.7263506114402694
-0.6557013643641356
-0.8429372266231175
-0.9438731821615571
-0.07345017000732035
-0.7402463228256899
0.9163751586252598
-0.8481832530984653
0.17750711524109875
-0.8141918853607819
-0.9636961502926118
-0.9839161984135013
-0.7647268372524174
0.7176195334179181
1.0
-0.7802003723994326
-0.2585994972127754
-0.6639587541556948
0.028553431872309964
-0.16922928369199441
-0.9154156158297239
-0.896248867562395
0.026045517066276114
-0.7441785795303026
-0.4000040780486346
0.1863411568991531
-0.9837787168503261
0.6280402556767941
-0.9692253030524346
-0.7608082882058703
-0.8723606843021501
-0.9680720986216566
-0.9365874820213109
-0.9601017759038831
-0.9675465223794286
-0.8524221354828836
-0.8945598206317035
-0.9544119373948561
-0.9806973508697417
-0.8641528542019489
-0.9533528129656043
-0.8286984872285964
-0.8242943202879487
-0.4739943750275344
-0.9101818568039484
-0.9827603880027287
-0.798868360247124
-0.9487061319490953
-0.8798831990099867
0.03488530585990213
-0.883025070762119
-0.8808459428367409
-0.892736814759325
-0.8152537525798842
0.4224726564358501
-0.9587870459612975
-0.9868949971284559
-0.8776566897556578
0.08087405747776621
-0.7772878795127056
0.6835614303069513
-0.7470288299047456
-0.8349153402445458
-0.9877827636776103
-0.8755390757834214
-0.9934153511444339
0.7076888004004642
-0.7717808622497402
-0.9428031921678547
-0.9055674054763531
-0.9232955552259581
-0.951764101001092
-0.6895618832130014
-0.8435872192204235
-0.07681129678385634
-0.7754103482661171
-0.8719760896166064
0.7596643869834974
-0.6963306239421119
-0.8276417932220183
0.9512710607366675
-0.9458354432030883
-0.842988656155062
-0.7993480143333171
-0.37265751332501496
-0.8805951360131961
-0.9043382791939324
-0.9243773253216527
-0.2084107920901489
-0.8867696261046173
0.08321435337970495
-0.9617632809719969
-0.8715247432553044
-0.8693278005611424
-0.8780841922297741
CENT
-0.7872215425122656
-0.40433937532581643
-0.5543482538949511
-0.3716790596944114
-0.9399445881252604
-0.7927699084857577
-0.7850703777082555
-0.8432434596810552
-0.9796334234210509
-0.6801618418002533
-0.6534691592373298
-0.15275595252895335
-0.2554502337382639
-0.8603216907057469
-0.5395678894311171
-0.7474686910381525
-0.6975926734941669
-0.6613535412538477
-0.8837217391109641
-0.9888947872039047
-0.9589403740873925
-0.9830948727416535
-0.7939841830373537
-0.9182236593655283
-0.33754616624198397
-0.844382077649839
-0.646338802402183
-0.9370298277991249
-0.6850337009153227
-0.7541415961778584
-0.3358950065164156
-0.4979758235822469
-0.8911281722764559
-0.5015533605977875
-0.7292505938444311
-0.6992542364343836
-0.5751532420696814
-0.8423524692882953
0.06052780673404601
-0.937903219510858
-0.8583234018666334
-0.9091155243146245
-0.9428617320982552
-0.8908551680462501
-0.9589403740873925
-0.8402807521027938
0.23385635441077346
-0.770005947402371
-0.8977409734263855
-0.7928043342303595
-0.41284453418153166
-0.9937563566259726
-0.9645668861571999
-0.9671527836127316
-0.5946582206667539
-0.6848664990748772
-0.8886698325823653
-0.9139912206585562
-0.9026974092926339
-0.5825506038980804
-0.3080415336638699
-0.8117336157621974
-0.8945570478214944
-0.5086928957353147
-0.7775808221065889
-0.9952439913987086
-0.6603796602247696
0.0725808145961444
-0.45557489992996125
-0.9523478562617
-0.8519884322683033
-0.9228109185121927
-0.6174398227647755
-0.9772418774202961
1.0
-0.9480264466924492
-0.18972203680582356
-0.3281849950911826
-0.9012336302779965
0.3810284132650583
-0.7582316417224022
-0.9359325158494094
-0.9561339075001497
-0.973457586499287
-0.9999615750310824
-0.5270681707010012
-0.6249227515409279
-0.7931793496734032
-0.7730737350946123
-0.4974497980052337
-0.8696821965897243
-0.9079713125194326
-0.752117812221452
-0.6848664990748772
-0.9556964958348916
-0.5751532420696814
-0.5067454335047641
-0.7995923063023407
-0.8045069822860478
-0.9277752400955704
-0.4974113306098553
-0.7067589611260809
-0.9903046877643574
-0.9014858527188481
-0.4185615489994121
-0.5805507429124777
-0.8816508934373722
-0.6296140552441116
-0.6457951423806803
-0.9370688355828458
-0.7578527806535452
-0.9913590298500091
0.2589594693094721
-0.568751752455457
-0.8104472250713984
-0.6241963251057177
-0.9884125337060795
-0.4524572381994979
-0.5244013528409996
-0.8359331786374316
-0.3112665918605342
-0.7156773983575087
-0.6223377181105407
-0.7867081078724414
-0.899797005767874
-0.5813796392737992
-0.5658486097902995
-0.9497143390718532
-0.45059184449942247
-0.9549097452033206
-0.8559934478106865
0.2537490409536194
-0.09194556801675802
-0.9378300248047821
-0.9663291004003316
-0.840338321099709
-0.35594926742703237
-0.3027423713753823
-0.8670571097528669
-0.9585739732366632
-0.9256511849025646
-0.9883987675526973
-0.5330147008523367
-0.7370626667892117
-0.67836451460982
-0.9026974092926339
-0.7421195466579436
-0.41990483863794437
-0.8238773796960439
-0.48404980032154354
-0.8740026657692446
-0.9940532729851141
-0.7443952862780688
-0.6024582429918337
-0.8653010565294779
-0.6530431766749218
-0.5544241421548826
-0.07492366043205889
-0.616652784307064
-0.4932704877754043
-0.759006444802065
-0.49082911407173324
-0.8740026657692446
-0.9842988214995382
-0.929762565655081
-0.49589963675617366
-0.9999615750310824
-0.931590691700178
-0.11458428078180138
-0.7857982733736952
-0.07712839053365117
-0.23450721022054666
-0.8775602103283319
-0.9577817965292413
-0.8273414713611427
-0.67836451460982
-0.24585431384891665
-0.9631529169696424
-0.7078179492441421
-0.8547100674795489
-0.8774531169943757
-0.882195933664189
-0.6249227515409279
-0.8626886367656116
-0.851442897204866
-0.3093034351935231
-0.9346387048315257
-0.7665267324125871
-0.9666680295299518
-0.5451916033181363
-0.9599128793226366
-0.18788293054844074
-0.5451916033181363
-0.768003611827794
-0.78294836669816
-0.5534872031132064
-0.37888135017784286
-0.8732831306832669
-0.9893568586795977
-0.9061271717005612
-0.9982790137582296
0.13798745549897307
-0.8107066344943175
-0.9793748914786776
-0.8605951490341488
-0.9944440284808405
-0.9899107909684499
-0.9952048027043768
-0.8237595636320133
-0.6884153615869927
-0.28320225692561984
-0.9543632611315805
-0.40299537595726476
-0.894236007460875
-0.6503749731924044
-0.7164370461359311
-0.34645102031666064
-0.5772609522086569
-0.8407888983568839
-0.5144526273695287
-0.7618371576080842
-0.5778380419881869
-0.7356339802261213
-0.8856736971291661
-0.8528891419492808
-0.9514302836318773
-0.8584650376510696
-0.9013299393727856
-0.5122944838744579
-0.8870522864257058
-0.9825879770523998
-0.9741306851525124
-0.7391453161743893
-0.5730420745339642
0.14285455021630922
-0.7346105010708689
-0.8018196010249872
-0.8581353396937079
-0.22559287007418072
-0.8174387772056297
-0.6805993112780365
-0.9185277364941822
-0.5530889313205118
-0.9419132374424601
-0.8304056843170098
-0.7986841172255076
-0.5755271693704227
-0.7068124036395198
-0.5149042780776222
-0.16305203789753997
-0.7862280434776461
-0.9865113428514389
-0.595057715557286
-0.42433245359934535
-0.653874534515481
-0.9766583652009003
-0.7931056730693717
-0.8432434596810552
-0.7443324894919029
-0.5493464367208878
-0.34355561468717655
-0.3034862182640139
-0.7573877745742781
-0.8605711400291254
-0.6535706921081315
-1.0
-0.6700776962284303
-0.9971027929273503
0.39032924137052305
-0.9020548926116723
-0.6123734913670217
-0.9423154726286176
-0.8558000416298844
-0.7734731069376313
-0.9939222160263156
-0.926664694532994
-0.6534345921761566
-0.9719806457921898
-0.9839569697354301
-0.6574311793153713
-0.5030282958075496
-0.9158856184016038
-0.8519091035310733
-0.8274834309708394
-0.9807498017525125
-0.6719186701139555
-0.6712754828540061
-0.6645273303976211
-0.5303635279630634
-0.6753648497034448
-0.9901941134907508
-0.6079420188535042
-0.7665721896156223
-0.9353065980424848
-0.5822811902320968
-0.8165514309563812
-0.989825313872044
-0.601446045949172
0.04862398515632793
-0.9741299593463937
-0.8280719950562601
-0.7297281309741521
-0.7090622876340029
-0.8691176411893422
-0.9552925327237608
-0.9737857960311065
-0.6401580297947682
-0.7387240921325053
-0.9064096282375689
-0.1757294451759437
-0.9480373582401239
-0.4560225822937475
-0.8947318370316059
-0.8595403740212091
-0.8815543600533908
-0.9905151976669467
-0.7936599951229949
-0.9608492177897506
-0.6823142435326013
-0.5416899237191855
-0.8242228363194394
-0.8793221734373201
-0.6514235421760608
-0.1801030237358907
-0.46619193079360777
-0.9707515891437559
-0.6657650158601138
-0.9908508738651051
-0.8686881631939065
-0.3467751206269827
0.023956649011243503
-0.9616860623642633
-0.6931663055854946
-0.9500313889036524
-0.9996153664151588
-0.8412176790491382
-0.4792854346209532
-0.9480373582401239
-0.880822521896563
-0.17496258673253784
-0.6771466712068974
-0.9923623324637185
-0.19178366427265925
0.2580581243985911
-0.6433793118098399
-0.7346105010708689
-0.5201621738846073
-0.9088909073525603
-0.7922344355564866
-0.8737848519017193
-0.9784087387821678
-0.47428312865814426
-0.6548996391587741
-0.753867884438799
-0.5451916033181363
-0.7990175417003422
-0.9884659396688013
-0.4467193135040112
-0.9726089090131907
-0.4862139851728112
-0.9741553865773219
-0.1762289322148093
0.00026233784771778623
0.828902347107279
-0.7338308268711687
-0.9383770551334869
-0.4039295158436623
-0.6351210376018308
-0.6422338387995812
-0.756689368971946
-0.18671765119575245
-0.9304389352246202
-0.9990863409680586
-0.14486451526148203
-0.4293677330457586
-0.40605909061005974
-0.3753807081941576
-0.9675965673746552
-0.9214592950556284
-0.9906407307020587
-0.3597045268914323
-0.8995892916082526
-0.5211629246141307
0.05511594251921337
-0.10151496046693154
-0.26505479114808805
-0.7931056730693717
-0.9826121999207746
-0.8878691785055726
-0.9516918034553207
-0.37055848435907923
-0.13100670781073342
-0.9399779963559176
-0.9080118772471567
-0.9346659756099305
-0.9680653345780151
-0.8214838848056484
-0.8439467968621176
-0.9671944986204762
-0.9498340796740273
-0.8985848878441932
-0.9827092341876482
-0.42400886933797144
-0.6920991196803536
-0.1939799787589387
-0.9813854194138489
-0.9562132835757379
-0.08801913787544957
-0.8908551680462501
-0.7405600252856408
-0.9762608190201307
-0.45405075699819564
-0.6143910076833041
-0.22499870613952966
-0.5593136167708379
-0.7115103267161117
-0.968191864055573
-0.9738255153444414
-0.7775808221065889
-0.8046774761499749
-0.990470964815235
-0.8816508934373722
-0.5395112600145331
-0.33926919186563953
-0.9834452963980289
-0.5581237749737273
-0.992921393134706
-0.7363338368832871
-0.008201757821920674
-0.9133713609903118
-0.7115643477806035
-0.7323880034482141
-0.9514268638184312
-0.9553872121141067
-0.7772704422360097
-0.45059184449942247
-0.5773541701865283
-0.9549097452033206
-0.6451592031962765
-0.6698561863303139
-0.7212843660131345
-0.43700179266891537
-0.9775730761396854
-0.5804371288840278
-0.2959380035131214
-0.8756930660436475
-0.8432434596810552
-0.7924789291461519
-0.8410534142093872
-0.911136596674829
-0.9875147979529183
-0.9572238265650053
-0.9684039770417058
-0.49140926517598826
-0.9354923105006944
-0.8565463931864012
DEGREE_RANK
0.8373626373626375
-0.41538461538461535
0.7274725274725276
0.41978021978021984
-0.48571428571428565
0.7318681318681319
0.3098901098901099
0.0769230769230771
-0.8681318681318682
0.8681318681318682
0.9824175824175823
-0.3098901098901099
-0.1692307692307693
-0.4813186813186814
-0.1648351648351648
-0.24395604395604398
0.5032967032967033
0.17362637362637368
-0.6131868131868132
-0.8065934065934066
-0.6527472527472529
-0.2395604395604396
0.6483516483516485
0.3142857142857145
0.8417582417582417
-0.5560439560439561
-0.4109890109890111
-0.30549450549450563
0.5604395604395604
-0.0725274725274726
0.31868131868131866
0.564835164835165
-0.7186813186813188
0.9604395604395604
0.08131868131868125
0.015384615384615552
0.32307692307692304
-0.6483516483516484
0.3274725274725274
-0.8637362637362638
0.3318681318681318
-0.37142857142857155
-0.7758241758241758
-0.7714285714285715
-0.643956043956044
-0.16043956043956054
0.8461538461538463
0.5692307692307692
0.17802197802197806
0.5736263736263736
0.18241758241758244
-0.6395604395604395
-0.8021978021978022
0.18681318681318682
0.9032967032967032
0.3362637362637364
0.1912087912087912
0.578021978021978
-0.5516483516483517
0.9956043956043956
0.7978021978021979
-0.5472527472527473
-0.476923076923077
-0.06813186813186822
-0.15604395604395616
-0.8593406593406594
-0.2351648351648351
0.08571428571428585
0.8021978021978022
-0.5428571428571429
0.09010989010989001
-0.06373626373626373
0.6527472527472526
-0.8329670329670329
-0.23076923076923084
-0.5384615384615385
0.1956043956043958
0.4241758241758242
0.09450549450549461
-0.36703296703296706
0.6571428571428573
-0.9032967032967033
0.098901098901099
-0.8989010989010989
-0.9956043956043956
-0.15164835164835178
-0.05934065934065935
-0.22637362637362646
0.5824175824175823
-0.30109890109890114
0.6615384615384614
0.10329670329670337
0.4285714285714286
0.34065934065934056
-0.5868131868131868
0.34505494505494516
-0.6351648351648352
-0.5340659340659342
0.9208791208791209
0.586813186813187
0.10769230769230775
0.34945054945054954
-0.7670329670329671
-0.5824175824175825
-0.29670329670329676
0.5076923076923077
0.665934065934066
0.512087912087912
0.9076923076923078
-0.7142857142857143
0.8065934065934066
-0.9516483516483516
0.6703296703296704
0.11208791208791213
0.7362637362637363
0.19999999999999996
-0.7098901098901098
0.5164835164835166
0.810989010989011
0.7406593406593407
-0.05494505494505508
0.3538461538461539
0.6747252747252748
0.7450549450549451
0.5912087912087911
0.20439560439560456
-0.14725274725274728
-0.0505494505494507
0.20879120879120872
0.2131868131868131
0.5956043956043957
-0.1428571428571429
-0.04615384615384621
-0.2923076923076924
-0.22197802197802208
0.6791208791208792
0.432967032967033
0.3582417582417583
0.7494505494505495
0.01978021978021971
0.2175824175824177
-0.7626373626373626
-0.287912087912088
0.43736263736263736
0.6835164835164835
-0.5296703296703298
-0.13846153846153852
0.9252747252747253
0.22197802197802186
0.6879120879120879
0.11648351648351651
-0.7582417582417582
-0.6307692307692307
0.7538461538461538
-0.13406593406593403
0.8725274725274725
0.1208791208791209
-0.2175824175824176
0.44175824175824174
-0.2835164835164835
-0.7978021978021979
-0.2131868131868132
0.12527472527472527
-0.4065934065934067
-0.8549450549450549
0.3626373626373627
-0.9912087912087912
0.36703296703296706
-0.04175824175824183
-0.5780219780219781
-0.7054945054945055
0.8769230769230769
0.44615384615384635
-0.701098901098901
0.9296703296703297
0.6923076923076923
0.024175824175824312
-0.4021978021978022
0.8505494505494506
-0.6087912087912088
0.7582417582417582
-0.8945054945054945
-0.03736263736263745
-0.3626373626373627
-0.5252747252747254
0.028571428571428692
-0.6967032967032967
0.4505494505494505
-0.4725274725274726
0.4549450549450551
-0.27912087912087913
0.912087912087912
0.45934065934065926
-0.6043956043956045
0.22637362637362646
0.7626373626373626
-0.03296703296703296
0.7670329670329672
-0.46813186813186813
0.6967032967032967
-0.8285714285714286
0.5208791208791208
-0.12967032967032965
-0.8241758241758241
0.12967032967032965
-0.5736263736263736
-0.46373626373626375
-0.8857142857142857
-0.02857142857142858
-0.39780219780219783
-0.4593406593406594
-0.39340659340659345
0.03296703296703307
-0.5208791208791209
-0.20879120879120883
0.03736263736263745
0.23076923076923084
0.37142857142857144
0.23516483516483522
0.2395604395604396
-0.7538461538461538
0.04175824175824161
-0.454945054945055
0.5252747252747254
-0.4505494505494505
-0.12527472527472538
0.46373626373626364
-0.8197802197802198
0.46813186813186825
0.2439560439560442
-0.6923076923076923
-0.8813186813186813
-0.44615384615384623
0.04615384615384621
-0.0241758241758242
0.701098901098901
0.854945054945055
-0.3582417582417583
0.3758241758241758
0.6000000000000001
0.24835164835164836
-0.9868131868131869
0.7714285714285714
-0.5164835164835164
-0.44175824175824185
0.8593406593406594
0.3802197802197802
0.9868131868131869
0.8153846153846156
-0.20439560439560445
0.3846153846153848
-0.120879120879121
0.8197802197802198
-0.11648351648351651
-0.38901098901098907
-0.7934065934065935
0.25274725274725274
0.13406593406593426
0.5296703296703298
0.9648351648351647
-0.3538461538461539
0.2571428571428571
0.38901098901098896
-0.9472527472527472
0.39340659340659334
-1.0
0.5340659340659342
-0.7494505494505495
0.05054945054945059
-0.4373626373626375
0.9164835164835166
-0.7450549450549451
-0.6879120879120879
-0.6835164835164835
-0.9692307692307692
-0.5692307692307692
0.8813186813186813
-0.019780219780219932
-0.9428571428571428
0.4725274725274724
0.5384615384615385
-0.6000000000000001
-0.015384615384615441
-0.8769230769230769
-0.9208791208791209
0.5428571428571427
-0.27472527472527475
-0.11208791208791213
0.6043956043956045
0.6087912087912088
-0.9824175824175824
0.775824175824176
-0.2703296703296705
-0.6791208791208792
1.0
-0.10769230769230775
-0.9252747252747253
-0.3846153846153846
0.613186813186813
-0.5956043956043957
0.8241758241758241
-0.19999999999999996
0.8857142857142859
0.8901098901098901
-0.34945054945054943
-0.5120879120879122
0.9340659340659341
-0.010989010989011061
-0.10329670329670337
-0.09890109890109888
0.2615384615384615
0.7802197802197801
0.1384615384615384
0.6175824175824176
-0.265934065934066
-0.978021978021978
0.1428571428571428
-0.3802197802197802
0.9384615384615385
-0.5076923076923077
0.2659340659340661
-0.6747252747252748
0.476923076923077
-0.34505494505494505
0.9692307692307693
-0.6703296703296704
0.9428571428571428
-0.6263736263736264
-0.8153846153846154
-0.3406593406593408
-0.432967032967033
-0.006593406593406681
0.39780219780219794
-0.1956043956043957
-0.9648351648351648
-0.1912087912087913
0.8285714285714285
0.27032967032967026
-0.4285714285714286
-0.2615384615384616
0.27472527472527486
-0.8901098901098902
0.4813186813186814
-0.5648351648351648
-0.5032967032967033
0.7054945054945057
0.05494505494505497
0.4021978021978021
0.05934065934065935
-0.7406593406593407
-0.8505494505494505
-0.0945054945054945
0.06373626373626395
0.5472527472527473
0.48571428571428577
-0.18681318681318693
-0.3362637362637364
0.8945054945054944
-0.665934065934066
0.8329670329670329
-0.4989010989010989
0.5516483516483517
0.27912087912087924
-0.09010989010989023
-0.8461538461538461
-0.002197802197802301
0.06813186813186811
0.9472527472527472
0.621978021978022
0.6263736263736264
0.002197802197801968
-0.6615384615384616
-0.9164835164835164
-0.4241758241758242
0.8637362637362636
0.9736263736263735
0.7846153846153847
-0.3318681318681319
-0.621978021978022
-0.4945054945054945
0.49010989010989015
0.4065934065934067
-0.49010989010989015
0.2835164835164836
0.4945054945054945
0.41098901098901086
0.287912087912088
-0.9120879120879121
0.6307692307692307
-0.7890109890109891
0.7098901098901098
0.07252747252747249
-0.7362637362637363
-0.18241758241758244
-0.7318681318681319
-0.5912087912087912
0.6351648351648354
0.1472527472527474
-0.7846153846153846
-0.8417582417582418
0.41538461538461546
-0.9604395604395605
-0.32747252747252753
0.8989010989010988
0.00659340659340657
-0.32307692307692315
-0.9384615384615385
0.9516483516483516
-0.7274725274725276
-0.37582417582417593
-0.41978021978021973
-0.25714285714285723
0.29230769230769216
0.15164835164835155
-0.31868131868131866
0.7142857142857142
-0.6571428571428571
-0.9076923076923077
-0.08571428571428585
0.4989010989010989
-0.9340659340659341
0.7186813186813188
-0.3142857142857143
-0.17802197802197806
-0.9560439560439561
0.723076923076923
-0.9736263736263736
0.9780219780219781
-0.25274725274725285
-0.6175824175824176
0.15604395604395616
0.16043956043956054
-0.17362637362637368
-0.8725274725274725
0.9560439560439562
0.29670329670329676
0.5560439560439561
0.30109890109890114
0.6395604395604395
-0.24835164835164836
0.7890109890109891
0.9912087912087912
-0.8373626373626374
0.3054945054945055
0.16483516483516492
-0.5604395604395604
0.1692307692307693
-0.08131868131868136
0.6439560439560439
0.01098901098901095
-0.9296703296703297
-0.07692307692307698
-0.7230769230769232
0.7934065934065933
-0.810989010989011
-0.7802197802197802
EIGENVECTOR_RANK
0.8681318681318682
0.4549450549450551
0.5692307692307692
-0.19999999999999996
-0.7670329670329671
0.7846153846153847
0.01978021978021971
-0.31868131868131866
0.09010989010989001
-0.0241758241758242
0.04175824175824161
-0.09890109890109888
-0.4989010989010989
-0.6791208791208792
0.4021978021978021
0.37142857142857144
-0.05494505494505508
0.564835164835165
-0.621978021978022
0.512087912087912
0.2131868131868131
-0.37142857142857155
0.8329670329670329
0.8021978021978022
0.19999999999999996
-0.7274725274725276
-0.49010989010989015
0.4725274725274724
0.5164835164835166
0.4945054945054945
0.5560439560439561
0.6615384615384614
0.04615384615384621
0.9472527472527472
0.6043956043956045
-0.3626373626373627
0.27032967032967026
0.03736263736263745
0.5252747252747254
-0.9252747252747253
-0.2131868131868132
-0.5120879120879122
-0.8373626373626374
-0.701098901098901
0.2175824175824177
0.4241758241758242
0.8769230769230769
-0.015384615384615441
-0.5736263736263736
-0.5516483516483517
0.1208791208791209
-0.8549450549450549
-0.8505494505494505
0.8461538461538463
-0.0505494505494507
-0.0725274725274726
-0.5868131868131868
-0.23076923076923084
-0.6483516483516484
0.9032967032967032
0.8065934065934066
-0.41538461538461535
-0.643956043956044
0.39340659340659334
-0.29670329670329676
-0.8241758241758241
-0.5956043956043957
0.701098901098901
0.07252747252747249
-0.665934065934066
-0.48571428571428565
-0.5428571428571429
0.01098901098901095
-0.07692307692307698
-0.13406593406593403
0.4065934065934067
0.49010989010989015
0.476923076923077
0.6791208791208792
0.30109890109890114
-0.4285714285714286
-0.8857142857142857
0.7186813186813188
0.43736263736263736
-1.0
0.27912087912087924
0.5340659340659342
-0.6000000000000001
0.1912087912087912
-0.1692307692307693
0.8725274725274725
0.8373626373626375
-0.3362637362637364
-0.06813186813186822
-0.7450549450549451
0.27472527472527486
-0.5296703296703298
-0.7318681318681319
0.015384615384615552
-0.2703296703296705
-0.11208791208791213
0.665934065934066
-0.8769230769230769
0.3274725274725274
-0.6571428571428571
-0.10329670329670337
0.8857142857142859
0.7274725274725276
0.08131868131868125
-0.8153846153846154
0.9692307692307693
-0.9648351648351648
0.34505494505494516
-0.019780219780219932
0.9516483516483516
0.6395604395604395
-0.9076923076923077
0.6087912087912088
-0.3406593406593408
0.7626373626373626
0.723076923076923
0.7054945054945057
0.7978021978021979
-0.05934065934065935
0.8637362637362636
0.5208791208791208
0.41978021978021984
0.6307692307692307
0.6175824175824176
-0.2615384615384616
-0.44175824175824185
-0.22197802197802208
0.39780219780219794
0.5032967032967033
-0.7098901098901098
-0.120879120879121
-0.04175824175824183
0.002197802197801968
0.9428571428571428
-0.4505494505494505
0.8505494505494506
-0.7494505494505495
0.6351648351648354
0.5824175824175823
0.22637362637362646
-0.6527472527472529
-0.4241758241758242
0.8945054945054944
0.7362637362637363
0.810989010989011
0.7890109890109891
-0.9164835164835164
-0.20879120879120883
0.05054945054945059
-0.6703296703296704
0.9780219780219781
0.46813186813186825
-0.4021978021978022
-0.02857142857142858
-0.06373626373626373
-0.5692307692307692
0.3846153846153848
0.7934065934065933
-0.5032967032967033
-0.9120879120879121
-0.1648351648351648
-0.9956043956043956
0.7582417582417582
0.48571428571428577
-0.11648351648351651
-0.08131868131868136
0.22197802197802186
0.7670329670329672
-0.8285714285714286
-0.006593406593406681
0.23076923076923084
-0.08571428571428585
0.6263736263736264
0.9648351648351647
-0.7846153846153846
-0.1956043956043957
-0.9560439560439561
0.5384615384615385
0.3758241758241758
0.3538461538461539
0.098901098901099
-0.8725274725274725
-0.5384615384615385
-0.7934065934065935
0.1472527472527474
-0.3846153846153846
0.9912087912087912
0.15164835164835155
-0.16043956043956054
0.45934065934065926
0.16043956043956054
0.34065934065934056
0.9076923076923078
-0.5252747252747254
-0.2175824175824176
-0.9208791208791209
0.31868131868131866
-0.454945054945055
-0.8637362637362638
0.5736263736263736
-0.5824175824175825
0.6703296703296704
-0.8417582417582418
-0.287912087912088
-0.5164835164835164
0.29230769230769216
0.6571428571428573
0.287912087912088
-0.476923076923077
0.7318681318681319
-0.34945054945054943
-0.0945054945054945
0.20439560439560456
0.5956043956043957
0.44175824175824174
-0.8945054945054945
-0.27472527472527475
-0.38901098901098907
-0.5912087912087912
0.4813186813186814
-0.5604395604395604
0.8197802197802198
0.23516483516483522
0.7098901098901098
-0.44615384615384623
-0.7142857142857143
-0.8901098901098902
-0.6879120879120879
-0.13846153846153852
0.4285714285714286
0.775824175824176
0.9604395604395604
-0.6043956043956045
-0.15604395604395616
0.6747252747252748
-0.2835164835164835
-0.9912087912087912
-0.17362637362637368
-0.7626373626373626
-0.6351648351648352
0.9384615384615385
-0.09010989010989023
0.912087912087912
0.08571428571428585
0.3582417582417583
-0.37582417582417593
0.8153846153846156
-0.03296703296703296
-0.2395604395604396
-0.12527472527472538
-0.8197802197802198
0.7538461538461538
-0.32747252747252753
0.00659340659340657
0.10329670329670337
-0.20439560439560445
0.7142857142857142
0.1692307692307693
-0.9340659340659341
-0.2351648351648351
-0.8065934065934066
0.1384615384615384
0.5604395604395604
0.6000000000000001
-0.7582417582417582
0.024175824175824312
-0.6967032967032967
-0.8461538461538461
0.10769230769230775
-0.5340659340659342
0.3142857142857145
0.9164835164835166
-0.27912087912087913
-0.978021978021978
0.5428571428571427
0.028571428571428692
-0.6747252747252748
-0.39780219780219783
-0.9428571428571428
0.2439560439560442
-0.3582417582417583
0.36703296703296706
0.05934065934065935
0.6879120879120879
0.18241758241758244
-0.9868131868131869
-0.24395604395604398
0.41098901098901086
-0.7714285714285715
0.9340659340659341
0.03296703296703307
-0.7186813186813188
0.5296703296703298
0.3626373626373627
-0.6923076923076923
0.9296703296703297
-0.5780219780219781
0.9252747252747253
-0.18681318681318693
-0.7406593406593407
-0.6307692307692307
0.9824175824175823
0.11648351648351651
0.5912087912087911
0.34945054945054954
0.8241758241758241
0.7802197802197801
0.586813186813187
-0.432967032967033
-0.6087912087912088
0.11208791208791213
-0.46373626373626375
-0.6263736263736264
0.9736263736263735
0.38901098901098896
-0.4945054945054945
-0.5208791208791209
0.6967032967032967
0.17362637362637368
0.9560439560439562
-0.7978021978021979
-0.002197802197802301
-0.9032967032967033
0.32307692307692304
-0.41978021978021973
0.3098901098901099
-0.3538461538461539
-0.3098901098901099
0.5472527472527473
-0.9692307692307692
-0.46813186813186813
0.13406593406593426
0.8285714285714285
-0.5648351648351648
0.06813186813186811
-0.1912087912087913
0.44615384615384635
0.4989010989010989
0.24835164835164836
0.41538461538461546
0.7714285714285714
0.2615384615384615
-0.3802197802197802
-0.4373626373626375
0.25274725274725274
-0.7758241758241758
0.3802197802197802
0.09450549450549461
-0.12967032967032965
0.1428571428571428
-0.6131868131868132
0.7406593406593407
0.854945054945055
-0.8989010989010989
0.0769230769230771
-0.7802197802197802
0.2835164835164836
0.3362637362637364
-0.1428571428571429
-0.6615384615384616
0.621978021978022
0.2659340659340661
0.9868131868131869
-0.17802197802197806
0.7450549450549451
0.06373626373626395
-0.8329670329670329
-0.9516483516483516
0.1956043956043958
0.8989010989010988
1.0
0.15604395604395616
0.5076923076923077
0.3318681318681318
0.6483516483516485
0.578021978021978
-0.5076923076923077
-0.4109890109890111
0.6439560439560439
0.2571428571428571
0.4505494505494505
0.7494505494505495
-0.9472527472527472
0.8593406593406594
-0.8813186813186813
0.20879120879120872
-0.265934065934066
-0.8681318681318682
-0.6175824175824176
-0.8021978021978022
-0.8593406593406594
-0.18241758241758244
-0.4065934065934067
-0.7538461538461538
-0.9296703296703297
-0.22637362637362646
-0.7362637362637363
-0.04615384615384621
-0.010989010989011061
0.432967032967033
-0.4813186813186814
-0.9384615384615385
0.12967032967032965
-0.7054945054945055
-0.3142857142857143
0.6527472527472526
-0.34505494505494505
-0.3318681318681319
-0.39340659340659345
0.05494505494505497
0.8417582417582417
-0.7890109890109891
-0.9604395604395605
-0.30109890109890114
0.6835164835164835
0.16483516483516492
0.8813186813186813
0.2395604395604396
-0.10769230769230775
-0.9736263736263736
-0.2923076923076924
-0.9824175824175824
0.8901098901098901
0.18681318681318682
-0.6395604395604395
-0.4725274725274726
-0.5472527472527473
-0.7230769230769232
0.3054945054945055
-0.15164835164835178
0.613186813186813
0.17802197802197806
-0.25714285714285723
0.9208791208791209
0.29670329670329676
-0.03736263736263745
0.9956043956043956
-0.6835164835164835
-0.14725274725274728
0.12527472527472527
0.46373626373626364
-0.32307692307692315
-0.4593406593406594
-0.5560439560439561
0.5516483516483517
-0.36703296703296706
0.6923076923076923
-0.810989010989011
-0.25274725274725285
-0.24835164835164836
-0.30549450549450563
CENT_RANK
-0.0241758241758242
0.7186813186813188
0.4989010989010989
0.7406593406593407
-0.5780219780219781
-0.03736263736263745
-0.006593406593406681
-0.1912087912087913
-0.8241758241758241
0.23516483516483522
0.3098901098901099
0.8901098901098901
0.8241758241758241
-0.25714285714285723
0.5340659340659342
0.08131868131868125
0.1956043956043958
0.2835164835164836
-0.3538461538461539
-0.8901098901098902
-0.6967032967032967
-0.8505494505494505
-0.06373626373626373
-0.49010989010989015
0.775824175824176
-0.19999999999999996
0.3318681318681318
-0.5560439560439561
0.2131868131868131
0.06813186813186811
0.7802197802197801
0.6000000000000001
-0.3846153846153846
0.5956043956043957
0.1472527472527474
0.1912087912087912
0.46373626373626364
-0.17802197802197806
0.9516483516483516
-0.5692307692307692
-0.24395604395604398
-0.46813186813186813
-0.5956043956043957
-0.3802197802197802
-0.6923076923076923
-0.15604395604395616
0.9692307692307693
0.024175824175824312
-0.4021978021978022
-0.04175824175824183
0.7098901098901098
-0.9472527472527472
-0.7186813186813188
-0.7318681318681319
0.41978021978021984
0.2175824175824177
-0.37142857142857155
-0.4813186813186814
-0.44175824175824185
0.4241758241758242
0.7978021978021979
-0.10329670329670337
-0.39340659340659345
0.5824175824175823
0.002197802197801968
-0.9692307692307692
0.287912087912088
0.9560439560439562
0.6571428571428573
-0.6395604395604395
-0.2131868131868132
-0.5032967032967033
0.3846153846153848
-0.8065934065934066
1.0
-0.6000000000000001
0.854945054945055
0.7846153846153847
-0.41978021978021973
0.9868131868131869
0.05054945054945059
-0.5516483516483517
-0.6703296703296704
-0.7714285714285715
-0.9956043956043956
0.5516483516483517
0.36703296703296706
-0.05494505494505508
0.01978021978021971
0.6043956043956045
-0.2923076923076924
-0.454945054945055
0.0769230769230771
0.22197802197802186
-0.665934065934066
0.46813186813186825
0.586813186813187
-0.07692307692307698
-0.08571428571428585
-0.5164835164835164
0.6087912087912088
0.18681318681318682
-0.9120879120879121
-0.4285714285714286
0.7054945054945057
0.43736263736263736
-0.34505494505494505
0.3626373626373627
0.3362637362637364
-0.5604395604395604
0.05494505494505497
-0.9340659340659341
0.9824175824175823
0.476923076923077
-0.0945054945054945
0.3758241758241758
-0.8813186813186813
0.665934065934066
0.5560439560439561
-0.15164835164835178
0.7890109890109891
0.16043956043956054
0.3802197802197802
-0.019780219780219932
-0.41538461538461535
0.432967032967033
0.4813186813186814
-0.6131868131868132
0.6703296703296704
-0.6527472527472529
-0.23076923076923084
0.9736263736263735
0.912087912087912
-0.5648351648351648
-0.7230769230769232
-0.16043956043956054
0.7538461538461538
0.8065934065934066
-0.27912087912087913
-0.6879120879120879
-0.5076923076923077
-0.8769230769230769
0.5428571428571427
0.11208791208791213
0.2395604395604396
-0.4373626373626375
0.09450549450549461
0.701098901098901
-0.12527472527472538
0.6351648351648354
-0.3098901098901099
-0.9560439560439561
0.08571428571428585
0.4065934065934067
-0.27472527472527475
0.31868131868131866
0.4945054945054945
0.9252747252747253
0.38901098901098896
0.6175824175824176
0.04615384615384621
0.6263736263736264
-0.30549450549450563
-0.8637362637362638
-0.5208791208791209
0.613186813186813
-0.9912087912087912
-0.5296703296703298
0.9032967032967032
-0.010989010989011061
0.9208791208791209
0.8329670329670329
-0.32307692307692315
-0.6835164835164835
-0.13406593406593403
0.2439560439560442
0.8285714285714285
-0.7142857142857143
0.17802197802197806
-0.22197802197802208
-0.31868131868131866
-0.34945054945054943
0.37142857142857144
-0.2703296703296705
-0.20439560439560445
0.7934065934065933
-0.5340659340659342
0.03736263736263745
-0.7274725274725276
0.5164835164835166
-0.701098901098901
0.8593406593406594
0.5208791208791208
0.028571428571428692
-0.002197802197802301
0.5032967032967033
0.7318681318681319
-0.29670329670329676
-0.8945054945054945
-0.44615384615384623
-0.978021978021978
0.9604395604395604
-0.09890109890109888
-0.8197802197802198
-0.265934065934066
-0.9604395604395605
-0.9032967032967033
-0.9648351648351648
-0.120879120879121
0.20879120879120872
0.8153846153846156
-0.643956043956044
0.7274725274725276
-0.38901098901098907
0.3274725274725274
0.15604395604395616
0.7626373626373626
0.4549450549450551
-0.1648351648351648
0.5736263736263736
0.04175824175824161
0.44615384615384635
0.1208791208791209
-0.3582417582417583
-0.2175824175824176
-0.6307692307692307
-0.24835164835164836
-0.4241758241758242
0.578021978021978
-0.3626373626373627
-0.8373626373626374
-0.7890109890109891
0.10329670329670337
0.4725274725274724
0.9648351648351647
0.12527472527472527
-0.08131868131868136
-0.2395604395604396
0.8373626373626375
-0.11208791208791213
0.23076923076923084
-0.4945054945054945
0.5076923076923077
-0.5868131868131868
-0.14725274725274728
-0.06813186813186822
0.45934065934065926
0.18241758241758244
0.5692307692307692
0.8857142857142859
-0.015384615384615441
-0.8681318681318682
0.41538461538461546
0.6923076923076923
0.30109890109890114
-0.8021978021978022
-0.0505494505494507
-0.18681318681318693
0.09010989010989001
0.512087912087912
0.7670329670329672
0.8021978021978022
0.05934065934065935
-0.2615384615384616
0.3054945054945055
-1.0
0.2659340659340661
-0.9736263736263736
0.9912087912087912
-0.432967032967033
0.39780219780219794
-0.5912087912087912
-0.22637362637362646
0.015384615384615552
-0.9516483516483516
-0.5120879120879122
0.3142857142857145
-0.7626373626373626
-0.8593406593406594
0.29230769230769216
0.5912087912087911
-0.48571428571428565
-0.20879120879120883
-0.13846153846153852
-0.8285714285714286
0.2571428571428571
0.2615384615384615
0.27912087912087924
0.5472527472527473
0.25274725274725274
-0.9076923076923077
0.4021978021978021
0.03296703296703307
-0.5428571428571429
0.4285714285714286
-0.10769230769230775
-0.8989010989010989
0.41098901098901086
0.9428571428571428
-0.7846153846153846
-0.1428571428571429
0.1428571428571428
0.17362637362637368
-0.287912087912088
-0.6571428571428571
-0.7758241758241758
0.3538461538461539
0.10769230769230775
-0.4505494505494505
0.8769230769230769
-0.6087912087912088
0.6527472527472526
-0.39780219780219783
-0.25274725274725285
-0.3362637362637364
-0.9208791208791209
-0.05934065934065935
-0.7054945054945055
0.22637362637362646
0.5296703296703298
-0.12967032967032965
-0.32747252747252753
0.32307692307692304
0.8681318681318682
0.6483516483516485
-0.7582417582417582
0.27472527472527486
-0.9296703296703297
-0.2835164835164835
0.7582417582417582
0.9384615384615385
-0.7098901098901098
0.19999999999999996
-0.621978021978022
-0.9868131868131869
-0.17362637362637368
0.6395604395604395
-0.6043956043956045
-0.3318681318681319
0.8813186813186813
0.24835164835164836
-0.9384615384615385
0.8505494505494506
0.9780219780219781
0.34505494505494516
0.12967032967032965
0.564835164835165
-0.46373626373626375
-0.02857142857142858
-0.30109890109890114
-0.8153846153846154
0.6439560439560439
0.29670329670329676
0.07252747252747249
0.5252747252747254
-0.0725274725274726
-0.8857142857142857
0.6791208791208792
-0.7670329670329671
0.6307692307692307
-0.7934065934065935
0.8725274725274725
0.9340659340659341
0.9956043956043956
0.13406593406593426
-0.5736263736263736
0.723076923076923
0.3582417582417583
0.34945054945054954
0.06373626373626395
0.8637362637362636
-0.5252747252747254
-0.9824175824175824
0.8945054945054944
0.6879120879120879
0.7142857142857142
0.7362637362637363
-0.7406593406593407
-0.4989010989010989
-0.9252747252747253
0.7494505494505495
-0.4109890109890111
0.5604395604395604
0.9472527472527472
0.9076923076923078
0.8197802197802198
-0.04615384615384621
-0.8417582417582418
-0.36703296703296706
-0.6351648351648352
0.7450549450549451
0.8989010989010988
-0.5824175824175825
-0.4593406593406594
-0.5384615384615385
-0.7450549450549451
-0.11648351648351651
-0.1956043956043957
-0.7362637362637363
-0.6175824175824176
-0.4065934065934067
-0.8461538461538461
0.6967032967032967
0.20439560439560456
0.8461538461538463
-0.8329670329670329
-0.6747252747252748
0.9164835164835166
-0.37582417582417593
0.098901098901099
-0.7978021978021979
0.6615384615384614
0.39340659340659334
0.8417582417582417
0.48571428571428577
0.1692307692307693
-0.7494505494505495
-0.7802197802197802
0.00659340659340657
-0.09010989010989023
-0.9164835164835164
-0.3406593406593408
0.5384615384615385
0.7714285714285714
-0.8549450549450549
0.49010989010989015
-0.9428571428571428
0.11648351648351651
0.9296703296703297
-0.476923076923077
0.16483516483516492
0.1384615384615384
-0.6263736263736264
-0.6615384615384616
0.01098901098901095
0.6747252747252748
0.4505494505494505
-0.6483516483516484
0.34065934065934056
0.27032967032967026
0.15164835164835155
0.6835164835164835
-0.810989010989011
0.44175824175824174
0.810989010989011
-0.3142857142857143
-0.18241758241758244
-0.03296703296703296
-0.1692307692307693
-0.4725274725274726
-0.8725274725274725
-0.6791208791208792
-0.7538461538461538
0.621978021978022
-0.5472527472527473
-0.2351648351648351
RANK
265
84
166
334
372
200
267
65
207
205
151
274
51
426
341
111
327
379
315
420
102
290
206
296
198
19
356
116
141
450
251
163
278
424
21
401
387
230
405
284
8
203
350
442
73
255
410
360
231
299
417
305
83
358
277
325
452
416
395
377
398
53
188
134
52
177
331
317
190
20
44
139
173
451
406
82
94
433
304
129
437
211
69
389
225
432
333
399
127
310
337
75
42
271
243
392
4
365
39
133
109
27
81
454
293
394
186
167
371
164
99
275
140
71
378
241
23
281
57
429
449
41
347
393
91
308
199
58
145
269
103
227
78
124
381
400
48
312
62
213
32
43
408
56
388
229
223
18
181
106
421
314
338
321
172
180
445
150
162
349
197
90
303
328
138
154
183
204
263
13
313
226
40
237
455
130
272
179
224
70
282
184
25
397
7
257
446
37
335
448
218
135
45
119
244
300
283
174
320
148
208
396
239
295
61
202
114
419
98
236
97
355
245
22
316
87
256
386
49
5
447
348
0
123
250
169
6
194
64
418
434
273
88
47
193
292
187
220
160
80
110
262
369
29
353
92
15
152
258
146
409
232
307
143
427
222
235
345
364
431
301
34
440
215
121
430
415
302
178
247
101
35
16
332
403
209
28
55
93
318
240
9
144
175
340
289
285
286
266
439
326
287
17
66
279
352
254
264
10
276
155
322
214
26
108
438
344
368
306
367
107
86
182
115
122
72
158
412
270
291
153
297
252
54
59
294
125
105
443
221
436
217
246
36
95
233
113
126
414
425
156
2
195
242
259
189
192
354
319
14
422
142
288
85
118
382
346
248
219
228
63
96
280
33
31
89
100
165
159
453
161
359
149
336
351
324
311
68
411
117
128
435
357
441
374
253
402
147
104
50
375
1
366
212
196
376
3
390
380
136
329
216
260
423
24
30
77
120
185
60
261
137
444
210
385
12
176
171
238
413
404
342
76
191
370
323
361
309
339
249
11
373
391
168
384
132
407
170
157
428
362
330
298
383
38
67
201
234
46
131
343
112
79
268
363
74
