DEGREE
0.3142857142857143
0.2571428571428571
0.48571428571428577
-0.48571428571428577
0.08571428571428563
0.5428571428571429
0.2571428571428571
0.3142857142857143
0.08571428571428563
0.3142857142857143
-0.19999999999999996
0.4285714285714286
0.1428571428571428
-0.08571428571428574
-0.7714285714285715
0.08571428571428563
-0.3142857142857143
0.08571428571428563
-0.08571428571428574
0.5428571428571429
0.2571428571428571
0.02857142857142847
0.4285714285714286
0.4285714285714286
0.2571428571428571
-0.3142857142857143
0.6000000000000001
0.2571428571428571
-0.37142857142857144
0.3142857142857143
0.19999999999999996
-0.2571428571428571
0.8857142857142857
-0.48571428571428577
0.6000000000000001
0.4285714285714286
0.48571428571428577
0.6571428571428573
0.19999999999999996
-0.4285714285714286
0.48571428571428577
-0.1428571428571429
-0.6
0.02857142857142847
-0.2571428571428571
0.02857142857142847
0.48571428571428577
-0.3142857142857143
0.08571428571428563
0.08571428571428563
-0.3142857142857143
-0.5428571428571429
0.2571428571428571
0.37142857142857144
-0.4285714285714286
-0.37142857142857144
-0.02857142857142858
0.02857142857142847
0.1428571428571428
0.4285714285714286
0.08571428571428563
-0.19999999999999996
0.19999999999999996
-0.02857142857142858
0.37142857142857144
-0.3142857142857143
0.48571428571428577
-0.19999999999999996
0.48571428571428577
0.7142857142857142
-0.3142857142857143
0.9428571428571428
0.48571428571428577
0.02857142857142847
0.5428571428571429
0.3142857142857143
-0.19999999999999996
0.08571428571428563
0.02857142857142847
-0.7142857142857143
0.02857142857142847
-0.2571428571428571
0.02857142857142847
-0.4285714285714286
-0.2571428571428571
0.3142857142857143
0.19999999999999996
-0.4285714285714286
-0.02857142857142858
0.37142857142857144
-0.02857142857142858
0.5428571428571429
-0.5428571428571429
-0.19999999999999996
0.1428571428571428
-1.0
0.19999999999999996
-0.3142857142857143
0.4285714285714286
0.48571428571428577
0.7714285714285714
0.4285714285714286
0.08571428571428563
0.19999999999999996
0.19999999999999996
-0.4285714285714286
0.37142857142857144
-0.19999999999999996
0.1428571428571428
0.8285714285714285
0.08571428571428563
-0.2571428571428571
-0.3142857142857143
-0.08571428571428574
0.1428571428571428
-0.02857142857142858
-0.4285714285714286
-0.19999999999999996
0.8857142857142857
0.3142857142857143
-0.08571428571428574
0.1428571428571428
0.3142857142857143
0.37142857142857144
-0.02857142857142858
0.19999999999999996
0.6000000000000001
-0.08571428571428574
0.5428571428571429
-0.19999999999999996
0.4285714285714286
-0.1428571428571429
-0.1428571428571429
-0.2571428571428571
0.02857142857142847
0.2571428571428571
0.37142857142857144
0.37142857142857144
-0.08571428571428574
0.7142857142857142
0.08571428571428563
0.48571428571428577
0.4285714285714286
-0.19999999999999996
0.6571428571428573
-0.37142857142857144
0.6000000000000001
0.19999999999999996
-0.02857142857142858
0.02857142857142847
0.1428571428571428
0.1428571428571428
-0.2571428571428571
-0.6571428571428571
-0.2571428571428571
0.4285714285714286
0.37142857142857144
-0.02857142857142858
-0.08571428571428574
0.1428571428571428
0.02857142857142847
1.0
0.2571428571428571
0.02857142857142847
0.48571428571428577
0.5428571428571429
0.7714285714285714
0.4285714285714286
0.37142857142857144
0.3142857142857143
0.4285714285714286
-0.2571428571428571
0.3142857142857143
-0.5428571428571429
-0.02857142857142858
0.2571428571428571
0.37142857142857144
0.37142857142857144
-0.3142857142857143
-0.2571428571428571
0.4285714285714286
0.1428571428571428
-0.37142857142857144
0.37142857142857144
0.02857142857142847
-0.08571428571428574
-0.02857142857142858
-0.1428571428571429
-0.4285714285714286
0.2571428571428571
0.37142857142857144
0.3142857142857143
0.08571428571428563
0.4285714285714286
0.4285714285714286
0.5428571428571429
0.48571428571428577
-0.08571428571428574
0.6571428571428573
-0.3142857142857143
0.08571428571428563
0.2571428571428571
0.3142857142857143
0.37142857142857144
-0.1428571428571429
0.4285714285714286
-0.1428571428571429
-0.02857142857142858
0.3142857142857143
-0.7142857142857143
0.19999999999999996
0.4285714285714286
0.8285714285714285
0.4285714285714286
0.4285714285714286
0.1428571428571428
0.3142857142857143
-0.2571428571428571
0.2571428571428571
-0.08571428571428574
-0.7142857142857143
0.02857142857142847
0.19999999999999996
0.5428571428571429
0.02857142857142847
-0.2571428571428571
-0.4285714285714286
-0.19999999999999996
0.08571428571428563
0.3142857142857143
0.6000000000000001
-0.2571428571428571
-0.3142857142857143
0.5428571428571429
-0.02857142857142858
0.3142857142857143
0.3142857142857143
-0.3142857142857143
-0.19999999999999996
0.4285714285714286
0.7142857142857142
0.2571428571428571
-0.19999999999999996
-0.1428571428571429
-0.3142857142857143
-0.08571428571428574
-0.2571428571428571
0.4285714285714286
-0.8285714285714285
-0.2571428571428571
-0.02857142857142858
-0.37142857142857144
0.37142857142857144
0.02857142857142847
-0.02857142857142858
-0.48571428571428577
0.19999999999999996
-0.19999999999999996
-0.08571428571428574
0.5428571428571429
0.48571428571428577
0.19999999999999996
-0.02857142857142858
-0.3142857142857143
-0.37142857142857144
0.4285714285714286
-0.5428571428571429
-0.5428571428571429
-0.48571428571428577
0.3142857142857143
0.4285714285714286
0.6000000000000001
-0.02857142857142858
0.08571428571428563
0.4285714285714286
0.6000000000000001
0.37142857142857144
-0.2571428571428571
0.6000000000000001
0.4285714285714286
0.3142857142857143
0.6000000000000001
-0.1428571428571429
0.1428571428571428
-0.2571428571428571
0.5428571428571429
0.37142857142857144
0.02857142857142847
-0.5428571428571429
0.37142857142857144
0.19999999999999996
-0.02857142857142858
-0.19999999999999996
-0.08571428571428574
-0.5428571428571429
0.1428571428571428
-0.5428571428571429
0.02857142857142847
-0.1428571428571429
0.4285714285714286
-0.02857142857142858
0.1428571428571428
0.2571428571428571
0.37142857142857144
0.5428571428571429
0.19999999999999996
0.19999999999999996
-0.08571428571428574
-0.19999999999999996
0.08571428571428563
-0.2571428571428571
EIGENVECTOR
-0.54381519833891
-0.6721982877767673
-0.4314301364219204
-0.9911947401486891
-0.1558778542487279
-0.7565981139043266
0.11091064539452966
-0.8181386900392306
0.22258619687465697
-0.14282737813528723
-0.9897926656046341
0.5848908840132738
-0.8256888479026527
-0.8324447224118359
-0.981803525762964
-0.997105206042844
-0.9251236967607368
-0.9807915899720124
-0.8678217790903762
0.24063240547191556
-0.8686848131580377
-0.9881232272232183
-0.5709548157823998
-0.8398185771717328
-0.856313592579494
-0.9672108297008665
0.7145689003327234
-0.2728552968774113
-0.9409337803684186
-0.793731089570286
-0.9916945479738206
-0.9412832596034059
0.8702528537478473
-0.9722845894208608
-0.530815311922405
0.41462757987804455
-0.8922217391500511
-0.5759672577102226
0.1954823061938502
-0.9658690749512243
0.1834255801976301
-0.9347341004921461
-0.9635555626555792
-0.9959410118775482
-0.9231869097148803
-0.7472990183812556
0.6290548688215523
-0.8635236629215026
-0.28517762672650804
-0.32328442841000693
-0.9931577383775997
-0.9948037310221003
0.047040670092722614
-0.4562208957295133
-0.9843162378222349
-0.9643208950973035
-0.9982992242379157
-0.9457798723454959
-0.7795134872749263
-0.5411664935316824
-0.6488508215885889
-0.7688560151168053
-0.9925371734874889
-0.9520377723759885
0.239315009116027
-0.811641327835308
-0.8966323504498929
-0.9935074639356634
-0.7183413299186647
0.4466842390988104
-0.9931577383775997
0.9906248646718456
0.4013636020058342
-0.9380107880537137
-0.5750920488966642
-0.5721445399898923
-0.9763459194529575
-0.9317652152746115
-0.7184878119860699
-0.9972524283095177
-0.7306837288112766
-0.9117084870581007
-0.8947078571554115
-0.9586076124764091
-0.9492696276669628
0.35625972555969687
0.011683074833238827
-0.9945352043281217
-0.984180713002973
-0.9949685990136053
-0.8110054845208498
-0.6041049786713025
-0.9872500588579961
-0.8515577883195873
-0.9590017007519558
-0.992070065734608
-0.7559338558887944
-0.9819894970221701
-0.888059972987679
0.6320126907011359
0.8015839433232641
-0.9878205242376961
-0.9504500375865896
-0.9414711480381925
-0.7834943871236917
-0.9945352043281217
0.33408953410228825
-0.9963486921294091
-0.950967788246239
0.8338369466733966
-0.8872662377898486
-0.3667916277058809
-0.9979872647104567
-0.8394926841625976
-0.9966389772096413
-0.9147336204490565
-0.9720826322914571
-0.998046072747188
0.9281806887981503
-0.2582408901976081
-0.9220196997428969
0.2654543784541141
-0.5076993716039296
-0.47908822792641903
-0.8647630714821892
-0.04016769644472151
0.5356215263474007
-0.24466702958297837
-0.7307613869012217
-0.1959822634140842
-0.8787937747757987
-0.9988473157995783
-0.8601736933530079
-0.8484211407799147
-0.8755186624343476
-0.8686848131580376
0.16583906223783207
-0.23422963248923767
-0.9790736772987575
0.7168041571449246
-0.5809588071844936
-0.5367701822509823
0.3538966864858206
-0.3424733869379738
0.6897857620977614
-0.9978813194610948
0.601236524726025
-0.846111497731732
-0.9489235101315214
-0.20813853949641037
-0.991823048597763
-0.7808817283343391
-0.9436216721316886
-0.995088856572015
-0.999526095607374
0.4739966149092696
-0.34945340247461765
-0.9980856219336584
-0.861307544071181
-0.9934270472064147
-0.9809259220623531
1.0
-0.5599303447244584
-0.9676167754395684
0.5109589437956736
-0.6193859604377462
0.8811109826422299
-0.9447215220629411
-0.5794859922929974
-0.528613268269533
0.35389668648581996
-0.9837950702226752
0.03334982704693967
-0.9948037310221003
-0.7662953906365513
-0.7301746431270568
0.40782992204728474
-0.6430533887486679
-0.8794227487248815
-0.8516562910489665
-0.8902455539492996
-0.5517505653544895
-0.957408593005307
-0.13540569234132738
-0.7888273510180057
-0.972388027790036
-0.6632374813354128
-0.9932740943407818
-0.9999999999999999
-0.9526676911514094
0.3202686525624252
-0.2338660616089674
-0.9880427249878022
-0.605559700049517
0.1827094547129684
0.6297921423011876
-0.5651541975683742
-0.9817941114109785
-0.7070727046781088
-0.9740187691672662
-0.9710571457206074
-0.9757859114453038
-0.8072393530798259
-0.6829329367496383
-0.8704692241085805
-0.18238825790898772
-0.9510911263431956
-0.8876893206182139
-0.5948585139751588
-0.9936640167102483
0.20482271137912256
-0.282886369430299
0.8825750402327017
-0.23121486430426774
-0.7086938669157548
-0.9966389772096412
-0.4868409553453935
-0.9767339541301943
-0.9967189346480303
-0.9740573171501375
-0.7899367247006839
-0.9951788829010492
-0.8594108845421401
-0.04442284328934909
-0.9689466690653783
-0.999526095607374
-1.0
-0.9668549629546854
-0.7029187606383496
-0.5273575408887281
0.5121029383995577
-0.4448682987158977
-0.9819894970221701
0.6858625584525004
-0.9980564491926962
0.11629964570546725
-0.653369103441169
-0.8544335505502388
-0.8721995816334747
0.15724048479649722
-0.30461007530023443
-0.8071911966474687
-0.8650142599578705
-0.8646113914336362
-0.8557788048469291
-0.9744631845861705
-0.873151179271377
-0.43643356730034755
-0.8390283157136983
-0.9611934229651947
-0.9956998436938451
-0.9978813194610949
-0.49611299029801936
-0.6153566642188149
-0.9982621065305094
-0.962623446867818
-0.019546300078100654
-0.9392794649436489
-0.9986169213779755
-0.8557628178461256
0.20991500095060922
-0.9876964922533904
-0.9726448805100064
-0.8635236629215028
-0.9529525481166139
-0.9054599222171473
-0.8785957874910169
-0.991261599366201
-0.9904088166920598
-0.4731533330429172
-0.7272616101078553
-0.9054495736630204
-0.059836803328823795
-0.7433142350106011
-0.7078792045032656
-0.20981069373598527
-0.97948195796178
-0.9117084870581006
-0.4851438580021886
-0.8131644671749643
-0.5451589947423023
-0.40147390213014356
-0.9365736827573315
-0.497332069111848
-0.9117084870581006
-0.4558889991824485
-0.3243358168210845
-0.8729723130561851
-0.9948037310221003
-0.5081134637000362
-0.9642473701519657
-0.9720997390301512
-0.8259521527194236
-0.8067664198308707
-0.7000022933626677
-0.6423540270104706
-0.9948037310221003
-0.8391694771668985
-0.9932740943407818
-0.22166958987090157
-0.545160366960987
0.11154312468269922
-0.7032976793183985
-0.8145879479560968
-0.5566049589087241
0.17342195812997807
-0.7188108760681475
-0.808741739590755
-0.9579510025442695
-0.8680905932233592
-0.9704878658005275
CENT
-0.576267581707977
-0.720092191290063
-0.34575750737041566
-0.9873051047170077
-0.6297291234992285
0.5317271892582225
-0.9236929991436557
-0.6732700670273571
-0.9707269377690968
-0.1579637712391302
-0.25823228382108776
-0.9131803253345252
-0.8403220489315554
-0.9106107985968377
-0.9940791304431527
-0.9252681089977954
-0.29601242331415434
-0.5454509969379205
-0.6244427841128519
-0.40604939480506874
-0.44044780683424434
-0.7260410001340516
-0.1987562762179398
-0.36603043766019505
-0.7861974887859586
-0.6424262379167179
-0.8151294271373315
-0.7138871409571066
-0.3116907301745184
-0.632106087985729
-0.6179865345464444
-0.8433359684228766
-0.24320181860466228
-0.9894475212693911
-0.14286643371118535
-0.9179053054180624
-0.5637755125683237
-0.35926761728260137
-0.9625217250244748
-0.9234208040753986
-0.11315594364980863
-0.8102915330864934
-0.9700367068731944
-0.9093934014125298
-0.03703463017518127
-0.17886522491850898
-0.9435902507854392
-0.9922088507226801
-0.8331702140186039
-0.7103892858871477
-0.6806693094795337
-0.9984701052121218
-0.6643465004286219
-0.4067534168440502
-0.961108965082975
-0.840621398020478
-0.9739445683479028
-0.8730878989341015
-0.7787393927744248
-0.4820574567943817
-0.4499640198766698
-0.6003680401568083
-0.6776883553533832
-0.6290433593574185
-0.8553833813359845
-0.6297264497744587
-0.4104306481071036
-0.9200059702546305
-0.46461717197027896
-0.28888571369264504
-0.6806693094795337
-0.6185529155882322
-0.8010164726678535
-0.7345081145809478
-0.537192127195311
-0.5930865028004545
-0.65510126719926
-0.6440122414142753
0.13630609515646563
-0.9715035452520112
0.09492249842958245
-0.96214911326154
0.10237808715716268
-0.9504722371418058
-0.9067537501728717
-0.9537103671653034
-0.37766955234435495
-0.9436165163472904
-0.5932788664868502
-0.4404726378297006
-0.1275619824723938
-0.5493500082874038
-0.9111966007229921
0.08090663081610261
-0.46657844961375106
-1.0
-0.7935384121379869
-0.8053099796093552
-0.6800817370711031
-0.9319358515691251
-0.723301447258363
0.22693210197078217
-0.4222577843821014
-0.6581932299459772
-0.6728006424673881
-0.9436165163472904
-0.9302700605103189
-0.8708169727572577
-0.7936251170793007
-0.5476008430426034
-0.46571271523919466
-0.9083201087109054
-0.9898756118951769
-0.8610053617373914
-0.913819426693917
-0.32789652650682866
-0.7125018619487418
-0.8373771906392934
-0.6656127741075607
-0.6101627777393648
-0.6628493002360453
-0.9690260077467139
-0.467828344667067
-0.5315672230773858
-0.8093545583560704
-0.8222845777280228
-0.11758197514457058
-0.9756531307952135
-0.1785142894557471
-0.9809143758289185
-0.37372774320682234
-0.9834592437522904
-0.028120434923813553
-0.9821176197027182
-0.692125753387046
-0.44044780683424434
-0.5770336338788071
-0.45133310633935175
-0.6601846771915638
-0.23529106164138913
-0.11783335309800091
-0.24778276445537373
-0.41068542977719547
-0.9877422621205194
-0.8111270130363445
-0.9067522509017703
-0.8082452043255411
-0.6508852065841616
-0.8103408536299319
-0.9335744883478998
-0.7110330988608089
-0.6811601042674127
-0.7589182583820232
-0.7874242326786682
-0.994943176010814
-0.9217498918003002
0.39639193129897743
-0.9285837887346677
-0.7172691065048159
-0.6675809415633986
-0.7306927902295328
-0.06105779039236403
-0.11700285375497355
-0.586149058399521
-0.910417187917987
-0.6430867627480956
-0.8032439477350587
-0.4657953492128588
-0.7176517716216948
-0.6236120133235095
-0.41068542977719547
-0.8689433354780551
-0.6655876140337981
-0.9984701052121218
-0.8901457564281869
-0.18046808487385768
-0.9375231270989626
-0.6714276052698166
-0.9159537796444235
-0.9835271609621614
-0.2162094267588407
0.17750605435621303
-0.9374980350525036
0.2543224717789323
-0.5912639638036359
-0.31765542071946573
-0.6576402983252108
-0.8202442245526222
-0.9996612632755785
-0.6455104667158738
-0.868124882758256
0.04819462203914515
-0.67476977621284
-0.3148060827621142
-0.30126857065580137
-0.8928871381278374
-0.16267839005617557
-0.42270455427887665
0.048337921395349204
-0.7237138072850233
-0.37357839444890395
0.5749827966132877
-0.5010797724504478
-0.23058073027570436
0.7153571561132535
-0.0883519240924262
-0.936359415571272
-0.4473112053957332
-0.6791841552439241
-0.9078216081257987
-0.8621289325877077
-0.1112473074821465
-0.735354694368856
-0.46862993160278243
-0.26007436654913807
-0.913819426693917
-0.5560048166893783
-0.7119744579307227
-0.8411701185953683
-0.12952897845690403
-0.9327369725327597
-0.8662389416007632
-0.7040253966152478
1.0
-0.21599840665952652
-0.994943176010814
-0.9996612632755785
-0.8395142655480361
-0.015649785045470654
-0.5675763429569534
-0.7370314822700386
-0.8690997289416381
-0.8053099796093552
-0.9343064283097385
-0.9476066931385921
-0.3095513295342718
0.42150652256377885
-0.669838638343494
-0.03804628714401803
-0.32836517746824434
-0.09192946177992556
-0.730331880400641
-0.8903098610062187
-0.3555996903448173
-0.9880954670275722
-0.7936181989434582
-0.9327751222608428
-0.20104390057423716
-0.9983898018963842
-0.07926867482864108
-0.8430797104542106
-0.9067522509017703
-0.476154132561849
-0.5959348238961863
-0.9503407446774916
-0.9946111406702511
-0.5792647262641484
-0.8604365728474753
-0.9790568128001065
-0.295532037191122
-0.5950477501532274
-0.5370127160024105
-0.4631548589215997
-0.9922088507226801
-0.9092705298780934
-0.5979657035838923
-0.9712405240058787
-0.9867212941906794
-0.984736020148716
0.7090314294067481
0.3441608486560521
-0.01795159786454692
-0.9626251588401842
-0.6375608058126483
-0.4608803608325339
0.5418846944585514
0.5838801559156603
-0.96214911326154
-0.0978878383577716
-0.36335368842933846
-0.3733459616681082
-0.3290480306030351
-0.5964206305828441
-0.36630205470858734
-0.96214911326154
0.5790205473598664
-0.3102137653515056
-0.695375908041518
-0.9984701052121218
0.006643389168116576
-0.6150994709694755
-0.130887436346531
-0.9917093705194211
-0.9520612541583425
-0.9823846100134255
-0.6950654692234317
-0.9984701052121218
0.2341563419327446
-0.8202442245526222
0.01503926677004519
-0.7614129862570536
-0.9831110332326458
-0.8337118351611337
-0.6080728785165317
0.2704254941967992
-0.98031581799963
-0.3432016005155274
-0.9427012653993903
-0.8931417147175006
-0.6429925361476234
-0.8510512008430454
DEGREE_RANK
0.29032258064516125
0.19999999999999996
0.703225806451613
-0.896774193548387
-0.09677419354838712
0.7806451612903225
0.20645161290322567
0.29677419354838697
-0.09032258064516141
0.3032258064516129
-0.5741935483870968
0.5354838709677419
0.006451612903225712
-0.4193548387096775
-0.9870967741935484
-0.08387096774193559
-0.7806451612903226
-0.07741935483870976
-0.41290322580645167
0.7870967741935484
0.2129032258064516
-0.2129032258064517
0.5419354838709676
0.5483870967741937
0.21935483870967754
-0.7741935483870968
0.8580645161290323
0.22580645161290325
-0.8193548387096774
0.30967741935483883
0.09677419354838701
-0.6903225806451613
0.9806451612903226
-0.8903225806451613
0.864516129032258
0.5548387096774194
0.7096774193548387
0.9161290322580644
0.10322580645161294
-0.8709677419354839
0.7161290322580645
-0.4774193548387098
-0.9548387096774194
-0.2064516129032259
-0.6838709677419355
-0.20000000000000007
0.7225806451612904
-0.7677419354838709
-0.07096774193548394
-0.06451612903225812
-0.7612903225806451
-0.9483870967741935
0.23225806451612918
0.4129032258064518
-0.864516129032258
-0.8129032258064517
-0.3290322580645162
-0.19354838709677424
0.012903225806451646
0.5612903225806452
-0.058064516129032295
-0.567741935483871
0.10967741935483866
-0.3225806451612905
0.4193548387096775
-0.7548387096774194
0.7290322580645161
-0.5612903225806452
0.7354838709677418
0.935483870967742
-0.7483870967741936
0.9935483870967743
0.7419354838709677
-0.18709677419354842
0.7935483870967743
0.31612903225806455
-0.5548387096774194
-0.05161290322580647
-0.1806451612903227
-0.9806451612903225
-0.17419354838709677
-0.6774193548387097
-0.16774193548387106
-0.8580645161290322
-0.6709677419354838
0.3225806451612905
0.11612903225806437
-0.8516129032258064
-0.31612903225806455
0.4258064516129032
-0.3096774193548387
0.8
-0.9419354838709677
-0.5483870967741935
0.019354838709677358
-1.0
0.12258064516129052
-0.7419354838709677
0.5677419354838711
0.7483870967741937
0.9548387096774194
0.5741935483870968
-0.04516129032258076
0.12903225806451624
0.13548387096774195
-0.8451612903225807
0.43225806451612914
-0.5419354838709678
0.02580645161290329
0.967741935483871
-0.03870967741935494
-0.6645161290322581
-0.7354838709677419
-0.40645161290322585
0.032258064516129226
-0.303225806451613
-0.8387096774193549
-0.5354838709677419
0.9870967741935484
0.3290322580645162
-0.40000000000000013
0.03870967741935494
0.3354838709677419
0.43870967741935485
-0.2967741935483871
0.14193548387096788
0.8709677419354838
-0.3935483870967743
0.8064516129032258
-0.5290322580645161
0.5806451612903225
-0.47096774193548396
-0.46451612903225814
-0.6580645161290322
-0.16129032258064524
0.2387096774193549
0.44516129032258056
0.4516129032258063
-0.3870967741935484
0.9419354838709677
-0.032258064516129115
0.7548387096774194
0.5870967741935482
-0.5225806451612903
0.9225806451612903
-0.8064516129032258
0.8774193548387097
0.1483870967741936
-0.29032258064516137
-0.15483870967741953
0.04516129032258065
0.05161290322580636
-0.6516129032258065
-0.9612903225806452
-0.6451612903225806
0.5935483870967742
0.45806451612903243
-0.28387096774193554
-0.38064516129032266
0.058064516129032295
-0.1483870967741936
1.0
0.2451612903225806
-0.14193548387096777
0.7612903225806451
0.8129032258064517
0.9612903225806451
0.6000000000000001
0.46451612903225814
0.3419354838709676
0.6064516129032258
-0.6387096774193548
0.34838709677419355
-0.935483870967742
-0.27741935483870983
0.2516129032258063
0.47096774193548385
0.4774193548387098
-0.7290322580645161
-0.6322580645161291
0.6129032258064517
0.06451612903225801
-0.8
0.4838709677419355
-0.13548387096774206
-0.37419354838709684
-0.2709677419354839
-0.4580645161290323
-0.832258064516129
0.25806451612903225
0.4903225806451612
0.35483870967741926
-0.02580645161290329
0.6193548387096774
0.6258064516129032
0.8193548387096774
0.767741935483871
-0.367741935483871
0.9290322580645163
-0.7225806451612904
-0.01935483870967747
0.2645161290322582
0.3612903225806452
0.4967741935483869
-0.4516129032258065
0.6322580645161291
-0.4451612903225808
-0.2645161290322581
0.36774193548387113
-0.9741935483870968
0.1548387096774193
0.6387096774193548
0.9741935483870967
0.6451612903225807
0.6516129032258065
0.07096774193548372
0.37419354838709684
-0.6258064516129033
0.2709677419354839
-0.3612903225806452
-0.967741935483871
-0.12903225806451613
0.16129032258064502
0.8258064516129031
-0.12258064516129041
-0.6193548387096774
-0.8258064516129032
-0.5161290322580645
-0.012903225806451757
0.38064516129032255
0.8838709677419356
-0.6129032258064515
-0.7161290322580645
0.8322580645161288
-0.25806451612903236
0.3870967741935485
0.3935483870967742
-0.7096774193548387
-0.5096774193548388
0.6580645161290324
0.9483870967741936
0.27741935483870983
-0.5032258064516129
-0.43870967741935485
-0.7032258064516129
-0.3548387096774195
-0.6064516129032258
0.6645161290322581
-0.9935483870967742
-0.6
-0.25161290322580654
-0.7935483870967742
0.5032258064516131
-0.11612903225806459
-0.24516129032258072
-0.8838709677419355
0.16774193548387117
-0.49677419354838714
-0.34838709677419366
0.838709677419355
0.7741935483870968
0.17419354838709689
-0.2387096774193549
-0.6967741935483871
-0.7870967741935484
0.6709677419354838
-0.9290322580645162
-0.9225806451612903
-0.8774193548387097
0.3999999999999999
0.6774193548387097
0.8903225806451613
-0.23225806451612918
-0.006451612903225823
0.6838709677419355
0.896774193548387
0.5096774193548388
-0.5935483870967742
0.903225806451613
0.6903225806451612
0.40645161290322585
0.9096774193548387
-0.432258064516129
0.07741935483870988
-0.5870967741935484
0.8451612903225807
0.5161290322580645
-0.10967741935483888
-0.9161290322580645
0.5225806451612904
0.1806451612903226
-0.22580645161290325
-0.49032258064516143
-0.3419354838709677
-0.9096774193548387
0.08387096774193559
-0.9032258064516129
-0.10322580645161294
-0.4258064516129033
0.6967741935483871
-0.21935483870967742
0.0903225806451613
0.28387096774193554
0.5290322580645161
0.8516129032258064
0.18709677419354853
0.19354838709677424
-0.335483870967742
-0.4838709677419355
-1.1102230246251565e-16
-0.5806451612903226
EIGENVECTOR_RANK
0.3999999999999999
0.2516129032258063
0.5161290322580645
-0.7225806451612904
0.6516129032258065
0.13548387096774195
0.7161290322580645
0.02580645161290329
0.7870967741935484
0.6580645161290324
-0.7096774193548387
0.896774193548387
0.019354838709677358
0.006451612903225712
-0.6387096774193548
-0.9032258064516129
-0.303225806451613
-0.6193548387096774
-0.12903225806451613
0.8
-0.1483870967741936
-0.7032258064516129
0.35483870967741926
-0.01935483870967747
-0.07096774193548394
-0.5032258064516129
0.9419354838709677
0.5806451612903225
-0.3419354838709677
0.08387096774193559
-0.7354838709677419
-0.34838709677419366
0.967741935483871
-0.5483870967741935
0.4193548387096775
0.8580645161290323
-0.23225806451612918
0.3354838709677419
0.767741935483871
-0.49032258064516143
0.7612903225806451
-0.31612903225806455
-0.47096774193548396
-0.8709677419354839
-0.2967741935483871
0.1483870967741936
0.9096774193548387
-0.09677419354838712
0.5677419354838711
0.5548387096774194
-0.7612903225806451
-0.8193548387096774
0.7096774193548387
0.4903225806451612
-0.6709677419354838
-0.4838709677419355
-0.9612903225806452
-0.37419354838709684
0.11612903225806437
0.40645161290322585
0.2709677419354839
0.12258064516129052
-0.7548387096774194
-0.41290322580645167
0.7935483870967743
0.04516129032258065
-0.24516129032258072
-0.7935483870967742
0.19999999999999996
0.864516129032258
-0.7677419354838709
0.9935483870967743
0.8451612903225807
-0.3290322580645162
0.3419354838709676
0.34838709677419355
-0.5935483870967742
-0.3096774193548387
0.19354838709677424
-0.9096774193548387
0.16774193548387117
-0.2709677419354839
-0.2387096774193549
-0.4451612903225808
-0.3870967741935484
0.838709677419355
0.6967741935483871
-0.8064516129032258
-0.6645161290322581
-0.8451612903225807
0.05161290322580636
0.30967741935483883
-0.6774193548387097
-0.03870967741935494
-0.4516129032258065
-0.7483870967741936
0.14193548387096788
-0.6451612903225806
-0.21935483870967742
0.9225806451612903
0.9548387096774194
-0.6903225806451613
-0.3935483870967743
-0.3548387096774195
0.10322580645161294
-0.8129032258064517
0.8193548387096774
-0.8774193548387097
-0.40000000000000013
0.9612903225806451
-0.2064516129032259
0.5290322580645161
-0.9290322580645162
-0.012903225806451757
-0.8838709677419355
-0.28387096774193554
-0.5354838709677419
-0.935483870967742
0.9870967741935484
0.5870967741935482
-0.29032258064516137
0.8064516129032258
0.44516129032258056
0.4774193548387098
-0.11612903225806459
0.6838709677419355
0.8903225806451613
0.5935483870967742
0.16129032258064502
0.6387096774193548
-0.19354838709677424
-0.9741935483870968
-0.08387096774193559
-0.032258064516129115
-0.1806451612903227
-0.14193548387096777
0.7419354838709677
0.6000000000000001
-0.6064516129032258
0.9483870967741936
0.3225806451612905
0.4129032258064518
0.8322580645161288
0.5419354838709676
0.935483870967742
-0.9225806451612903
0.903225806451613
-0.02580645161290329
-0.38064516129032266
0.6322580645161291
-0.7419354838709677
0.10967741935483866
-0.3612903225806452
-0.8516129032258064
-0.9806451612903225
0.8709677419354838
0.5354838709677419
-0.9483870967741935
-0.09032258064516141
-0.7870967741935484
-0.6258064516129033
1.0
0.36774193548387113
-0.5096774193548388
0.8774193548387097
0.29032258064516125
0.9741935483870967
-0.367741935483871
0.3290322580645162
0.4258064516129032
0.8258064516129031
-0.6580645161290322
0.703225806451613
-0.832258064516129
0.12903225806451624
0.17419354838709689
0.8516129032258064
0.27741935483870983
-0.20000000000000007
-0.04516129032258076
-0.22580645161290325
0.38064516129032255
-0.432258064516129
0.6645161290322581
0.09677419354838701
-0.5548387096774194
0.25806451612903225
-0.7741935483870968
-0.9935483870967742
-0.4193548387096775
0.8129032258064517
0.6064516129032258
-0.6967741935483871
0.3032258064516129
0.7548387096774194
0.9161290322580644
0.3612903225806452
-0.6322580645161291
0.21935483870967754
-0.567741935483871
-0.5290322580645161
-0.5870967741935484
0.06451612903225801
0.2451612903225806
-0.15483870967741953
0.6451612903225807
-0.40645161290322585
-0.2129032258064517
0.31612903225806455
-0.8
0.7741935483870968
0.5741935483870968
0.9806451612903226
0.6129032258064517
0.20645161290322567
-0.8903225806451613
0.46451612903225814
-0.6
-0.896774193548387
-0.5741935483870968
0.0903225806451613
-0.8580645161290322
-0.07741935483870976
0.6774193548387097
-0.5161290322580645
-0.9870967741935484
-1.0
-0.49677419354838714
0.23225806451612918
0.43225806451612914
0.8838709677419356
0.5032258064516131
-0.6516129032258065
0.9290322580645163
-0.9419354838709677
0.7290322580645161
0.2645161290322582
-0.05161290322580647
-0.16129032258064524
0.7354838709677418
0.5612903225806452
0.07096774193548372
-0.12258064516129041
-0.10967741935483888
-0.06451612903225812
-0.5806451612903226
-0.17419354838709677
0.5096774193548388
-1.1102230246251565e-16
-0.4580645161290323
-0.864516129032258
-0.9161290322580645
0.45806451612903243
0.29677419354838697
-0.9548387096774194
-0.46451612903225814
0.6903225806451612
-0.335483870967742
-0.967741935483871
-0.058064516129032295
0.7806451612903225
-0.6838709677419355
-0.5612903225806452
-0.10322580645161294
-0.4258064516129033
-0.25806451612903236
-0.18709677419354842
-0.7290322580645161
-0.7161290322580645
0.4838709677419355
0.1806451612903226
-0.25161290322580654
0.6709677419354838
0.1548387096774193
0.2129032258064516
0.6258064516129032
-0.6129032258064515
-0.2645161290322581
0.47096774193548385
0.03870967741935494
0.3935483870967742
0.5225806451612904
-0.3225806451612905
0.4516129032258063
-0.27741935483870983
0.4967741935483869
0.5483870967741937
-0.16774193548387106
-0.8258064516129032
0.43870967741935485
-0.4774193548387098
-0.5419354838709678
0.012903225806451646
0.07741935483870988
0.2387096774193549
0.28387096774193554
-0.8387096774193549
-0.006451612903225823
-0.7806451612903226
0.6193548387096774
0.3870967741935485
0.7225806451612904
0.22580645161290325
0.032258064516129226
0.37419354838709684
0.7483870967741937
0.18709677419354853
0.058064516129032295
-0.43870967741935485
-0.13548387096774206
-0.5225806451612903
CENT_RANK
0.2645161290322582
-0.12903225806451613
0.5419354838709676
-0.8774193548387097
0.12903225806451624
0.9548387096774194
-0.5935483870967742
-0.006451612903225823
-0.7806451612903226
0.7225806451612904
0.6387096774193548
-0.5419354838709678
-0.34838709677419366
-0.5290322580645161
-0.9290322580645162
-0.6
0.6129032258064517
0.3032258064516129
0.1483870967741936
0.4774193548387098
0.4258064516129032
-0.1483870967741936
0.6903225806451612
0.5161290322580645
-0.2064516129032259
0.10967741935483866
-0.2967741935483871
-0.10967741935483888
0.5870967741935482
0.12258064516129052
0.16774193548387117
-0.37419354838709684
0.6516129032258065
-0.896774193548387
0.7290322580645161
-0.567741935483871
0.27741935483870983
0.5290322580645161
-0.7548387096774194
-0.5870967741935484
0.7741935483870968
-0.27741935483870983
-0.7741935483870968
-0.5161290322580645
0.8258064516129031
0.703225806451613
-0.6774193548387097
-0.9225806451612903
-0.3225806451612905
-0.08387096774193559
-0.04516129032258076
-0.9806451612903225
0.03870967741935494
0.47096774193548385
-0.7290322580645161
-0.3548387096774195
-0.8
-0.4451612903225808
-0.20000000000000007
0.3354838709677419
0.40645161290322585
0.19354838709677424
-0.01935483870967747
0.14193548387096788
-0.3870967741935484
0.13548387096774195
0.46451612903225814
-0.5741935483870968
0.38064516129032255
0.6258064516129032
-0.03870967741935494
0.16129032258064502
-0.2387096774193549
-0.16774193548387106
0.30967741935483883
0.23225806451612918
0.07096774193548372
0.0903225806451613
0.896774193548387
-0.7935483870967742
0.8838709677419356
-0.7483870967741936
0.8903225806451613
-0.7096774193548387
-0.49032258064516143
-0.7225806451612904
0.4838709677419355
-0.6903225806451613
0.22580645161290325
0.4193548387096775
0.7483870967741937
0.29032258064516125
-0.5354838709677419
0.8774193548387097
0.3612903225806452
-1.0
-0.21935483870967742
-0.25806451612903236
-0.032258064516129115
-0.6193548387096774
-0.13548387096774206
0.9096774193548387
0.44516129032258056
0.058064516129032295
-1.1102230246251565e-16
-0.6838709677419355
-0.6129032258064515
-0.43870967741935485
-0.23225806451612918
0.29677419354838697
0.37419354838709684
-0.5032258064516129
-0.9032258064516129
-0.40000000000000013
-0.5548387096774194
0.5677419354838711
-0.10322580645161294
-0.335483870967742
0.02580645161290329
0.1806451612903226
0.04516129032258065
-0.7677419354838709
0.35483870967741926
0.3225806451612905
-0.2709677419354839
-0.31612903225806455
0.7612903225806451
-0.8064516129032258
0.7096774193548387
-0.8258064516129032
0.4903225806451612
-0.8516129032258064
0.8322580645161288
-0.832258064516129
-0.058064516129032295
0.43225806451612914
0.25806451612903225
0.3999999999999999
0.05161290322580636
0.6580645161290324
0.7548387096774194
0.6451612903225807
0.4516129032258063
-0.8838709677419355
-0.29032258064516137
-0.4838709677419355
-0.2645161290322581
0.07741935483870988
-0.28387096774193554
-0.6387096774193548
-0.09032258064516141
-0.05161290322580647
-0.18709677419354842
-0.2129032258064517
-0.9483870967741935
-0.5806451612903226
0.9419354838709677
-0.6064516129032258
-0.11612903225806459
0.019354838709677358
-0.16129032258064524
0.8129032258064517
0.767741935483871
0.2451612903225806
-0.5225806451612903
0.09677419354838701
-0.24516129032258072
0.36774193548387113
-0.12258064516129041
0.1548387096774193
0.45806451612903243
-0.4258064516129033
0.032258064516129226
-0.9741935483870968
-0.4516129032258065
0.6967741935483871
-0.6645161290322581
0.006451612903225712
-0.5612903225806452
-0.8580645161290322
0.6709677419354838
0.903225806451613
-0.6580645161290322
0.9225806451612903
0.2387096774193549
0.5741935483870968
0.06451612903225801
-0.3096774193548387
-0.9935483870967742
0.08387096774193559
-0.4193548387096775
0.864516129032258
-0.012903225806451757
0.5806451612903225
0.6064516129032258
-0.46451612903225814
0.7161290322580645
0.43870967741935485
0.8709677419354838
-0.14193548387096777
0.4967741935483869
0.967741935483871
0.3290322580645162
0.6645161290322581
0.9935483870967743
0.8
-0.6516129032258065
0.4129032258064518
-0.02580645161290329
-0.49677419354838714
-0.40645161290322585
0.7806451612903225
-0.17419354838709677
0.34838709677419355
0.6322580645161291
-0.5483870967741935
0.28387096774193554
-0.09677419354838712
-0.3612903225806452
0.7419354838709677
-0.6258064516129033
-0.41290322580645167
-0.07741935483870976
1.0
0.6774193548387097
-0.9419354838709677
-0.9870967741935484
-0.3419354838709677
0.8451612903225807
0.2709677419354839
-0.1806451612903227
-0.432258064516129
-0.25161290322580654
-0.6451612903225806
-0.6967741935483871
0.6000000000000001
0.9483870967741936
0.012903225806451646
0.8193548387096774
0.5612903225806452
0.7935483870967743
-0.15483870967741953
-0.4580645161290323
0.5354838709677419
-0.8903225806451613
-0.22580645161290325
-0.6322580645161291
0.6838709677419355
-0.9548387096774194
0.8064516129032258
-0.367741935483871
-0.4774193548387098
0.3419354838709676
0.2129032258064516
-0.7032258064516129
-0.935483870967742
0.2516129032258063
-0.3935483870967743
-0.8129032258064517
0.6193548387096774
0.21935483870967754
0.31612903225806455
0.3870967741935485
-0.9161290322580645
-0.5096774193548388
0.19999999999999996
-0.7870967741935484
-0.8709677419354839
-0.864516129032258
0.9870967741935484
0.935483870967742
0.838709677419355
-0.7612903225806451
0.11612903225806437
0.3935483870967742
0.9612903225806451
0.9806451612903226
-0.7419354838709677
0.7870967741935484
0.5225806451612904
0.5032258064516131
0.5548387096774194
0.20645161290322567
0.5096774193548388
-0.7354838709677419
0.9741935483870967
0.5935483870967742
-0.07096774193548394
-0.967741935483871
0.8516129032258064
0.17419354838709689
0.7354838709677418
-0.9096774193548387
-0.7161290322580645
-0.8387096774193549
-0.06451612903225812
-0.9612903225806452
0.9161290322580644
-0.303225806451613
0.8580645161290323
-0.19354838709677424
-0.8451612903225807
-0.3290322580645162
0.18709677419354853
0.9290322580645163
-0.8193548387096774
0.5483870967741937
-0.6709677419354838
-0.47096774193548396
0.10322580645161294
-0.38064516129032266
RANK
95
188
226
51
173
288
296
248
154
225
255
14
47
263
292
112
33
244
143
3
267
268
179
131
301
294
133
129
305
258
127
56
79
266
8
42
121
272
38
81
277
284
54
85
293
83
254
234
87
105
46
307
176
182
206
233
149
246
220
99
106
157
15
6
39
155
67
35
178
114
215
11
92
13
164
43
264
111
209
84
145
251
308
195
242
174
57
107
231
171
190
221
210
113
257
64
310
31
250
218
55
12
227
117
302
48
125
187
298
26
144
148
41
124
146
97
232
166
72
108
245
96
153
24
58
300
152
230
212
73
160
241
21
199
100
1
168
158
27
116
217
150
49
222
287
295
134
151
50
70
98
208
62
192
7
104
177
237
159
118
172
52
120
138
103
186
76
147
189
77
165
309
25
273
29
4
65
63
18
169
71
30
290
119
303
61
265
282
253
260
88
75
184
163
256
136
0
229
36
216
91
109
17
74
261
123
202
59
252
213
122
94
167
110
68
262
274
137
60
207
89
20
135
197
102
142
170
66
53
19
86
130
200
280
283
23
279
37
243
2
306
281
239
115
185
193
28
286
235
194
16
259
69
214
10
141
32
139
203
180
224
247
22
175
45
128
196
9
34
291
219
90
140
126
162
40
211
278
240
205
249
161
238
44
132
271
228
289
299
191
198
93
80
82
78
181
101
297
183
304
270
156
236
5
275
201
285
276
269
204
223
