DEGREE
-0.30000000000000004
0.6000000000000001
-0.19999999999999996
0.19999999999999996
0.5
0.19999999999999996
-0.09999999999999998
-0.6
0.10000000000000009
-0.19999999999999996
0.0
0.5
-0.6
0.30000000000000004
-0.30000000000000004
0.10000000000000009
0.0
-0.30000000000000004
-0.4
-0.5
0.10000000000000009
-0.6
-1.0
-0.5
0.7
0.8
0.10000000000000009
-0.19999999999999996
0.0
-0.09999999999999998
0.19999999999999996
0.19999999999999996
-0.09999999999999998
-0.4
0.6000000000000001
0.6000000000000001
-0.6
1.0
0.3999999999999999
-0.09999999999999998
-0.09999999999999998
-0.5
0.5
0.30000000000000004
-0.6
-0.7
-0.30000000000000004
0.0
-0.9
0.30000000000000004
0.0
0.5
0.10000000000000009
0.5
0.30000000000000004
0.0
0.5
-0.30000000000000004
0.5
-0.5
-0.19999999999999996
-0.6
0.3999999999999999
-0.5
-0.09999999999999998
-0.30000000000000004
0.10000000000000009
-0.6
-0.7
-0.19999999999999996
-0.30000000000000004
-0.30000000000000004
0.19999999999999996
-0.19999999999999996
0.6000000000000001
-0.6
-0.5
0.30000000000000004
-0.09999999999999998
-0.6
0.10000000000000009
0.10000000000000009
-0.6
-0.30000000000000004
0.7
0.7
0.30000000000000004
-0.30000000000000004
-0.4
0.30000000000000004
-0.09999999999999998
0.8999999999999999
-0.5
-0.5
0.0
0.6000000000000001
-0.09999999999999998
-0.30000000000000004
-0.4
0.10000000000000009
0.6000000000000001
0.10000000000000009
-0.7
0.7
-0.4
0.0
0.0
0.5
-0.30000000000000004
-0.9
0.10000000000000009
0.10000000000000009
-0.30000000000000004
-0.30000000000000004
0.19999999999999996
0.10000000000000009
-0.4
0.5
-0.4
-0.09999999999999998
0.10000000000000009
-0.5
0.6000000000000001
-0.7
0.0
0.0
0.30000000000000004
-0.19999999999999996
-0.7
0.3999999999999999
0.30000000000000004
-0.6
-0.5
0.8
0.30000000000000004
-0.4
-0.19999999999999996
0.5
1.0
-0.19999999999999996
0.0
-0.30000000000000004
-0.8
0.3999999999999999
-0.5
-0.30000000000000004
-0.09999999999999998
0.30000000000000004
-0.5
-0.7
-0.19999999999999996
-0.09999999999999998
0.5
0.0
-0.30000000000000004
0.3999999999999999
0.30000000000000004
0.0
0.10000000000000009
0.19999999999999996
0.10000000000000009
-0.5
-0.19999999999999996
0.8
0.8
-0.7
-0.30000000000000004
0.19999999999999996
0.0
0.10000000000000009
0.10000000000000009
0.19999999999999996
-0.6
0.0
0.0
-0.4
-0.30000000000000004
-0.09999999999999998
0.0
-0.19999999999999996
0.3999999999999999
-0.30000000000000004
-0.30000000000000004
0.6000000000000001
0.8
0.10000000000000009
-0.09999999999999998
1.0
0.3999999999999999
-0.30000000000000004
-0.4
0.8
0.19999999999999996
0.6000000000000001
-0.09999999999999998
-0.30000000000000004
0.3999999999999999
0.5
0.10000000000000009
0.5
0.19999999999999996
-0.30000000000000004
0.5
-0.19999999999999996
-0.09999999999999998
0.19999999999999996
0.5
-0.6
-0.4
-0.30000000000000004
0.3999999999999999
-0.5
0.30000000000000004
-0.09999999999999998
-0.4
1.0
-0.09999999999999998
-0.6
0.19999999999999996
0.0
0.19999999999999996
-0.09999999999999998
-0.19999999999999996
-0.7
-0.19999999999999996
0.5
0.30000000000000004
0.0
0.0
0.0
0.19999999999999996
-0.09999999999999998
EIGENVECTOR
-0.9971933080383854
0.5664416321300594
-0.8973564197369266
-0.15106126832736233
0.4027833639441549
-0.38177269480137377
-0.9242714262151442
-0.999086547719915
-0.4737391524941914
-0.9099629319834832
-0.6834272334027965
-0.8344158004787201
-0.9987495774231993
-0.7848938057099418
-0.9971933080383854
-0.47390675934103765
-0.8870266623438402
-0.982679014513799
-0.993673186403934
-0.8467960569330282
-0.6881857621327334
-0.9608857626128879
-0.9998066333173405
-0.9951835339064621
0.5912311233638119
-0.025841208643478275
-0.8498978520519762
-0.9898765097229085
-0.4685298414736151
-0.04754584226624192
-0.8918006451951105
-0.7807683581769687
-0.9256112090331375
-0.4678312633604994
-0.0781541476043962
0.6673360329069427
-0.8894557942185832
0.19159000060588216
0.34582858891712354
-0.9746138858276496
-0.3017272812335279
-0.9973274625299924
-0.9688748276246146
-0.8867040960906033
-0.9616106418466626
-0.998992752625824
-0.931546956469778
-0.9854004356465402
-0.9971380522643128
0.10525869482239258
-0.043065645871660396
-0.080799758494008
-0.9516058038533866
-0.34675966978859274
-0.955062222549575
-0.9854004356465403
-0.080799758494008
-0.9733481153790284
-0.15969068975724987
-0.9837676021666122
-0.9704261036334503
-0.9501789772532921
-0.6465812745499528
-0.9997981925661166
-0.9288939650187004
-0.9971933080383854
-0.8081733258015183
-0.9563413769930664
-0.9107915920291764
-0.8821919837618271
-0.9986027291724737
-0.9371167741253081
-0.22189557776008173
-0.28179148041173396
-0.07815414760439665
-0.9956829940597377
-0.9654122022395374
0.3699464292984811
-0.9165979913678985
-0.9567210177511063
-0.8026484030784642
-0.9185822997649841
-0.94597283126973
-0.993812220238122
0.0009165477289461155
0.021100851726325587
0.3837338339723393
-0.9450630075236425
-0.8962211800770384
-0.6140682258439618
-0.29070744110569524
-0.0022189085889497973
-0.9966949723126759
-0.7820447835872314
-0.44763633156238225
-0.05519243496170767
-0.9316354448167792
-0.9917415174177798
-0.9331928362536817
-0.9803892130022487
-0.42931743409227996
-0.4015467617869116
-0.9994813850726063
-0.3135843022718354
-0.9985825598348005
-0.7860999051038107
-0.9854004356465403
-0.3617446374128386
-0.5681094202417563
-1.0
-0.4908979303318918
-0.17702804415307172
-0.9518733648319145
-0.9555155276559479
0.21029830198137645
-0.5199817953612507
-0.887988136910774
0.4498244393714905
-0.9901455577673213
-0.30172728123352754
-0.8777010393326761
-0.9866213816185601
0.04679015159910804
-0.9557942070839387
-0.758425319668789
-0.6422042485492542
-0.7685588861160463
-0.9330575597099859
-0.9998026747951799
-0.1165091567215234
-0.21323731549252856
-0.9994688339395114
-0.9989663592103654
0.07440399144354726
0.3522527110234004
-0.9170036097365348
-0.8306947141969636
-0.9688748276246149
1.0
-0.9899747217163999
-0.9824234580914869
-0.8856285719894562
-0.999986938959161
-0.9755264995081214
-0.9989663592103654
-0.5066580843721677
-0.9165979913678987
-0.5171630674354937
-0.9599775749294406
-0.9999740237384972
-0.8926193705144311
-0.8980191269958441
-0.6620262272386841
-0.9854004356465403
-0.9946107566684604
0.2512936290688974
-0.6142291257274297
-0.915847641963633
-0.9358407044546999
-0.8567160900721096
-0.9725344610753939
-0.9997861039983146
-0.9855317386091995
0.7003826517372265
0.12297671595833148
-0.9980874124740005
-0.7647295379201179
-0.9818992885770622
0.1164720115504545
-0.49089793033189166
-0.6931948788431999
-0.30854045179099077
-0.9998000683273457
-0.9271552484221978
-0.4039999630631158
-0.9554093973420914
-0.9946859554957228
-0.8920193480825804
-0.6422042485492543
-0.8791175750950193
0.3372641493829178
-0.5841388014610677
-0.9939451734383826
-0.0024500270646572453
0.8551780605743795
-0.891441566694258
-0.9862518662099733
0.9504462060770738
-0.8282135876728228
-0.5448069618785261
-0.7805518545193529
0.7681546340347947
-0.7883278728261007
0.68212993091887
-0.985655329676411
-0.9906487330753091
-0.6657656639202176
0.4100018502712748
-0.9183794778687229
0.47116730685223507
-0.9473373383386272
-0.9998091826911975
-0.23246912938048803
-0.6824918884100091
-0.79325210426313
-0.3775209457522978
-0.8150129161289822
-0.9838455325374171
-0.993673186403934
-0.9371167741253081
-0.9488649980676878
-0.9046358539030502
-0.5581422639358735
-0.991052026191954
-0.9972462873542807
0.9573093640078276
-0.9883183192080023
-0.9961370226186608
-0.926085387120837
-0.9413108726258197
-0.8372695987592335
-0.07539149384933641
-0.9331757462714214
-0.9199521007843499
-0.9947035999101972
-0.9719351991663945
-0.7138779077374704
-0.7694860365231448
-0.9363493077411222
-0.9386511752592919
-0.8670933814299295
-0.9883183192080023
CENT
-0.9470183744488483
-0.6886818638460236
-0.6773623025916156
0.05766298421471605
-0.4549972887660856
-0.1736154653848393
-0.8309393081324418
-0.8424856161836348
-0.6059916025223191
-0.9159817533111487
-0.6036165690716302
-0.3699495737534231
-1.0
-0.33310665713459264
-0.9470183744488483
-0.08736019338432588
-0.4283962966823107
-0.9188076955282712
-0.989820987114026
0.02999986601704907
-0.9146399776777563
-0.15241722130637136
-1.0
-0.9353856144950385
-0.46725919272750815
-0.5617496953638608
-0.28889490433694087
-0.8945288491145047
-0.8771137558945472
-0.7991336140074334
-0.7973338203017188
-0.8214890328933454
-0.8547545533172021
-0.9290817451216649
-0.6978917131334267
-0.49263617417630745
0.19785660556964912
-0.1786537200637388
-0.1038826524692773
-0.22879860485365222
-0.6409668942970376
-0.9844945474979001
-0.7420693702940548
-0.6632678905741644
-0.5081972326958528
-0.996734343264007
-0.9389832226791146
-0.9740439853335661
0.1508908025466822
-0.031122557851250066
-0.06313586334029264
-0.8988329326814132
-0.6321733081164702
-0.532036168553191
-0.440553177700282
-0.9740439853335661
-0.8988329326814132
-0.5922982452537779
-0.6666420669969781
-0.472309330718781
-0.8824900381854032
-0.9984813421472974
-0.22429502924457034
-0.6387235280857744
-0.971887902450294
-0.9470183744488483
-0.21909628233763323
-0.9937123603297657
-0.6719331078395068
-0.834870868000414
-0.9435350457156972
-0.9634789156612142
-0.3535408058148687
-0.665294328720595
-0.6978917131334267
-0.3945521639814341
-0.9593568647657066
-0.85695637103786
-0.9438134887440656
-0.9913692049661955
-0.8516658225502053
-0.22983238635744385
-0.8580160797852872
-0.6345117311687143
-0.7130726499169271
-0.3228149990107724
-0.7774330334098305
-0.9284685565537135
-0.7299891088096574
-0.49916318264786785
-0.43606638785055163
-0.40311835294237086
-0.9904478869143397
-0.9358597075898396
-0.2236437844547826
-0.7037887680479511
-0.9200319917101654
-0.7755925417904156
-0.9654133636031748
-0.6133280068020266
-0.5982632180474128
-0.46861508210187586
-0.9820287755027246
-0.34350389313780094
-0.7081060112131367
-0.4885878315783606
-0.9740439853335661
-0.7305574963010495
-0.9593402014343816
-1.0
-0.5121004926479638
0.00489436032197732
0.32340679552514096
-0.9742188680192835
-0.3132189515381786
-0.8793815102560151
-0.9906450458561029
-0.3755105799456476
-0.965250921629237
-0.6409668942970376
-0.9058301763886654
-0.992755555304365
-0.8082470272091918
-0.7525276536564559
-0.6493908773433696
-0.07387865082190914
-0.6592760752464045
-0.9979699369637423
-0.7998823966440769
-0.9523737464578772
1.0
-0.9546148065522624
-0.7502978468568482
-0.5128413801934688
-0.7118884214389551
-0.9971430773432077
-0.9552133392006568
-0.7420693702940548
-0.6890032678261395
-0.9264452135898942
-0.7747342326755782
0.03330747616827168
-0.9998162030596068
-0.6571902560804924
-0.7502978468568482
-0.9968219727374832
-0.9438134887440656
-0.8669459904934571
-0.9545447644682603
-0.9993873435320229
-0.4999757206227806
-0.8517980677162897
-0.5355541738030627
-0.9740439853335661
-0.802798757802858
-0.11823432499069031
-0.7940487536456502
-0.8350841410550777
-0.28589725205506744
-0.5319251593881991
-0.8428086755881186
-0.7351785671234783
-0.3124092353990563
-0.11994915109648951
-0.5962898349389528
-0.9380874404744654
-0.9224975246606358
-0.6581396622791177
-0.881425838240258
-0.5121004926479638
-0.9062879286698099
0.6991210515100121
-0.7454791327353962
-0.9049127918612925
-0.8878325242792449
-0.9050353299077729
-0.81536663243712
-0.6695786311300449
-0.07387865082190914
-0.975553593122631
-0.6409531912970714
-0.04377325708106783
-0.751642256595856
-0.9273824359240443
-0.7768934300278055
-0.8315815147949747
-0.9769897131899412
-0.32129806729246446
-0.7986654046335098
-0.3394024538974828
-0.4957194565728883
-0.20826823746805312
-0.639052078640886
-0.7800748432755773
-0.9815726264685984
-0.9469975047501553
-0.6431454632522428
-0.6559975657371011
-0.8453908059002746
-0.6837492882814935
-0.2132916397385728
-0.6364506091065224
-0.7884816836404753
-0.8017884116285866
-0.8044617686679929
-0.8034107380434587
-0.3455410767051469
-0.9448969998552447
-0.989820987114026
-0.9634789156612142
-0.30609799383049585
-0.8617304196188423
-0.7862830330564924
-0.2941147545916394
-0.973733867690039
-0.007589774086347423
-0.90056311581505
-1.0
-0.6678103441661665
-0.8294112330153098
-0.6060830181122622
-0.847655719428438
-0.9362777953768953
-0.27947809791839195
-0.7037748285455216
-0.39011448146875394
-0.7774246231532822
0.13898880879477815
-0.6053906178320781
-0.5034498990962624
-0.5609873748320866
-0.90056311581505
DEGREE_RANK
-0.5497835497835497
0.800865800865801
-0.33333333333333326
0.3333333333333335
0.6623376623376622
0.34199134199134207
-0.20346320346320346
-0.8961038961038961
0.1601731601731602
-0.3246753246753247
-0.030303030303030276
0.6709956709956708
-0.8874458874458875
0.4632034632034632
-0.5411255411255411
0.16883116883116878
-0.02164502164502169
-0.5324675324675325
-0.6536796536796536
-0.7748917748917749
0.17748917748917759
-0.8787878787878788
-1.0
-0.7662337662337662
0.8787878787878789
0.9134199134199135
0.18614718614718617
-0.316017316017316
-0.01298701298701288
-0.19480519480519487
0.35064935064935066
0.35930735930735924
-0.18614718614718606
-0.645021645021645
0.8095238095238095
0.8181818181818181
-0.8701298701298701
0.974025974025974
0.5844155844155845
-0.17748917748917747
-0.1688311688311689
-0.7575757575757576
0.6796536796536798
0.47186147186147176
-0.8614718614718615
-0.9653679653679653
-0.5238095238095238
-0.0043290043290042934
-0.9913419913419913
0.48051948051948057
0.0043290043290042934
0.6883116883116884
0.19480519480519476
0.696969696969697
0.48917748917748916
0.01298701298701288
0.7056277056277056
-0.5151515151515151
0.7142857142857142
-0.748917748917749
-0.3073593073593073
-0.8528138528138528
0.5930735930735931
-0.7402597402597403
-0.16017316017316008
-0.5064935064935066
0.20346320346320335
-0.8441558441558441
-0.9567099567099567
-0.2987012987012987
-0.49783549783549785
-0.48917748917748916
0.36796536796536783
-0.29004329004329
0.8268398268398269
-0.8354978354978355
-0.7316017316017316
0.49783549783549774
-0.1515151515151515
-0.8268398268398268
0.21212121212121215
0.22077922077922074
-0.8181818181818181
-0.48051948051948046
0.8874458874458875
0.8961038961038961
0.5064935064935066
-0.47186147186147187
-0.6363636363636364
0.5151515151515151
-0.1428571428571429
0.9653679653679652
-0.722943722943723
-0.7142857142857144
0.02164502164502169
0.8354978354978355
-0.1341991341991342
-0.4632034632034632
-0.6277056277056278
0.22943722943722955
0.8441558441558441
0.23809523809523814
-0.948051948051948
0.9047619047619047
-0.6190476190476191
0.030303030303030498
0.038961038961039085
0.7229437229437228
-0.4545454545454545
-0.9826839826839827
0.24675324675324672
0.2554112554112553
-0.4458874458874459
-0.4372294372294372
0.37662337662337664
0.2640692640692639
-0.6103896103896105
0.7316017316017316
-0.6017316017316018
-0.1255411255411255
0.27272727272727293
-0.7056277056277056
0.8528138528138527
-0.9393939393939394
0.04761904761904767
0.05627705627705626
0.523809523809524
-0.2813852813852814
-0.9307359307359307
0.6017316017316017
0.5324675324675325
-0.8095238095238095
-0.696969696969697
0.922077922077922
0.5411255411255411
-0.5930735930735931
-0.2727272727272727
0.7402597402597404
0.9826839826839828
-0.264069264069264
0.06493506493506485
-0.4285714285714286
-0.974025974025974
0.6103896103896103
-0.6883116883116883
-0.4199134199134199
-0.11688311688311681
0.5497835497835497
-0.6796536796536796
-0.922077922077922
-0.2554112554112554
-0.10822510822510822
0.748917748917749
0.07359307359307365
-0.4112554112554112
0.6190476190476191
0.5584415584415583
0.08225108225108224
0.2813852813852815
0.38528138528138545
0.2900432900432901
-0.670995670995671
-0.24675324675324672
0.9307359307359309
0.9393939393939394
-0.9134199134199135
-0.4025974025974026
0.39393939393939403
0.09090909090909105
0.2987012987012987
0.3073593073593073
0.4025974025974026
-0.8008658008658008
0.09956709956709964
0.10822510822510822
-0.5844155844155845
-0.3939393939393939
-0.09956709956709953
0.11688311688311681
-0.23809523809523803
0.6277056277056279
-0.3852813852813852
-0.37662337662337664
0.8614718614718615
0.948051948051948
0.31601731601731586
-0.09090909090909083
0.9913419913419914
0.6363636363636365
-0.36796536796536794
-0.5757575757575758
0.9567099567099566
0.4112554112554112
0.8701298701298701
-0.08225108225108224
-0.35930735930735924
0.645021645021645
0.7575757575757576
0.3246753246753249
0.7662337662337662
0.4199134199134198
-0.35064935064935066
0.774891774891775
-0.22943722943722944
-0.07359307359307365
0.4285714285714286
0.7835497835497836
-0.7922077922077922
-0.5670995670995671
-0.34199134199134196
0.6536796536796536
-0.6623376623376623
0.5670995670995671
-0.06493506493506485
-0.5584415584415585
1.0
-0.05627705627705626
-0.7835497835497836
0.4372294372294372
0.12554112554112562
0.445887445887446
-0.04761904761904767
-0.22077922077922085
-0.9047619047619048
-0.21212121212121204
0.7922077922077921
0.5757575757575759
0.1341991341991342
0.1428571428571428
0.1515151515151516
0.4545454545454546
-0.03896103896103886
EIGENVECTOR_RANK
-0.8008658008658008
0.922077922077922
-0.04761904761904767
0.645021645021645
0.8874458874458875
0.5151515151515151
-0.1515151515151515
-0.9047619047619048
0.4545454545454546
-0.07359307359307365
0.2900432900432901
0.11688311688311681
-0.8701298701298701
0.19480519480519476
-0.8181818181818181
0.445887445887446
0.02164502164502169
-0.5324675324675325
-0.7056277056277056
0.09956709956709964
0.2813852813852815
-0.4112554112554112
-0.9653679653679653
-0.7575757575757576
0.9307359307359309
0.7316017316017316
0.09090909090909105
-0.645021645021645
0.4632034632034632
0.7142857142857142
-0.01298701298701288
0.21212121212121215
-0.16017316017316008
0.47186147186147176
0.6796536796536798
0.9393939393939394
0.0043290043290042934
0.8181818181818181
0.8528138528138527
-0.48917748917748916
0.5757575757575759
-0.8354978354978355
-0.4458874458874459
0.030303030303030498
-0.4199134199134199
-0.8961038961038961
-0.19480519480519487
-0.5757575757575758
-0.7922077922077922
0.7922077922077921
0.7229437229437228
0.6623376623376622
-0.33333333333333326
0.5411255411255411
-0.35064935064935066
-0.5844155844155845
0.6709956709956708
-0.48051948051948046
0.6363636363636365
-0.5411255411255411
-0.4545454545454545
-0.3246753246753247
0.3246753246753249
-0.9393939393939394
-0.18614718614718606
-0.8095238095238095
0.1515151515151516
-0.3852813852813852
-0.08225108225108224
0.04761904761904767
-0.8614718614718615
-0.264069264069264
0.6103896103896103
0.5930735930735931
0.6883116883116884
-0.7662337662337662
-0.4285714285714286
0.8701298701298701
-0.10822510822510822
-0.3939393939393939
0.1601731601731602
-0.1341991341991342
-0.2987012987012987
-0.7142857142857144
0.7575757575757576
0.7662337662337662
0.8787878787878789
-0.29004329004329
-0.03896103896103886
0.35930735930735924
0.5844155844155845
0.748917748917749
-0.7835497835497836
0.20346320346320335
0.48051948051948057
0.7056277056277056
-0.20346320346320346
-0.6883116883116883
-0.22943722943722944
-0.5064935064935066
0.48917748917748916
0.5064935064935066
-0.922077922077922
0.5497835497835497
-0.8528138528138528
0.18614718614718617
-0.5584415584415585
0.5324675324675325
0.37662337662337664
-1.0
0.4285714285714286
0.6277056277056279
-0.34199134199134196
-0.36796536796536794
0.8268398268398269
0.4025974025974026
0.01298701298701288
0.9047619047619047
-0.6623376623376623
0.5670995670995671
0.06493506493506485
-0.6190476190476191
0.774891774891775
-0.37662337662337664
0.2554112554112553
0.3333333333333335
0.23809523809523814
-0.21212121212121204
-0.9567099567099567
0.6536796536796536
0.6190476190476191
-0.9134199134199135
-0.8787878787878788
0.7835497835497836
0.8614718614718615
-0.11688311688311681
0.12554112554112562
-0.4372294372294372
1.0
-0.6536796536796536
-0.5238095238095238
0.038961038961039085
-0.9913419913419913
-0.49783549783549785
-0.8874458874458875
0.4199134199134198
-0.09956709956709953
0.4112554112554112
-0.4025974025974026
-0.9826839826839827
-0.030303030303030276
-0.05627705627705626
0.31601731601731586
-0.5670995670995671
-0.7316017316017316
0.8354978354978355
0.35064935064935066
-0.09090909090909083
-0.23809523809523803
0.08225108225108224
-0.47186147186147187
-0.9307359307359307
-0.5930735930735931
0.9567099567099566
0.8095238095238095
-0.8441558441558441
0.24675324675324672
-0.5151515151515151
0.800865800865801
0.4372294372294372
0.27272727272727293
0.5584415584415583
-0.948051948051948
-0.17748917748917747
0.49783549783549774
-0.35930735930735924
-0.7402597402597403
-0.02164502164502169
0.34199134199134207
0.05627705627705626
0.8441558441558441
0.36796536796536783
-0.722943722943723
0.7402597402597404
0.974025974025974
-0.0043290043290042934
-0.6103896103896105
0.9826839826839828
0.1341991341991342
0.39393939393939403
0.22077922077922074
0.9653679653679652
0.17748917748917759
0.948051948051948
-0.6017316017316018
-0.670995670995671
0.3073593073593073
0.8961038961038961
-0.1255411255411255
0.9134199134199135
-0.3073593073593073
-0.974025974025974
0.6017316017316017
0.2987012987012987
0.16883116883116878
0.523809523809524
0.1428571428571428
-0.5497835497835497
-0.696969696969697
-0.2554112554112554
-0.316017316017316
-0.06493506493506485
0.38528138528138545
-0.6796536796536796
-0.8268398268398268
0.9913419913419914
-0.6277056277056278
-0.7748917748917749
-0.1688311688311689
-0.2813852813852814
0.10822510822510822
0.696969696969697
-0.22077922077922085
-0.1428571428571429
-0.748917748917749
-0.4632034632034632
0.2640692640692639
0.22943722943722955
-0.24675324675324672
-0.2727272727272727
0.07359307359307365
-0.6363636363636364
CENT_RANK
-0.6536796536796536
0.12554112554112562
0.1428571428571428
0.948051948051948
0.5497835497835497
0.8181818181818181
-0.22077922077922085
-0.2554112554112554
0.34199134199134207
-0.48051948051948046
0.35930735930735924
0.6190476190476191
-1.0
0.6623376623376622
-0.645021645021645
0.8614718614718615
0.5757575757575759
-0.48917748917748916
-0.8614718614718615
0.9307359307359309
-0.47186147186147187
0.8268398268398269
-0.9913419913419913
-0.5497835497835497
0.5411255411255411
0.39393939393939403
0.7229437229437228
-0.3939393939393939
-0.35064935064935066
-0.1341991341991342
-0.11688311688311681
-0.20346320346320346
-0.3073593073593073
-0.5411255411255411
0.09956709956709964
0.5064935064935066
0.974025974025974
0.8095238095238095
0.8528138528138527
0.7575757575757576
0.2554112554112553
-0.8441558441558441
0.01298701298701288
0.19480519480519476
0.4632034632034632
-0.9134199134199135
-0.5844155844155845
-0.7922077922077922
0.9653679653679652
0.9047619047619047
0.8874458874458875
-0.4112554112554112
0.31601731601731586
0.4199134199134198
0.5584415584415583
-0.7835497835497836
-0.4025974025974026
0.38528138528138545
0.17748917748917759
0.523809523809524
-0.37662337662337664
-0.948051948051948
0.7662337662337662
0.2900432900432901
-0.748917748917749
-0.6363636363636364
0.7835497835497836
-0.9047619047619048
0.1515151515151516
-0.23809523809523803
-0.5930735930735931
-0.722943722943723
0.6277056277056279
0.18614718614718617
0.10822510822510822
0.5930735930735931
-0.7056277056277056
-0.316017316017316
-0.6103896103896105
-0.8874458874458875
-0.29004329004329
0.748917748917749
-0.3246753246753247
0.3073593073593073
0.05627705627705626
0.6709956709956708
-0.07359307359307365
-0.5324675324675325
0.04761904761904767
0.48917748917748916
0.5670995670995671
0.5844155844155845
-0.8701298701298701
-0.5584415584415585
0.774891774891775
0.08225108225108224
-0.49783549783549785
-0.04761904761904767
-0.7402597402597403
0.3246753246753249
0.36796536796536783
0.5324675324675325
-0.8354978354978355
0.645021645021645
0.07359307359307365
0.5151515151515151
-0.7748917748917749
0.038961038961039085
-0.696969696969697
-0.9826839826839827
0.445887445887446
0.922077922077922
0.9826839826839828
-0.8008658008658008
0.6883116883116884
-0.35930735930735924
-0.8787878787878788
0.6103896103896103
-0.7316017316017316
0.2640692640692639
-0.4545454545454545
-0.8961038961038961
-0.18614718614718606
-0.030303030303030276
0.23809523809523814
0.8701298701298701
0.20346320346320335
-0.9393939393939394
-0.1428571428571429
-0.6623376623376623
1.0
-0.6796536796536796
-0.01298701298701288
0.4372294372294372
0.06493506493506485
-0.9307359307359307
-0.6883116883116883
0.02164502164502169
0.11688311688311681
-0.5151515151515151
-0.03896103896103886
0.9393939393939394
-0.9653679653679653
0.22077922077922074
-0.0043290043290042934
-0.922077922077922
-0.6017316017316018
-0.34199134199134196
-0.670995670995671
-0.9567099567099567
0.48051948051948057
-0.2987012987012987
0.4112554112554112
-0.7662337662337662
-0.16017316017316008
0.8441558441558441
-0.10822510822510822
-0.24675324675324672
0.7316017316017316
0.4285714285714286
-0.264069264069264
0.030303030303030498
0.696969696969697
0.8354978354978355
0.37662337662337664
-0.5757575757575758
-0.5064935064935066
0.21212121212121215
-0.36796536796536794
0.4545454545454546
-0.4632034632034632
0.9913419913419914
0.0043290043290042934
-0.4372294372294372
-0.3852813852813852
-0.4458874458874459
-0.19480519480519487
0.1601731601731602
0.8787878787878789
-0.8095238095238095
0.27272727272727293
0.8961038961038961
-0.02164502164502169
-0.5238095238095238
-0.05627705627705626
-0.22943722943722944
-0.8181818181818181
0.6796536796536798
-0.1255411255411255
0.6536796536796536
0.49783549783549774
0.800865800865801
0.2813852813852815
-0.08225108225108224
-0.8268398268398268
-0.6277056277056278
0.24675324675324672
0.22943722943722955
-0.2727272727272727
0.1341991341991342
0.7922077922077921
0.2987012987012987
-0.09956709956709953
-0.1515151515151515
-0.17748917748917747
-0.1688311688311689
0.6363636363636365
-0.6190476190476191
-0.8528138528138528
-0.7142857142857144
0.7056277056277056
-0.33333333333333326
-0.09090909090909083
0.7142857142857142
-0.7575757575757576
0.9134199134199135
-0.4285714285714286
-0.974025974025974
0.16883116883116878
-0.21212121212121204
0.3333333333333335
-0.2813852813852814
-0.5670995670995671
0.7402597402597404
0.09090909090909105
0.6017316017316017
-0.06493506493506485
0.9567099567099566
0.35064935064935066
0.47186147186147176
0.4025974025974026
-0.4199134199134199
RANK
12
22
109
217
142
149
61
127
135
145
45
67
121
79
116
92
18
208
41
102
194
186
179
113
47
55
106
153
214
64
98
118
71
209
76
108
136
131
148
129
0
14
65
195
207
78
146
70
46
165
222
93
23
33
87
183
139
166
96
17
9
20
170
120
175
173
216
231
51
56
27
174
60
168
115
28
147
211
82
77
32
151
80
221
198
160
7
157
69
185
6
219
31
176
122
204
205
154
203
128
29
188
30
156
202
212
193
86
226
184
97
140
123
182
132
144
172
42
137
161
107
88
84
134
104
95
224
34
74
138
1
199
2
68
177
218
58
73
43
126
167
143
197
124
196
40
119
180
192
63
201
83
52
99
220
8
228
10
100
164
57
25
230
152
53
159
133
110
169
44
229
150
89
190
35
105
59
101
24
4
54
90
16
91
75
225
117
11
72
206
103
189
13
85
187
114
162
210
213
26
158
223
81
39
62
94
66
200
191
37
5
21
163
155
38
15
125
178
50
181
49
215
111
19
141
3
227
48
36
112
171
130
