DEGREE
-0.1333333333333333
0.2666666666666666
0.0
-0.1333333333333333
-0.2666666666666667
-0.06666666666666665
0.19999999999999996
-0.19999999999999996
0.06666666666666665
-0.19999999999999996
-0.19999999999999996
0.6666666666666667
0.06666666666666665
0.46666666666666656
-0.1333333333333333
0.46666666666666656
-0.1333333333333333
0.8
0.46666666666666656
-0.06666666666666665
0.1333333333333333
-0.06666666666666665
-0.06666666666666665
-0.1333333333333333
0.46666666666666656
0.46666666666666656
0.6666666666666667
-0.06666666666666665
0.33333333333333326
0.3999999999999999
0.0
0.2666666666666666
0.46666666666666656
-0.33333333333333337
0.5333333333333334
-0.4
-0.06666666666666665
0.1333333333333333
0.06666666666666665
-0.19999999999999996
0.06666666666666665
-0.33333333333333337
0.33333333333333326
-0.19999999999999996
-0.06666666666666665
-0.4
0.0
0.1333333333333333
0.46666666666666656
-0.2666666666666667
-0.6666666666666667
0.33333333333333326
0.19999999999999996
0.8
-0.19999999999999996
-0.6
-0.33333333333333337
0.8
0.0
0.19999999999999996
0.3999999999999999
0.46666666666666656
0.0
0.1333333333333333
0.3999999999999999
0.1333333333333333
-0.4666666666666667
0.0
0.19999999999999996
0.46666666666666656
0.46666666666666656
0.19999999999999996
0.5333333333333334
0.06666666666666665
0.06666666666666665
0.06666666666666665
-0.2666666666666667
-0.06666666666666665
0.33333333333333326
0.3999999999999999
-0.4666666666666667
0.1333333333333333
-0.1333333333333333
-0.06666666666666665
0.5333333333333334
0.3999999999999999
0.0
-0.33333333333333337
-0.19999999999999996
0.19999999999999996
0.0
0.33333333333333326
0.0
0.6666666666666667
-0.1333333333333333
0.19999999999999996
0.2666666666666666
0.1333333333333333
0.2666666666666666
0.6666666666666667
-0.19999999999999996
-0.33333333333333337
0.6666666666666667
0.3999999999999999
0.1333333333333333
-0.7333333333333334
0.06666666666666665
0.3999999999999999
-0.06666666666666665
-0.19999999999999996
0.8666666666666667
0.33333333333333326
-0.2666666666666667
-0.19999999999999996
-0.06666666666666665
0.3999999999999999
-0.06666666666666665
0.19999999999999996
0.2666666666666666
-0.1333333333333333
0.3999999999999999
0.1333333333333333
0.8
0.2666666666666666
-0.06666666666666665
-0.33333333333333337
0.33333333333333326
-0.1333333333333333
0.19999999999999996
-0.6
0.19999999999999996
0.9333333333333333
0.33333333333333326
0.46666666666666656
0.5333333333333334
-0.1333333333333333
-0.4
0.06666666666666665
-0.06666666666666665
0.19999999999999996
-0.2666666666666667
0.6666666666666667
0.1333333333333333
-0.06666666666666665
0.1333333333333333
-0.1333333333333333
-0.4
0.06666666666666665
-0.33333333333333337
0.1333333333333333
-0.19999999999999996
0.46666666666666656
0.06666666666666665
0.06666666666666665
-0.06666666666666665
0.0
0.06666666666666665
0.0
0.1333333333333333
0.2666666666666666
0.2666666666666666
-0.2666666666666667
-0.06666666666666665
-0.06666666666666665
0.06666666666666665
0.0
0.3999999999999999
0.06666666666666665
1.0
0.33333333333333326
0.5333333333333334
-0.19999999999999996
0.5333333333333334
-0.5333333333333333
0.3999999999999999
0.1333333333333333
-0.1333333333333333
0.1333333333333333
0.6666666666666667
-0.1333333333333333
0.1333333333333333
-0.2666666666666667
0.19999999999999996
0.06666666666666665
-0.06666666666666665
-0.1333333333333333
0.19999999999999996
0.33333333333333326
0.6666666666666667
-0.1333333333333333
0.06666666666666665
-0.4666666666666667
-0.06666666666666665
0.3999999999999999
0.33333333333333326
-0.33333333333333337
0.1333333333333333
-1.0
-0.5333333333333333
0.33333333333333326
0.46666666666666656
-0.6666666666666667
-0.2666666666666667
0.3999999999999999
-0.1333333333333333
-0.2666666666666667
0.19999999999999996
-0.1333333333333333
-0.1333333333333333
-0.1333333333333333
0.19999999999999996
0.1333333333333333
0.0
-0.1333333333333333
0.1333333333333333
-0.2666666666666667
0.19999999999999996
0.33333333333333326
0.1333333333333333
0.06666666666666665
-0.4
0.46666666666666656
0.06666666666666665
-0.2666666666666667
0.33333333333333326
0.0
0.0
0.1333333333333333
0.06666666666666665
0.5333333333333334
0.3999999999999999
-0.1333333333333333
0.1333333333333333
0.3999999999999999
0.06666666666666665
0.19999999999999996
-0.33333333333333337
-0.06666666666666665
0.06666666666666665
0.1333333333333333
0.3999999999999999
0.1333333333333333
0.0
0.5333333333333334
-0.1333333333333333
-0.06666666666666665
0.33333333333333326
-0.19999999999999996
-0.1333333333333333
-0.33333333333333337
0.8
0.7333333333333334
0.2666666666666666
-0.06666666666666665
0.1333333333333333
0.06666666666666665
-0.1333333333333333
0.06666666666666665
-0.06666666666666665
0.33333333333333326
0.19999999999999996
0.06666666666666665
-0.06666666666666665
0.0
-0.19999999999999996
0.06666666666666665
-0.06666666666666665
0.19999999999999996
0.1333333333333333
0.5333333333333334
-0.33333333333333337
-0.19999999999999996
0.0
0.1333333333333333
0.0
0.06666666666666665
0.1333333333333333
-0.06666666666666665
-0.1333333333333333
-0.06666666666666665
0.0
0.5333333333333334
-0.1333333333333333
0.2666666666666666
0.2666666666666666
-0.06666666666666665
0.33333333333333326
0.19999999999999996
0.3999999999999999
0.19999999999999996
0.8666666666666667
-0.5333333333333333
0.0
0.06666666666666665
0.33333333333333326
0.6000000000000001
0.19999999999999996
0.06666666666666665
0.3999999999999999
0.33333333333333326
0.2666666666666666
0.2666666666666666
0.0
0.1333333333333333
-0.6
0.5333333333333334
-0.19999999999999996
0.2666666666666666
-0.1333333333333333
0.1333333333333333
-0.06666666666666665
0.2666666666666666
-0.19999999999999996
0.46666666666666656
0.6666666666666667
-0.4666666666666667
-0.1333333333333333
0.0
0.3999999999999999
-0.19999999999999996
-0.06666666666666665
0.2666666666666666
0.06666666666666665
0.8
-0.1333333333333333
-0.1333333333333333
-0.06666666666666665
-0.1333333333333333
0.6666666666666667
0.2666666666666666
-0.06666666666666665
0.1333333333333333
-0.1333333333333333
0.6666666666666667
-0.19999999999999996
0.2666666666666666
0.0
-0.19999999999999996
0.06666666666666665
0.0
0.2666666666666666
0.33333333333333326
0.33333333333333326
-0.19999999999999996
0.0
0.0
-0.06666666666666665
0.2666666666666666
0.2666666666666666
0.19999999999999996
0.33333333333333326
0.2666666666666666
-0.2666666666666667
0.1333333333333333
0.2666666666666666
-0.06666666666666665
0.1333333333333333
0.3999999999999999
0.2666666666666666
-0.2666666666666667
0.33333333333333326
0.33333333333333326
0.3999999999999999
0.19999999999999996
0.1333333333333333
0.0
0.46666666666666656
0.5333333333333334
-0.19999999999999996
0.1333333333333333
-0.4
0.2666666666666666
-0.2666666666666667
0.1333333333333333
-0.1333333333333333
-0.2666666666666667
-0.1333333333333333
0.06666666666666665
-0.06666666666666665
0.06666666666666665
0.1333333333333333
0.06666666666666665
-0.4
0.0
0.2666666666666666
-0.2666666666666667
-0.1333333333333333
-0.06666666666666665
-0.33333333333333337
0.33333333333333326
0.0
-0.33333333333333337
0.19999999999999996
-0.19999999999999996
0.6666666666666667
0.1333333333333333
0.46666666666666656
0.06666666666666665
0.33333333333333326
-0.4
-0.06666666666666665
0.46666666666666656
0.46666666666666656
-0.33333333333333337
0.1333333333333333
0.19999999999999996
0.33333333333333326
0.46666666666666656
-0.6666666666666667
0.19999999999999996
-0.19999999999999996
0.06666666666666665
-0.5333333333333333
0.6000000000000001
-0.4666666666666667
0.2666666666666666
0.0
-0.19999999999999996
0.33333333333333326
0.2666666666666666
-0.5333333333333333
0.1333333333333333
-0.1333333333333333
-0.2666666666666667
-0.6666666666666667
-0.1333333333333333
0.33333333333333326
-0.2666666666666667
0.06666666666666665
0.1333333333333333
0.3999999999999999
0.33333333333333326
-0.2666666666666667
0.19999999999999996
-0.19999999999999996
-0.4
-0.06666666666666665
0.19999999999999996
0.06666666666666665
0.0
-0.4
0.19999999999999996
0.0
-0.06666666666666665
-0.33333333333333337
0.46666666666666656
-0.19999999999999996
0.33333333333333326
0.33333333333333326
-0.06666666666666665
0.0
0.6000000000000001
0.06666666666666665
0.33333333333333326
-0.06666666666666665
0.1333333333333333
0.2666666666666666
0.2666666666666666
-0.4
0.3999999999999999
EIGENVECTOR
-0.9781652193556801
0.14085725986879494
-0.9890855460940035
-0.990691406853143
-0.9896796336028548
-0.772248174008451
-0.9257666365615697
-0.9846420931618449
-0.9399057086703682
-0.7887098864198869
-0.7968009870151034
0.561256138255499
-0.706221162668619
0.5879929353203823
-0.9721148999292958
-0.9617318132196042
-0.9882524573144581
0.8253461522941299
-0.8985981936514048
-0.9912920142609526
-0.9718367567352515
-0.9661491114870145
0.015465179221568759
-0.9470776737920348
-0.9635787154429613
-0.9635787154429607
-0.6198992382644419
-0.949789725371416
0.4629355664753152
-0.965524448696643
-0.9696813740755894
-0.8760172696796276
-0.9693368002012152
-0.9891315366408608
-0.9630018161608385
-0.826833254059651
-0.9797234075946658
-0.9814725573759415
-0.9320788041146546
-0.9856332763482538
-0.9491843286702879
-0.8233978058637806
-0.978852432562691
-0.38017047014173333
-0.9816718840412348
-0.6173595423256817
-0.0668878485826121
-0.9685190324044742
0.5979590410830085
-0.5525246523588886
-0.995149136722778
0.26262225643509285
-0.9714954478330378
0.8912874646609841
-0.9331643971807897
-0.9954257399642373
-0.8114026125887606
-0.9599809596919414
-0.8401298340230051
0.16873712290036869
-0.961204435734195
0.6918311969028466
-0.9197446760613536
-0.9992763260372272
0.3621882673983765
-0.9750244905550098
-0.9316341425664845
-0.7340181424774709
-0.9771196069345678
-0.9709006050540344
-0.9984969405231523
-0.9463239649153503
-0.9606991003428977
-0.9951852890874999
-0.9847391291692418
-0.11797695401091568
-0.9442742652292087
-0.8885292765577081
-0.8361512287867163
-0.9716678810760994
-0.952488496520586
-0.8144028756587656
-0.808904742640027
-0.9872558417402244
-0.6405835076689357
-0.9742678218741713
-0.9838915334112068
-0.9891315366408607
-0.9919357166332998
-0.9761106788911276
-0.9754383452618302
-0.962474530081639
-0.9123359674749814
0.5904818047155345
-0.9949765538441968
-0.9938411340035869
-0.9412904940506458
-0.9821673839343961
-0.9657271344382066
-0.9666599780508761
-0.9866114309035783
-0.9681327471198405
0.8507027724127993
-0.9807356285858254
-0.9413805479252843
-0.9778959619130421
-0.9992232318239462
-0.9031833434567782
-0.916845703692149
-0.7679629103182469
0.9534375166905591
-0.9713985068011702
-0.9742445470382369
-0.9590606815963513
-0.9046797967892711
0.622073016229131
-0.9039903905925399
-0.8444514004227982
-0.8412979533692969
-0.9307959299598205
-0.9738922791361213
-0.8531035090923563
-0.6168570081056923
-0.998877461064109
-0.9983586349153633
-0.9903690571669921
-0.9684044717959245
-0.999724423107764
-0.9670339553635352
-0.9614132151520741
-0.8360893125212877
1.0
-0.7660957651045273
-0.9610667335384947
-0.9674802410483988
-0.7991460715478105
-0.9918229864791054
-0.7412162196688813
-0.9889844391884489
-0.976985365276242
-0.998092990146857
-0.9614974907657785
-0.9993518281798168
-0.9890784601329189
-0.7188538919947044
-0.736983134101949
-0.994553085587826
-0.9826597637597151
-0.8368941897566047
-0.7655248655135568
-0.949446141013004
-0.9604274986083645
-0.3616531654833164
-0.17592810050224206
-0.9897397949386196
-0.8552290219064898
-0.034836064055758675
-0.9814872898379761
-0.9402954992491127
-0.8485907569560978
-0.9812219128760291
-0.992785855040183
-0.1353121028347033
-0.9797234075946657
-0.9438863813646089
-0.9894703755814103
-0.9679198841058743
-0.9889190868704518
-0.9607073110476617
-0.9982116897452754
-0.96447493338997
-0.11683459764244242
-0.6406624724272241
-0.9973026016157481
-0.6731103735818958
-0.9769600955540669
-0.8826095476113544
-0.969827668405202
-0.9594394179377079
-0.9204466193039421
-0.9525791729567213
-0.9999213323404955
0.16853019930804103
-0.7250197923533295
-0.64415800422506
-0.9744883043377158
-0.9780488384916899
-0.9481882190265807
-0.9582801911749518
-0.9885851001801403
0.1602411217849644
-0.9928489744687288
-0.9971200868578078
-0.9614130375010171
0.5095636990485553
-0.9347112688798326
-0.9718367567352515
-0.9879656884291179
-0.9771014006692171
-0.8906165023465152
-0.9645133073157146
-0.8808827128322363
-0.9823402646843329
-0.6606655406707291
-0.9981395740587765
-0.9692560954358872
-0.0976176847597483
-0.9647379143571526
-0.9735361001447095
-0.771567983809015
0.34827410681785453
-0.984774754404813
-0.9816472211336846
-0.9913753818580548
-0.7224004757416412
-0.9660749205498282
-0.9453271361904173
-0.7704405180884818
-0.9825832313568101
-0.9821659773327427
-0.9986051655120484
-0.9631011030711137
-0.7377512721477315
-0.9883740165967356
-0.9622685960196421
-0.9827947700328024
-0.9984438753855385
-0.8512058303627061
0.1602411217849644
-0.9710863855723675
-0.9610687621886668
-0.9942666906096265
-0.9734930593444379
-0.9367104242352832
0.3293467169637747
-0.7089728474892352
-0.9898820070556578
-0.9780193117505765
-0.998722399553392
-0.9555110372037804
-0.9692007670583352
-0.9862980114692644
-0.981086868116035
-0.6737837175397963
-0.7771218476634562
-0.7986232189032698
-0.9016133298503916
-0.9513100190744185
-0.9871140390293272
-0.7752760157672602
-0.6055450320064047
-0.6155840417084197
-0.9715156460779155
-0.983710148861436
-0.7092214008937426
-0.7195563469682129
-0.9996604343670573
-0.9993890225879297
-0.992209507785454
-0.6715665119202815
-0.9706151434645052
-0.7565975093565768
-0.9988315512493996
-0.9851355257731119
-0.9796885667989093
0.013365373709744777
-0.888529276557708
-0.9765347353942958
-0.9718041437256989
-0.651100625802296
-0.9999706019003171
-0.4838023984884532
-0.9596058546662091
-0.9634101010151525
-0.1932227482148513
-0.8481563122130016
-0.9807166881341349
-0.993416677894536
-0.9806825915619696
-0.9795037127587634
-0.9819535824412963
-0.9629558758699925
-0.8166007785601697
-0.9700484615056366
-0.9469454150330892
-0.9623732101582168
-0.9703707671293572
-0.8661142515082001
0.28057307479622473
0.1164125203276345
-0.9597000586017664
-0.9958345565733913
-0.945031658987783
-0.9778951425858182
-0.9614706148622109
-0.9689712721495931
-0.9714954478330378
-0.9987764793615318
-0.7042722706198387
-0.9633275305256165
-0.8693382621764132
0.3835367206040554
0.15294620147921933
-0.9685752205766295
-0.9921792635139777
-0.9598205437291342
-0.991489502897081
-0.95865423184714
-0.9890626705315921
-0.982278664160586
-0.9847503185515414
-0.8611022487955402
-0.9462455361226274
0.4822715014252328
-0.9610142928226331
-0.9999945519651012
-0.9991169470126617
-0.9850401331643991
0.5659072565561551
-0.9858462190318447
-0.9838849042077127
-0.7622701747641881
-0.1956434394330221
-0.600073444970123
-0.9871140390293269
-0.9875214988213896
-0.984468407899828
-0.5485896022300104
0.7257514030709127
-0.7914733922973738
-0.9829275134795952
-0.9657394245031746
-0.4523324141280949
0.7882185773288375
-0.9931556682603627
0.28265418391521613
-0.9964583571680293
-0.8734039936366171
-0.6127307135539394
-0.8476027329776509
-0.8035007886734614
-0.9769282166183194
0.4629355664753152
-0.9967831657716695
-0.9878364366324472
-0.9824889717443298
-0.9866769614580735
-0.9635056349098579
-0.9689152119178187
-0.9754796163614651
0.2626222564350915
-0.7578224203012682
-0.9921292180928463
-0.9803049974334125
-0.9694370690019797
-0.9788994840704452
-0.98713582192024
0.3271956242530265
-0.8703066576845525
-0.9917951596763115
-0.982043253319104
-0.9672428755047369
0.31121359269050397
0.22360078438491193
-0.9737761353042663
-0.8351103560288269
-0.9668007297430223
-0.6405835076689361
-0.9807829087115372
0.08933827702910868
-0.9478966102725688
0.3692796262584086
-0.8946498258636368
-0.9699429501266378
-0.7721122140322811
-0.9896796336028548
-0.964737914357153
-0.9869319466643939
-0.7730593505817918
-0.982887454052061
-0.8041320167785324
-0.9886212963610532
-0.9881982098084869
-0.9322938374764869
0.3642729805078584
-0.954487625795687
-0.9869568912339937
-0.9725719553380403
-1.0
-0.9669341113218984
-0.9503245081589121
-0.6590131906000074
-0.9986655083699776
-0.9997380371147909
-0.8540487977440545
-0.9413933798073654
-0.976055276574584
-0.5420224321443599
-0.057142340598976604
-0.9967463426070836
-0.9981984130324943
-0.649903699193719
0.33485438383895594
-0.9991034421269923
-0.965481045984114
-0.9389568221478666
-0.9701860248582638
-0.9681949126211417
-0.9635195517771629
-0.972844782947493
-0.9982246174880708
-0.970107418222027
-0.9620773178036782
-0.9689390664085198
-0.9535971626729335
-0.9991472020822569
-0.9774472815278563
-0.8992714069863385
-0.9719668289292155
-0.9709791223998328
-0.9490975571748357
-0.9710208700468513
-0.9960465919281853
-0.986698405356863
-0.9792748852660931
-0.6180536175138518
-0.9635197878177396
-0.9838639457828506
-0.9440713036440272
-0.8459697926102967
-0.6697576821183471
-0.9167643611519448
-0.9998598394118939
-0.9539551141133675
-0.9909171496307568
-0.9979360538035207
-0.9906565850277728
0.306130456436984
-0.1213005525012727
-0.9653941550236683
-0.827394093932368
-0.8446949193013606
-0.7470485521337054
-0.9723791754164056
-0.9679670601792281
-0.9713911973886661
-0.9988236860995949
-0.9768461172188588
-0.6801324102583834
0.015465179221568759
-0.621618854225313
-0.998353846815924
-0.9856546091004491
-0.2626270543034076
-0.9903876561545466
-0.973076141829942
-0.9583014189182963
-0.9843030483596613
-0.9456505204336388
-0.9794758463589999
CENT
-0.9315110236413612
-0.6662349934029399
-0.49210176138335526
-0.9682375934285159
-0.9847339990651339
-0.8305560320584896
1.0
-0.6311415729298508
-0.4875834890557368
-0.8335830699162441
-0.6123789844336447
-0.6938942569354682
-0.7443904908471455
-0.8674657307435902
-0.07688400109519344
-0.8148897798843774
-0.986211615691018
-0.6842543798604055
-0.5141954467373631
-0.8877181359179857
-0.6737881541000765
-0.9540696854871635
-0.986694635993501
-0.8909444435815925
-0.8556349465533791
-0.8556349465533791
-0.9561671713357751
-0.7843049881394824
-0.9771246945174622
-0.95498232648029
-0.24214040571959583
-0.2177181061228558
-0.6720650840640494
-0.989614088964816
-0.9218129921975154
-0.4207409679063586
-0.7478703846061082
-0.9076217302586558
-0.9508147963303242
-0.7877429196372935
-0.8798080337932709
-0.9170785416486271
-0.910836243762871
-0.7934909256924716
-0.9878165969070513
-0.8444682092362175
-0.7594071776581057
-0.8498829702863976
-0.9441805856783279
-0.46338514872698267
-0.9981122860088983
-0.9757109352295639
-0.9450308080595683
-0.7973406259885418
-0.48822610342874573
-0.9981784526869536
-0.998930829219087
-0.7364766999440864
-0.6601711537861991
-0.9826602449842506
-0.8919113728406011
-0.8973588742270461
-0.9558912932470621
-0.9623028077267699
-0.7933711468412157
-0.916518473947038
-0.9671995828647698
-0.9979693451008876
-0.31683490263686287
-0.7204247263089926
-0.8083000424222255
-0.7899044208078851
-0.686036949504356
-0.6304812431835225
-0.4095980308917263
-0.6495377139035159
-0.992746418472284
-0.6287780136451022
-0.5572000972125618
-0.7232906083411134
-0.969019548146951
-0.6346725646914586
-0.9616591458483231
-0.9845288716222218
-0.9554713394361541
-0.7361459224134957
-0.9530010331230955
-0.989614088964816
-0.6028060133773463
-0.7058607367004697
-0.9162781379141067
-0.9436370767679771
-0.8683822666889953
-0.3105529690036537
-0.5124717882956269
-0.5394121005120439
-0.597206440064898
-0.9628580392607071
-0.4790724451758329
-0.7964257056766622
-0.455515779893097
-0.9593053279943767
-0.8632022201601445
-0.8775929984609617
-0.9014474704193014
-0.9902122149498871
-0.9789084194104737
-0.7411269911304654
-0.7884621249187227
-0.8963533884622423
-0.6682415526699774
-0.12077883478279672
-0.6750493113689462
-0.9145757155402788
-0.43704211536755977
-0.9492521731054838
-0.7998815532806173
-0.8652704314940853
-0.3500138911390297
-0.37402471369517687
-0.8840540396895998
-0.7424602353912397
-0.8384980120968415
-0.8990609973130342
-0.9103469057348137
-0.9574211603767355
-0.7324746935450744
-0.997370877040433
-0.9244093660291139
-0.9921645582919948
-0.6749959267397371
-0.7661667885833763
-0.6963605144219883
-0.7097364368237014
-0.7873841605528579
-0.7712977791266826
-0.9988442960806642
-0.5758732663113025
-0.9650273273328677
-0.5621206264067553
-0.953403772079531
-0.6185912657229469
-0.9861950351636416
-0.9547480466631498
-0.99551602166682
-0.6393533755831344
-0.9365908102292964
-0.9394912596585737
-0.9651420309063649
-0.6146651301936192
-0.9481026588617382
-0.7045045348773258
-0.7326072296235888
-0.9580227757140962
-0.9473601617708106
-0.8579632529484882
-0.6867406994918517
-0.6811212034296898
-0.885502933272044
-0.8055941267903223
-0.9110595776881589
-0.9837006312162049
-0.9972922564091272
-0.7478703846061082
-0.8973609347369572
-0.9608744792450529
-0.38359913704047865
-0.9607469739095442
-0.5572658541749013
-0.7910580580220965
-0.8221428890571991
-0.9983724098017146
-0.9854499495297879
-0.9427632227656124
-0.9093289313910922
-0.9064932559147141
0.4283206293526678
-0.7766724762730614
-0.49478744134443
-0.9831671512196102
-0.8644435343055141
-0.9985417276877241
-0.763726132657624
-0.9994211391158069
-0.6748588635706742
-0.8338064623144413
0.09055140607634948
0.258329291191463
-0.47719209040356925
-0.9856745298729147
-0.9899791544435945
-0.9990790924350176
-0.9012292604225394
-0.8805220372401785
-0.9353457138304493
-0.8561292396377949
-0.6737881541000765
-1.0
-0.9971201750746405
-0.6737999495398743
-0.4991530655650763
-0.9530542653625422
-0.8716489676414515
-0.9964891759111107
-0.8989787567135545
-0.8379448366255411
-0.46311186482147393
-0.6699289601875218
-0.7520604748088464
-0.9879546972370401
-0.9792759090504726
-0.46296838663324635
-0.21511501124486176
-0.968449210274875
-0.9940800278904603
-0.9723700143016417
-0.5240523838889535
-0.5917627839974764
-0.9065032385969216
-0.4619442121869477
-0.978237354391697
-0.6901145824767224
-0.8082395911083398
-0.9955705121656963
-0.8275777158758072
-0.8145702862467006
-0.9069630749257744
-0.9174758523040153
-0.9899791544435945
-0.8294342103628862
-0.8059796264787568
-0.7797809402987551
-0.6140231695285104
-0.5767430136228211
-0.9931911634155614
-0.9671590752549778
-0.9864411491722415
-0.8416357173984363
-0.9385598782727795
-0.7637704588221614
-0.9248300297133387
-0.3862483395234477
-0.3996097004751439
-0.8864092886105521
-0.9461809026709499
-0.7900393799917659
-0.49405091070419993
-0.753524477970136
-0.9685438538430564
-0.639160298437764
-0.8329405342614519
-0.883406443279472
-0.8202511533333583
-0.8376314241898479
-0.9976011056225054
-0.9974889238354103
-0.99755485905508
-0.9890059227992575
-0.7590308011806945
-0.9949535125331637
-0.9496136140002297
-0.7447472231238057
-0.9374941406453463
-0.9726874547264986
-0.9708343625114897
-0.872850689387959
-0.6287780136451022
-0.575889826654506
-0.7107383159952427
-0.8824694321421734
-0.9988900856038526
-0.8258950985472383
-0.9370910468522894
-0.7249028883212534
-0.6862478408125745
-0.31480449450762815
-0.9519926216670284
-0.8736022086087406
-0.9742126716171756
-0.8210960952903994
-0.965090774425843
-0.6810482275896748
-0.5027997607768424
-0.9365533540554342
-0.38500124676256364
-0.8740653654278312
-0.8973010254027465
-0.8491915521230551
-0.9258964077184968
-0.7525628507829641
-0.6446814246821491
-0.9945277020892375
-0.6837021905918035
-0.7235584819710288
-0.7103349861519477
-0.5354583475021384
-0.9450308080595683
-0.92592215315141
-0.8327229567122889
-0.6693380524457575
-0.8458924322121533
-0.9886027160793363
-0.9858257638994458
-0.9184907780268923
-0.9952832304345117
-0.7714415301464889
-0.7975574253734564
-0.6834368370690493
-0.7917416745003404
-0.8995262750985734
-0.9564031457857153
-0.7843570663118669
0.31171308668250686
-0.9411630277457408
-0.8823716781514039
-0.9983076059485854
-0.9615638605571698
-0.8236066170169882
-0.9513492983302847
-0.9789037081289635
-0.8185517378308963
-0.8537514917015256
-0.9367059833003625
-0.828987864621995
-0.9685438538430564
-0.9766701923656389
-0.9501358152160507
-0.0025175632542866477
-0.7083264400099007
-0.8704590255424951
-0.7957070209459809
-0.3478330921914544
-0.9404093450709593
-0.7068220777557336
-0.875715175978506
-0.9834793784471102
-0.8203516185804387
-0.9118044612696522
-0.39550200873597274
-0.6983045261714527
-0.8617133047996107
-0.8306012258629197
-0.9771246945174622
-0.5134351169837025
-0.7379569950409173
-0.608574151169227
-0.8635794599212296
-0.9007511708218277
-0.7953243278511049
-0.3358836314175283
-0.9757109352295639
-0.48228421358332674
-0.8843842903444897
-0.5904093894490212
-0.7734555937476734
-0.4626463902127872
-0.8918610339681529
-0.6988631090003434
-0.7721007057987875
-0.9902927458176668
-0.9308735628713968
-0.7326625920769727
-0.9652510244259472
-0.7354446280290385
-0.8662140391194579
-0.8487954038622999
-0.9090214058936721
-0.9554713394361541
-0.8543674923433534
-0.9884376515470323
-0.959693391072094
-0.853811182402862
-0.9566443631499512
-0.77419908073057
-0.9993552772290184
-0.9847339990651339
-0.6699289601875218
-0.7219815513582982
-0.8472556877693855
-0.6936762754774466
-0.7447627493590554
-0.7887392025876228
-0.9959091097550519
-0.9187643265345412
-0.9619228893684603
-0.9885741196217409
-0.9355256986727929
-0.5787540532342584
-0.9996470041899946
-0.5725812358263256
-0.9643603522894403
-0.7446948860169496
-0.8731135441332959
-0.9942470517524489
-0.23703251090810695
-0.8955201687016436
-0.7172460152501916
-0.6867904452402648
-0.6854038067268836
-0.9568962988302617
-0.8797555760874001
-0.9933081510050499
-0.7668030735698412
-0.9439129340871705
-0.6549183446914166
-0.7998336454226652
0.04522807330883194
-0.7726459559416666
-0.9947813807952322
-0.515278460231634
-0.9563884027279375
-0.7764944205096199
-0.9449110711914255
-0.8246971393307009
-0.9945224335863034
-0.9814225281415171
-0.8652450525401886
-0.8804884913412384
-0.6250144401941656
-0.7251455256916457
-0.9058783006037857
-0.7174843694285582
-0.6427152531518494
-0.972410833725037
-0.9961918328264235
-0.34585928711966785
-0.7470809843592942
-0.9949651200010051
-0.9208322942723443
-0.7526252428443968
-0.9486027155529788
-0.16604605901523584
-0.9986682845516104
-0.43895348304125426
-0.9872521002288783
-0.9767515629766202
-0.9881292112381285
-0.8728644431949142
-0.9084167671787033
-0.9320560803799525
-0.9098262900542268
-0.8754303451115892
-0.9955503914504313
-0.8413185193287396
-0.5532731307289889
-0.8658509072989087
-0.9448644834187909
-0.7952185951427195
-0.9923737007625312
-0.986694635993501
-0.7187660835662301
-0.762690798484978
-0.8083684637898304
-0.5905524009293165
-0.8279851954161619
-0.8700253023677765
-0.34587772618726775
-0.4120656496104764
-0.9797779126569128
-0.8390613266298762
DEGREE_RANK
-0.6034858387799564
0.37254901960784315
-0.2592592592592592
-0.5991285403050108
-0.803921568627451
-0.4422657952069716
0.24183006535947715
-0.7211328976034859
-0.11111111111111116
-0.7167755991285403
-0.7124183006535948
0.9041394335511983
-0.10675381263616557
0.747276688453159
-0.5947712418300652
0.7516339869281046
-0.5904139433551199
0.9607843137254901
0.7559912854030502
-0.43790849673202614
0.05882352941176472
-0.43355119825708055
-0.42919389978213507
-0.5860566448801743
0.7603485838779958
0.7647058823529411
0.9084967320261439
-0.4248366013071896
0.5032679738562091
0.6470588235294119
-0.2549019607843137
0.37690631808278874
0.7690631808278867
-0.869281045751634
0.8387799564270153
-0.9172113289760349
-0.420479302832244
0.06318082788671031
-0.10239651416121998
-0.7080610021786492
-0.0980392156862745
-0.8649237472766884
0.5076252723311547
-0.7037037037037037
-0.4161220043572984
-0.9128540305010894
-0.2505446623093682
0.0675381263616559
0.7734204793028323
-0.7995642701525054
-0.9912854030501089
0.5119825708061001
0.24618736383442252
0.9651416122004357
-0.6993464052287581
-0.9738562091503268
-0.8605664488017429
0.9694989106753813
-0.24618736383442263
0.25054466230936834
0.6514161220043573
0.7777777777777777
-0.24183006535947704
0.07189542483660127
0.6557734204793029
0.07625272331154687
-0.9389978213507625
-0.23747276688453156
0.2549019607843137
0.7821350762527233
0.7864923747276686
0.2592592592592593
0.8431372549019609
-0.09368191721132901
-0.08932461873638353
-0.08496732026143783
-0.7952069716775599
-0.4117647058823529
0.5163398692810457
0.6601307189542482
-0.934640522875817
0.08061002178649246
-0.5816993464052287
-0.40740740740740744
0.8474945533769063
0.6644880174291938
-0.23311546840958608
-0.8562091503267975
-0.6949891067538126
0.2636165577342049
-0.2287581699346405
0.5206971677559913
-0.224400871459695
0.9128540305010895
-0.5773420479302832
0.26797385620915026
0.38126361655773433
0.08496732026143783
0.3856209150326797
0.9172113289760349
-0.690631808278867
-0.8518518518518519
0.9215686274509804
0.6688453159041394
0.08932461873638342
-0.9956427015250545
-0.08061002178649235
0.673202614379085
-0.40305010893246185
-0.6862745098039216
0.9869281045751634
0.5250544662309369
-0.7908496732026145
-0.681917211328976
-0.39869281045751637
0.6775599128540306
-0.3943355119825708
0.27233115468409586
0.3899782135076253
-0.5729847494553377
0.6819172113289762
0.09368191721132879
0.9738562091503267
0.39433551198257066
-0.3899782135076253
-0.8474945533769063
0.5294117647058825
-0.5686274509803921
0.27668845315904145
-0.9694989106753813
0.2810457516339868
0.9956427015250544
0.5337690631808278
0.7908496732026145
0.8518518518518519
-0.5642701525054465
-0.9084967320261438
-0.07625272331154687
-0.3856209150326797
0.2854030501089324
-0.7864923747276689
0.9259259259259258
0.0980392156862746
-0.3812636165577342
0.1023965141612202
-0.5599128540305011
-0.9041394335511983
-0.07189542483660138
-0.8431372549019608
0.10675381263616557
-0.6775599128540305
0.79520697167756
-0.06753812636165568
-0.0631808278867102
-0.3769063180827886
-0.2200435729847494
-0.05882352941176472
-0.21568627450980393
0.11111111111111116
0.39869281045751626
0.40305010893246207
-0.7821350762527233
-0.37254901960784315
-0.36819172113289755
-0.05446623093681924
-0.21132897603485834
0.6862745098039216
-0.050108932461873534
1.0
0.5381263616557734
0.8562091503267972
-0.673202614379085
0.8605664488017428
-0.9607843137254902
0.6906318082788672
0.11546840958605675
-0.5555555555555556
0.11982570806100212
0.9302832244008714
-0.55119825708061
0.12418300653594772
-0.7777777777777778
0.289760348583878
-0.04575163398692805
-0.3638344226579521
-0.5468409586056645
0.2941176470588236
0.542483660130719
0.934640522875817
-0.5424836601307189
-0.04139433551198257
-0.9302832244008714
-0.3594771241830066
0.6949891067538125
0.5468409586056644
-0.8387799564270153
0.12854030501089309
-1.0
-0.9564270152505446
0.55119825708061
0.7995642701525054
-0.9869281045751634
-0.7734204793028323
0.6993464052287581
-0.5381263616557734
-0.7690631808278867
0.2984749455337692
-0.5337690631808278
-0.5294117647058824
-0.5250544662309368
0.30283224400871456
0.1328976034858389
-0.20697167755991286
-0.5206971677559913
0.1372549019607845
-0.7647058823529411
0.30718954248366015
0.5555555555555554
0.14161220043572986
-0.03703703703703709
-0.8997821350762527
0.803921568627451
-0.0326797385620915
-0.7603485838779956
0.5599128540305012
-0.20261437908496727
-0.19825708061002179
0.14596949891067545
-0.028322440087145906
0.8649237472766884
0.7037037037037037
-0.5163398692810457
0.15032679738562083
0.7080610021786491
-0.023965141612200425
0.31154684095860574
-0.8344226579520697
-0.355119825708061
-0.019607843137254943
0.15468409586056642
0.7124183006535949
0.159041394335512
-0.1938997821350762
0.869281045751634
-0.5119825708061002
-0.3507625272331154
0.5642701525054468
-0.6688453159041394
-0.5076252723311546
-0.8300653594771242
0.9782135076252723
0.9564270152505447
0.40740740740740744
-0.3464052287581699
0.16339869281045738
-0.015250544662309351
-0.5032679738562091
-0.010893246187363759
-0.34204793028322444
0.5686274509803921
0.3159041394335511
-0.006535947712418277
-0.33769063180827885
-0.1895424836601307
-0.6644880174291938
-0.002178649237472796
-0.33333333333333326
0.3202614379084967
0.16775599128540297
0.8736383442265796
-0.8257080610021786
-0.6601307189542484
-0.18518518518518512
0.1721132897603488
-0.18082788671023964
0.002178649237472685
0.17647058823529416
-0.3289760348583878
-0.49891067538126366
-0.3246187363834423
-0.17647058823529405
0.8779956427015252
-0.49455337690631807
0.41176470588235303
0.4161220043572986
-0.3202614379084968
0.5729847494553377
0.3246187363834421
0.7167755991285403
0.3289760348583879
0.991285403050109
-0.9520697167755992
-0.17211328976034856
0.006535947712418277
0.5773420479302833
0.8910675381263615
0.3333333333333335
0.01089324618736387
0.7211328976034859
0.5816993464052287
0.420479302832244
0.4248366013071896
-0.16775599128540308
0.18082788671023975
-0.9651416122004357
0.8823529411764706
-0.6557734204793029
0.42919389978213496
-0.4901960784313725
0.18518518518518512
-0.3159041394335511
0.43355119825708055
-0.6514161220043573
0.8082788671023966
0.9389978213507624
-0.9259259259259259
-0.485838779956427
-0.1633986928104575
0.7254901960784315
-0.6470588235294117
-0.31154684095860563
0.43790849673202614
0.01525054466230924
0.9825708061002181
-0.4814814814814815
-0.4771241830065359
-0.30718954248366015
-0.4727668845315903
0.9433551198257082
0.44226579520697173
-0.30283224400871467
0.1895424836601307
-0.46840958605664484
0.9477124183006538
-0.6427015250544662
0.4466230936819173
-0.1590413943355119
-0.6383442265795207
0.019607843137255054
-0.15468409586056642
0.4509803921568627
0.5860566448801743
0.5904139433551197
-0.6339869281045751
-0.15032679738562094
-0.14596949891067534
-0.29847494553376896
0.4553376906318083
0.4596949891067539
0.33769063180827885
0.5947712418300652
0.46405228758169925
-0.7559912854030502
0.1938997821350763
0.46840958605664484
-0.2941176470588235
0.19825708061002167
0.7298474945533768
0.47276688453159044
-0.7516339869281046
0.5991285403050111
0.6034858387799564
0.7342047930283224
0.34204793028322444
0.20261437908496727
-0.14161220043572986
0.812636165577342
0.8867102396514162
-0.6296296296296295
0.20697167755991286
-0.8954248366013072
0.4771241830065358
-0.747276688453159
0.21132897603485845
-0.46405228758169936
-0.7429193899782135
-0.45969498910675377
0.023965141612200425
-0.289760348583878
0.028322440087146017
0.21568627450980404
0.03267973856209161
-0.8910675381263616
-0.13725490196078427
0.4814814814814816
-0.7385620915032679
-0.4553376906318083
-0.2854030501089325
-0.8213507625272332
0.607843137254902
-0.1328976034858388
-0.8169934640522876
0.34640522875817004
-0.6252723311546842
0.9520697167755992
0.2200435729847494
0.8169934640522876
0.03703703703703698
0.6122004357298476
-0.8867102396514162
-0.2810457516339868
0.8213507625272329
0.8257080610021785
-0.8126361655773421
0.224400871459695
0.3507625272331154
0.616557734204793
0.8300653594771243
-0.9825708061002179
0.355119825708061
-0.6209150326797386
0.04139433551198257
-0.9477124183006536
0.8954248366013071
-0.9215686274509804
0.485838779956427
-0.1285403050108933
-0.616557734204793
0.6209150326797386
0.4901960784313726
-0.9433551198257081
0.2287581699346406
-0.4509803921568627
-0.7342047930283224
-0.9782135076252724
-0.4466230936819172
0.625272331154684
-0.7298474945533768
0.045751633986928164
0.23311546840958597
0.738562091503268
0.6296296296296295
-0.7254901960784313
0.35947712418300637
-0.6122004357298474
-0.8823529411764706
-0.27668845315904134
0.36383442265795196
0.050108932461873534
-0.12418300653594772
-0.8779956427015251
0.3681917211328978
-0.11982570806100212
-0.27233115468409586
-0.8082788671023965
0.8344226579520697
-0.607843137254902
0.6339869281045754
0.6383442265795207
-0.2679738562091504
-0.11546840958605664
0.8997821350762527
0.05446623093681913
0.6427015250544663
-0.2636165577342048
0.23747276688453156
0.4945533769063182
0.49891067538126355
-0.8736383442265795
0.7429193899782134
EIGENVECTOR_RANK
-0.3899782135076253
0.8344226579520697
-0.690631808278867
-0.7385620915032679
-0.7124183006535948
0.5337690631808278
0.2854030501089324
-0.5555555555555556
0.24618736383442252
0.5163398692810457
0.5076252723311547
0.9433551198257082
0.625272331154684
0.9520697167755992
-0.2636165577342048
0.03267973856209161
-0.6557734204793029
0.9825708061002181
0.3333333333333335
-0.747276688453159
-0.2505446623093682
-0.07625272331154687
0.8169934640522876
0.18518518518518512
-0.023965141612200425
-0.028322440087145906
0.6949891067538125
0.159041394335512
0.9259259259259258
-0.05882352941176472
-0.16775599128540308
0.36383442265795196
-0.1590413943355119
-0.6949891067538126
0.006535947712418277
0.46405228758169925
-0.4248366013071896
-0.45969498910675377
0.27233115468409586
-0.5816993464052287
0.16775599128540297
0.46840958605664484
-0.3943355119825708
0.7516339869281046
-0.4727668845315903
0.7037037037037037
0.7995642701525054
-0.1285403050108933
0.9607843137254901
0.7298474945533768
-0.8213507625272332
0.8649237472766884
-0.2287581699346405
0.991285403050109
0.2636165577342049
-0.8300653594771242
0.4814814814814816
0.08496732026143783
0.43790849673202614
0.8562091503267972
0.05446623093681913
0.9694989106753813
0.2941176470588236
-0.9564270152505446
0.9084967320261439
-0.3159041394335511
0.27668845315904145
0.5947712418300652
-0.3638344226579521
-0.20261437908496727
-0.9041394335511983
0.1938997821350763
0.07625272331154687
-0.8257080610021786
-0.5599128540305011
0.7864923747276686
0.21568627450980404
0.3507625272331154
0.4466230936819173
-0.24183006535947704
0.14596949891067545
0.4771241830065358
0.485838779956427
-0.6339869281045751
0.6862745098039216
-0.30718954248366015
-0.5424836601307189
-0.6993464052287581
-0.7690631808278867
-0.33333333333333326
-0.3202614379084968
0.01525054466230924
0.30718954248366015
0.9564270152505447
-0.8169934640522876
-0.803921568627451
0.23747276688453156
-0.4901960784313725
-0.0631808278867102
-0.08061002178649235
-0.5991285403050108
-0.11546840958605664
0.9869281045751634
-0.4422657952069716
0.23311546840958597
-0.3769063180827886
-0.9520697167755992
0.3202614379084967
0.2984749455337692
0.55119825708061
0.9956427015250544
-0.224400871459695
-0.30283224400871467
0.10675381263616557
0.31154684095860574
0.9651416122004357
0.3159041394335511
0.42919389978213496
0.43355119825708055
0.2810457516339868
-0.29847494553376896
0.39869281045751626
0.7080610021786491
-0.934640522875817
-0.8954248366013072
-0.7254901960784313
-0.12418300653594772
-0.9738562091503268
-0.09368191721132901
0.045751633986928164
0.4509803921568627
1.0
0.5555555555555554
0.06318082788671031
-0.10239651416121998
0.49891067538126355
-0.7647058823529411
0.5816993464052287
-0.6775599128540305
-0.355119825708061
-0.869281045751634
0.03703703703703698
-0.9607843137254902
-0.6862745098039216
0.6122004357298476
0.5904139433551197
-0.8126361655773421
-0.5119825708061002
0.44226579520697173
0.5599128540305012
0.16339869281045738
0.08061002178649246
0.7559912854030502
0.7734204793028323
-0.7167755991285403
0.3899782135076253
0.8082788671023966
-0.46405228758169936
0.24183006535947715
0.40740740740740744
-0.4553376906318083
-0.7864923747276689
0.7777777777777777
-0.420479302832244
0.224400871459695
-0.7037037037037037
-0.10675381263616557
-0.673202614379085
0.07189542483660127
-0.8823529411764706
-0.0326797385620915
0.7908496732026145
0.6775599128540306
-0.8605664488017429
0.6427015250544663
-0.3507625272331154
0.355119825708061
-0.17211328976034856
0.1023965141612202
0.289760348583878
0.14161220043572986
-0.9869281045751634
0.8518518518518519
0.5991285403050111
0.673202614379085
-0.31154684095860563
-0.3856209150326797
0.17647058823529416
0.11982570806100212
-0.6644880174291938
0.8431372549019609
-0.7908496732026145
-0.8562091503267975
0.050108932461873534
0.9389978213507624
0.2592592592592593
-0.2549019607843137
-0.6470588235294117
-0.3594771241830066
0.34204793028322444
-0.03703703703703709
0.35947712418300637
-0.49891067538126366
0.6557734204793029
-0.8736383442265795
-0.15468409586056642
0.79520697167756
-0.04575163398692805
-0.289760348583878
0.542483660130719
0.9041394335511983
-0.5686274509803921
-0.46840958605664484
-0.7516339869281046
0.6034858387799564
-0.07189542483660138
0.20697167755991286
0.5468409586056644
-0.5076252723311546
-0.485838779956427
-0.9084967320261438
0.002178649237472685
0.5860566448801743
-0.6601307189542484
0.023965141612200425
-0.5163398692810457
-0.8997821350762527
0.40305010893246207
0.8474945533769063
-0.21568627450980393
0.05882352941176472
-0.8082788671023965
-0.2854030501089325
0.2549019607843137
0.8954248366013071
0.6209150326797386
-0.7211328976034859
-0.3812636165577342
-0.9172113289760349
0.12418300653594772
-0.15032679738562094
-0.5947712418300652
-0.4509803921568627
0.6383442265795207
0.5206971677559913
0.5032679738562091
0.3246187363834421
0.15032679738562083
-0.6209150326797386
0.5250544662309369
0.7211328976034859
0.7124183006535949
-0.23747276688453156
-0.5294117647058824
0.616557734204793
0.607843137254902
-0.9694989106753813
-0.9651416122004357
-0.7821350762527233
0.6470588235294119
-0.19825708061002179
0.5729847494553377
-0.9302832244008714
-0.5773420479302832
-0.4161220043572984
0.812636165577342
0.34640522875817004
-0.33769063180827885
-0.24618736383442263
0.6644880174291938
-0.9912854030501089
0.7429193899782134
0.0980392156862746
-0.006535947712418277
0.7690631808278867
0.41176470588235303
-0.43790849673202614
-0.7995642701525054
-0.43355119825708055
-0.4117647058823529
-0.4771241830065359
0.01089324618736387
0.47276688453159044
-0.18082788671023964
0.1895424836601307
0.019607843137255054
-0.1938997821350762
0.38126361655773433
0.8736383442265796
0.8300653594771243
0.09368191721132879
-0.8344226579520697
0.21132897603485845
-0.37254901960784315
0.04139433551198257
-0.14596949891067534
-0.23311546840958608
-0.9215686274509804
0.6296296296296295
-0.002178649237472796
0.37690631808278874
0.9215686274509804
0.8387799564270153
-0.1328976034858388
-0.7777777777777778
0.08932461873638342
-0.7559912854030502
0.11111111111111116
-0.681917211328976
-0.49455337690631807
-0.5642701525054465
0.3856209150326797
0.19825708061002167
0.934640522875817
0.0675381263616559
-0.9956427015250545
-0.9433551198257081
-0.5729847494553377
0.9477124183006538
-0.5904139433551199
-0.5381263616557734
0.5642701525054468
0.7647058823529411
0.7254901960784315
-0.6252723311546842
-0.6383442265795207
-0.55119825708061
0.7342047930283224
0.9738562091503267
0.5119825708061001
-0.5250544662309368
-0.06753812636165568
0.747276688453159
0.9782135076252723
-0.7952069716775599
0.8779956427015252
-0.8431372549019608
0.3681917211328978
0.7167755991285403
0.4161220043572986
0.4945533769063182
-0.3464052287581699
0.9302832244008714
-0.8518518518518519
-0.6427015250544662
-0.5032679738562091
-0.6034858387799564
-0.010893246187363759
-0.13725490196078427
-0.3246187363834423
0.869281045751634
0.5686274509803921
-0.7734204793028323
-0.42919389978213507
-0.1633986928104575
-0.39869281045751637
-0.6296296296296295
0.8910675381263615
0.37254901960784315
-0.7603485838779956
-0.4814814814814815
-0.0980392156862745
0.8867102396514162
0.8605664488017428
-0.2941176470588235
0.4553376906318083
-0.08496732026143783
0.6819172113289762
-0.4466230936819172
0.8257080610021785
0.18082788671023975
0.9172113289760349
0.33769063180827885
-0.17647058823529405
0.5381263616557734
-0.7080610021786492
-0.04139433551198257
-0.6122004357298474
0.5294117647058825
-0.5206971677559913
0.4901960784313726
-0.6688453159041394
-0.6514161220043573
0.26797385620915026
0.9128540305010895
0.12854030501089309
-0.616557734204793
-0.27233115468409586
-1.0
-0.08932461873638353
0.15468409586056642
0.6601307189542482
-0.9128540305010894
-0.9782135076252724
0.39433551198257066
0.2287581699346406
-0.3289760348583878
0.738562091503268
0.803921568627451
-0.8474945533769063
-0.8779956427015251
0.6688453159041394
0.8997821350762527
-0.9389978213507625
-0.05446623093681924
0.25054466230936834
-0.1895424836601307
-0.11982570806100212
-0.015250544662309351
-0.27668845315904134
-0.8867102396514162
-0.18518518518518512
0.028322440087146017
-0.14161220043572986
0.1372549019607845
-0.9477124183006536
-0.36819172113289755
0.3289760348583879
-0.2592592592592592
-0.20697167755991286
0.1721132897603488
-0.21132897603485834
-0.8387799564270153
-0.607843137254902
-0.40305010893246185
0.6993464052287581
-0.019607843137254943
-0.5337690631808278
0.2200435729847494
0.420479302832244
0.6514161220043573
0.30283224400871456
-0.9825708061002179
0.1328976034858389
-0.7429193899782135
-0.8649237472766884
-0.7342047930283224
0.8823529411764706
0.7821350762527233
-0.050108932461873534
0.4596949891067539
0.4248366013071896
0.5773420479302833
-0.2679738562091504
-0.11111111111111116
-0.2200435729847494
-0.9259259259259259
-0.34204793028322444
0.6339869281045754
0.8213507625272329
0.6906318082788672
-0.8910675381263616
-0.5860566448801743
0.7603485838779958
-0.7298474945533768
-0.2810457516339868
0.11546840958605675
-0.5468409586056645
0.20261437908496727
-0.40740740740740744
CENT_RANK
-0.33333333333333326
0.616557734204793
0.8082788671023966
-0.607843137254902
-0.7298474945533768
0.0980392156862746
1.0
0.6557734204793029
0.8169934640522876
0.08061002178649246
0.6906318082788672
0.5119825708061001
0.3856209150326797
-0.04575163398692805
0.9694989106753813
0.15468409586056642
-0.7516339869281046
0.5468409586056644
0.7777777777777777
-0.15032679738562094
0.5860566448801743
-0.4814814814814815
-0.7647058823529411
-0.15468409586056642
0.002178649237472685
0.006535947712418277
-0.5076252723311546
0.26797385620915026
-0.673202614379085
-0.4901960784313725
0.9433551198257082
0.9520697167755992
0.5947712418300652
-0.8082788671023965
-0.30718954248366015
0.869281045751634
0.35947712418300637
-0.23311546840958608
-0.4553376906318083
0.2549019607843137
-0.10675381263616557
-0.2854030501089325
-0.2592592592592592
0.2200435729847494
-0.7734204793028323
0.045751633986928164
0.3333333333333335
0.023965141612200425
-0.40305010893246185
0.8344226579520697
-0.9433551198257081
-0.6557734204793029
-0.420479302832244
0.19825708061002167
0.812636165577342
-0.9477124183006536
-0.9782135076252724
0.40305010893246207
0.6209150326797386
-0.7037037037037037
-0.1633986928104575
-0.18082788671023964
-0.5032679738562091
-0.5686274509803921
0.224400871459695
-0.2810457516339868
-0.6034858387799564
-0.9389978213507625
0.9302832244008714
0.4509803921568627
0.16775599128540297
0.24183006535947715
0.5381263616557734
0.6601307189542482
0.8779956427015252
0.6296296296296295
-0.8387799564270153
0.6644880174291938
0.7516339869281046
0.44226579520697173
-0.6252723311546842
0.6514161220043573
-0.5599128540305011
-0.7211328976034859
-0.49891067538126366
0.40740740740740744
-0.46840958605664484
-0.803921568627451
0.6993464052287581
0.4901960784313726
-0.27668845315904134
-0.3943355119825708
-0.050108932461873534
0.9389978213507624
0.7864923747276686
0.7603485838779958
0.7037037037037037
-0.5729847494553377
0.8257080610021785
0.20261437908496727
0.8562091503267972
-0.5381263616557734
-0.015250544662309351
-0.0980392156862745
-0.21132897603485834
-0.8213507625272332
-0.6862745098039216
0.39433551198257066
0.25054466230936834
-0.17211328976034856
0.6122004357298476
0.9651416122004357
0.5686274509803921
-0.27233115468409586
0.8649237472766884
-0.4422657952069716
0.18518518518518512
-0.0326797385620915
0.9084967320261439
0.9041394335511983
-0.1328976034858388
0.3899782135076253
0.06318082788671031
-0.1938997821350762
-0.2549019607843137
-0.5294117647058824
0.4248366013071896
-0.9215686274509804
-0.31154684095860563
-0.8300653594771242
0.5729847494553377
0.3159041394335511
0.5076252723311547
0.4771241830065358
0.2592592592592593
0.30718954248366015
-0.9694989106753813
0.7342047930283224
-0.5816993464052287
0.7429193899782134
-0.4771241830065359
0.6775599128540306
-0.747276688453159
-0.485838779956427
-0.8867102396514162
0.6427015250544663
-0.355119825708061
-0.3769063180827886
-0.5904139433551199
0.6819172113289762
-0.43355119825708055
0.4945533769063182
0.420479302832244
-0.5337690631808278
-0.42919389978213507
-0.006535947712418277
0.5294117647058825
0.5599128540305012
-0.14161220043572986
0.18082788671023975
-0.2636165577342048
-0.7167755991285403
-0.9172113289760349
0.36383442265795196
-0.18518518518518512
-0.55119825708061
0.8997821350762527
-0.5468409586056645
0.747276688453159
0.23311546840958597
0.1328976034858389
-0.9564270152505446
-0.7342047930283224
-0.3899782135076253
-0.24618736383442263
-0.2200435729847494
0.9956427015250544
0.27668845315904145
0.7995642701525054
-0.7080610021786492
-0.023965141612200425
-0.9607843137254902
0.3246187363834421
-0.9912854030501089
0.5773420479302833
0.07625272331154687
0.9825708061002181
0.9869281045751634
0.8300653594771243
-0.7385620915032679
-0.8169934640522876
-0.9825708061002179
-0.20697167755991286
-0.11546840958605664
-0.34204793028322444
-0.002178649237472796
0.5904139433551197
-1.0
-0.9128540305010894
0.5816993464052287
0.79520697167756
-0.4727668845315903
-0.0631808278867102
-0.9084967320261438
-0.1895424836601307
0.0675381263616559
0.8387799564270153
0.5991285403050111
0.355119825708061
-0.7777777777777778
-0.690631808278867
0.8431372549019609
0.9564270152505447
-0.6122004357298474
-0.8518518518518519
-0.6339869281045751
0.7690631808278867
0.7080610021786491
-0.224400871459695
0.8518518518518519
-0.6775599128540305
0.5206971677559913
0.1721132897603488
-0.8954248366013072
0.11546840958605675
0.159041394335512
-0.2287581699346405
-0.289760348583878
-0.8126361655773421
0.1023965141612202
0.17647058823529416
0.27233115468409586
0.6862745098039216
0.7254901960784315
-0.8431372549019608
-0.5991285403050108
-0.7559912854030502
0.050108932461873534
-0.37254901960784315
0.3202614379084967
-0.3159041394335511
0.8910675381263615
0.8823529411764706
-0.14596949891067534
-0.4248366013071896
0.23747276688453156
0.803921568627451
0.34204793028322444
-0.6209150326797386
0.6470588235294119
0.08496732026143783
-0.1285403050108933
0.14596949891067545
0.07189542483660127
-0.934640522875817
-0.9259259259259259
-0.9302832244008714
-0.7995642701525054
0.33769063180827885
-0.8736383442265795
-0.4466230936819172
0.37690631808278874
-0.36819172113289755
-0.6427015250544662
-0.6296296296296295
-0.06753812636165568
0.6688453159041394
0.7298474945533768
0.46840958605664484
-0.12418300653594772
-0.9738562091503268
0.11982570806100212
-0.3638344226579521
0.43355119825708055
0.5337690631808278
0.934640522875817
-0.46405228758169936
-0.08061002178649235
-0.6470588235294117
0.1372549019607845
-0.5860566448801743
0.5642701525054468
0.7908496732026145
-0.3507625272331154
0.8954248366013071
-0.08496732026143783
-0.17647058823529405
0.028322440087146017
-0.3202614379084968
0.3507625272331154
0.6339869281045754
-0.8649237472766884
0.55119825708061
0.43790849673202614
0.47276688453159044
0.7647058823529411
-0.4161220043572984
-0.3246187363834423
0.08932461873638342
0.607843137254902
0.04139433551198257
-0.7952069716775599
-0.7429193899782135
-0.2941176470588235
-0.8823529411764706
0.30283224400871456
0.1938997821350763
0.5555555555555554
0.2287581699346406
-0.19825708061002179
-0.5163398692810457
0.2636165577342049
0.991285403050109
-0.3856209150326797
-0.11982570806100212
-0.9520697167755992
-0.5555555555555556
0.12854030501089309
-0.45969498910675377
-0.681917211328976
0.15032679738562083
0.019607843137255054
-0.3594771241830066
0.10675381263616557
-0.616557734204793
-0.6601307189542484
-0.4509803921568627
0.9738562091503267
0.4814814814814816
-0.05882352941176472
0.20697167755991286
0.9128540305010895
-0.3812636165577342
0.485838779956427
-0.09368191721132901
-0.7124183006535948
0.14161220043572986
-0.2679738562091504
0.8867102396514162
0.5032679738562091
-0.010893246187363759
0.09368191721132879
-0.6688453159041394
0.7821350762527233
0.39869281045751626
0.6949891067538125
-0.019607843137254943
-0.20261437908496727
0.21132897603485845
0.9259259259259258
-0.6514161220043573
0.8213507625272329
-0.13725490196078427
0.7167755991285403
0.289760348583878
0.8474945533769063
-0.1590413943355119
0.49891067538126355
0.2984749455337692
-0.8257080610021786
-0.3289760348583878
0.4161220043572986
-0.5947712418300652
0.41176470588235303
-0.04139433551198257
0.03267973856209161
-0.24183006535947704
-0.49455337690631807
0.01089324618736387
-0.7864923747276689
-0.5424836601307189
0.01525054466230924
-0.5206971677559913
0.2854030501089324
-0.9869281045751634
-0.7254901960784313
0.6034858387799564
0.4466230936819173
0.03703703703703698
0.5163398692810457
0.37254901960784315
0.24618736383442252
-0.8997821350762527
-0.29847494553376896
-0.5642701525054465
-0.7908496732026145
-0.3464052287581699
0.7211328976034859
-0.9956427015250545
0.738562091503268
-0.5773420479302832
0.38126361655773433
-0.07625272331154687
-0.8562091503267975
0.9477124183006538
-0.16775599128540308
0.46405228758169925
0.5250544662309369
0.542483660130719
-0.5250544662309368
-0.10239651416121998
-0.8474945533769063
0.31154684095860574
-0.39869281045751637
0.625272331154684
0.1895424836601307
0.9782135076252723
0.2941176470588236
-0.869281045751634
0.7734204793028323
-0.5119825708061002
0.2810457516339868
-0.4117647058823529
0.12418300653594772
-0.8605664488017429
-0.6993464052287581
-0.028322440087145906
-0.11111111111111116
0.673202614379085
0.42919389978213496
-0.21568627450980393
0.4596949891067539
0.6383442265795207
-0.6383442265795207
-0.9041394335511983
0.9215686274509804
0.3681917211328978
-0.8779956427015251
-0.30283224400871467
0.34640522875817004
-0.43790849673202614
0.9607843137254901
-0.9651416122004357
0.8605664488017428
-0.7690631808278867
-0.6644880174291938
-0.7821350762527233
-0.07189542483660138
-0.23747276688453156
-0.33769063180827885
-0.2505446623093682
-0.08932461873638353
-0.8910675381263616
0.05446623093681913
0.7559912854030502
-0.03703703703703709
-0.40740740740740744
0.21568627450980404
-0.8344226579520697
-0.7603485838779956
0.4553376906318083
0.3289760348583879
0.16339869281045738
0.7124183006535949
0.11111111111111116
-0.05446623093681924
0.9172113289760349
0.8736383442265796
-0.6949891067538126
0.05882352941176472
RANK
197
388
183
374
191
56
270
136
432
181
171
315
55
50
67
254
256
255
127
162
198
203
424
382
223
442
144
304
427
259
408
291
414
393
214
401
234
76
448
129
359
105
190
228
33
87
257
301
385
369
436
209
44
434
22
449
236
16
142
302
189
172
4
375
83
161
335
179
59
415
458
210
106
319
220
28
342
435
325
51
350
278
263
423
215
264
80
248
324
213
3
66
235
362
148
280
138
390
97
63
384
82
316
165
167
370
101
153
125
399
372
310
410
26
62
84
367
29
143
21
140
201
86
276
318
38
326
260
115
430
150
154
244
52
296
412
446
48
403
91
173
313
332
147
238
262
272
322
146
283
386
194
439
0
360
297
288
240
128
34
428
383
303
227
41
65
90
113
337
160
42
124
440
174
366
438
37
226
218
175
420
104
192
347
309
123
204
164
61
286
109
395
60
356
23
19
243
158
352
120
251
269
314
193
417
40
400
103
334
441
285
277
392
437
265
202
329
455
92
13
364
445
117
416
180
346
102
340
155
195
24
25
368
371
321
47
287
365
378
300
45
237
443
459
122
205
253
185
9
250
298
341
5
229
323
454
224
271
413
317
170
279
336
252
320
15
225
452
70
222
230
159
116
405
306
53
99
330
348
447
43
64
308
169
245
71
381
108
39
134
311
27
231
177
411
373
354
407
358
305
135
402
131
239
182
451
46
258
247
429
289
208
36
163
426
380
261
391
12
121
107
344
57
85
363
361
152
126
419
273
293
79
377
69
450
421
396
268
294
133
328
333
89
151
357
339
132
11
379
221
397
156
274
72
398
17
292
307
157
281
112
130
184
199
20
196
32
207
376
299
110
1
58
404
75
290
422
145
249
81
7
73
77
266
418
141
149
232
10
345
88
96
217
453
353
387
233
267
137
389
139
168
78
444
95
295
216
409
18
343
94
282
200
178
246
2
54
8
351
98
188
49
206
211
355
219
100
433
114
35
457
74
242
338
241
284
166
119
118
331
456
425
349
68
275
93
30
394
31
212
431
111
14
327
406
186
187
312
176
6
