DEGREE
-0.1428571428571429
0.0714285714285714
0.4285714285714286
-0.3571428571428571
-0.0714285714285714
0.3571428571428572
-0.0714285714285714
-0.2142857142857143
0.3571428571428572
-0.2857142857142857
0.3571428571428572
0.0
-0.2857142857142857
-0.0714285714285714
0.0
-0.0714285714285714
-0.2857142857142857
-0.5
0.0714285714285714
0.1428571428571428
0.0714285714285714
-0.7142857142857143
0.1428571428571428
-0.4285714285714286
0.1428571428571428
0.0
0.3571428571428572
-0.7142857142857143
-0.1428571428571429
0.0
0.2857142857142858
-0.0714285714285714
0.2857142857142858
0.2142857142857142
-0.5
-0.2142857142857143
0.3571428571428572
0.0
-0.0714285714285714
-0.2142857142857143
-0.5
0.0714285714285714
-0.1428571428571429
-0.2142857142857143
0.2142857142857142
0.1428571428571428
0.3571428571428572
-0.1428571428571429
-0.8571428571428572
-0.2857142857142857
-0.3571428571428571
-0.0714285714285714
-0.1428571428571429
0.5714285714285714
0.3571428571428572
0.0
0.2857142857142858
-0.7142857142857143
-0.5714285714285714
0.5714285714285714
-0.1428571428571429
0.1428571428571428
-0.2142857142857143
-0.2857142857142857
0.4285714285714286
0.0
-0.6428571428571428
-0.1428571428571429
0.5
0.2142857142857142
-0.2142857142857143
-0.7142857142857143
-0.5714285714285714
-0.1428571428571429
1.0
0.2142857142857142
0.2857142857142858
-0.4285714285714286
0.1428571428571428
-0.2142857142857143
-0.5
-0.5714285714285714
-0.1428571428571429
-0.3571428571428571
0.6428571428571428
0.1428571428571428
-0.3571428571428571
-0.1428571428571429
0.0714285714285714
-0.5
-0.2142857142857143
0.4285714285714286
-0.4285714285714286
-0.4285714285714286
-0.7857142857142857
0.8571428571428572
-0.2857142857142857
0.0
0.2142857142857142
0.6428571428571428
-0.3571428571428571
-0.9285714285714286
-0.2857142857142857
-0.5
-0.3571428571428571
0.2857142857142858
-0.2142857142857143
-0.1428571428571429
-0.0714285714285714
-0.2857142857142857
-0.1428571428571429
0.0714285714285714
0.2142857142857142
0.0714285714285714
-0.3571428571428571
0.0
0.0
-0.3571428571428571
-0.3571428571428571
0.4285714285714286
-0.5
0.0714285714285714
-0.5
0.0
0.4285714285714286
-0.3571428571428571
-0.1428571428571429
-0.4285714285714286
-0.1428571428571429
0.6428571428571428
-0.1428571428571429
0.1428571428571428
-0.5714285714285714
-0.2857142857142857
0.2857142857142858
0.0
0.0714285714285714
0.2142857142857142
0.2142857142857142
-0.6428571428571428
-0.1428571428571429
0.0
-0.0714285714285714
-1.0
0.0714285714285714
0.5
0.2142857142857142
-0.5714285714285714
-0.0714285714285714
0.0
-0.4285714285714286
-0.2857142857142857
0.0
0.0
-0.5714285714285714
0.2142857142857142
0.1428571428571428
0.2142857142857142
-0.5714285714285714
-0.0714285714285714
0.0
-0.2857142857142857
-0.4285714285714286
-0.5714285714285714
0.2857142857142858
-0.6428571428571428
0.6428571428571428
0.1428571428571428
-0.5714285714285714
-0.6428571428571428
-0.2142857142857143
-0.1428571428571429
-0.7857142857142857
-0.0714285714285714
-0.2857142857142857
0.0
-0.4285714285714286
-0.6428571428571428
-0.3571428571428571
0.0714285714285714
-0.0714285714285714
-0.3571428571428571
-0.0714285714285714
-0.7142857142857143
-0.2142857142857143
-0.7142857142857143
0.5714285714285714
-0.5
0.0714285714285714
-0.4285714285714286
0.2857142857142858
0.3571428571428572
0.2857142857142858
0.1428571428571428
-0.2857142857142857
-0.8571428571428572
-0.2142857142857143
0.2857142857142858
-0.1428571428571429
-0.6428571428571428
-0.5
0.2142857142857142
-0.2857142857142857
0.2857142857142858
0.4285714285714286
-0.2857142857142857
0.1428571428571428
0.2857142857142858
0.3571428571428572
-0.2142857142857143
0.2857142857142858
-0.2142857142857143
-0.6428571428571428
-0.0714285714285714
0.0
-0.0714285714285714
0.3571428571428572
-0.2142857142857143
-0.1428571428571429
-0.5
-0.2142857142857143
-0.3571428571428571
-0.1428571428571429
0.0
0.2142857142857142
0.4285714285714286
0.5714285714285714
0.4285714285714286
-0.5714285714285714
-0.2857142857142857
-0.5714285714285714
0.4285714285714286
-0.3571428571428571
-0.7142857142857143
-0.7857142857142857
-0.2142857142857143
0.0714285714285714
0.2857142857142858
0.0714285714285714
0.5
-0.1428571428571429
0.0714285714285714
-0.1428571428571429
-0.1428571428571429
-0.1428571428571429
0.7142857142857142
-1.0
-0.4285714285714286
-0.0714285714285714
-0.3571428571428571
-0.2857142857142857
-0.1428571428571429
-0.3571428571428571
-0.5
-0.7142857142857143
-0.1428571428571429
-0.7857142857142857
0.2857142857142858
-0.0714285714285714
-0.0714285714285714
0.3571428571428572
-0.3571428571428571
0.0714285714285714
0.2857142857142858
0.0
0.2857142857142858
EIGENVECTOR
-0.9975464460233097
-0.9927960059564022
-0.987697528118651
-0.9973335603325374
-0.7484687083602557
-0.7446999936352607
-0.993847027493368
-0.8556891615776291
0.5721593024902156
-0.9975143714658238
-0.9856114113738665
-0.7620584660113982
-0.9965262210769273
-0.7590044792350327
-0.9909721336676073
-0.9913124035281051
-0.9963119651905877
-0.9884589555234395
-0.6707890997795776
-0.9922216837814117
-0.9920296349153608
-0.9918848621162881
0.000456883039266609
-0.9979563123815941
0.20536460163919013
-0.7239901268192521
0.6317218216801048
-0.9996332907846671
-0.8503511941061032
-0.9527754235561611
-0.058866912928337234
-0.9938644701477838
-0.9620486232319967
-0.974594836458772
-0.9990201174682063
-0.997232646068045
0.15591929998188547
-0.9496622820722506
-0.994393731818264
-0.949621192266554
-0.980225982188542
-0.8077409721486747
-0.8975166750855132
-0.9937358676359116
-0.9499528525088587
-0.9283802101713482
-0.8148022220388991
-0.9970499633156426
-0.9998724047924771
-0.6485531130156972
-0.9664975459518147
-0.981120667341808
-0.9979117507211535
0.8340622123062291
-0.9920504368007385
-0.9921712358032762
-0.9913970391425257
-0.9999953290800939
-0.9991067902131402
0.7739038981068791
-0.9960413123234774
-0.9906033823495924
-0.9930889179728373
-0.9964270572199203
0.5991460246198379
-0.8960820928087947
-0.9902044895305055
-0.5519069003732704
-0.3411463079957212
-0.9931671060571615
-0.9550469797343202
-0.9117154404266651
-0.9998981758367776
-0.9779973208242544
1.0
-0.9919060136470773
-0.9796766787402373
-0.9980695195993035
-0.8351201673139317
-0.9881121676919432
-0.9996863150793783
-0.9886845144305586
-0.850843781832227
-0.21794511363859081
0.7345782049705134
-0.8687599936263067
-0.9975343370769436
-0.9701560668275646
-0.9928662467387651
-0.9962024983819808
-0.900427462571726
0.675240496662846
-0.9984966920324192
-0.9879877541113034
-0.9997540535062549
0.8474920989544481
-0.9955870156341946
-0.9610026760995005
0.22564978159097437
0.8765399336785604
-0.9505796976869059
-0.9898810194355991
-0.39424044357698396
-0.9995685283268486
-0.9993676256788613
-0.987626076459307
-0.960771452674073
-0.9960660285269246
-0.7197916909443237
-0.8303008226972456
-0.9897678626771775
-0.9928662467387651
-0.9827138879914036
-0.7979478297829001
-0.9908972452458552
-0.7227158166626355
-0.9407344479245642
-0.9974276653657294
-0.9962787345968601
-0.9931870074741525
-0.9582694601030675
-0.9039715958999064
-0.9802259821885422
-0.7635131031481455
-0.9854380822013346
-0.46546785933488155
-0.9953367899789373
-0.9993784316435901
-0.8102749042746056
-0.32183305415595187
-0.9221864153520047
-0.8265253797033358
-0.9992069694884091
-0.8835289367191561
-0.8381970710408028
-0.9965480111075976
-0.9823057092998201
-0.9817807050749413
-0.8225731559462464
-0.9932577144503237
-0.9964275100991508
-0.9963730131440159
-0.994467416359666
-0.9951391917252277
-0.9959354652559004
0.7115426838426044
-0.8804015570256971
-0.9932792267723953
-0.8879067243877042
-0.7897689554639533
-0.9750298350405142
-0.753557787841701
-0.8005402088218614
-0.8941527396941773
-0.9998981758367778
0.32417234455944777
0.08710294952224373
-0.7822471026571705
-0.9873377184788792
-0.994107096099443
-0.9323864286108166
-0.9991851395040657
-0.9549117317107536
-0.9912593868976328
-0.6086952662026137
-0.9999454875651055
0.8643475558693938
-0.9821855676785981
-0.9998898870975409
-0.9932577144503237
-0.9966644973388183
-0.010965641875038457
-1.0
-0.8949943184912662
-0.9963704763592564
-0.9868735532280296
-0.9993784316435901
-0.9991270287110735
-0.9948498612722018
-0.9012484088963816
-0.9812152894123788
-0.9991990060953908
-0.9911269062344258
-0.9117154404266653
-0.9033420556034671
-0.9942712369528001
0.8053661558615131
-0.9990201174682063
-0.8577744412386465
-0.9975890427195697
-0.04640346896138248
-0.753551591509076
-0.7236256362532438
-0.9872163439806512
-0.9991009552801388
-0.9880134585956236
-0.9933314753592651
-0.7491070000360123
-0.5519069003732704
-0.9997556111673261
-0.9915824516085768
-0.8754665045315292
-0.8155117643783434
-0.7287159950465776
-0.8090824586579971
-0.9115050554272044
-0.48447422257421424
0.40006314716599256
0.5572947144169633
-0.9972655564603717
0.30793734658602245
-0.9901233534680423
-0.9999454875651055
-0.9686550405205379
-0.7635131031481457
-0.7370681361112572
-0.41006857770494576
-0.9986352875131601
-0.9618583563056087
-0.9802259821885422
-0.9956912855390727
-0.9990847736149643
-0.9897678626771778
-0.9937217028834188
0.22564978159097504
-0.7230964157400539
0.7991675425911369
-0.40181167059532263
-0.9998981758367776
-0.8591362874516155
-0.9978782076949998
0.5770533905999926
-0.9985223210732143
-0.9997168942631938
-0.9813069984965674
-0.8172136284077411
-0.5188411961745986
-0.7554418659860714
-0.992264235911312
-0.7400855553088234
-0.8931787730077125
-0.7730164519354681
-0.9701560668275646
-0.9948596328881859
-0.9131169193633814
0.9244546891813767
-0.9991344290753952
-0.7680894167271917
-0.8086187581470742
-0.9474570175585627
-0.9965262210769272
-0.18506974197090864
-0.9381518744693534
-0.9608198146711427
-0.9959744778527051
-0.9970483640499315
-0.9984441467200492
-0.11784998656086854
-0.9771163838202305
-0.9952111535220828
-0.8869973281870349
-0.9598719795221091
-0.9408695797494352
0.5522719047341933
-0.9925795306142724
-0.9551402266582808
CENT
-0.4707975665369424
-0.8682511619637326
0.10573685534763366
-0.6883679030529017
-0.8183910896664753
-0.752022971712569
-0.8287475545878412
-0.9317514455935095
-0.9766473637724953
-0.8828032773156781
-0.6482986729579436
-0.8243043720411676
-0.9663760454905521
-0.08659792978426029
-0.8974142309562022
-0.3157968220749835
-0.8998245497498071
-0.9833153382278566
-0.3263033497129735
-0.8493915823306026
-0.8066226649715612
-0.9347297013555729
-0.6981813022329881
-0.9816509602432942
-0.7671041207586713
-0.3423593981128691
-0.801233876754239
-0.9860536130154177
-0.6907415542339539
-0.6089905790210635
-0.5414059977811042
-0.9301777170291601
-0.388797418961373
-0.6242756776895504
-0.840291212687652
-0.951536751109998
-0.3994107036589666
-0.4155983921743135
-0.9600424545217701
-0.46294732266276883
-0.9787427459821747
-0.12901756025721733
-0.5609480346625043
-0.6701104267436757
0.0043550039832926934
-0.5479777161469668
1.0
-0.20939836221460084
-0.9724797842208922
-0.9046802985567379
-0.710800043565904
-0.7052210258942253
-0.7800959779349348
-0.886015916798799
-0.7443402928193152
-0.905116988857825
-0.8017232560458131
-1.0
-0.9525281987918738
-0.861767065543831
-0.8939514616033061
-0.7142140212125827
-0.9631260853683848
-0.9052968947219144
-0.92670445343142
-0.2578446711202944
-0.8162579636886116
-0.7997511333654211
-0.1504124124007209
-0.7498803963171233
-0.5932974992358153
-0.9978295284301831
-0.9966557683053949
-0.5443420077220917
-0.428945034574703
-0.8768570046450648
-0.039042616381896544
-0.7143498169080529
-0.832595402277877
-0.5294013429414139
-0.9666706848094101
-0.997626538525367
-0.8297739640171693
-0.9940824451129466
-0.6802886943705415
-0.4739895727789496
-0.9410446973987207
-0.4922575343670783
-0.9109826003943842
-0.9950463570400048
-0.7494775054732192
-0.9406495785492833
-0.9265241585862546
-0.639813641291507
-0.9708075446133831
-0.5770171376490822
-0.9861523645445054
-0.652494260848427
-0.636356197560893
-0.782991718100637
-0.8228439129365903
-0.9958481299153726
-0.8952979782691259
-0.9442712061443016
-0.8316680936045076
-0.6704895260363559
0.09483464331044811
-0.6202812528596707
-0.8916532883746883
-0.8629649619268671
-0.9515193824655873
-0.9109826003943842
-0.2807349041989654
-0.5893870295978415
0.4415863271305236
-0.8403995756501697
-0.7253923515750019
-0.9136327431472039
-0.8805026496470267
-0.24797813994374263
-0.9711683671866848
0.6380792617117477
-0.9787427459821747
-0.3806961201693271
-0.5833603800571368
-0.9373607020500082
-0.9387315018403303
-0.9246139423581036
-0.487853678675789
0.5448346235935191
-0.7612654246661223
-0.8979181956754784
-0.8171954125905505
-0.91731863299961
-0.7937850800523096
-0.648135522094886
-0.7878064126245935
-0.658179987407412
-0.3845135197263915
-1.0
-0.734764645407999
-0.7510558058538116
-0.7996456186315696
-0.9774458325677279
-0.6620373041853509
-0.9296959801647433
-0.5267501896198787
-0.9444728744945052
-0.751256669046964
-0.8690687638656985
-0.9711674518064293
-0.7013099688947941
-0.6319638582088607
-0.8664819310187125
-0.9966557683053949
-0.8115412899324714
-0.9165061028393269
0.14051765801943317
-0.8287621944065617
-0.742005982170094
-0.7958950268851334
-0.9078417775760045
-0.9136392893479994
-0.8483476752329722
0.25308628187104065
-0.9994003005077122
-0.7695098217323899
-0.6345777554639203
-0.868773977401834
-1.0
-0.8164123102921883
-0.9946026932112789
-0.9997617486609227
-0.9306718182193194
-0.8041945116303956
-0.6509076438254107
-0.9246139423581036
-0.9212515356435734
-0.592718620139897
-0.351201288707231
-0.49296698617755286
-0.8755830919661494
-0.8408963287982727
-0.9978295284301831
-0.7350763668852751
-0.8229168594833723
-0.8146398514727133
-0.840291212687652
-0.8184659516763622
-0.7651845534514038
-0.15307995683937814
-0.49028328143038025
-0.38798034697528283
-0.3547591400628971
-0.8858926247906376
-0.9859661187395325
-0.9348179149976005
-0.8399608933294782
-0.7997511333654211
-0.9367411016437761
-0.963970932839973
-0.5931329671956181
-0.940339199761909
-0.7727210308915845
-0.5804478443153143
-0.35149272478951665
-0.40828486360710037
-0.49001081733892615
-0.8292157167974186
-0.4092862900767291
-0.4902392145738357
-0.9619074842372579
-0.9994003005077122
-0.42655514545932005
-0.3806961201693271
-0.7795752825270836
-0.4436144686754646
-0.7027757975962798
-0.5115188579222922
-0.9787427459821747
-0.7270549232546799
-0.910568661669192
-0.9515193824655873
-0.8136055265216668
-0.636356197560893
-0.5984010834218152
-0.5132732955973113
0.18963725041958202
-0.9966557683053949
-0.8324951771925149
-0.8772001232686045
-0.3536745451358213
-0.9744239920980511
-0.9843882752708767
-0.9902277353559494
-0.6992681190236374
-0.28403278975878465
-0.7938385334935816
-0.5504654401364509
-0.16015290334553367
-0.8221464334802544
-0.4585748495569615
-0.4922575343670783
-0.8520805825022836
-0.019159693882729867
-0.7651753612433918
-1.0
-0.9794684887692765
-0.37346539770378184
-0.7886339566981385
-0.9663760454905521
-0.9681361516915398
-0.9543869912630245
-0.9698431653613365
-0.9779786544676986
-0.9458853110325625
-0.9810032657980926
-0.3589165774355233
-0.37339953026627903
-0.9493478567494772
-0.2174745747177831
0.1905045770169682
-0.2514693247185885
-0.9520601850645852
-0.8046172194486333
-0.42934901750351906
DEGREE_RANK
-0.18490566037735856
0.3132075471698115
0.8339622641509432
-0.569811320754717
0.01132075471698113
0.7509433962264151
0.018867924528301883
-0.31320754716981136
0.7584905660377359
-0.44150943396226405
0.7660377358490567
0.15471698113207544
-0.4339622641509435
0.026415094339622636
0.1622641509433964
0.03396226415094339
-0.42641509433962266
-0.7358490566037736
0.320754716981132
0.4339622641509435
0.32830188679245276
-0.9320754716981132
0.44150943396226405
-0.6452830188679246
0.4490566037735848
0.16981132075471694
0.7735849056603772
-0.9245283018867925
-0.1773584905660377
0.1773584905660377
0.6226415094339621
0.04150943396226414
0.6301886792452829
0.5245283018867926
-0.7283018867924529
-0.3056603773584906
0.7811320754716982
0.18490566037735845
0.049056603773584895
-0.29811320754716975
-0.7207547169811321
0.3358490566037735
-0.16981132075471694
-0.290566037735849
0.5320754716981131
0.4566037735849058
0.7886792452830189
-0.1622641509433963
-0.9773584905660377
-0.4188679245283018
-0.5622641509433962
0.05660377358490565
-0.15471698113207555
0.9245283018867922
0.7962264150943397
0.19245283018867942
0.6377358490566039
-0.9169811320754717
-0.8188679245283019
0.9320754716981132
-0.14716981132075468
0.46415094339622653
-0.28301886792452835
-0.41132075471698104
0.8415094339622642
0.19999999999999996
-0.8716981132075472
-0.13962264150943382
0.9018867924528302
0.5396226415094338
-0.2754716981132076
-0.909433962264151
-0.8113207547169812
-0.1320754716981133
1.0
0.5471698113207548
0.6452830188679246
-0.6377358490566039
0.47169811320754707
-0.26792452830188673
-0.7132075471698114
-0.8037735849056604
-0.12452830188679243
-0.5547169811320755
0.9547169811320753
0.4792452830188678
-0.5471698113207547
-0.11698113207547167
0.3433962264150945
-0.7056603773584906
-0.260377358490566
0.8490566037735849
-0.6301886792452831
-0.6226415094339623
-0.9622641509433962
0.9924528301886792
-0.4037735849056604
0.2075471698113207
0.5547169811320756
0.9622641509433962
-0.539622641509434
-0.9849056603773585
-0.39622641509433965
-0.6981132075471699
-0.5320754716981132
0.6528301886792451
-0.25283018867924534
-0.10943396226415081
0.0641509433962264
-0.3886792452830188
-0.10188679245283028
0.350943396226415
0.5622641509433961
0.35849056603773577
-0.5245283018867924
0.21509433962264146
0.22264150943396244
-0.5169811320754717
-0.5094339622641509
0.8566037735849057
-0.6905660377358491
0.3660377358490565
-0.6830188679245284
0.23018867924528297
0.8641509433962262
-0.5018867924528301
-0.09433962264150941
-0.6150943396226416
-0.08679245283018866
0.969811320754717
-0.0792452830188678
0.4867924528301888
-0.7962264150943397
-0.38113207547169803
0.6603773584905659
0.23773584905660372
0.3735849056603775
0.5698113207547169
0.5773584905660378
-0.8641509433962264
-0.07169811320754726
0.24528301886792447
0.07169811320754715
-1.0
0.38113207547169803
0.909433962264151
0.5849056603773586
-0.7886792452830189
0.0792452830188679
0.25283018867924545
-0.6075471698113208
-0.3735849056603774
0.260377358490566
0.26792452830188673
-0.7811320754716982
0.5924528301886791
0.49433962264150955
0.5999999999999999
-0.7735849056603774
0.08679245283018866
0.2754716981132075
-0.36603773584905663
-0.6000000000000001
-0.7660377358490567
0.6679245283018869
-0.8566037735849057
0.9773584905660377
0.5018867924528301
-0.7584905660377359
-0.8490566037735849
-0.24528301886792458
-0.0641509433962264
-0.9547169811320755
0.09433962264150941
-0.35849056603773577
0.28301886792452846
-0.5924528301886793
-0.8415094339622642
-0.49433962264150955
0.3886792452830188
0.10188679245283017
-0.4867924528301887
0.10943396226415092
-0.9018867924528302
-0.23773584905660372
-0.8943396226415095
0.939622641509434
-0.6754716981132076
0.39622641509433953
-0.5849056603773586
0.6754716981132076
0.8037735849056602
0.6830188679245282
0.5094339622641508
-0.350943396226415
-0.969811320754717
-0.23018867924528297
0.6905660377358489
-0.05660377358490565
-0.8339622641509434
-0.6679245283018869
0.6075471698113208
-0.3433962264150944
0.6981132075471699
0.8716981132075472
-0.3358490566037736
0.5169811320754718
0.7056603773584906
0.8113207547169812
-0.22264150943396233
0.7132075471698112
-0.21509433962264157
-0.8264150943396227
0.11698113207547167
0.290566037735849
0.12452830188679243
0.8188679245283019
-0.2075471698113207
-0.049056603773584784
-0.6603773584905661
-0.19999999999999996
-0.47924528301886793
-0.04150943396226425
0.29811320754716975
0.6150943396226416
0.879245283018868
0.9471698113207547
0.8867924528301887
-0.7509433962264151
-0.32830188679245276
-0.7433962264150944
0.8943396226415092
-0.47169811320754707
-0.8867924528301887
-0.9471698113207547
-0.1924528301886793
0.4037735849056605
0.7207547169811321
0.41132075471698104
0.9169811320754717
-0.03396226415094339
0.4188679245283018
-0.026415094339622636
-0.01886792452830177
-0.01132075471698124
0.9849056603773583
-0.9924528301886792
-0.5773584905660378
0.13207547169811318
-0.46415094339622653
-0.320754716981132
-0.0037735849056603765
-0.45660377358490567
-0.6528301886792454
-0.879245283018868
0.0037735849056603765
-0.939622641509434
0.7283018867924529
0.13962264150943393
0.14716981132075468
0.8264150943396227
-0.4490566037735849
0.42641509433962255
0.7358490566037736
0.3056603773584905
0.7433962264150942
EIGENVECTOR_RANK
-0.7207547169811321
-0.35849056603773577
-0.15471698113207555
-0.6905660377358491
0.5849056603773586
0.5924528301886791
-0.4490566037735849
0.3660377358490565
0.8867924528301887
-0.7056603773584906
-0.11698113207547167
0.5396226415094338
-0.6301886792452831
0.5471698113207548
-0.25283018867924534
-0.2754716981132076
-0.5924528301886793
-0.18490566037735856
0.6603773584905659
-0.3358490566037736
-0.31320754716981136
-0.29811320754716975
0.8037735849056602
-0.7509433962264151
0.8264150943396227
0.6226415094339621
0.909433962264151
-0.9018867924528302
0.38113207547169803
0.11698113207547167
0.7811320754716982
-0.45660377358490567
0.04150943396226414
0.0037735849056603765
-0.7962264150943397
-0.6754716981132076
0.8188679245283019
0.13962264150943393
-0.47924528301886793
0.14716981132075468
-0.04150943396226425
0.47169811320754707
0.26792452830188673
-0.44150943396226405
0.13207547169811318
0.19245283018867942
0.44150943396226405
-0.6679245283018869
-0.939622641509434
0.6679245283018869
0.03396226415094339
-0.05660377358490565
-0.7433962264150944
0.9622641509433962
-0.320754716981132
-0.32830188679245276
-0.28301886792452835
-0.9924528301886792
-0.8264150943396227
0.939622641509434
-0.5622641509433962
-0.23773584905660372
-0.38113207547169803
-0.6150943396226416
0.9018867924528302
0.2754716981132075
-0.23018867924528297
0.6830188679245282
0.7433962264150942
-0.3886792452830188
0.10188679245283017
0.21509433962264146
-0.969811320754717
-0.01886792452830177
1.0
-0.3056603773584906
-0.026415094339622636
-0.7584905660377359
0.39622641509433953
-0.1773584905660377
-0.909433962264151
-0.1924528301886793
0.3735849056603775
0.7584905660377359
0.9320754716981132
0.3433962264150945
-0.7132075471698114
0.01132075471698113
-0.36603773584905663
-0.5773584905660378
0.260377358490566
0.9169811320754717
-0.7735849056603774
-0.1622641509433963
-0.9245283018867925
0.969811320754717
-0.5320754716981132
0.05660377358490565
0.8339622641509432
0.9849056603773583
0.12452830188679243
-0.21509433962264157
0.7358490566037736
-0.8943396226415095
-0.8716981132075472
-0.14716981132075468
0.07169811320754715
-0.569811320754717
0.6528301886792451
0.4037735849056605
-0.19999999999999996
-0.3735849056603774
-0.10188679245283028
0.4867924528301888
-0.24528301886792458
0.6452830188679246
0.16981132075471694
-0.6981132075471699
-0.5849056603773586
-0.39622641509433965
0.08679245283018866
0.23773584905660372
-0.03396226415094339
0.5245283018867926
-0.10943396226415081
0.7132075471698112
-0.5245283018867924
-0.8867924528301887
0.4490566037735848
0.7509433962264151
0.19999999999999996
0.41132075471698104
-0.8641509433962264
0.320754716981132
0.3886792452830188
-0.6452830188679246
-0.09433962264150941
-0.0792452830188678
0.4188679245283018
-0.4037735849056604
-0.6226415094339623
-0.6075471698113208
-0.4867924528301887
-0.5094339622641509
-0.5471698113207547
0.9245283018867922
0.32830188679245276
-0.4188679245283018
0.3056603773584905
0.49433962264150955
-0.0037735849056603765
0.5622641509433961
0.4792452830188678
0.290566037735849
-0.9547169811320755
0.8566037735849057
0.8113207547169812
0.5018867924528301
-0.13962264150943382
-0.46415094339622653
0.18490566037735845
-0.8490566037735849
0.10943396226415092
-0.26792452830188673
0.6754716981132076
-0.9773584905660377
0.9773584905660377
-0.08679245283018866
-0.9471698113207547
-0.41132075471698104
-0.6528301886792454
0.7962264150943397
-1.0
0.28301886792452846
-0.6000000000000001
-0.12452830188679243
-0.879245283018868
-0.8339622641509434
-0.49433962264150955
0.25283018867924545
-0.0641509433962264
-0.8566037735849057
-0.260377358490566
0.22264150943396244
0.24528301886792447
-0.47169811320754707
0.9547169811320753
-0.8037735849056604
0.35849056603773577
-0.7283018867924529
0.7886792452830189
0.5698113207547169
0.6301886792452829
-0.1320754716981133
-0.8188679245283019
-0.16981132075471694
-0.42641509433962266
0.5773584905660378
0.6905660377358489
-0.9320754716981132
-0.290566037735849
0.3358490566037735
0.4339622641509435
0.6150943396226416
0.4566037735849058
0.23018867924528297
0.7056603773584906
0.8641509433962262
0.879245283018868
-0.6830188679245284
0.8490566037735849
-0.22264150943396233
-0.9849056603773585
0.026415094339622636
0.5320754716981131
0.6075471698113208
0.7207547169811321
-0.7886792452830189
0.049056603773584895
-0.049056603773584784
-0.539622641509434
-0.8113207547169812
-0.2075471698113207
-0.4339622641509435
0.8415094339622642
0.6377358490566039
0.9471698113207547
0.7283018867924529
-0.9622641509433962
0.350943396226415
-0.7358490566037736
0.8943396226415092
-0.7811320754716982
-0.9169811320754717
-0.07169811320754726
0.42641509433962255
0.6981132075471699
0.5547169811320756
-0.3433962264150944
0.5999999999999999
0.29811320754716975
0.5094339622641508
0.018867924528301883
-0.5018867924528301
0.2075471698113207
0.9924528301886792
-0.8415094339622642
0.5169811320754718
0.46415094339622653
0.15471698113207544
-0.6377358490566039
0.7660377358490567
0.1773584905660377
0.0641509433962264
-0.5547169811320755
-0.6603773584905661
-0.7660377358490567
0.7735849056603772
-0.01132075471698124
-0.5169811320754717
0.3132075471698115
0.0792452830188679
0.1622641509433964
0.8716981132075472
-0.350943396226415
0.09433962264150941
CENT_RANK
0.6226415094339621
-0.25283018867924534
0.939622641509434
0.29811320754716975
-0.07169811320754726
0.14716981132075468
-0.11698113207547167
-0.5169811320754717
-0.7660377358490567
-0.3056603773584906
0.35849056603773577
-0.10943396226415081
-0.6981132075471699
0.9018867924528302
-0.350943396226415
0.8113207547169812
-0.36603773584905663
-0.8339622641509434
0.8037735849056602
-0.21509433962264157
-0.01886792452830177
-0.5245283018867924
0.28301886792452846
-0.8264150943396227
0.11698113207547167
0.7962264150943397
0.01132075471698113
-0.8566037735849057
0.290566037735849
0.42641509433962255
0.5245283018867926
-0.5018867924528301
0.7056603773584906
0.41132075471698104
-0.18490566037735856
-0.6301886792452831
0.6981132075471699
0.6754716981132076
-0.6603773584905661
0.6301886792452829
-0.8037735849056604
0.8943396226415092
0.49433962264150955
0.320754716981132
0.9245283018867922
0.5094339622641508
1.0
0.8641509433962262
-0.7509433962264151
-0.3735849056603774
0.24528301886792447
0.25283018867924545
0.08679245283018866
-0.320754716981132
0.18490566037735845
-0.38113207547169803
0.0037735849056603765
-1.0
-0.6452830188679246
-0.23018867924528297
-0.3358490566037736
0.23773584905660372
-0.6754716981132076
-0.3886792452830188
-0.4867924528301887
0.8339622641509432
-0.049056603773584784
0.018867924528301883
0.8867924528301887
0.16981132075471694
0.44150943396226405
-0.9471698113207547
-0.9245283018867925
0.5169811320754718
0.6603773584905659
-0.28301886792452835
0.909433962264151
0.23018867924528297
-0.1622641509433963
0.5320754716981131
-0.7056603773584906
-0.9320754716981132
-0.13962264150943382
-0.879245283018868
0.3056603773584905
0.6150943396226416
-0.5773584905660378
0.5698113207547169
-0.4188679245283018
-0.8943396226415095
0.1773584905660377
-0.569811320754717
-0.47924528301886793
0.3735849056603775
-0.7283018867924529
0.4867924528301888
-0.8641509433962264
0.3433962264150945
0.38113207547169803
0.0792452830188679
-0.09433962264150941
-0.9018867924528302
-0.3433962264150944
-0.5849056603773586
-0.14716981132075468
0.3132075471698115
0.9320754716981132
0.4188679245283018
-0.32830188679245276
-0.23773584905660372
-0.6226415094339623
-0.41132075471698104
0.8264150943396227
0.46415094339622653
0.9773584905660377
-0.1924528301886793
0.22264150943396244
-0.42641509433962266
-0.29811320754716975
0.8490566037735849
-0.7433962264150944
0.9924528301886792
-0.7962264150943397
0.7283018867924529
0.47169811320754707
-0.5471698113207547
-0.5547169811320755
-0.47169811320754707
0.6075471698113208
0.9849056603773583
0.13962264150943393
-0.35849056603773577
-0.0641509433962264
-0.4490566037735849
0.05660377358490565
0.3660377358490565
0.07169811320754715
0.3358490566037735
0.7207547169811321
-0.9924528301886792
0.2075471698113207
0.1622641509433964
0.03396226415094339
-0.7735849056603774
0.32830188679245276
-0.49433962264150955
0.5396226415094338
-0.5924528301886793
0.15471698113207544
-0.26792452830188673
-0.7358490566037736
0.26792452830188673
0.4037735849056605
-0.24528301886792458
-0.9169811320754717
-0.026415094339622636
-0.44150943396226405
0.9471698113207547
-0.12452830188679243
0.19245283018867942
0.04150943396226414
-0.39622641509433965
-0.4339622641509435
-0.2075471698113207
0.969811320754717
-0.9622641509433962
0.10943396226415092
0.39622641509433953
-0.260377358490566
-0.9849056603773585
-0.05660377358490565
-0.8867924528301887
-0.969811320754717
-0.5094339622641509
-0.0037735849056603765
0.350943396226415
-0.46415094339622653
-0.45660377358490567
0.4566037735849058
0.7886792452830189
0.5622641509433961
-0.2754716981132076
-0.19999999999999996
-0.939622641509434
0.19999999999999996
-0.10188679245283028
-0.04150943396226425
-0.1773584905660377
-0.0792452830188678
0.12452830188679243
0.879245283018868
0.5849056603773586
0.7132075471698112
0.7660377358490567
-0.31320754716981136
-0.8490566037735849
-0.5320754716981132
-0.16981132075471694
0.026415094339622636
-0.539622641509434
-0.6830188679245284
0.4490566037735848
-0.5622641509433962
0.10188679245283017
0.4792452830188678
0.7811320754716982
0.6905660377358489
0.5999999999999999
-0.1320754716981133
0.6830188679245282
0.5924528301886791
-0.6679245283018869
-0.9547169811320755
0.6679245283018869
0.7358490566037736
0.09433962264150941
0.6452830188679246
0.260377358490566
0.5547169811320756
-0.7886792452830189
0.21509433962264146
-0.4037735849056604
-0.6150943396226416
-0.03396226415094339
0.3886792452830188
0.4339622641509435
0.5471698113207548
0.9547169811320753
-0.909433962264151
-0.15471698113207555
-0.290566037735849
0.7735849056603772
-0.7584905660377359
-0.8415094339622642
-0.8716981132075472
0.2754716981132075
0.8188679245283019
0.049056603773584895
0.5018867924528301
0.8716981132075472
-0.08679245283018866
0.6377358490566039
0.5773584905660378
-0.22264150943396233
0.9169811320754717
0.13207547169811318
-0.9773584905660377
-0.8113207547169812
0.7433962264150942
0.0641509433962264
-0.6905660377358491
-0.7132075471698114
-0.6528301886792454
-0.7207547169811321
-0.7811320754716982
-0.6000000000000001
-0.8188679245283019
0.7584905660377359
0.7509433962264151
-0.6075471698113208
0.8566037735849057
0.9622641509433962
0.8415094339622642
-0.6377358490566039
-0.01132075471698124
0.6528301886792451
RANK
57
139
169
246
172
165
212
71
183
81
72
154
228
101
89
171
83
234
96
27
195
233
17
23
256
247
40
122
219
254
143
8
232
48
120
150
94
253
251
80
12
250
200
62
211
38
252
58
263
35
110
222
259
255
147
103
86
91
202
126
125
199
196
21
7
173
31
145
64
92
127
176
177
133
156
162
117
88
111
221
161
63
55
49
16
131
14
102
60
108
53
194
9
118
230
75
181
149
168
1
153
109
59
243
19
163
182
115
34
187
197
78
229
104
82
208
158
6
11
185
100
240
188
4
132
170
66
186
223
155
20
264
174
56
26
67
198
142
160
237
134
249
136
99
52
215
203
166
24
189
245
130
5
148
141
69
90
54
159
184
140
220
116
77
61
50
51
217
151
235
22
28
3
84
105
43
144
137
97
175
10
135
93
98
224
167
152
33
107
29
225
70
201
178
113
124
204
95
42
238
45
73
30
79
146
226
218
180
87
242
191
210
207
128
85
0
39
241
216
265
74
213
37
209
206
36
32
192
138
123
214
248
258
257
193
231
205
179
25
18
15
236
112
65
262
119
260
47
239
190
68
41
13
76
244
44
106
2
157
227
261
164
114
129
121
46
