DEGREE
0.06382978723404253
0.36170212765957444
-0.3191489361702128
0.14893617021276606
-0.021276595744680882
0.36170212765957444
0.1063829787234043
-0.23404255319148937
0.574468085106383
-0.276595744680851
-0.4893617021276596
0.7446808510638299
0.6170212765957446
0.574468085106383
0.4042553191489362
-0.021276595744680882
0.06382978723404253
0.02127659574468077
-0.14893617021276595
0.23404255319148937
-0.06382978723404253
0.9148936170212767
0.7021276595744681
-0.574468085106383
0.5319148936170213
0.1063829787234043
0.4042553191489362
0.4042553191489362
-0.574468085106383
-0.4042553191489362
0.31914893617021267
-0.4893617021276596
0.7446808510638299
-0.36170212765957444
0.23404255319148937
0.4042553191489362
0.6170212765957446
-0.14893617021276595
-0.7872340425531915
-0.3191489361702128
0.06382978723404253
0.1063829787234043
0.1914893617021276
-0.574468085106383
0.6170212765957446
0.1914893617021276
0.02127659574468077
-0.276595744680851
0.7446808510638299
0.574468085106383
0.06382978723404253
0.7872340425531914
0.7021276595744681
0.02127659574468077
0.23404255319148937
-0.4893617021276596
0.06382978723404253
0.06382978723404253
0.06382978723404253
-0.19148936170212771
0.6595744680851063
0.36170212765957444
0.4893617021276595
0.44680851063829796
0.8723404255319149
-0.5319148936170213
0.14893617021276606
-0.14893617021276595
0.5319148936170213
0.574468085106383
0.1063829787234043
0.4042553191489362
0.1063829787234043
0.44680851063829796
0.4893617021276595
-0.3191489361702128
-0.44680851063829785
-0.6595744680851063
-0.6170212765957447
0.31914893617021267
0.1914893617021276
-0.4893617021276596
0.1063829787234043
-0.6595744680851063
-0.3191489361702128
-0.14893617021276595
0.4042553191489362
0.4042553191489362
-0.8297872340425532
0.1063829787234043
0.36170212765957444
-0.19148936170212771
0.02127659574468077
-0.021276595744680882
0.6170212765957446
-0.276595744680851
-0.4042553191489362
0.06382978723404253
0.23404255319148937
0.44680851063829796
0.1914893617021276
0.02127659574468077
0.7872340425531914
0.1063829787234043
0.6170212765957446
0.27659574468085113
0.14893617021276606
0.4893617021276595
-0.6170212765957447
-0.06382978723404253
-0.6595744680851063
0.36170212765957444
0.1063829787234043
-0.4042553191489362
0.14893617021276606
0.6595744680851063
-0.5319148936170213
-0.7021276595744681
0.1914893617021276
0.1914893617021276
0.7021276595744681
-0.06382978723404253
0.31914893617021267
0.4893617021276595
0.7446808510638299
0.06382978723404253
0.14893617021276606
0.14893617021276606
0.5319148936170213
0.1063829787234043
-0.36170212765957444
-0.1063829787234043
0.36170212765957444
0.06382978723404253
-0.7872340425531915
0.02127659574468077
0.02127659574468077
-0.4893617021276596
0.5319148936170213
0.14893617021276606
-0.3191489361702128
0.5319148936170213
0.23404255319148937
0.574468085106383
-0.4042553191489362
-0.574468085106383
0.4042553191489362
-0.574468085106383
-0.021276595744680882
0.6595744680851063
-0.06382978723404253
0.1914893617021276
-0.021276595744680882
0.4893617021276595
0.5319148936170213
-0.36170212765957444
-0.1063829787234043
-0.4893617021276596
-0.3191489361702128
-0.14893617021276595
0.27659574468085113
0.5319148936170213
-0.06382978723404253
-0.4042553191489362
-0.19148936170212771
0.02127659574468077
0.23404255319148937
0.27659574468085113
-0.5319148936170213
0.36170212765957444
0.4042553191489362
0.1914893617021276
0.31914893617021267
-0.19148936170212771
0.6170212765957446
0.44680851063829796
0.23404255319148937
-0.3191489361702128
0.1914893617021276
0.14893617021276606
0.4042553191489362
-0.574468085106383
0.8297872340425532
0.14893617021276606
-0.3191489361702128
0.27659574468085113
0.6595744680851063
-0.23404255319148937
0.1063829787234043
-0.8297872340425532
-0.23404255319148937
-0.1063829787234043
0.31914893617021267
0.31914893617021267
0.14893617021276606
0.02127659574468077
-0.276595744680851
0.5319148936170213
0.31914893617021267
0.31914893617021267
0.06382978723404253
0.4893617021276595
-0.1063829787234043
-0.7446808510638299
0.1063829787234043
0.27659574468085113
-0.6170212765957447
0.02127659574468077
0.4042553191489362
-0.8723404255319149
-0.19148936170212771
-0.4042553191489362
0.1914893617021276
0.36170212765957444
-0.8723404255319149
-0.44680851063829785
0.23404255319148937
-0.574468085106383
0.574468085106383
0.1063829787234043
0.23404255319148937
-0.14893617021276595
0.1914893617021276
-0.276595744680851
0.23404255319148937
0.9574468085106382
0.36170212765957444
0.36170212765957444
0.02127659574468077
0.1914893617021276
-0.3191489361702128
0.5319148936170213
0.02127659574468077
-0.1063829787234043
0.06382978723404253
-0.06382978723404253
-0.3191489361702128
0.4893617021276595
-0.23404255319148937
0.23404255319148937
-0.6595744680851063
0.14893617021276606
1.0
-0.5319148936170213
0.1063829787234043
-0.3191489361702128
0.8723404255319149
-0.8297872340425532
-0.3191489361702128
0.14893617021276606
-0.3191489361702128
-0.7446808510638299
0.02127659574468077
-0.4893617021276596
0.23404255319148937
0.06382978723404253
0.1914893617021276
0.14893617021276606
0.7021276595744681
0.36170212765957444
0.4893617021276595
0.44680851063829796
0.7872340425531914
-0.3191489361702128
-0.1063829787234043
-0.8723404255319149
-0.021276595744680882
0.6595744680851063
-0.6170212765957447
-0.3191489361702128
-0.276595744680851
0.02127659574468077
-0.44680851063829785
-0.06382978723404253
-0.6170212765957447
0.27659574468085113
0.36170212765957444
0.06382978723404253
0.7446808510638299
-0.021276595744680882
0.1063829787234043
-0.574468085106383
0.06382978723404253
0.31914893617021267
0.02127659574468077
0.4042553191489362
-0.5319148936170213
-0.14893617021276595
0.27659574468085113
-0.36170212765957444
0.23404255319148937
0.4893617021276595
0.7872340425531914
0.27659574468085113
0.4042553191489362
-0.36170212765957444
0.4042553191489362
0.4893617021276595
0.1063829787234043
0.02127659574468077
0.1063829787234043
-0.14893617021276595
-0.4042553191489362
0.31914893617021267
0.7021276595744681
0.6595744680851063
0.14893617021276606
0.7021276595744681
-0.574468085106383
-0.19148936170212771
-0.1063829787234043
0.02127659574468077
-0.6595744680851063
1.0
-0.19148936170212771
-0.1063829787234043
0.7872340425531914
0.574468085106383
0.06382978723404253
-0.7446808510638299
-0.574468085106383
0.06382978723404253
-0.3191489361702128
0.6595744680851063
-0.06382978723404253
0.1914893617021276
-0.23404255319148937
-0.021276595744680882
0.1914893617021276
-0.276595744680851
0.06382978723404253
0.1914893617021276
0.02127659574468077
0.4042553191489362
-0.06382978723404253
0.1063829787234043
0.36170212765957444
0.31914893617021267
-0.021276595744680882
-0.4893617021276596
-0.1063829787234043
-0.276595744680851
-0.19148936170212771
0.23404255319148937
0.1063829787234043
0.5319148936170213
0.23404255319148937
0.574468085106383
-0.021276595744680882
0.27659574468085113
0.4893617021276595
0.27659574468085113
0.9148936170212767
0.31914893617021267
0.02127659574468077
0.1914893617021276
-0.23404255319148937
-0.574468085106383
0.02127659574468077
0.06382978723404253
1.0
-0.36170212765957444
0.44680851063829796
0.36170212765957444
0.7446808510638299
-0.3191489361702128
-0.19148936170212771
-0.3191489361702128
-0.36170212765957444
0.31914893617021267
0.06382978723404253
-0.14893617021276595
0.36170212765957444
-0.4893617021276596
0.4893617021276595
-0.1063829787234043
0.23404255319148937
0.14893617021276606
0.23404255319148937
-0.4042553191489362
-0.021276595744680882
0.14893617021276606
-0.14893617021276595
-0.23404255319148937
0.02127659574468077
0.14893617021276606
0.02127659574468077
0.23404255319148937
-0.6170212765957447
0.44680851063829796
-0.36170212765957444
0.02127659574468077
-0.4893617021276596
-0.4042553191489362
-0.4042553191489362
0.8723404255319149
-0.6595744680851063
-0.5319148936170213
-0.7021276595744681
-0.6170212765957447
0.1063829787234043
-0.3191489361702128
0.7872340425531914
0.06382978723404253
0.23404255319148937
0.23404255319148937
-0.19148936170212771
0.7872340425531914
-0.4893617021276596
0.44680851063829796
0.8723404255319149
-0.3191489361702128
-0.44680851063829785
-0.276595744680851
0.1063829787234043
-0.14893617021276595
0.4042553191489362
-0.7872340425531915
-0.3191489361702128
0.31914893617021267
-0.23404255319148937
-0.6595744680851063
0.06382978723404253
-0.5319148936170213
0.36170212765957444
-0.14893617021276595
0.06382978723404253
0.14893617021276606
0.14893617021276606
-0.5319148936170213
-0.021276595744680882
0.1914893617021276
-0.7872340425531915
0.5319148936170213
0.06382978723404253
-1.0
-0.06382978723404253
0.27659574468085113
-0.4893617021276596
0.8297872340425532
-0.06382978723404253
0.4042553191489362
0.1914893617021276
0.1914893617021276
-0.021276595744680882
-0.6170212765957447
-0.06382978723404253
-0.19148936170212771
-0.36170212765957444
0.1914893617021276
-0.3191489361702128
-0.574468085106383
0.4893617021276595
0.574468085106383
0.06382978723404253
-0.276595744680851
0.06382978723404253
0.574468085106383
-0.7021276595744681
0.4893617021276595
-0.23404255319148937
0.31914893617021267
-0.14893617021276595
0.4893617021276595
0.31914893617021267
-0.4893617021276596
-0.276595744680851
1.0
-0.06382978723404253
0.02127659574468077
-0.06382978723404253
0.4893617021276595
0.6595744680851063
-0.14893617021276595
0.1063829787234043
0.4893617021276595
0.1914893617021276
EIGENVECTOR
-0.8356378959299507
-0.9130352516243398
-0.617615722879836
-0.811247428427391
-0.9679789790250221
0.22787772706143783
-0.8965716562262975
-0.6020232932466749
-0.8854108214252029
-0.9531462378506618
-0.8218640987818481
0.7145420058504526
-0.647219289893161
-0.03870400963814158
0.2508979904932016
-0.948794926962196
-0.5744471133947443
-0.4281816906675223
-0.9936401510950208
0.06611164120851654
-0.8695393949254916
0.9176269716307439
0.42385669019338357
-0.9846680137249688
0.35443164955241513
-0.9599683528153741
-0.8547982448526081
-0.586427806653212
-0.9698509443618054
-0.6898645103341723
0.1810338926510513
-0.9840230726370989
0.8003908122636987
-0.6244527866485005
-0.31634277235487795
-0.8640787325803843
0.006908081808112643
-0.993866059783787
-0.6389482823269257
-0.5715698991635698
-0.21833418513007186
-0.40708032388988236
-0.6368056374321263
-0.9697644448357869
0.6790866082474274
-0.9526418532459151
-0.9307701392756098
-0.9420020371571172
0.5698543475408617
-0.5652744551552389
-0.8560688391093004
0.7760293819177648
0.680211096905343
-0.9808139647060703
-0.5217495195264902
-0.9841490459692459
-0.8821902388554329
-0.8214587029173769
-0.27191840510497656
-0.9351917941169992
0.3493060896457598
-0.7545183110140208
0.27154051378302557
-0.4781665433875013
0.8918906669097475
-0.7452839377471479
-0.8507902990878845
-0.9660819710742407
0.3443458179713441
0.5637055482283608
-0.9514350299496447
-0.9130760486383847
-0.4063436396407075
0.3350199890541181
-0.7834762729517504
-0.6209337798549543
-0.9820544446456576
-0.974901592276947
-0.790515001915532
-0.7564320835045419
-0.4997642145661655
-0.9831556581790655
-0.5976258024798432
-0.9759279467642269
-0.7091004646461743
-0.9936401510950209
-0.8624614506389688
-0.706194234414491
-0.9156419439350449
-0.8938772449805793
-0.8812876688170441
-0.8999235156465785
-0.9452689259670327
-0.9916869762114472
0.3517522350517963
-0.9612827127776049
-0.9483484598951037
-0.6898699610164176
-0.7557946993050356
-0.7991954499505469
-0.7785715549126377
-0.9406029203990283
0.7739625621484612
-0.8759270702200348
0.672469674107324
-0.9754657445195177
-0.9838225349247978
0.4177826087272074
-0.960076384373434
-0.4599368410908312
-0.9817113654689865
0.11705483284373064
-0.8684061651326203
-0.958307795817419
-0.5040638686387299
-0.8466473099051841
-0.9494212952268899
-0.8187077042127682
-0.43559913602477573
-0.8947649367246105
0.47199010208117276
-0.8845167575509186
-0.9685273404118941
-0.6276908322815244
0.7105957991388663
-0.7854424761840285
-0.8280263938180893
-0.4331475238781458
0.23372227123658096
-0.5995542203380501
-0.6391462599420968
-0.7231475680539539
0.035198083790768386
-0.7376215677398025
-1.0
-0.9518267962885644
-0.9432795146511305
-0.5296036923077976
-0.8856222754504598
-0.84445714440731
-0.9793569771657822
-0.892343906549621
-0.2527930077176649
-0.8862433218606284
-0.6131301964212295
-0.4842692499527058
-0.8564590612009353
-0.7510375045930511
-0.5918584811579681
-0.8848552857209059
-0.9443554352220127
0.02866263000574265
-0.6694554331572824
-0.8898909684222721
-0.9087609403909933
-0.6706691801778137
-0.18347614992179795
-0.9683862302348154
-0.9293348231627645
-0.9596482095852488
-0.3293312486662098
-0.7930343454341112
-0.49995153975267626
-0.8723640013683621
-0.9456194983218886
-0.8120978275603669
-0.7672908064014394
-0.9325558666012704
-0.8039734684855281
-0.9309410693384652
-0.8564590612009355
-0.8532105975562773
-0.8263020653333558
-0.5982774182953624
0.5680210764047255
-0.941248627949812
-0.053460813483840464
-0.9516169682074734
-0.15393721381992342
-0.8280263938180894
-0.8152420140347264
-0.9837500632252552
0.8310396806234159
-0.8172029831358395
-0.9956593011088987
-0.9290207171077042
-0.8899951289947898
-0.5866627319566242
-0.813375870956494
-0.9156419439350452
-0.9615877200220204
-0.9553712050583232
0.028039497522710066
-0.8304632792554194
-0.30329797933539915
-0.9611189606380032
-0.8614055452696294
-0.7166887504759774
-0.13004243457681508
-0.030750990194090333
-0.9688276688936883
-0.8854734869322525
-0.993116351212562
-0.8376874244210235
-0.9265361623548086
-0.442062817640957
-0.5981630725909597
-0.9081040290408323
-0.8187579931219418
-0.9895287368552146
-0.9488706221391482
-0.8284037277794344
-0.8481408817772005
-0.9790164437921031
-0.9916269861614296
-0.9795656503567276
-0.8713614179854282
-0.9501538965847717
-0.7748723595080289
-0.9822395115194164
-0.5258171013905237
-0.556818373370674
-0.14762590058359049
-0.6154927079393824
-0.9842569026016034
0.66533763752469
-0.8923036396207294
-0.09014649555099308
-0.8120978275603671
-0.6386631817706105
-0.92251167443379
-0.8680583115469798
-0.891451649122704
-0.9785686627316486
-0.8379797863643699
-0.9263726194273941
-0.8394510070824873
-0.7888551875567867
-0.5811578627825519
-0.5438182405139467
-0.9648080325076371
-0.8269351595750765
0.8321107143368294
-0.971462669865642
-0.8854478605354933
-0.9863745175838661
0.9048508572257523
-0.9841149829214986
-0.9672789369438345
-0.957339958752206
-0.36997844904223276
-0.9752974011988804
-0.9521040917146907
-0.9610961190795978
-0.8771427704555304
-0.7137420210931602
-0.2705815466309055
-0.9375440847181523
0.677839371896884
-0.8064734784906984
-0.8928432820298352
-0.8549681262224773
0.63420942307026
-0.29896673864711276
-0.9718029402124196
-0.9895287368552145
-0.8025493068363485
0.7810424497653212
-0.9785675594665446
-0.9558437290000931
-0.9810048836342327
-0.8317498318819355
-0.8313055520036139
-0.8853743520280718
-0.9857234247314645
-0.9050833256734532
-0.5090569429034439
-0.8026581329657478
0.5776163649514094
-0.1642500955158318
-0.5361537994119614
-0.9895979792282026
-0.45406650051083175
-0.8220048235005011
-0.7345382148019243
-0.9215422046496198
-0.6034610185600366
-0.46875810955452324
-0.8402026200338095
-0.9158730051551498
-0.6556987739402534
-0.7644200195257755
0.32996043570775657
-0.8425806899236716
-0.3247062902826978
-0.996247303837746
0.2336269123586081
-0.9064279663058483
-0.7480508666637058
-0.25721044744116606
-0.8540757741346622
-0.8932213129309928
-0.9931765554899339
-0.34002188937474687
0.25106741887130823
0.747208732372687
-0.8214966988023188
0.5310754379815716
-0.9362001403154244
-0.9126148220003639
-0.8960580304576331
-0.9897091108156846
-0.7467508043698101
0.9527626081870588
-0.9683890969572845
-0.9757510110711722
0.7562730998863227
-0.894491934352098
-0.8694265894339646
-0.9997862295743127
-0.9698509443618054
-0.8282397839696317
-0.8394510070824871
0.7274859103859102
-0.9926640759442656
-0.9188072075860866
-0.94709918696353
-0.8561224640251979
-0.24111245867747066
-0.3163181838074479
-0.9596254298422755
-0.9569828165818961
-0.96660652624841
-0.8624653234707549
-0.8770442560956255
-0.6208771072138466
0.05979972961620539
-0.8478137050262302
-0.9396680657082657
-0.9712083585039347
-0.701079354506747
-0.9678395738799042
-0.5474487162738042
-0.9851404004163216
-0.9882811809057312
-0.7588978800456853
-0.8770779850591064
0.6536721518500297
-0.9539707719162028
-0.9842588065774094
-0.07846874281803029
-0.8403822256660786
0.9545837832804522
0.2241234535693719
-0.5763864919160759
-0.9199793074865248
-0.9729370852509105
-0.986779852556848
-0.4354522279010212
-0.8450395156732643
0.8068841853850994
-0.9683853617643482
0.2925629306798867
-0.6758877408071959
0.8222832680037304
-0.6821167626937826
-0.9041863580594884
-0.8995956710936286
-0.9574863845361608
-0.6065630636078556
-0.26981479528017527
-0.8088330236368022
-0.03510071072036103
-0.9683784121875255
-0.8928432820298347
-0.8852788953094729
-0.07623272520891722
-0.9846887423584019
-0.9355293562012205
-0.9814404942425203
-0.9643929857065295
-0.7370714572262652
-0.7231750773993488
-0.6020232932466747
-0.37068058677586235
-0.8785003847879852
-0.46850511556394914
-0.8160112392885244
-0.7373871910325838
-0.8552524734690382
-0.996247303837746
-0.812097827560367
-0.9976163615095947
-0.9874265702727834
-0.9963599806706939
0.8810427623514101
-0.9873174680338289
-0.9847497014814299
-0.6212448493642153
-0.9702444245859174
-0.8862537017030208
-0.8030568647906141
0.8334838605778028
-0.9910613184736231
-0.4853913145573948
-0.32562334683280114
-0.9720673791131248
0.86445670830731
-0.9872029346250454
-0.8915954009288785
0.9333258186464564
-0.5930740318401486
-0.9967671471666683
-0.9632649954799195
-0.8855962011106407
-0.9121617536010692
-0.8115672661029589
-0.9855985294719956
-0.9927483691881938
0.17141908078748624
-0.9142526848047703
-0.5998084965790351
-0.948982857434904
-0.8059802303863051
-0.6890063350610534
-0.8256825944983792
-0.8277041867463454
-0.562043560013711
-0.5259086748359647
-0.9852794821298011
-0.06301549738806234
-0.26465650946443187
-0.9889146844630081
0.4331879316128302
-0.678335112243106
-0.9949895944805242
-0.991980233764465
-0.7352513631672426
-0.7235116001811757
0.8997714900494398
-0.8823744775294327
-0.8214813099941218
-0.9827352789955001
-0.6623963491306184
-0.7578110982273079
-0.9883697261888943
-0.7670600655480551
-0.9943914128856242
-0.9958099523881521
-0.8144436142512155
-0.8268552710435968
-0.9846680137249688
-0.7724245372772724
0.20700666291837355
-0.9504205054796769
-0.9273098456668376
-0.8147890832402016
0.5422879213238798
-0.8187077042127681
-0.8953608545935796
-0.9946813084709921
-0.2457025009190602
-0.9121617536010692
-0.9127042703514148
-0.8906389091544012
-0.9391764838783668
-0.9107793457475176
1.0
-0.8594875403219724
-0.7549539456709844
-0.8594875403219724
0.18335815665785682
0.26844897638222776
-0.9908081167189015
-0.8042216773952029
-0.9098493625716901
-0.9393218906332641
CENT
-0.5303918657128612
-0.13863789391266634
-0.9743505985408194
-0.4341651748727736
-0.9380100993556649
-0.3924422767095921
-0.46493510158834817
-0.9766529343421487
-0.5592808880247564
-0.9368593548713006
-0.9295953700613395
-0.7298844001899331
-0.162663720029099
0.31816691000282193
-0.34625739110651177
-0.9255668377548374
0.013502093977890484
-0.6679704059125484
-0.9764758429181263
-0.7678601894411132
-0.3145870588198002
-0.32223807995501275
-0.07088318703899987
-0.9963925908997413
-0.6702825791449307
-0.8337644617433208
-0.4508960168002576
-0.33078181667728856
-0.9600756309541293
-0.8816171547179721
-0.507132832640014
-0.902735027467771
-0.7096883084055277
-0.9775811756901411
-0.11419685254653955
-0.4992796840329107
0.6652483757152621
-0.9378994209605926
-0.981630639829379
-0.7917673781396714
-0.6386718472382578
-0.0848513176718595
-0.5355137269467225
-0.9438314340594519
-0.8099488323470481
-0.3783176981107713
-0.5720360717165125
-0.7178200550897118
-0.15793353915144603
-0.1611052952903631
0.18126800913355767
-0.7509691428765224
-0.7391878030083254
-0.6903254980941744
-0.31833005066097275
-0.9960768600152573
-0.7162743640601918
0.37726611853551706
-0.45818493407634187
-0.7903103449065845
-0.5649883618351612
-0.6049113272494973
-0.574992843145999
0.2559975240796568
-0.5177561259269329
-0.9305772818762216
-0.4033009610899907
-0.8925022257214803
-0.49912694678605485
-0.7824144384610463
-0.024662034445331216
-0.7685573690290342
-0.4225210292385364
-0.6630986051336076
-0.5997547148390656
-0.8963326674288382
-0.8512742162527898
-0.9407850430931786
-0.9971026820148952
-0.6869249909736663
-0.3514052080248059
-0.9938850564596086
-0.1692826521027938
-0.9651495964131808
-0.8953723338748407
-0.9764758429181263
-0.5526690852145275
-0.08173446366816606
-0.9744389666788218
-0.7699274254994093
-0.6185127038561966
-0.4271576999724215
-0.5316063515104064
-0.9006005235396392
0.14133412306826343
-0.9622267609478823
-0.9262697034977923
0.5418942824222392
-0.7011859199840694
-0.7381997308017583
-0.7288578186224713
-0.7643068393892606
-0.4086856371291263
-0.3165816987028812
-0.8005061105935773
-0.3377978820373465
-0.7192415150049292
-0.351789860333378
-0.9726832364945537
-0.5694979819171335
-0.9915110152007077
-0.26377552359016176
-0.48684473483209634
-0.9179812211950807
-0.24152293873869368
-0.008546925494701707
-0.9621346335580725
-0.9986038008067922
0.26299169275420486
-0.6542258294317274
-0.37794145416434755
-0.9057367456886387
-0.061866880128031876
0.021711138203733382
-0.5648041001645117
-0.8709126749958714
-0.723851172327985
0.2293833771894176
-0.18531660081445134
0.1692914830876071
-0.9788952950773713
-0.19881114365064767
-0.007132964853506785
0.38261664911900306
-0.999872764965
-0.7964127118731584
0.44675811544104027
-0.923257713843284
-0.48613174466205555
-0.6176898949842057
-0.963609377109734
-0.10716748751678395
-0.46088994878377687
-0.6119930108767244
-0.8689600078537116
-0.9637852865379379
-0.569499616563797
-0.9444026798564749
-0.005148117044913025
-0.3686571210992773
-0.9223586165580394
-0.7913151259030047
-0.7918109360646773
-0.7472039087429919
-0.48613686084574814
-0.9083903561612984
-0.8743887790782204
-0.9476566112128277
-0.4994226313562895
-0.8369480159334428
-0.35911730529778974
-0.5374714712469383
0.10546663787415023
-0.8582068289131817
-0.7883067782293222
-0.8494170846958419
-0.7165531199243214
-0.7144492519379453
-0.743076528615707
-0.34192995272977156
-0.569499616563797
0.5330994307656993
-0.3514537007627644
-0.49608409499240114
-0.5632914265533739
-0.5579295649300192
-0.48328289828488846
-0.8226582904377036
-0.8161264549802485
-0.723851172327985
-0.5227170348730432
-0.9269173554462251
-0.4538030793949035
-0.7776925258244111
-0.9924150189394412
-0.6938449432063682
-0.5462298377175204
-0.9511417704638923
-0.7541194520965819
-0.9744389666788218
-0.8196865632747227
-0.7095269193544806
-0.00980488888306319
-0.8120983166755904
-0.7190964927994881
-0.2995213079487088
-0.9547469424661852
-0.3044483412214105
0.21042528775523017
-0.20466336690228437
-0.42015842156182115
-0.5592793884692664
-0.9647623995023815
-0.9986336661410806
-0.48073529453311636
-0.2934215847325201
-0.9392009172049067
-0.8073962752675263
-0.5739792286383709
-0.9913241960712574
-0.919825640166266
-0.9487191225968151
-0.17940589332559986
-0.49607738168112614
-0.998988637099276
-0.9790619453952131
0.06562921746924588
-0.9720951091843467
-0.42991910370248454
-0.6664098492830612
-0.2387494949419231
-0.9566048972223927
-0.26319474668660403
-0.9769444435051077
-0.7052366792539114
0.16004128816337437
-0.6815564250417642
-0.5456185331113004
-0.8494170846958419
0.4563193850630207
-0.6877104911497615
0.060836241015475245
-0.7977758134981132
-0.7057519733887485
-0.8720878407101902
-0.6772268056519235
-0.7592055474896271
-0.1427454808950801
-0.9689589811644692
-0.159035011200921
-0.9505380042500021
-0.13132528762345141
-0.017419952109920867
-0.9580716068147944
-0.7449433000161688
-0.8128482954393721
-0.5228259461932604
-0.9113420205343662
-0.8402124533934568
-0.8116517980587925
-0.9489900561609173
-0.9896425694168124
-0.6584202971824951
-0.9869755620448541
-0.3446694529338722
-0.5493033417407607
-0.7628872994328408
-0.8578699537070442
-0.36494119190500174
-0.6056750539372128
-0.780469790175218
-0.40882022162508136
-0.3892442799498358
-0.9011322940234763
-0.9669813657269701
-0.9913241960712574
-0.7435113370423674
-0.712543450538039
-0.986214777359347
-0.9573273147951465
-0.8443806755017438
-0.8445270294915982
-0.790876234471902
-0.8828876277369276
-0.9966865893197041
-0.5777068705895501
-0.19111740173258862
0.5362130648126511
-0.5541096522378486
-0.8164034528178288
-0.16470644441630156
-0.9804519242447824
-0.6763979799484955
-0.5915257851795239
-0.6639438307738061
-0.4539579776567483
-0.913716568811598
-0.8945615452251908
-0.8478263945521853
-0.6999669810068392
-0.20167123238345896
-0.26441462832383134
-0.41074415926515595
-0.8056400186672728
0.19482299896683974
-0.9952834846621761
-0.5228140993966031
-0.8014840485790542
0.0712879172642471
-0.7690824504595326
-0.5509953488109447
-0.7502093484721102
-0.9342524178966404
-0.16003096188702326
0.5673732947624028
-0.7992211461584524
0.026844648160553763
0.1548712420471574
-0.9851371214338798
-0.9158632978394173
-0.7461869817356344
-0.8577891837145405
-0.9882629108637606
-0.026326407273438823
-0.9078563566626826
-0.7353545378525562
-0.6920200348172705
-0.5724076839448562
-0.6177226260518556
-0.9992201139562417
-0.9600756309541293
0.04358591608521678
-0.7592055474896271
-0.8073917146603644
-0.9550445687301882
-0.3426086907951956
-0.7833773348126069
0.3438648077480222
-0.03821976918241243
-0.9107322588783047
-0.868412445052173
0.20538832213700542
-0.904182348034905
-0.6131832303340526
-0.17710960865074876
0.05874910442050996
-0.03564081259427909
-0.7239655970188346
-0.926282723356794
-0.9171019964090751
-0.4397867913279727
-0.8688760539397336
-0.9564232007217144
-0.6928383655274363
-0.7743433105554326
-0.387468653736566
-0.8497804504502169
-0.7846376444138506
-0.7592147380526142
-0.6041431348646047
-0.6322817000084882
-0.3072266121220075
-0.4307458933176993
-0.788951243225765
-0.424782120892929
-0.18237965299176273
-0.953856031692564
-0.9980863964690347
-0.36217494822647966
-0.47310938842105354
-0.042772956768912684
-0.859641875587069
-0.6501971160260489
-0.08995241089834782
-0.6722529508731419
-0.7931415317865653
-0.9099573372602038
-0.9841563688956815
-0.9151209023221735
0.654927288621169
-0.5613586580330812
-0.9238020035729545
-0.8088885585267267
-0.9741572100997751
-0.780469790175218
-0.7509542476777231
-0.7289104147837218
-0.7705448419864672
-0.6716316230886636
-0.9928565875646471
-0.4271651367273065
-0.5623241839445401
-0.28675912321921315
-0.9766529343421487
-0.5157893339538762
0.1365405648325304
-0.7743723219027561
0.1132821376652422
-0.9875303613970446
-0.44761037675642246
-0.9952834846621761
-0.8494170846958419
-0.9974759245855784
-0.9468591259556874
-0.9926888509053109
-0.37418314124286023
-0.9984418378253189
-0.9965003760618126
-0.9747152344742911
-0.8862066500834136
-0.5335414145197229
-0.8621312204762781
-0.6566477168486156
-0.917991763409467
-0.2707473827022323
-0.31463972254996864
-0.7360107878553315
-0.6303857082920619
-0.9093834236685083
-0.21011139799004297
-0.703736361575115
-0.8292973963337869
-0.9931935693235533
-0.7845401263264175
-0.4733380762660576
-0.8535009857574407
-0.6833144921045357
-0.9954668814166624
-0.9236415403256515
-0.6011360808186021
-0.46995599593006054
-0.9771728868439788
-0.8086573972459066
-0.9638420276393452
-0.44198114583128334
-0.5791076821920613
-0.5734289253980913
-0.11794383442155687
-0.27185696689793115
-0.9976918049961317
-0.904968546937376
-0.6216048783808665
-0.9961975194419044
-0.19933752569761354
-0.13994718724989208
-1.0
-0.904435946821793
1.0
-0.9930000418837108
-0.6342498839446613
-0.6820704111167146
-0.7471917649493386
-0.7004266527483339
0.41349275906336014
-0.7268311536011125
-0.9416577487527269
-0.8980527287938469
-0.983158970571184
-0.9737473598149585
-0.7518713812710065
-0.7392031710256386
-0.9963925908997413
-0.26400523631260586
-0.10935541624414624
-0.7822979668153587
-0.5060779964066051
-0.8092693283352215
-0.6164629054435945
-0.9986038008067922
-0.12974000905459582
-0.9779068049522429
-0.22343070865974501
-0.8535009857574407
-0.38616823624987384
-0.5531015587892913
-0.9615709771751642
-0.1365483972034387
-0.19412674634065064
-0.8793575125747445
-0.8201949084252794
-0.8793575125747445
-0.7737890588985843
0.33752244951601873
-0.8491565734765035
-0.5160977357174312
-0.6984068031015319
0.3236811950774745
DEGREE_RANK
-0.09243697478991586
0.47899159663865554
-0.6302521008403361
0.10924369747899165
-0.24789915966386544
0.4831932773109242
0.01680672268907557
-0.4915966386554621
0.76890756302521
-0.5378151260504201
-0.7815126050420168
0.8949579831932772
0.8109243697478992
0.7731092436974791
0.546218487394958
-0.24369747899159655
-0.08823529411764708
-0.19327731092436973
-0.4075630252100839
0.2815126050420167
-0.30672268907563016
0.9747899159663866
0.8697478991596639
-0.865546218487395
0.7226890756302522
0.021008403361344463
0.5504201680672269
0.5546218487394958
-0.8613445378151261
-0.7100840336134453
0.4117647058823528
-0.7773109243697479
0.8991596638655461
-0.6680672268907564
0.2857142857142856
0.5588235294117647
0.8151260504201681
-0.403361344537815
-0.9705882352941176
-0.6260504201680672
-0.08403361344537807
0.025210084033613356
0.18907563025210083
-0.8571428571428571
0.819327731092437
0.19327731092436973
-0.18907563025210083
-0.5336134453781513
0.9033613445378152
0.7773109243697478
-0.07983193277310918
0.9201680672268906
0.8739495798319328
-0.18487394957983183
0.2899159663865547
-0.7731092436974789
-0.07563025210084018
-0.07142857142857129
-0.0672268907563025
-0.45378151260504196
0.8361344537815127
0.4873949579831933
0.6512605042016806
0.6176470588235294
0.9579831932773109
-0.8151260504201681
0.11344537815126032
-0.39915966386554613
0.7268907563025209
0.7815126050420167
0.02941176470588225
0.5630252100840336
0.03361344537815136
0.6218487394957983
0.6554621848739495
-0.6218487394957983
-0.7268907563025211
-0.9285714285714286
-0.8991596638655462
0.4159663865546219
0.19747899159663862
-0.76890756302521
0.037815126050420034
-0.9243697478991597
-0.6176470588235294
-0.39495798319327724
0.5672268907563025
0.5714285714285716
-0.9831932773109243
0.042016806722688926
0.4915966386554622
-0.44957983193277307
-0.18067226890756294
-0.23949579831932766
0.8235294117647058
-0.5294117647058824
-0.7058823529411764
-0.0630252100840335
0.2941176470588234
0.6260504201680672
0.20168067226890773
-0.17647058823529405
0.9243697478991597
0.04621848739495804
0.8277310924369747
0.365546218487395
0.11764705882352944
0.6596638655462186
-0.8949579831932774
-0.30252100840336127
-0.9201680672268907
0.4957983193277309
0.05042016806722671
-0.7016806722689075
0.12184873949579833
0.8403361344537816
-0.8109243697478992
-0.9411764705882353
0.2058823529411764
0.2100840336134453
0.8781512605042017
-0.2983193277310924
0.4201680672268906
0.6638655462184873
0.9075630252100839
-0.05882352941176461
0.126050420168067
0.13025210084033612
0.73109243697479
0.054621848739495826
-0.6638655462184875
-0.3487394957983193
0.5
-0.054621848739495715
-0.9663865546218487
-0.17226890756302515
-0.16806722689075626
-0.7647058823529411
0.7352941176470589
0.134453781512605
-0.6134453781512605
0.7394957983193275
0.2983193277310925
0.7857142857142858
-0.6974789915966386
-0.8529411764705882
0.5756302521008403
-0.8487394957983193
-0.23529411764705865
0.8445378151260503
-0.2941176470588235
0.2142857142857144
-0.23109243697478987
0.6680672268907564
0.7436974789915967
-0.6596638655462185
-0.3445378151260503
-0.7605042016806722
-0.6092436974789917
-0.39075630252100835
0.36974789915966366
0.7478991596638656
-0.2899159663865546
-0.6932773109243697
-0.4453781512605042
-0.16386554621848737
0.3025210084033614
0.3739495798319328
-0.8067226890756303
0.5042016806722689
0.5798319327731092
0.21848739495798308
0.4243697478991597
-0.44117647058823517
0.8319327731092436
0.6302521008403361
0.30672268907563005
-0.6050420168067228
0.2226890756302522
0.1386554621848739
0.5840336134453783
-0.8445378151260504
0.9495798319327731
0.1428571428571428
-0.6008403361344538
0.37815126050420167
0.8487394957983194
-0.4873949579831932
0.05882352941176472
-0.9789915966386554
-0.4831932773109243
-0.3403361344537814
0.4285714285714286
0.4327731092436973
0.1470588235294117
-0.15966386554621836
-0.5252100840336135
0.7521008403361344
0.4369747899159664
0.4411764705882353
-0.05042016806722682
0.6722689075630253
-0.33613445378151263
-0.953781512605042
0.06302521008403339
0.38235294117647056
-0.8907563025210083
-0.15546218487394947
0.588235294117647
-0.9957983193277311
-0.4369747899159664
-0.6890756302521008
0.2268907563025211
0.508403361344538
-0.9915966386554622
-0.7226890756302521
0.31092436974789917
-0.8403361344537815
0.7899159663865545
0.0672268907563025
0.31512605042016806
-0.38655462184873945
0.23109243697478976
-0.5210084033613445
0.31932773109243695
0.9831932773109242
0.5126050420168067
0.5168067226890756
-0.1512605042016807
0.23529411764705888
-0.596638655462185
0.7563025210084033
-0.1470588235294117
-0.33193277310924363
-0.04621848739495793
-0.2857142857142857
-0.592436974789916
0.6764705882352939
-0.4789915966386554
0.32352941176470584
-0.9159663865546218
0.15126050420168058
0.9873949579831933
-0.8025210084033614
0.0714285714285714
-0.588235294117647
0.9621848739495797
-0.9747899159663865
-0.5840336134453782
0.15546218487394947
-0.5798319327731092
-0.9495798319327731
-0.1428571428571428
-0.7563025210084033
0.32773109243697474
-0.04201680672268904
0.23949579831932777
0.1596638655462186
0.8823529411764706
0.5210084033613447
0.680672268907563
0.634453781512605
0.9285714285714286
-0.5756302521008403
-0.32773109243697474
-0.9873949579831933
-0.22689075630252098
0.8529411764705883
-0.8865546218487395
-0.5714285714285714
-0.5168067226890756
-0.1386554621848739
-0.7184873949579833
-0.2815126050420167
-0.8823529411764706
0.38655462184873945
0.5252100840336134
-0.037815126050420034
0.911764705882353
-0.22268907563025198
0.07563025210084029
-0.8361344537815125
-0.03361344537815114
0.4453781512605042
-0.1344537815126049
0.5924369747899159
-0.7983193277310925
-0.38235294117647045
0.39075630252100835
-0.6554621848739496
0.33193277310924363
0.6848739495798319
0.9327731092436975
0.39495798319327724
0.596638655462185
-0.6512605042016807
0.6008403361344536
0.6890756302521008
0.07983193277310918
-0.13025210084033612
0.08403361344537807
-0.37815126050420156
-0.6848739495798319
0.44957983193277307
0.8865546218487395
0.857142857142857
0.16386554621848726
0.8907563025210086
-0.8319327731092436
-0.4327731092436975
-0.32352941176470584
-0.12605042016806722
-0.9117647058823529
0.9915966386554622
-0.4285714285714285
-0.31932773109243684
0.9369747899159664
0.7941176470588236
-0.02941176470588236
-0.9453781512605042
-0.8277310924369747
-0.025210084033613356
-0.5672268907563025
0.8613445378151261
-0.2773109243697478
0.24369747899159666
-0.47478991596638653
-0.21848739495798308
0.24789915966386555
-0.5126050420168067
-0.021008403361344463
0.25210084033613445
-0.12184873949579822
0.6050420168067228
-0.273109243697479
0.08823529411764697
0.5294117647058825
0.45378151260504196
-0.2142857142857142
-0.7521008403361344
-0.31512605042016806
-0.5084033613445378
-0.4243697478991596
0.3361344537815125
0.09243697478991586
0.7605042016806722
0.34033613445378164
0.7983193277310925
-0.2100840336134453
0.39915966386554613
0.6932773109243697
0.40336134453781525
0.9789915966386555
0.45798319327731085
-0.11764705882352933
0.25630252100840334
-0.47058823529411764
-0.8235294117647058
-0.11344537815126043
-0.01680672268907557
0.9957983193277311
-0.6470588235294118
0.6386554621848739
0.5336134453781514
0.9159663865546219
-0.5630252100840336
-0.4201680672268907
-0.5588235294117647
-0.6428571428571428
0.46218487394957974
-0.012605042016806567
-0.3739495798319328
0.53781512605042
-0.7478991596638656
0.6974789915966386
-0.31092436974789917
0.3445378151260503
0.16806722689075615
0.3487394957983192
-0.680672268907563
-0.2058823529411764
0.17226890756302526
-0.3697478991596638
-0.46638655462184864
-0.10924369747899154
0.17647058823529416
-0.10504201680672265
0.3529411764705883
-0.8781512605042017
0.6428571428571428
-0.6386554621848739
-0.10084033613445376
-0.7436974789915967
-0.6764705882352942
-0.6722689075630253
0.9663865546218489
-0.907563025210084
-0.7941176470588235
-0.9369747899159664
-0.8739495798319328
0.09663865546218497
-0.5546218487394958
0.9411764705882353
-0.008403361344537785
0.357142857142857
0.3613445378151261
-0.4159663865546218
0.9453781512605042
-0.7394957983193278
0.6470588235294119
0.9705882352941175
-0.5504201680672269
-0.7142857142857143
-0.5042016806722689
0.10084033613445365
-0.3655462184873949
0.6092436974789917
-0.9621848739495799
-0.546218487394958
0.46638655462184886
-0.46218487394957974
-0.9033613445378151
-0.004201680672268893
-0.7899159663865546
0.5420168067226891
-0.361344537815126
0.0
0.18067226890756305
0.18487394957983194
-0.7857142857142857
-0.2016806722689075
0.26050420168067223
-0.957983193277311
0.7647058823529411
0.004201680672268893
-1.0
-0.26890756302521
0.4075630252100839
-0.7352941176470589
0.9537815126050422
-0.2647058823529411
0.6134453781512603
0.26470588235294135
0.26890756302521
-0.1974789915966385
-0.8697478991596639
-0.26050420168067223
-0.4117647058823529
-0.634453781512605
0.2731092436974789
-0.5420168067226891
-0.819327731092437
0.7016806722689075
0.8025210084033612
0.008403361344537785
-0.5
0.012605042016806678
0.8067226890756303
-0.9327731092436975
0.7058823529411764
-0.45798319327731096
0.47058823529411753
-0.357142857142857
0.7100840336134455
0.4747899159663864
-0.73109243697479
-0.4957983193277311
1.0
-0.25630252100840323
-0.09663865546218475
-0.25210084033613445
0.7142857142857142
0.865546218487395
-0.3529411764705882
0.10504201680672254
0.7184873949579831
0.277310924369748
EIGENVECTOR_RANK
-0.012605042016806567
-0.361344537815126
0.38655462184873945
0.11764705882352944
-0.6470588235294118
0.7731092436974791
-0.30252100840336127
0.4117647058823528
-0.2100840336134453
-0.5504201680672269
0.04621848739495804
0.9075630252100839
0.3445378151260503
0.7100840336134455
0.7857142857142858
-0.5042016806722689
0.46218487394957974
0.5756302521008403
-0.9453781512605042
0.7436974789915967
-0.1470588235294117
0.9831932773109242
0.8361344537815127
-0.8235294117647058
0.8277310924369747
-0.592436974789916
-0.07983193277310918
0.44957983193277307
-0.6848739495798319
0.30672268907563005
0.7563025210084033
-0.7983193277310925
0.9369747899159664
0.36974789915966366
0.6134453781512603
-0.13025210084033612
0.7226890756302522
-0.9495798319327731
0.3529411764705883
0.46638655462184886
0.6638655462184873
0.5798319327731092
0.3613445378151261
-0.6764705882352942
0.8949579831932772
-0.546218487394958
-0.4243697478991596
-0.47478991596638653
0.865546218487395
0.47058823529411753
-0.09243697478991586
0.9285714285714286
0.8991596638655461
-0.7563025210084033
0.508403361344538
-0.8067226890756303
-0.18487394957983183
0.05882352941176472
0.6302521008403361
-0.4369747899159664
0.819327731092437
0.2268907563025211
0.7983193277310925
0.53781512605042
0.9705882352941175
0.24369747899159666
-0.0672268907563025
-0.6302521008403361
0.8151260504201681
0.857142857142857
-0.5294117647058824
-0.3655462184873949
0.5840336134453783
0.8109243697478992
0.17647058823529416
0.37815126050420167
-0.7731092436974789
-0.7142857142857143
0.16386554621848726
0.2142857142857144
0.5252100840336134
-0.7857142857142857
0.4327731092436973
-0.73109243697479
0.2899159663865547
-0.9411764705882353
-0.12184873949579822
0.2941176470588234
-0.37815126050420156
-0.2815126050420167
-0.18067226890756294
-0.31092436974789917
-0.4873949579831932
-0.9159663865546218
0.8235294117647058
-0.6092436974789917
-0.5
0.3025210084033614
0.21848739495798308
0.15546218487394947
0.18067226890756305
-0.46638655462184864
0.9243697478991597
-0.15966386554621836
0.8865546218487395
-0.7226890756302521
-0.7941176470588235
0.8319327731092436
-0.596638655462185
0.5504201680672269
-0.76890756302521
0.7478991596638656
-0.1386554621848739
-0.5798319327731092
0.5168067226890756
-0.054621848739495715
-0.5168067226890756
0.0672268907563025
0.5630252100840336
-0.2899159663865546
0.8445378151260503
-0.19327731092436973
-0.6680672268907564
0.365546218487395
0.9033613445378152
0.17226890756302526
0.012605042016806678
0.5714285714285716
0.7815126050420167
0.4201680672268906
0.3487394957983192
0.277310924369748
0.7352941176470589
0.24789915966386555
-1.0
-0.5378151260504201
-0.4789915966386554
0.4957983193277309
-0.22689075630252098
-0.04621848739495793
-0.7478991596638656
-0.2647058823529411
0.6512605042016806
-0.23109243697478987
0.39495798319327724
0.5336134453781514
-0.10084033613445376
0.23109243697478976
0.4411764705882353
-0.1974789915966385
-0.4831932773109243
0.73109243697479
0.33193277310924363
-0.23949579831932766
-0.33193277310924363
0.32773109243697474
0.6680672268907564
-0.6596638655462185
-0.4201680672268907
-0.588235294117647
0.6008403361344536
0.1596638655462186
0.5210084033613447
-0.15546218487394947
-0.4915966386554621
0.10084033613445365
0.19327731092436973
-0.4327731092436975
0.1386554621848739
-0.4285714285714285
-0.10504201680672265
-0.07142857142857129
0.03361344537815136
0.4243697478991597
0.8613445378151261
-0.47058823529411764
0.7058823529411764
-0.5336134453781513
0.6764705882352939
0.01680672268907557
0.08403361344537807
-0.7899159663865546
0.9495798319327731
0.07563025210084029
-0.9663865546218487
-0.4159663865546218
-0.24369747899159655
0.4453781512605042
0.09663865546218497
-0.3739495798319328
-0.6134453781512605
-0.5588235294117647
0.7268907563025209
0.0
0.6218487394957983
-0.6050420168067228
-0.11764705882352933
0.2815126050420167
0.6848739495798319
0.7184873949579831
-0.6722689075630253
-0.21848739495798308
-0.9327731092436975
-0.01680672268907557
-0.4075630252100839
0.5588235294117647
0.4285714285714286
-0.32773109243697474
0.06302521008403339
-0.8907563025210083
-0.5084033613445378
0.004201680672268893
-0.0630252100840335
-0.7436974789915967
-0.9117647058823529
-0.7521008403361344
-0.1512605042016807
-0.5210084033613445
0.18487394957983194
-0.7773109243697479
0.5042016806722689
0.47899159663865554
0.680672268907563
0.39075630252100835
-0.8109243697478992
0.8823529411764706
-0.26050420168067223
0.6890756302521008
0.10504201680672254
0.357142857142857
-0.39915966386554613
-0.1344537815126049
-0.25210084033613445
-0.7394957983193278
-0.021008403361344463
-0.403361344537815
-0.02941176470588236
0.16806722689075615
0.45378151260504196
0.4873949579831933
-0.6260504201680672
0.025210084033613356
0.9537815126050422
-0.6974789915966386
-0.2142857142857142
-0.8529411764705882
0.9789915966386555
-0.8025210084033614
-0.6386554621848739
-0.5714285714285714
0.5924369747899159
-0.7184873949579833
-0.5420168067226891
-0.6008403361344538
-0.17226890756302515
0.2857142857142856
0.634453781512605
-0.44957983193277307
0.8907563025210086
0.126050420168067
-0.26890756302521
-0.08403361344537807
0.8739495798319328
0.6260504201680672
-0.7016806722689075
-0.8865546218487395
0.15126050420168058
0.9327731092436975
-0.7352941176470589
-0.5630252100840336
-0.7605042016806722
-0.008403361344537785
-0.004201680672268893
-0.2058823529411764
-0.8487394957983193
-0.31932773109243684
0.5126050420168067
0.1470588235294117
0.8697478991596639
0.6722689075630253
0.4915966386554622
-0.8949579831932774
0.5546218487394958
0.042016806722688926
0.26470588235294135
-0.39495798319327724
0.40336134453781525
0.5420168067226891
-0.03361344537815114
-0.38235294117647045
0.34033613445378164
0.20168067226890773
0.8067226890756303
-0.04201680672268904
0.6092436974789917
-0.9789915966386554
0.7773109243697478
-0.32352941176470584
0.23529411764705888
0.6470588235294119
-0.07563025210084018
-0.2773109243697478
-0.9369747899159664
0.596638655462185
0.7899159663865545
0.9159663865546219
0.05042016806722671
0.8487394957983194
-0.4453781512605042
-0.3529411764705882
-0.2983193277310924
-0.8991596638655462
0.23949579831932777
0.9915966386554622
-0.6638655462184875
-0.7268907563025211
0.9201680672268906
-0.2857142857142857
-0.1428571428571428
-0.9957983193277311
-0.680672268907563
0.008403361344537785
-0.025210084033613356
0.911764705882353
-0.9243697478991597
-0.38655462184873945
-0.4957983193277311
-0.09663865546218475
0.6596638655462186
0.6176470588235294
-0.5840336134453782
-0.5672268907563025
-0.634453781512605
-0.12605042016806722
-0.16386554621848737
0.38235294117647056
0.7394957983193275
-0.05882352941176461
-0.46218487394957974
-0.6932773109243697
0.2983193277310925
-0.6428571428571428
0.4831932773109242
-0.8361344537815125
-0.8739495798319328
0.2058823529411764
-0.16806722689075626
0.8781512605042017
-0.5546218487394958
-0.8151260504201681
0.6932773109243697
-0.037815126050420034
0.9957983193277311
0.76890756302521
0.45798319327731085
-0.39075630252100835
-0.7100840336134453
-0.8571428571428571
0.5672268907563025
-0.05042016806722682
0.9411764705882353
-0.6554621848739496
0.8025210084033612
0.32352941176470584
0.9453781512605042
0.31512605042016806
-0.31512605042016806
-0.30672268907563016
-0.5756302521008403
0.39915966386554613
0.6386554621848739
0.12184873949579833
0.7142857142857142
-0.6512605042016807
-0.273109243697479
-0.2016806722689075
0.6974789915966386
-0.8277310924369747
-0.44117647058823517
-0.7647058823529411
-0.6218487394957983
0.25630252100840334
0.2731092436974789
0.4075630252100839
0.588235294117647
-0.17647058823529405
0.546218487394958
0.07983193277310918
0.25210084033613445
-0.08823529411764708
-0.9747899159663865
0.10924369747899165
-0.9915966386554622
-0.8697478991596639
-0.9831932773109243
0.9663865546218489
-0.865546218487395
-0.8319327731092436
0.3739495798319328
-0.6890756302521008
-0.23529411764705865
0.1428571428571428
0.9579831932773109
-0.907563025210084
0.5294117647058825
0.6050420168067228
-0.7058823529411764
0.9621848739495797
-0.8613445378151261
-0.25630252100840323
0.9873949579831933
0.4369747899159664
-0.9873949579831933
-0.6176470588235294
-0.22268907563025198
-0.3445378151260503
0.11344537815126032
-0.8445378151260504
-0.9285714285714286
0.7521008403361344
-0.3697478991596638
0.4159663865546219
-0.5126050420168067
0.13025210084033612
0.31092436974789917
0.037815126050420034
0.021008403361344463
0.4747899159663864
0.5
-0.8403361344537815
0.7016806722689075
0.6428571428571428
-0.8823529411764706
0.8403361344537816
0.31932773109243695
-0.9621848739495799
-0.9201680672268907
0.26050420168067223
0.26890756302521
0.9747899159663866
-0.18907563025210083
0.054621848739495826
-0.7815126050420168
0.3361344537815125
0.2100840336134453
-0.8781512605042017
0.19747899159663862
-0.953781512605042
-0.9705882352941176
0.09243697478991586
0.02941176470588225
-0.819327731092437
0.18907563025210083
0.7647058823529411
-0.5252100840336135
-0.4117647058823529
0.08823529411764697
0.8529411764705883
0.0714285714285714
-0.2941176470588235
-0.957983193277311
0.6554621848739495
-0.3487394957983193
-0.357142857142857
-0.24789915966386544
-0.45378151260504196
-0.3403361344537814
1.0
-0.10924369747899154
0.2226890756302522
-0.11344537815126043
0.7605042016806722
0.7941176470588236
-0.9033613445378151
0.134453781512605
-0.33613445378151263
-0.45798319327731096
CENT_RANK
0.31932773109243695
0.7478991596638656
-0.7773109243697479
0.44957983193277307
-0.6302521008403361
0.5
0.4117647058823528
-0.8067226890756303
0.26050420168067223
-0.6218487394957983
-0.6092436974789917
-0.0630252100840335
0.7184873949579831
0.9369747899159664
0.5588235294117647
-0.592436974789916
0.8445378151260503
0.09243697478991586
-0.7983193277310925
-0.15546218487394947
0.6008403361344536
0.5840336134453783
0.7941176470588236
-0.9411764705882353
0.08823529411764697
-0.3445378151260503
0.4327731092436973
0.5798319327731092
-0.7142857142857143
-0.45798319327731096
0.3487394957983192
-0.5
-0.004201680672268893
-0.819327731092437
0.76890756302521
0.3613445378151261
0.9957983193277311
-0.6260504201680672
-0.8403361344537815
-0.24369747899159655
0.126050420168067
0.7857142857142858
0.30672268907563005
-0.6470588235294118
-0.30252100840336127
0.5168067226890756
0.2226890756302522
-0.025210084033613356
0.7352941176470589
0.7226890756302522
0.9075630252100839
-0.12184873949579822
-0.07983193277310918
0.04621848739495804
0.588235294117647
-0.9285714285714286
-0.01680672268907557
0.9537815126050422
0.4201680672268906
-0.23109243697478987
0.23949579831932777
0.17647058823529416
0.2058823529411764
0.9285714285714286
0.3361344537815125
-0.6134453781512605
0.4957983193277309
-0.47058823529411764
0.365546218487395
-0.2058823529411764
0.819327731092437
-0.15966386554621836
0.4747899159663864
0.10504201680672254
0.18907563025210083
-0.4831932773109243
-0.39075630252100835
-0.6386554621848739
-0.953781512605042
0.054621848739495826
0.5546218487394958
-0.9117647058823529
0.7100840336134455
-0.7478991596638656
-0.4789915966386554
-0.7941176470588235
0.2815126050420167
0.7899159663865545
-0.7857142857142857
-0.16806722689075626
0.1470588235294117
0.46638655462184886
0.31512605042016806
-0.4915966386554621
0.8907563025210086
-0.7268907563025211
-0.596638655462185
0.9831932773109242
0.01680672268907557
-0.07563025210084018
-0.054621848739495715
-0.1512605042016807
0.4915966386554622
0.5924369747899159
-0.26890756302521
0.5756302521008403
-0.03361344537815114
0.546218487394958
-0.7647058823529411
0.23529411764705888
-0.8865546218487395
0.6428571428571428
0.37815126050420167
-0.5630252100840336
0.6512605042016806
0.8319327731092436
-0.7226890756302521
-0.9789915966386554
0.9327731092436975
0.11764705882352944
0.5210084033613447
-0.5168067226890756
0.7983193277310925
0.8487394957983194
0.24369747899159666
-0.4369747899159664
-0.04201680672268904
0.9243697478991597
0.6932773109243697
0.9033613445378152
-0.8277310924369747
0.680672268907563
0.8361344537815127
0.9579831932773109
-0.9957983193277311
-0.25630252100840323
0.9663865546218489
-0.5798319327731092
0.38655462184873945
0.15546218487394947
-0.73109243697479
0.7773109243697478
0.4159663865546219
0.16806722689075615
-0.4327731092436975
-0.7352941176470589
0.2268907563025211
-0.6512605042016807
0.8403361344537816
0.5294117647058825
-0.5756302521008403
-0.23949579831932766
-0.24789915966386544
-0.10924369747899154
0.38235294117647056
-0.5252100840336135
-0.4453781512605042
-0.6596638655462185
0.357142857142857
-0.3487394957983193
0.5420168067226891
0.3025210084033614
0.8781512605042017
-0.4117647058823529
-0.22268907563025198
-0.38235294117647045
-0.021008403361344463
-0.012605042016806567
-0.08823529411764708
0.5714285714285716
0.23109243697478976
0.9747899159663866
0.5504201680672269
0.36974789915966366
0.24789915966386555
0.26890756302521
0.39075630252100835
-0.33613445378151263
-0.31932773109243684
-0.037815126050420034
0.33193277310924363
-0.6050420168067228
0.4285714285714286
-0.18907563025210083
-0.8907563025210083
0.03361344537815136
0.2941176470588234
-0.6764705882352942
-0.13025210084033612
-0.7815126050420168
-0.32773109243697474
0.0
0.8277310924369747
-0.31092436974789917
-0.02941176470588236
0.6134453781512603
-0.6848739495798319
0.6092436974789917
0.9201680672268906
0.6680672268907564
0.47899159663865554
0.26470588235294135
-0.7436974789915967
-0.9831932773109243
0.39495798319327724
0.6176470588235294
-0.634453781512605
-0.2857142857142857
0.2100840336134453
-0.8823529411764706
-0.5714285714285714
-0.6638655462184875
0.7016806722689075
0.3739495798319328
-0.9873949579831933
-0.8319327731092436
0.8697478991596639
-0.7605042016806722
0.45798319327731085
0.09663865546218497
0.6554621848739495
-0.6974789915966386
0.6470588235294119
-0.8109243697478992
0.008403361344537785
0.8991596638655461
0.0672268907563025
0.2983193277310925
-0.37815126050420156
0.9705882352941175
0.05042016806722671
0.865546218487395
-0.26050420168067223
0.004201680672268893
-0.44117647058823517
0.0714285714285714
-0.1386554621848739
0.7394957983193275
-0.7563025210084033
0.73109243697479
-0.6722689075630253
0.7563025210084033
0.8235294117647058
-0.7058823529411764
-0.09663865546218475
-0.31512605042016806
0.32352941176470584
-0.5420168067226891
-0.3529411764705882
-0.30672268907563016
-0.6680672268907564
-0.8739495798319328
0.10924369747899165
-0.8613445378151261
0.5630252100840336
0.2899159663865547
-0.1470588235294117
-0.4075630252100839
0.5336134453781514
0.17226890756302526
-0.1974789915966385
0.4873949579831933
0.5042016806722689
-0.4957983193277311
-0.7521008403361344
-0.8781512605042017
-0.09243697478991586
-0.008403361344537785
-0.8571428571428571
-0.7016806722689075
-0.357142857142857
-0.361344537815126
-0.23529411764705865
-0.46218487394957974
-0.9495798319327731
0.20168067226890773
0.6890756302521008
0.9789915966386555
0.2731092436974789
-0.32352941176470584
0.7142857142857142
-0.8361344537815125
0.07563025210084029
0.19327731092436973
0.10084033613445365
0.4243697478991597
-0.546218487394958
-0.47478991596638653
-0.3655462184873949
0.025210084033613356
0.6722689075630253
0.634453781512605
0.4831932773109242
-0.2773109243697478
0.911764705882353
-0.9201680672268907
0.32773109243697474
-0.273109243697479
0.8739495798319328
-0.16386554621848737
0.2857142857142856
-0.11344537815126043
-0.6176470588235294
0.7268907563025209
0.9873949579831933
-0.2647058823529411
0.8529411764705883
0.8949579831932772
-0.8529411764705882
-0.5546218487394958
-0.10084033613445376
-0.403361344537815
-0.8697478991596639
0.8151260504201681
-0.5210084033613445
-0.0672268907563025
0.042016806722688926
0.21848739495798308
0.15126050420168058
-0.9915966386554622
-0.7100840336134453
0.857142857142857
-0.1344537815126049
-0.2815126050420167
-0.6890756302521008
0.5672268907563025
-0.2100840336134453
0.9495798319327731
0.8067226890756303
-0.5378151260504201
-0.4243697478991596
0.9159663865546219
-0.5042016806722689
0.16386554621848726
0.7058823529411764
0.8613445378151261
0.8109243697478992
-0.04621848739495793
-0.6008403361344538
-0.5588235294117647
0.4453781512605042
-0.4285714285714285
-0.6932773109243697
0.037815126050420034
-0.18067226890756294
0.508403361344538
-0.38655462184873945
-0.21848739495798308
-0.1428571428571428
0.18067226890756305
0.134453781512605
0.6050420168067228
0.45378151260504196
-0.22689075630252098
0.47058823529411753
0.6974789915966386
-0.680672268907563
-0.9663865546218487
0.53781512605042
0.40336134453781525
0.8025210084033612
-0.4159663865546218
0.12184873949579833
0.7815126050420167
0.07983193277310918
-0.25210084033613445
-0.5336134453781513
-0.8487394957983193
-0.5504201680672269
0.9915966386554622
0.25630252100840334
-0.588235294117647
-0.2941176470588235
-0.7731092436974789
-0.19327731092436973
-0.11764705882352933
-0.05882352941176461
-0.17226890756302515
0.08403361344537807
-0.8991596638655462
0.46218487394957974
0.25210084033613445
0.6218487394957983
-0.8025210084033614
0.3445378151260503
0.8865546218487395
-0.18487394957983183
0.8823529411764706
-0.865546218487395
0.4369747899159664
-0.9159663865546218
-0.3739495798319328
-0.957983193277311
-0.6554621848739496
-0.8949579831932774
0.5252100840336134
-0.9705882352941176
-0.9453781512605042
-0.7899159663865546
-0.46638655462184864
0.31092436974789917
-0.4201680672268907
0.11344537815126032
-0.5672268907563025
0.6302521008403361
0.596638655462185
-0.07142857142857129
0.1386554621848739
-0.5294117647058824
0.6638655462184873
0.012605042016806678
-0.3403361344537814
-0.907563025210084
-0.2142857142857142
0.39915966386554613
-0.39915966386554613
0.05882352941176472
-0.9243697478991597
-0.5840336134453782
0.18487394957983194
0.4075630252100839
-0.8151260504201681
-0.2899159663865546
-0.7394957983193278
0.4411764705882353
0.19747899159663862
0.2142857142857144
0.7647058823529411
0.6260504201680672
-0.9621848739495799
-0.5126050420168067
0.1428571428571428
-0.9327731092436975
0.6764705882352939
0.7436974789915967
-1.0
-0.5084033613445378
1.0
-0.9033613445378151
0.13025210084033612
0.06302521008403339
-0.10504201680672265
0.021008403361344463
0.9621848739495797
-0.05042016806722682
-0.6428571428571428
-0.4873949579831932
-0.8445378151260504
-0.76890756302521
-0.12605042016806722
-0.08403361344537807
-0.9369747899159664
0.6386554621848739
0.7731092436974791
-0.2016806722689075
0.3529411764705883
-0.2983193277310924
0.1596638655462186
-0.9747899159663865
0.7605042016806722
-0.8235294117647058
0.6596638655462186
-0.39495798319327724
0.5126050420168067
0.277310924369748
-0.7184873949579833
0.7521008403361344
0.6848739495798319
-0.45378151260504196
-0.33193277310924363
-0.44957983193277307
-0.17647058823529405
0.9453781512605042
-0.3697478991596638
0.34033613445378164
0.02941176470588225
0.9411764705882353
RANK
435
134
319
214
203
117
458
396
357
429
392
78
274
397
23
451
432
55
417
295
390
81
412
438
379
394
184
110
209
265
251
312
388
253
268
308
367
447
38
281
215
130
460
33
421
223
7
383
18
85
398
88
189
2
373
448
108
217
238
264
83
202
423
145
140
95
116
465
28
320
243
269
221
342
324
196
356
187
240
250
211
157
393
147
43
445
77
206
4
37
9
302
65
10
181
338
96
15
371
418
137
150
210
403
113
339
309
368
286
247
329
366
408
155
314
121
430
436
332
31
263
93
446
75
84
287
67
399
273
29
468
470
156
234
125
144
341
330
401
361
163
257
311
415
462
76
346
165
228
391
473
288
271
270
248
159
25
411
177
469
190
279
178
245
193
249
44
456
372
422
207
323
293
297
104
305
232
135
365
152
39
151
272
59
353
164
347
413
326
69
454
260
374
183
386
344
471
377
89
299
71
19
101
256
348
236
322
188
449
51
375
301
153
441
310
244
266
168
450
52
99
406
315
11
376
100
444
337
126
179
106
194
47
166
56
167
267
32
191
233
224
410
98
442
289
475
185
343
316
53
230
79
416
440
226
235
282
364
378
24
17
219
284
73
252
402
119
362
40
439
350
407
431
90
318
139
457
333
143
259
61
349
419
74
283
425
275
62
208
426
317
46
146
170
109
60
124
174
381
370
8
201
175
278
464
86
300
255
186
227
161
42
400
92
0
246
296
180
64
474
384
30
455
158
35
68
173
213
112
154
138
176
204
414
359
420
6
142
58
285
182
26
389
424
340
3
352
218
380
91
354
72
200
292
261
102
66
5
262
345
463
45
120
395
149
258
358
160
107
172
80
14
254
325
169
105
27
21
54
103
405
20
351
197
195
205
382
428
404
291
452
111
222
114
220
461
409
199
290
433
131
467
276
128
355
212
334
82
280
12
49
303
239
48
237
434
1
466
241
459
427
34
453
141
363
41
87
22
122
360
328
336
313
70
242
192
115
132
148
16
123
306
321
335
231
216
298
162
387
385
94
307
225
129
50
294
331
198
127
63
118
13
476
472
327
57
133
443
136
229
171
277
97
304
369
36
437
