DEGREE
0.22222222222222232
0.5555555555555556
0.4444444444444444
-0.33333333333333337
-0.6666666666666667
0.4444444444444444
0.22222222222222232
0.22222222222222232
-0.33333333333333337
0.11111111111111116
0.22222222222222232
0.11111111111111116
0.22222222222222232
-0.4444444444444444
-0.5555555555555556
0.33333333333333326
-0.11111111111111116
0.6666666666666667
0.33333333333333326
0.11111111111111116
-0.33333333333333337
-0.5555555555555556
0.0
-0.11111111111111116
0.0
0.22222222222222232
0.11111111111111116
0.4444444444444444
0.11111111111111116
-0.7777777777777778
0.22222222222222232
0.33333333333333326
-0.6666666666666667
-0.2222222222222222
0.8888888888888888
0.0
0.11111111111111116
0.5555555555555556
0.33333333333333326
0.22222222222222232
-0.2222222222222222
-0.11111111111111116
0.22222222222222232
0.5555555555555556
0.0
0.33333333333333326
0.33333333333333326
1.0
0.33333333333333326
0.22222222222222232
-0.11111111111111116
-0.11111111111111116
0.6666666666666667
0.4444444444444444
0.22222222222222232
-0.2222222222222222
-0.5555555555555556
0.5555555555555556
0.4444444444444444
0.11111111111111116
0.4444444444444444
0.0
0.5555555555555556
-0.2222222222222222
0.33333333333333326
-0.7777777777777778
0.33333333333333326
-0.2222222222222222
0.0
0.22222222222222232
-0.2222222222222222
0.8888888888888888
0.5555555555555556
-0.8888888888888888
0.11111111111111116
0.5555555555555556
0.5555555555555556
0.5555555555555556
0.33333333333333326
0.0
1.0
-0.6666666666666667
-0.5555555555555556
0.11111111111111116
0.4444444444444444
0.33333333333333326
0.22222222222222232
0.11111111111111116
-0.5555555555555556
-0.11111111111111116
0.22222222222222232
0.11111111111111116
0.0
0.4444444444444444
-0.2222222222222222
-0.11111111111111116
-0.33333333333333337
0.7777777777777777
0.6666666666666667
0.11111111111111116
0.11111111111111116
0.7777777777777777
0.7777777777777777
0.4444444444444444
-0.11111111111111116
-0.8888888888888888
-0.7777777777777778
-0.4444444444444444
-0.6666666666666667
-0.5555555555555556
-0.6666666666666667
0.6666666666666667
0.0
-0.33333333333333337
0.7777777777777777
0.22222222222222232
0.7777777777777777
-1.0
0.22222222222222232
0.33333333333333326
-0.4444444444444444
0.0
0.0
0.33333333333333326
0.6666666666666667
-0.4444444444444444
0.5555555555555556
0.33333333333333326
-0.7777777777777778
0.33333333333333326
0.5555555555555556
0.11111111111111116
0.0
0.22222222222222232
0.22222222222222232
0.4444444444444444
0.4444444444444444
-0.5555555555555556
-0.11111111111111116
-0.11111111111111116
-0.6666666666666667
0.4444444444444444
-0.33333333333333337
0.5555555555555556
0.8888888888888888
0.11111111111111116
0.0
0.33333333333333326
0.22222222222222232
-0.5555555555555556
0.5555555555555556
-0.6666666666666667
0.6666666666666667
0.8888888888888888
0.5555555555555556
0.33333333333333326
-0.33333333333333337
0.22222222222222232
0.22222222222222232
0.5555555555555556
EIGENVECTOR
-0.9501153846063496
-0.9946558189369659
0.299513880178375
-0.8341553273078968
-0.9853901955556433
-0.9959816468236526
-0.9708259122774086
-0.9724408958619026
-0.6353719048057413
-0.8703918303184905
-0.9702730148805806
-0.701174381224459
-0.9827573654544446
-0.9988822712417375
-0.999181036808613
-0.9618264214866792
-0.43097501386329884
-0.9712020166111973
-0.9837872414110136
-0.9913129634199298
-0.9031365080256508
-0.7495778710158602
-0.9950670210042499
-0.9964581243843532
-0.9879617564154781
0.3661882703798707
-0.9769125889415778
-0.9617141968897301
-0.015459483441954802
-0.9997715784409494
-0.9590005441991813
-0.9679884750020689
-0.9945517577081878
-0.4664775510058705
-0.973281710611617
-0.9855043555336702
-0.9867834136385779
-0.9180083511481493
-0.9955355210098231
-0.9950959701781497
-0.5243446847024491
-0.9063365439010636
-0.9838771797386282
-0.970225949239051
-0.9872668540978009
-0.9927283574430458
-0.9831161631156293
-0.9678000664087482
-0.9839611881370436
-0.9788906056244918
-0.5018678858220527
-0.9886451511086596
0.8287264643364356
-0.9736583306155574
-0.9733494132936641
-0.9895840602815672
-0.9993147227110626
0.7343418408065778
-0.9730663434494538
-0.9673866590818365
-0.9947775805263401
-0.9273973462079078
-0.9954093640557687
-0.637804903607689
-0.98199916580737
-0.9451276560740739
-0.006243206715332961
-0.9965458722014986
-0.9696588215465833
-0.9781306237056918
-0.9089351810458814
0.9999999999999996
-0.9820356702632148
-0.9462516607504048
-0.8902494765755087
0.801258458586712
-0.9939583311554924
-0.9945140376441167
-0.945541633125439
-0.5783437861584021
-0.9746335959460908
-0.9565916081473465
-0.9955836841820405
-0.9705759845369396
-0.9692439399808378
-0.9837872414110138
-0.9957552863273271
-0.9913129634199297
-0.9347170663346269
-0.9385796392025186
-0.9708259122774086
-0.9868418305217214
-0.9884341433330294
-0.9803910365475271
-0.9760188600287412
-0.9896068150456517
-0.9979448588849111
-0.9934683248519582
-0.9673060579120208
-0.9721819060819629
-0.955207046634071
-0.9509414061110787
0.6320395919483757
-0.9711497879512385
-0.9887618578947986
-0.9993280232385026
-0.982426053500268
-0.998631653014597
-0.9954372518244184
-0.91014555735035
-0.8842018108034876
0.8287264643364352
-0.9960950565853368
-0.9916525985147246
0.8019564587538097
-0.9685001782954329
0.7203738248247247
-1.0
-0.9962781480795853
0.38786837366300664
-0.9562977098308402
-0.9337850758140527
-0.9908587957983285
0.177998320884186
0.8287264643364354
-0.8700997975882729
-0.9564739140090823
0.47963889963243744
-0.999580426501113
-0.9954095446438979
-0.9768867889311543
-0.9016407489151504
-0.9896682459320691
-0.973349413293664
-0.969491923883749
-0.9436782139518931
-0.9717274430184769
-0.9585807587882462
-0.9893115625749166
-0.979190955406662
-0.9970432580486719
-0.9144284938219068
-0.9815847711873465
0.801258458586712
1.0
-0.9787407531986096
-0.9736609481178773
-0.9947892744170115
-0.9864551560631902
-0.4424186629460757
-0.9947113680751692
-0.9992297806245791
-0.9707049802324095
-0.9707564951830597
-0.9940020475587668
0.4796388996324379
-0.6689057060024113
-0.9850568196917435
-0.9657855346252417
0.6236084094810246
CENT
-0.27181920778769764
-0.8476836863872511
-0.03401713143749274
-0.7263236467631038
-0.6424846121898995
-0.6553072312602353
-0.9900920700623386
-0.6270181704392278
-0.12438584142154552
-0.6065217332673158
-0.30478639982341815
0.389898468157051
-0.4588299605445467
-0.9290046249869304
-0.9664728229486441
-0.49104160562077015
-0.5945145675091268
-0.7288502976689539
-0.8411892962052426
-0.727565864207091
-0.9539231052000873
-0.9563106971921644
-0.5959048818156515
-0.8669746994505207
0.4827186362183371
-0.9151216281690107
-0.9020732309257475
-0.43335752111243
-0.49969546124882647
-0.982055919315062
-0.32666584155406386
-0.9763469141670571
-0.8056949007706943
-0.8719863913967729
-0.7874725899952562
-0.9893090924180046
-0.9814615750757867
0.7146180912951203
-0.4137771331442067
-0.8834625279600026
-0.727290519851393
-0.7356623178689001
-0.4124500043417777
-0.5492001467128321
-0.944630165325734
0.14631174240585998
-0.9413343446896006
-0.28009212152723584
-0.8970601260050548
-0.3105053561249711
-0.659335103156129
-0.8756927826135382
-0.9465056682497028
-0.7656659937140903
-0.8730869063868463
-0.9901450363175469
-0.9330333558050445
-0.7463887161782186
-0.4448970312356776
1.0
-0.9571221949177386
-0.8633151817720008
-0.764745386342597
-0.7915735169459397
-0.7355453821546284
-0.9532201000470661
-0.06407427544260524
-0.9236415781638211
-0.8117340741713598
-0.8087209433919518
-0.9020388007813911
-0.8926760472677702
-0.810082573225966
-1.0
-0.6758947468809928
-0.9604840703419173
-0.8376898150367393
-0.8986979289528889
-0.8803361063769803
0.5183101873351685
-0.3383479270887464
-0.9777003024782576
-0.7963260047649732
-0.5968268359194621
-0.6914270951872825
-0.8411892962052426
-0.9691158165802201
-0.727565864207091
-0.6548308505210259
-0.13452373967566378
-0.9900920700623386
-0.9435679406872904
-0.9640199027346865
-0.7033599829827337
-0.9937545937694916
-0.7870214094920858
-0.5444265935448759
-0.4832075058767399
-0.3753519600706601
-0.9969887311427308
-0.5461232074199527
-0.5942273176340322
-0.7136017446296592
-0.7972921613329782
-0.7296631722106521
-0.9904158059854821
-0.9215068989714584
-0.9744184488479016
-0.9966122098687334
-0.9985916982387603
-0.7013580762323519
-0.9465056682497028
-0.8014712233128983
-0.9585827599646075
-0.25720456793813207
-0.4498431399280399
-0.6968760266757774
-1.0
-0.8747984137273779
-0.898123732740946
-0.2641249983505981
-0.45468173810421997
-0.8984184480973999
-0.7408727312023404
-0.9465056682497028
-0.701329286278622
-0.8862744377250922
-0.8916360091239031
-0.9977646573237539
-0.9564525521388382
-0.5858341893864063
-0.25786722467637513
-0.9826399905351482
-0.8730869063868463
-0.8103670057291595
-0.815038351342
-0.5802336341275186
-0.5741017659592746
-0.9554313872724113
-0.9989376021111684
-0.8015633988359125
0.630905262405127
-0.7833134173094006
-0.9604840703419173
-0.8926760472677702
-0.7237253470723839
-0.8974875832247066
-0.8537984939183014
-0.7925444318302985
-0.9944754139556453
-0.8386639241865972
-0.9920440972868382
-0.6511426506434166
-0.6245848418062111
-0.8188577663661778
-0.8916360091239031
-0.6252371758528585
-0.9745577186554132
-0.6835605699035032
-0.7452668014073274
DEGREE_RANK
-0.01886792452830177
0.6100628930817611
0.4591194968553458
-0.6729559748427674
-0.9119496855345912
0.4716981132075473
-0.0062893081761006275
0.0062893081761006275
-0.6603773584905661
-0.2075471698113207
0.018867924528301883
-0.19496855345911945
0.03144654088050336
-0.7232704402515724
-0.8238993710691824
0.24528301886792447
-0.4968553459119498
0.7987421383647799
0.25786163522012573
-0.1823899371069183
-0.6477987421383649
-0.8113207547169812
-0.37106918238993714
-0.4842767295597483
-0.35849056603773577
0.04402515723270439
-0.16981132075471694
0.48427672955974854
-0.1572327044025157
-0.9622641509433962
0.05660377358490565
0.270440251572327
-0.89937106918239
-0.5849056603773586
0.9371069182389937
-0.3459119496855346
-0.14465408805031443
0.6226415094339623
0.28301886792452846
0.0691823899371069
-0.5723270440251573
-0.4716981132075472
0.08176100628930816
0.6352201257861634
-0.33333333333333326
0.2955974842767297
0.30817610062893075
0.9874213836477987
0.320754716981132
0.09433962264150964
-0.4591194968553458
-0.44654088050314467
0.8113207547169812
0.4968553459119498
0.10691823899371067
-0.559748427672956
-0.7987421383647799
0.6477987421383646
0.5094339622641508
-0.13207547169811318
0.5220125786163521
-0.320754716981132
0.6603773584905661
-0.5471698113207547
0.33333333333333326
-0.949685534591195
0.34591194968553474
-0.5345911949685536
-0.30817610062893086
0.11949685534591192
-0.5220125786163523
0.949685534591195
0.6729559748427674
-0.9874213836477987
-0.11949685534591192
0.6855345911949686
0.6981132075471699
0.7106918238993709
0.358490566037736
-0.2955974842767295
1.0
-0.8867924528301887
-0.7861635220125787
-0.10691823899371067
0.5345911949685536
0.371069182389937
0.13207547169811318
-0.09433962264150941
-0.7735849056603774
-0.4339622641509434
0.14465408805031443
-0.08176100628930816
-0.28301886792452835
0.5471698113207548
-0.5094339622641509
-0.42138364779874204
-0.6352201257861636
0.8742138364779874
0.8238993710691824
-0.0691823899371069
-0.05660377358490565
0.8867924528301887
0.89937106918239
0.5597484276729561
-0.4088050314465409
-0.9748427672955975
-0.9371069182389937
-0.7106918238993711
-0.8742138364779874
-0.7610062893081762
-0.8616352201257862
0.8364779874213835
-0.270440251572327
-0.6226415094339623
0.9119496855345912
0.1572327044025159
0.9245283018867925
-1.0
0.16981132075471694
0.3836477987421383
-0.6981132075471699
-0.25786163522012573
-0.24528301886792458
0.39622641509433953
0.8490566037735849
-0.6855345911949686
0.7232704402515724
0.408805031446541
-0.9245283018867925
0.42138364779874227
0.7358490566037736
-0.04402515723270439
-0.23270440251572322
0.1823899371069182
0.19496855345911945
0.5723270440251571
0.5849056603773584
-0.7484276729559749
-0.39622641509433953
-0.3836477987421383
-0.8490566037735849
0.5974842767295598
-0.610062893081761
0.7484276729559749
0.9622641509433962
-0.03144654088050314
-0.22012578616352196
0.4339622641509433
0.2075471698113207
-0.7358490566037736
0.7610062893081762
-0.8364779874213837
0.8616352201257862
0.9748427672955975
0.7735849056603772
0.44654088050314455
-0.5974842767295598
0.22012578616352219
0.23270440251572344
0.7861635220125787
EIGENVECTOR_RANK
0.358490566037736
-0.6603773584905661
0.7987421383647799
0.6100628930817611
-0.35849056603773577
-0.8113207547169812
0.05660377358490565
-0.01886792452830177
0.6729559748427674
0.5849056603773584
0.10691823899371067
0.6352201257861634
-0.270440251572327
-0.9119496855345912
-0.9245283018867925
0.24528301886792447
0.7484276729559749
0.018867924528301883
-0.2955974842767295
-0.5471698113207547
0.5345911949685536
0.6226415094339623
-0.7106918238993711
-0.8490566037735849
-0.4339622641509434
0.8113207547169812
-0.14465408805031443
0.25786163522012573
0.7610062893081762
-0.9874213836477987
0.270440251572327
0.1823899371069182
-0.6477987421383649
0.7232704402515724
-0.04402515723270439
-0.37106918238993714
-0.39622641509433953
0.4716981132075473
-0.7735849056603774
-0.7232704402515724
0.6981132075471699
0.5220125786163521
-0.320754716981132
0.11949685534591192
-0.42138364779874204
-0.5849056603773586
-0.28301886792452835
0.19496855345911945
-0.33333333333333326
-0.1823899371069183
0.7106918238993709
-0.4591194968553458
0.949685534591195
-0.08176100628930816
-0.05660377358490565
-0.4968553459119498
-0.949685534591195
0.89937106918239
-0.03144654088050314
0.2075471698113207
-0.6855345911949686
0.4591194968553458
-0.7358490566037736
0.6603773584905661
-0.23270440251572322
0.39622641509433953
0.7735849056603772
-0.8616352201257862
0.13207547169811318
-0.1572327044025157
0.5094339622641508
0.9874213836477987
-0.24528301886792458
0.371069182389937
0.5597484276729561
0.9119496855345912
-0.610062893081761
-0.6352201257861636
0.3836477987421383
0.6855345911949686
-0.10691823899371067
0.2955974842767297
-0.7861635220125787
0.09433962264150964
0.1572327044025159
-0.30817610062893086
-0.7987421383647799
-0.559748427672956
0.4339622641509433
0.42138364779874227
0.04402515723270439
-0.4088050314465409
-0.44654088050314467
-0.2075471698113207
-0.11949685534591192
-0.5094339622641509
-0.8867924528301887
-0.5974842767295598
0.22012578616352219
-0.0062893081761006275
0.33333333333333326
0.34591194968553474
0.8742138364779874
0.03144654088050336
-0.4716981132075472
-0.9622641509433962
-0.25786163522012573
-0.89937106918239
-0.7610062893081762
0.4968553459119498
0.5723270440251571
0.9622641509433962
-0.8238993710691824
-0.5723270440251573
0.9371069182389937
0.16981132075471694
0.8867924528301887
-1.0
-0.8364779874213837
0.8238993710691824
0.320754716981132
0.44654088050314455
-0.5345911949685536
0.7861635220125787
0.9748427672955975
0.5974842767295598
0.30817610062893075
0.8364779874213835
-0.9748427672955975
-0.7484276729559749
-0.13207547169811318
0.5471698113207548
-0.5220125786163523
-0.0691823899371069
0.14465408805031443
0.408805031446541
0.0062893081761006275
0.28301886792452846
-0.4842767295597483
-0.19496855345911945
-0.8742138364779874
0.48427672955974854
-0.22012578616352196
0.9245283018867925
1.0
-0.16981132075471694
-0.09433962264150941
-0.6981132075471699
-0.3836477987421383
0.7358490566037736
-0.6729559748427674
-0.9371069182389937
0.08176100628930816
0.0691823899371069
-0.6226415094339623
0.8490566037735849
0.6477987421383646
-0.3459119496855346
0.23270440251572344
0.8616352201257862
CENT_RANK
0.8238993710691824
-0.1572327044025157
0.9119496855345912
0.25786163522012573
0.4339622641509433
0.39622641509433953
-0.8490566037735849
0.44654088050314455
0.8867924528301887
0.48427672955974854
0.7987421383647799
0.9371069182389937
0.6603773584905661
-0.4842767295597483
-0.7106918238993711
0.6352201257861634
0.5220125786163521
0.2075471698113207
-0.14465408805031443
0.22012578616352219
-0.5974842767295598
-0.6226415094339623
0.5094339622641508
-0.19496855345911945
0.949685534591195
-0.44654088050314467
-0.4339622641509434
0.7106918238993709
0.6226415094339623
-0.7987421383647799
0.7735849056603772
-0.7610062893081762
-0.01886792452830177
-0.2075471698113207
0.0691823899371069
-0.8238993710691824
-0.7861635220125787
0.9874213836477987
0.7232704402515724
-0.28301886792452835
0.24528301886792447
0.16981132075471694
0.7358490566037736
0.5849056603773584
-0.5345911949685536
0.9245283018867925
-0.5094339622641509
0.8113207547169812
-0.35849056603773577
0.7861635220125787
0.3836477987421383
-0.25786163522012573
-0.5723270440251573
0.10691823899371067
-0.23270440251572322
-0.8616352201257862
-0.4968553459119498
0.13207547169811318
0.6981132075471699
1.0
-0.6477987421383649
-0.1823899371069183
0.11949685534591192
0.05660377358490565
0.1823899371069182
-0.5849056603773586
0.89937106918239
-0.4716981132075472
-0.0691823899371069
-0.03144654088050314
-0.42138364779874204
-0.3459119496855346
-0.04402515723270439
-1.0
0.371069182389937
-0.6855345911949686
-0.10691823899371067
-0.4088050314465409
-0.270440251572327
0.9622641509433962
0.7610062893081762
-0.7735849056603774
0.03144654088050336
0.4968553459119498
0.34591194968553474
-0.13207547169811318
-0.7232704402515724
0.23270440251572344
0.408805031446541
0.8742138364779874
-0.8364779874213837
-0.5220125786163523
-0.6981132075471699
0.2955974842767297
-0.89937106918239
0.08176100628930816
0.6100628930817611
0.6477987421383646
0.7484276729559749
-0.9371069182389937
0.5974842767295598
0.5345911949685536
0.28301886792452846
0.018867924528301883
0.19496855345911945
-0.8742138364779874
-0.4591194968553458
-0.7358490566037736
-0.9245283018867925
-0.9622641509433962
0.30817610062893075
-0.559748427672956
0.0062893081761006275
-0.6603773584905661
0.8616352201257862
0.6855345911949686
0.33333333333333326
-0.9874213836477987
-0.24528301886792458
-0.3836477987421383
0.8364779874213835
0.6729559748427674
-0.39622641509433953
0.1572327044025159
-0.5471698113207547
0.320754716981132
-0.2955974842767295
-0.320754716981132
-0.949685534591195
-0.6352201257861636
0.5471698113207548
0.8490566037735849
-0.8113207547169812
-0.22012578616352196
-0.05660377358490565
-0.08176100628930816
0.5597484276729561
0.5723270440251571
-0.610062893081761
-0.9748427672955975
-0.0062893081761006275
0.9748427672955975
0.09433962264150964
-0.6729559748427674
-0.33333333333333326
0.270440251572327
-0.37106918238993714
-0.16981132075471694
0.04402515723270439
-0.9119496855345912
-0.11949685534591192
-0.8867924528301887
0.42138364779874227
0.4716981132075473
-0.09433962264150941
-0.30817610062893086
0.4591194968553458
-0.7484276729559749
0.358490566037736
0.14465408805031443
RANK
73
117
139
109
128
99
108
149
94
151
105
55
6
90
35
132
29
36
81
31
157
107
86
14
92
75
143
113
60
129
21
138
20
65
52
111
124
44
91
46
56
13
67
106
25
26
70
77
122
119
146
48
71
144
127
155
126
39
78
51
118
54
133
33
23
61
147
1
18
85
150
76
154
135
68
134
72
69
32
140
112
103
82
148
63
34
95
142
53
62
57
159
123
41
64
104
17
19
87
40
3
145
102
93
110
125
116
84
158
74
50
5
88
152
4
7
156
153
9
83
22
16
101
130
136
137
43
100
96
28
15
97
12
121
115
58
27
38
42
98
80
30
49
10
47
0
120
131
114
89
8
66
2
45
11
24
79
141
37
59
